4.944839878 5.235254372 
4.263408381 4.299815452 

3.085622714 6.886562228 
2.706118333 8.05461673 

6.081323098 6.476938928 
5.243943262 6.13193226 

4.944839878 5.235254372 
5.243943262 6.13193226 

1.189593804 7.301611988 
1.801435123 8.300082548 

2.706118333 8.05461673 
1.801435123 8.300082548 

6.081323098 6.476938928 
4.74977076 7.040075481 

3.085622714 6.886562228 
4.74977076 7.040075481 

3.085622714 6.886562228 
1.189593804 7.301611988 

3.06666161 1.391304584 
2.992056081 2.649316769 

3.194378315 3.466105106 
2.992056081 2.649316769 

4.263408381 4.299815452 
3.728893348 3.882960279 

3.194378315 3.466105106 
3.728893348 3.882960279 

