5.08656437 5.177107776 
4.265309993 4.285807377 

5.08656437 5.177107776 
5.143438171 6.16990346 

2.666061266 6.694868669 
4.898597958 7.172735779 

2.666061266 6.694868669 
0.90516661 7.296959532 

2.875268157 3.261307209 
4.053592895 2.170557424 

4.265309993 4.285807377 
3.806978448 3.500864544 

2.875268157 3.261307209 
3.806978448 3.500864544 

4.898597958 7.172735779 
5.143438171 6.16990346 

4.053592895 2.170557424 
2.51102441 2.311162777 

2.875268157 3.261307209 
2.51102441 2.311162777 

5.143438171 6.16990346 
5.883135743 6.361233832 

2.034746653 8.059967628 
1.618785944 7.677842535 

3.000709783 8.534557491 
2.804743292 7.522852882 

2.666061266 6.694868669 
2.804743292 7.522852882 

2.51102441 2.311162777 
2.589651934 1.704561511 

2.620419725 1.120780452 
2.589651934 1.704561511 

2.804743292 7.522852882 
2.034746653 8.059967628 

4.053592895 2.170557424 
2.589651934 1.704561511 

4.898597958 7.172735779 
5.856818945 6.886099166 

6.930158211 6.216867194 
5.856818945 6.886099166 

5.883135743 6.361233832 
5.856818945 6.886099166 

6.930158211 6.216867194 
6.326005661 6.466642038 

5.883135743 6.361233832 
6.326005661 6.466642038 

3.000709783 8.534557491 
2.514492055 8.290434329 

2.034746653 8.059967628 
2.514492055 8.290434329 

6.326005661 6.466642038 
5.856818945 6.886099166 

4.053592895 2.170557424 
3.930285672 2.835710984 

3.806978448 3.500864544 
3.930285672 2.835710984 

0.90516661 7.296959532 
1.261976277 7.487401033 

1.618785944 7.677842535 
1.261976277 7.487401033 

