4.250179378 4.269684505 
3.703770815 3.535938091 

4.953129727 7.552603938 
5.182805204 6.538309933 

4.475346567 1.779006678 
2.995716829 2.230920383 

2.689306098 3.29595781 
2.995716829 2.230920383 

5.182805204 6.538309933 
5.856081394 6.227125984 

1.541622616 8.16025195 
1.829397123 7.790754382 

2.710996341 6.302517417 
2.603492062 7.434149887 

3.047128068 0.9337774443 
2.823008508 1.683506328 

2.603492062 7.434149887 
1.541622616 8.16025195 

4.953129727 7.552603938 
6.116258759 7.532151963 

5.856081394 6.227125984 
6.116258759 7.532151963 

5.856081394 6.227125984 
6.148118544 6.562255945 

2.851003187 8.822973268 
2.373070794 8.214284245 

4.475346567 1.779006678 
4.516570891 2.648100818 

1.829397123 7.790754382 
0.9940980547 7.794174727 

5.517079346 4.962756804 
4.720482022 4.748701325 

4.953129727 7.552603938 
3.859638722 7.296334559 

1.242498936 6.628941079 
1.278460497 7.05798966 

2.603492062 7.434149887 
2.208649688 7.409054017 

4.475346567 1.779006678 
3.532911434 2.537754933 

2.995716829 2.230920383 
3.532911434 2.537754933 

1.541622616 8.16025195 
0.9940980547 7.794174727 

2.373070794 8.214284245 
2.208649688 7.409054017 

6.116258759 7.532151963 
6.98073824 7.554172431 

2.823008508 1.683506328 
2.126796161 2.152362173 

2.995716829 2.230920383 
2.126796161 2.152362173 

3.703770815 3.535938091 
4.023133978 3.164665263 

7.019842681 5.599966287 
7.138601394 6.290264697 

5.182805204 6.538309933 
4.375660724 6.236601275 

3.859638722 7.296334559 
4.375660724 6.236601275 

2.995716829 2.230920383 
2.823008508 1.683506328 

2.373070794 8.214284245 
1.927077491 8.829132093 

2.256267147 1.296456184 
2.823008508 1.683506328 

4.475346567 1.779006678 
3.607454811 1.797178315 

2.823008508 1.683506328 
3.607454811 1.797178315 

2.603492062 7.434149887 
2.980487516 7.951860946 

6.148118544 6.562255945 
5.796959451 7.006280425 

3.859638722 7.296334559 
2.980487516 7.951860946 

2.373070794 8.214284245 
2.980487516 7.951860946 

1.927077491 8.829132093 
1.829397123 7.790754382 

7.019842681 5.599966287 
6.339132802 5.902083586 

1.242498936 6.628941079 
1.820439862 6.180251393 

4.953129727 7.552603938 
4.529811132 6.813886084 

4.375660724 6.236601275 
4.529811132 6.813886084 

2.256267147 1.296456184 
2.410879856 1.786318175 

7.138601394 6.290264697 
6.148118544 6.562255945 

1.278460497 7.05798966 
1.033603899 7.322192663 

0.9940980547 7.794174727 
1.033603899 7.322192663 

1.927077491 8.829132093 
1.801327597 8.373049878 

1.541622616 8.16025195 
1.801327597 8.373049878 

4.516570891 2.648100818 
4.384372702 3.076907041 

4.023133978 3.164665263 
4.384372702 3.076907041 

3.607454811 1.797178315 
3.047128068 0.9337774443 

2.208649688 7.409054017 
2.051000015 7.693881524 

1.829397123 7.790754382 
2.051000015 7.693881524 

2.851003187 8.822973268 
1.927077491 8.829132093 

5.182805204 6.538309933 
5.181007623 5.789788313 

2.373070794 8.214284245 
2.051000015 7.693881524 

5.182805204 6.538309933 
4.529811132 6.813886084 

3.532911434 2.537754933 
3.131845279 2.847983671 

2.689306098 3.29595781 
3.131845279 2.847983671 

3.859638722 7.296334559 
3.337245613 6.784811694 

2.710996341 6.302517417 
3.337245613 6.784811694 

7.138601394 6.290264697 
6.819852337 6.713132063 

2.851003187 8.822973268 
2.925796391 8.419141714 

2.980487516 7.951860946 
2.925796391 8.419141714 

3.047128068 0.9337774443 
3.609142403 1.262263156 

4.475346567 1.779006678 
3.609142403 1.262263156 

3.607454811 1.797178315 
3.609142403 1.262263156 

3.532911434 2.537754933 
3.607454811 1.797178315 

2.995716829 2.230920383 
3.340261436 2.030243959 

3.607454811 1.797178315 
3.340261436 2.030243959 

1.820439862 6.180251393 
2.287953033 6.303185511 

2.710996341 6.302517417 
2.287953033 6.303185511 

2.373070794 8.214284245 
1.801327597 8.373049878 

3.340261436 2.030243959 
3.532911434 2.537754933 

4.720482022 4.748701325 
4.473774355 4.508640961 

4.250179378 4.269684505 
4.473774355 4.508640961 

5.796959451 7.006280425 
5.182805204 6.538309933 

6.116258759 7.532151963 
5.821042958 7.404343838 

5.796959451 7.006280425 
5.821042958 7.404343838 

2.126796161 2.152362173 
2.250513124 1.976045965 

2.410879856 1.786318175 
2.250513124 1.976045965 

4.953129727 7.552603938 
5.821042958 7.404343838 

6.819852337 6.713132063 
6.148118544 6.562255945 

2.256267147 1.296456184 
2.621984458 1.097106495 

3.047128068 0.9337774443 
2.621984458 1.097106495 

6.339132802 5.902083586 
7.138601394 6.290264697 

4.529811132 6.813886084 
3.859638722 7.296334559 

6.339132802 5.902083586 
6.097249181 6.096440019 

5.856081394 6.227125984 
6.097249181 6.096440019 

2.823008508 1.683506328 
2.410879856 1.786318175 

3.532911434 2.537754933 
4.023133978 3.164665263 

5.517079346 4.962756804 
5.333293368 5.381164824 

5.181007623 5.789788313 
5.333293368 5.381164824 

6.98073824 7.554172431 
6.905117192 7.089517719 

6.819852337 6.713132063 
6.905117192 7.089517719 

4.516570891 2.648100818 
3.532911434 2.537754933 

2.823008508 1.683506328 
3.340261436 2.030243959 

7.019842681 5.599966287 
6.582269402 6.081207837 

6.148118544 6.562255945 
6.582269402 6.081207837 

6.819852337 6.713132063 
6.582269402 6.081207837 

2.689306098 3.29595781 
3.196538456 3.415947951 

3.703770815 3.535938091 
3.196538456 3.415947951 

