4.215900534 4.182545252 
3.738209157 3.560563582 

5.037130331 7.62656666 
5.191676903 6.539455669 

5.191676903 6.539455669 
5.963101856 6.543193918 

1.467041737 8.292365202 
1.670857155 7.805328715 

2.795530968 6.253825565 
2.55529918 7.644235555 

3.171054938 0.8608988518 
2.847300287 1.777126617 

2.55529918 7.644235555 
1.467041737 8.292365202 

5.037130331 7.62656666 
6.141481723 7.766715995 

5.963101856 6.543193918 
6.141481723 7.766715995 

5.963101856 6.543193918 
6.214748928 6.682055428 

2.692442065 8.950895263 
2.308961467 8.136935226 

1.670857155 7.805328715 
0.8362894823 8.055836723 

5.610779066 4.904158165 
4.738495055 4.749807004 

5.037130331 7.62656666 
3.720654979 7.306688214 

1.139158843 6.603346271 
1.451882486 7.134791231 

4.514457152 1.845443699 
3.5569226 2.394200225 

2.308961467 8.136935226 
2.081449147 7.165376602 

6.141481723 7.766715995 
6.891516657 7.689036562 

2.778453846 2.338587004 
1.754471159 2.430361882 

3.738209157 3.560563582 
4.018615303 3.158560969 

7.091295887 5.682557701 
7.365377113 6.520081623 

5.191676903 6.539455669 
4.396767285 6.266336065 

2.778453846 2.338587004 
2.847300287 1.777126617 

2.155625682 1.236472699 
2.847300287 1.777126617 

4.514457152 1.845443699 
3.598596124 1.763585443 

2.847300287 1.777126617 
3.598596124 1.763585443 

2.55529918 7.644235555 
3.071693851 7.898822106 

6.214748928 6.682055428 
5.772028414 6.907234507 

3.720654979 7.306688214 
3.071693851 7.898822106 

2.308961467 8.136935226 
3.071693851 7.898822106 

1.564568063 9.045658285 
1.670857155 7.805328715 

4.396767285 6.266336065 
4.636726748 6.700332904 

2.155625682 1.236472699 
2.399836758 1.768215398 

1.467041737 8.292365202 
1.807350503 8.31639141 

4.533457419 2.670829875 
4.443729715 3.07479005 

3.598596124 1.763585443 
3.171054938 0.8608988518 

2.081449147 7.165376602 
2.080382877 7.678568559 

5.191676903 6.539455669 
5.169681215 5.811014068 

2.308961467 8.136935226 
2.080382877 7.678568559 

5.191676903 6.539455669 
4.636726748 6.700332904 

3.5569226 2.394200225 
3.087987269 2.836258784 

3.720654979 7.306688214 
3.243049642 6.968916157 

7.365377113 6.520081623 
6.804508098 6.668850741 

2.692442065 8.950895263 
2.830229284 8.452678461 

3.171054938 0.8608988518 
3.728657601 1.057183775 

3.5569226 2.394200225 
3.598596124 1.763585443 

3.598596124 1.763585443 
3.294295927 2.049784618 

1.879325696 6.156270327 
2.202909737 6.328269578 

2.795530968 6.253825565 
2.202909737 6.328269578 

2.308961467 8.136935226 
1.807350503 8.31639141 

3.294295927 2.049784618 
3.5569226 2.394200225 

4.738495055 4.749807004 
4.471534652 4.504793822 

4.215900534 4.182545252 
4.471534652 4.504793822 

5.772028414 6.907234507 
5.758975583 7.367073293 

2.399836758 1.768215398 
2.346938931 2.268934481 

5.037130331 7.62656666 
5.758975583 7.367073293 

6.804508098 6.668850741 
6.214748928 6.682055428 

3.171054938 0.8608988518 
2.539999955 0.8105242131 

4.636726748 6.700332904 
3.720654979 7.306688214 

6.266696723 5.450928778 
6.110202368 6.066832624 

5.963101856 6.543193918 
6.110202368 6.066832624 

2.847300287 1.777126617 
2.399836758 1.768215398 

3.5569226 2.394200225 
4.018615303 3.158560969 

5.610779066 4.904158165 
5.253096252 5.4120639 

5.169681215 5.811014068 
5.253096252 5.4120639 

6.804508098 6.668850741 
6.921817458 7.0754735 

4.533457419 2.670829875 
3.5569226 2.394200225 

2.847300287 1.777126617 
3.294295927 2.049784618 

7.091295887 5.682557701 
6.610603623 6.164747446 

6.214748928 6.682055428 
6.610603623 6.164747446 

6.804508098 6.668850741 
6.610603623 6.164747446 

3.738209157 3.560563582 
3.145094713 3.512239469 

1.670857155 7.805328715 
1.451882486 7.134791231 

1.564568063 9.045658285 
2.087136689 8.548930355 

2.308961467 8.136935226 
2.087136689 8.548930355 

5.037130331 7.62656666 
4.817888676 7.25216187 

4.636726748 6.700332904 
4.817888676 7.25216187 

5.772028414 6.907234507 
5.963101856 6.543193918 

4.396767285 6.266336065 
4.110050219 6.902845417 

3.720654979 7.306688214 
4.110050219 6.902845417 

4.514457152 1.845443699 
4.490242758 2.247587359 

4.533457419 2.670829875 
4.490242758 2.247587359 

7.365377113 6.520081623 
6.753305175 6.002607531 

6.266696723 5.450928778 
6.753305175 6.002607531 

6.266696723 5.450928778 
6.610603623 6.164747446 

3.5569226 2.394200225 
3.20265169 2.320441111 

2.778453846 2.338587004 
3.20265169 2.320441111 

2.778453846 2.338587004 
3.087987269 2.836258784 

6.753305175 6.002607531 
6.610603623 6.164747446 

5.758975583 7.367073293 
5.936752295 7.548977897 

6.141481723 7.766715995 
5.936752295 7.548977897 

2.692442065 8.950895263 
2.087136689 8.548930355 

6.753305175 6.002607531 
7.091295887 5.682557701 

2.692442065 8.950895263 
2.260345144 8.972323311 

1.564568063 9.045658285 
2.260345144 8.972323311 

3.243049642 6.968916157 
3.096960461 6.500646229 

2.795530968 6.253825565 
3.096960461 6.500646229 

3.20265169 2.320441111 
3.294295927 2.049784618 

2.308961467 8.136935226 
2.55529918 7.644235555 

1.754471159 2.430361882 
2.425122208 2.040047128 

2.847300287 1.777126617 
2.425122208 2.040047128 

0.8857205523 7.374282669 
1.139158843 6.603346271 

0.8857205523 7.374282669 
1.197528755 7.198719121 

1.451882486 7.134791231 
1.197528755 7.198719121 

7.365377113 6.520081623 
6.610603623 6.164747446 

2.346938931 2.268934481 
2.425122208 2.040047128 

5.191676903 6.539455669 
5.483556593 6.646091092 

5.772028414 6.907234507 
5.483556593 6.646091092 

3.243049642 6.968916157 
2.55529918 7.644235555 

2.352279355 3.625799626 
1.754471159 2.430361882 

2.778453846 2.338587004 
2.425122208 2.040047128 

1.564568063 9.045658285 
1.467041737 8.292365202 

2.352279355 3.625799626 
2.784609655 3.16375771 

3.087987269 2.836258784 
2.784609655 3.16375771 

2.087136689 8.548930355 
1.807350503 8.31639141 

6.891516657 7.689036562 
7.041282614 7.42900462 

6.921817458 7.0754735 
7.041282614 7.42900462 

2.55529918 7.644235555 
2.080382877 7.678568559 

2.55529918 7.644235555 
2.357834846 7.481740977 

2.081449147 7.165376602 
2.357834846 7.481740977 

2.539999955 0.8105242131 
2.342429539 0.9593768872 

2.155625682 1.236472699 
2.342429539 0.9593768872 

1.564568063 9.045658285 
1.660402397 8.711923306 

1.807350503 8.31639141 
1.660402397 8.711923306 

2.081449147 7.165376602 
1.451882486 7.134791231 

3.728657601 1.057183775 
3.674546995 1.458590436 

3.598596124 1.763585443 
3.674546995 1.458590436 

5.963101856 6.543193918 
5.483556593 6.646091092 

2.080382877 7.678568559 
2.357834846 7.481740977 

1.467041737 8.292365202 
1.660402397 8.711923306 

1.139158843 6.603346271 
1.532382648 6.463725297 

1.879325696 6.156270327 
1.532382648 6.463725297 

1.754471159 2.430361882 
2.071142905 2.29688433 

2.346938931 2.268934481 
2.071142905 2.29688433 

7.365377113 6.520081623 
6.921817458 7.0754735 

7.365377113 6.520081623 
6.758878063 6.524868485 

6.214748928 6.682055428 
6.758878063 6.524868485 

6.758878063 6.524868485 
6.610603623 6.164747446 

4.443729715 3.07479005 
4.232639482 3.11923975 

4.018615303 3.158560969 
4.232639482 3.11923975 

0.8362894823 8.055836723 
1.218843357 8.060606386 

1.467041737 8.292365202 
1.218843357 8.060606386 

1.807350503 8.31639141 
1.670857155 7.805328715 

3.145094713 3.512239469 
2.784609655 3.16375771 

2.352279355 3.625799626 
2.768953385 3.564669991 

3.145094713 3.512239469 
2.768953385 3.564669991 

2.346938931 2.268934481 
2.778453846 2.338587004 

2.260345144 8.972323311 
2.087136689 8.548930355 

2.080382877 7.678568559 
1.864291542 7.613349676 

1.670857155 7.805328715 
1.864291542 7.613349676 

6.804508098 6.668850741 
6.758878063 6.524868485 

2.081449147 7.165376602 
1.532382648 6.463725297 

3.294295927 2.049784618 
3.020784587 2.167789376 

2.778453846 2.338587004 
3.020784587 2.167789376 

2.830229284 8.452678461 
2.951402153 8.172719576 

3.071693851 7.898822106 
2.951402153 8.172719576 

3.728657601 1.057183775 
4.127481704 1.450251043 

4.514457152 1.845443699 
4.127481704 1.450251043 

6.266696723 5.450928778 
5.610779066 4.904158165 

6.266696723 5.450928778 
6.678996305 5.56674324 

7.091295887 5.682557701 
6.678996305 5.56674324 

1.670857155 7.805328715 
1.218843357 8.060606386 

0.8362894823 8.055836723 
0.8610050173 7.715059696 

0.8857205523 7.374282669 
0.8610050173 7.715059696 

