5.046967286 7.661208553 
5.1589363 6.558538532 

5.1589363 6.558538532 
5.942516879 6.497486249 

1.524581717 8.266686373 
1.605001578 7.925631022 

2.697045136 6.235928276 
2.408920814 7.773532295 

3.163602352 0.8644365711 
2.889535891 1.661758833 

5.046967286 7.661208553 
6.181894635 7.906201697 

5.942516879 6.497486249 
6.182782502 6.670719512 

1.605001578 7.925631022 
0.6426427711 8.081197801 

5.046967286 7.661208553 
3.745148603 7.394166897 

4.707058154 1.862574184 
3.614399834 2.326634542 

2.173684057 8.079092219 
2.215342303 7.170814401 

6.181894635 7.906201697 
6.802062743 7.959371424 

2.746271908 2.31108874 
1.841033859 2.520316886 

3.703534168 3.703660282 
3.937013218 3.150308365 

7.151745849 5.557458339 
7.426211296 6.440238105 

5.1589363 6.558538532 
4.420429608 6.127156586 

2.746271908 2.31108874 
2.889535891 1.661758833 

4.707058154 1.862574184 
3.498807842 1.735322335 

2.889535891 1.661758833 
3.498807842 1.735322335 

2.408920814 7.773532295 
3.010431844 7.898304594 

6.182782502 6.670719512 
5.870442807 6.887460863 

3.745148603 7.394166897 
3.010431844 7.898304594 

2.173684057 8.079092219 
3.010431844 7.898304594 

1.486746145 9.19865776 
1.605001578 7.925631022 

2.041665348 1.278536416 
2.408236186 1.77557613 

1.524581717 8.266686373 
1.850827701 8.304036194 

4.487840468 2.708439053 
4.48504578 3.108818127 

3.498807842 1.735322335 
3.163602352 0.8644365711 

5.1589363 6.558538532 
5.225215707 5.992569382 

2.173684057 8.079092219 
2.10243786 7.657223009 

5.1589363 6.558538532 
4.66588104 6.660884035 

3.614399834 2.326634542 
3.086547435 2.883786512 

7.426211296 6.440238105 
6.863324033 6.699390854 

2.810528072 8.981921641 
2.892297228 8.530173986 

3.614399834 2.326634542 
3.498807842 1.735322335 

3.498807842 1.735322335 
3.293508826 1.927752162 

2.697045136 6.235928276 
2.171083441 6.264484432 

2.173684057 8.079092219 
1.850827701 8.304036194 

3.293508826 1.927752162 
3.614399834 2.326634542 

4.74620049 4.750020014 
4.471534652 4.504793822 

2.408236186 1.77557613 
2.34386182 2.301413872 

5.046967286 7.661208553 
5.744755933 7.385303543 

6.863324033 6.699390854 
6.182782502 6.670719512 

3.163602352 0.8644365711 
2.54279385 0.7558788761 

4.66588104 6.660884035 
3.745148603 7.394166897 

5.942516879 6.497486249 
5.970144013 6.0955071 

2.889535891 1.661758833 
2.408236186 1.77557613 

3.614399834 2.326634542 
3.937013218 3.150308365 

5.744690109 4.845338369 
5.269617706 5.406188106 

6.863324033 6.699390854 
6.994661495 7.012688481 

4.487840468 2.708439053 
3.614399834 2.326634542 

2.889535891 1.661758833 
3.293508826 1.927752162 

7.151745849 5.557458339 
6.552017969 6.153102375 

6.182782502 6.670719512 
6.552017969 6.153102375 

6.863324033 6.699390854 
6.552017969 6.153102375 

3.703534168 3.703660282 
3.175854071 3.468512722 

1.605001578 7.925631022 
1.594681802 7.181554832 

2.173684057 8.079092219 
2.127124932 8.51222613 

4.66588104 6.660884035 
4.63811081 7.390379376 

5.870442807 6.887460863 
5.942516879 6.497486249 

4.420429608 6.127156586 
4.087485574 6.862465278 

3.745148603 7.394166897 
4.087485574 6.862465278 

4.707058154 1.862574184 
4.457507372 2.25307969 

6.334733292 5.144706633 
6.823104766 5.976470437 

6.334733292 5.144706633 
6.552017969 6.153102375 

2.746271908 2.31108874 
3.197443779 2.377466427 

2.746271908 2.31108874 
3.086547435 2.883786512 

6.823104766 5.976470437 
6.552017969 6.153102375 

5.744755933 7.385303543 
5.613246668 7.838484355 

2.810528072 8.981921641 
2.127124932 8.51222613 

6.823104766 5.976470437 
7.151745849 5.557458339 

2.810528072 8.981921641 
2.203209697 8.996279042 

1.486746145 9.19865776 
2.203209697 8.996279042 

3.068178525 7.082970804 
3.05367302 6.536195811 

3.197443779 2.377466427 
3.293508826 1.927752162 

2.173684057 8.079092219 
2.408920814 7.773532295 

2.889535891 1.661758833 
2.441871839 2.042307627 

0.8714206251 7.281836656 
0.8241038387 6.624276452 

0.8714206251 7.281836656 
1.212759901 7.171402807 

1.594681802 7.181554832 
1.212759901 7.171402807 

2.34386182 2.301413872 
2.441871839 2.042307627 

5.1589363 6.558538532 
5.544223858 6.665601414 

5.870442807 6.887460863 
5.544223858 6.665601414 

3.068178525 7.082970804 
2.408920814 7.773532295 

2.230902946 3.542379901 
1.841033859 2.520316886 

2.746271908 2.31108874 
2.441871839 2.042307627 

1.486746145 9.19865776 
1.524581717 8.266686373 

3.086547435 2.883786512 
2.577977867 2.991676485 

2.127124932 8.51222613 
1.850827701 8.304036194 

6.994661495 7.012688481 
7.153276711 7.389447756 

2.408920814 7.773532295 
2.10243786 7.657223009 

2.215342303 7.170814401 
2.35011432 7.358590392 

2.54279385 0.7558788761 
2.260244473 0.9175068139 

2.041665348 1.278536416 
2.260244473 0.9175068139 

1.850827701 8.304036194 
1.637189271 8.691306445 

2.215342303 7.170814401 
1.594681802 7.181554832 

3.764418501 0.9212442238 
3.6978803 1.415372772 

3.498807842 1.735322335 
3.6978803 1.415372772 

5.942516879 6.497486249 
5.544223858 6.665601414 

2.10243786 7.657223009 
2.35011432 7.358590392 

1.524581717 8.266686373 
1.637189271 8.691306445 

1.884082209 6.162759663 
1.620314159 6.559639503 

2.34386182 2.301413872 
1.908147465 1.994906045 

7.426211296 6.440238105 
6.994661495 7.012688481 

7.426211296 6.440238105 
6.786064256 6.512396193 

6.182782502 6.670719512 
6.786064256 6.512396193 

6.786064256 6.512396193 
6.552017969 6.153102375 

4.48504578 3.108818127 
4.18456271 2.988775115 

3.937013218 3.150308365 
4.18456271 2.988775115 

0.6426427711 8.081197801 
1.220458793 7.979242842 

1.524581717 8.266686373 
1.220458793 7.979242842 

1.850827701 8.304036194 
1.605001578 7.925631022 

3.175854071 3.468512722 
2.577977867 2.991676485 

2.230902946 3.542379901 
2.755530303 3.542176412 

3.175854071 3.468512722 
2.755530303 3.542176412 

2.34386182 2.301413872 
2.746271908 2.31108874 

2.203209697 8.996279042 
2.127124932 8.51222613 

2.10243786 7.657223009 
1.881632929 7.59203325 

1.605001578 7.925631022 
1.881632929 7.59203325 

6.863324033 6.699390854 
6.786064256 6.512396193 

2.215342303 7.170814401 
1.620314159 6.559639503 

3.293508826 1.927752162 
3.141997927 2.127894308 

2.746271908 2.31108874 
3.141997927 2.127894308 

3.010431844 7.898304594 
3.128800276 8.234171931 

3.764418501 0.9212442238 
4.044046385 1.635974783 

6.334733292 5.144706633 
6.660761081 5.553685452 

1.605001578 7.925631022 
1.220458793 7.979242842 

0.6426427711 8.081197801 
0.8517953754 7.708445205 

0.8714206251 7.281836656 
0.8517953754 7.708445205 

2.577977867 2.991676485 
2.755530303 3.542176412 

4.487840468 2.708439053 
4.694746321 2.475911905 

1.486746145 9.19865776 
1.761607652 8.823716457 

2.127124932 8.51222613 
1.761607652 8.823716457 

2.889535891 1.661758833 
3.141997927 2.127894308 

2.171083441 6.264484432 
2.073633828 6.755898284 

2.215342303 7.170814401 
2.073633828 6.755898284 

4.420429608 6.127156586 
5.225215707 5.992569382 

2.073633828 6.755898284 
1.620314159 6.559639503 

5.942516879 6.497486249 
6.085580528 7.153337311 

6.181894635 7.906201697 
6.085580528 7.153337311 

3.128800276 8.234171931 
2.880595255 8.28409441 

2.892297228 8.530173986 
2.880595255 8.28409441 

6.085580528 7.153337311 
5.870442807 6.887460863 

7.426211296 6.440238105 
7.05959283 6.222874625 

6.552017969 6.153102375 
7.05959283 6.222874625 

3.141997927 2.127894308 
3.197443779 2.377466427 

4.044046385 1.635974783 
3.498807842 1.735322335 

2.810528072 8.981921641 
2.484628677 8.575265753 

2.173684057 8.079092219 
2.484628677 8.575265753 

3.703534168 3.703660282 
3.988024995 3.878770567 

4.207744763 4.173106448 
3.988024995 3.878770567 

5.744690109 4.845338369 
5.239688518 4.817493166 

4.74620049 4.750020014 
5.239688518 4.817493166 

4.420429608 6.127156586 
4.522528647 6.373831451 

4.66588104 6.660884035 
4.522528647 6.373831451 

2.484628677 8.575265753 
2.127124932 8.51222613 

6.802062743 7.959371424 
6.841277049 7.555039686 

7.153276711 7.389447756 
6.841277049 7.555039686 

3.068178525 7.082970804 
2.35011432 7.358590392 

0.6426427711 8.081197801 
0.9941516063 8.575783399 

1.486746145 9.19865776 
0.9941516063 8.575783399 

5.970144013 6.0955071 
6.093816776 5.676010639 

6.334733292 5.144706633 
6.093816776 5.676010639 

0.8241038387 6.624276452 
1.212759901 7.171402807 

5.225215707 5.992569382 
5.970144013 6.0955071 

1.841033859 2.520316886 
1.847142589 2.257733776 

1.908147465 1.994906045 
1.847142589 2.257733776 

3.197443779 2.377466427 
3.086547435 2.883786512 

5.046967286 7.661208553 
4.985797622 7.355829174 

3.745148603 7.394166897 
3.420744625 7.231372195 

3.068178525 7.082970804 
3.420744625 7.231372195 

4.471534652 4.504793822 
4.340947333 4.341108605 

4.207744763 4.173106448 
4.340947333 4.341108605 

2.577977867 2.991676485 
2.746271908 2.31108874 

2.577977867 2.991676485 
2.460524514 3.332227707 

2.230902946 3.542379901 
2.460524514 3.332227707 

2.408920814 7.773532295 
2.459850709 7.54138658 

2.35011432 7.358590392 
2.459850709 7.54138658 

7.426211296 6.440238105 
7.182744893 6.15733858 

6.823104766 5.976470437 
7.182744893 6.15733858 

6.552017969 6.153102375 
5.970144013 6.0955071 

1.594681802 7.181554832 
1.620314159 6.559639503 

1.594681802 7.181554832 
1.881632929 7.59203325 

4.63811081 7.390379376 
4.787640718 7.432506687 

4.985797622 7.355829174 
4.787640718 7.432506687 

2.484628677 8.575265753 
2.203209697 8.996279042 

2.041665348 1.278536416 
1.908147465 1.994906045 

5.613246668 7.838484355 
5.894254547 7.849448202 

6.181894635 7.906201697 
5.894254547 7.849448202 

6.085580528 7.153337311 
5.744755933 7.385303543 

2.041665348 1.278536416 
2.427598423 1.484963579 

2.889535891 1.661758833 
2.427598423 1.484963579 

3.175854071 3.468512722 
3.086547435 2.883786512 

7.151745849 5.557458339 
6.936219643 5.505694071 

6.660761081 5.553685452 
6.936219643 5.505694071 

5.225215707 5.992569382 
5.219539038 5.660632017 

5.269617706 5.406188106 
5.219539038 5.660632017 

1.841033859 2.520316886 
2.460524514 3.332227707 

3.764418501 0.9212442238 
3.497094753 0.8540599582 

3.163602352 0.8644365711 
3.497094753 0.8540599582 

2.427598423 1.484963579 
2.408236186 1.77557613 

3.614399834 2.326634542 
3.395023946 2.38892229 

3.197443779 2.377466427 
3.395023946 2.38892229 

7.182744893 6.15733858 
7.05959283 6.222874625 

2.408236186 1.77557613 
2.441871839 2.042307627 

4.087485574 6.862465278 
4.305007111 6.618148365 

4.522528647 6.373831451 
4.305007111 6.618148365 

1.486746145 9.19865776 
1.564593135 8.958608099 

1.637189271 8.691306445 
1.564593135 8.958608099 

4.044046385 1.635974783 
3.6978803 1.415372772 

2.880595255 8.28409441 
3.010431844 7.898304594 

3.05367302 6.536195811 
2.879246078 6.376317818 

2.697045136 6.235928276 
2.879246078 6.376317818 

6.823104766 5.976470437 
7.05959283 6.222874625 

6.334733292 5.144706633 
6.04618899 4.979513104 

5.744690109 4.845338369 
6.04618899 4.979513104 

2.441871839 2.042307627 
2.13568063 2.320875322 

1.841033859 2.520316886 
2.13568063 2.320875322 

2.13568063 2.320875322 
2.34386182 2.301413872 

5.870442807 6.887460863 
5.766854056 7.136867655 

5.744755933 7.385303543 
5.766854056 7.136867655 

0.8241038387 6.624276452 
1.312674748 6.608612 

1.620314159 6.559639503 
1.312674748 6.608612 

6.085580528 7.153337311 
5.766854056 7.136867655 

0.8517953754 7.708445205 
1.037640783 7.842358407 

1.220458793 7.979242842 
1.037640783 7.842358407 

2.484628677 8.575265753 
2.892297228 8.530173986 

6.841277049 7.555039686 
6.994661495 7.012688481 

1.884082209 6.162759663 
2.028150843 6.211721414 

2.171083441 6.264484432 
2.028150843 6.211721414 

0.6426427711 8.081197801 
1.037640783 7.842358407 

2.203209697 8.996279042 
1.761607652 8.823716457 

4.694746321 2.475911905 
4.574051468 2.365441435 

4.457507372 2.25307969 
4.574051468 2.365441435 

4.707058154 1.862574184 
4.694746321 2.475911905 

4.707058154 1.862574184 
4.375552269 1.749274484 

4.044046385 1.635974783 
4.375552269 1.749274484 

1.637189271 8.691306445 
1.761607652 8.823716457 

0.8241038387 6.624276452 
1.20939282 6.902915642 

1.594681802 7.181554832 
1.20939282 6.902915642 

2.215342303 7.170814401 
2.158890081 7.414018705 

2.10243786 7.657223009 
2.158890081 7.414018705 

