5.09076355 7.660870913 
5.146823345 6.581598793 

5.146823345 6.581598793 
5.90969055 6.519939105 

1.51085503 8.233772878 
1.545092486 7.936447747 

2.61514495 6.120814971 
2.44294233 7.75648221 

3.18468627 0.8780710841 
2.948146145 1.588407881 

5.09076355 7.660870913 
6.167467093 7.916896873 

5.90969055 6.519939105 
6.261208036 6.695132357 

5.09076355 7.660870913 
3.7141018 7.502202624 

2.201484511 8.074229171 
2.20572946 7.164103565 

6.167467093 7.916896873 
6.909624342 7.949320792 

3.699144848 3.697776639 
3.896426124 3.122694553 

7.156122435 5.580622267 
7.617939553 6.556083792 

5.146823345 6.581598793 
4.349116385 6.047241525 

2.799215889 2.300505888 
2.948146145 1.588407881 

4.830243254 1.826765566 
3.511556554 1.680093123 

2.948146145 1.588407881 
3.511556554 1.680093123 

2.44294233 7.75648221 
3.061823461 7.873380762 

6.261208036 6.695132357 
5.862136814 6.870627121 

3.7141018 7.502202624 
3.061823461 7.873380762 

2.201484511 8.074229171 
3.061823461 7.873380762 

1.429546961 9.212058617 
1.545092486 7.936447747 

2.022616226 1.29453509 
2.469110387 1.788863549 

4.478004463 2.707652808 
4.507023878 3.170161625 

3.511556554 1.680093123 
3.18468627 0.8780710841 

2.201484511 8.074229171 
2.086401751 7.65233059 

5.146823345 6.581598793 
4.739462913 6.750054411 

3.720073792 2.235392758 
3.056198894 2.827319228 

2.825171747 8.971223727 
2.990304341 8.604416486 

3.720073792 2.235392758 
3.511556554 1.680093123 

2.61514495 6.120814971 
2.178370342 6.260953512 

2.201484511 8.074229171 
1.881532943 8.34233311 

3.283016188 1.918068165 
3.720073792 2.235392758 

4.74620049 4.750020014 
4.471534652 4.504793822 

2.469110387 1.788863549 
2.409083301 2.337925618 

5.09076355 7.660870913 
5.825750896 7.431830422 

6.871938313 6.716746052 
6.261208036 6.695132357 

3.18468627 0.8780710841 
2.578964347 0.8107280372 

4.739462913 6.750054411 
3.7141018 7.502202624 

5.90969055 6.519939105 
5.992742092 6.064523834 

2.948146145 1.588407881 
2.469110387 1.788863549 

3.720073792 2.235392758 
3.896426124 3.122694553 

5.78774411 4.814130895 
5.403681225 5.442076914 

6.871938313 6.716746052 
7.011722655 7.005560266 

4.478004463 2.707652808 
3.720073792 2.235392758 

2.948146145 1.588407881 
3.283016188 1.918068165 

7.156122435 5.580622267 
6.547538471 6.162809815 

6.261208036 6.695132357 
6.547538471 6.162809815 

6.871938313 6.716746052 
6.547538471 6.162809815 

3.699144848 3.697776639 
3.125166019 3.434313901 

1.545092486 7.936447747 
1.570831007 7.212040207 

2.201484511 8.074229171 
2.126625031 8.5306811 

4.739462913 6.750054411 
4.550294149 7.345596635 

5.862136814 6.870627121 
5.90969055 6.519939105 

4.349116385 6.047241525 
3.97485002 6.797964195 

3.7141018 7.502202624 
3.97485002 6.797964195 

4.830243254 1.826765566 
4.470511866 2.240223182 

6.336795317 5.159490976 
6.821793533 6.002228678 

6.336795317 5.159490976 
6.547538471 6.162809815 

2.799215889 2.300505888 
3.207298767 2.36759548 

2.799215889 2.300505888 
3.056198894 2.827319228 

6.821793533 6.002228678 
6.547538471 6.162809815 

5.825750896 7.431830422 
5.587220462 7.796040997 

2.825171747 8.971223727 
2.126625031 8.5306811 

6.821793533 6.002228678 
7.156122435 5.580622267 

1.429546961 9.212058617 
2.207764535 9.111926943 

3.028542332 7.019149297 
3.027051003 6.589417237 

3.207298767 2.36759548 
3.283016188 1.918068165 

2.201484511 8.074229171 
2.44294233 7.75648221 

2.948146145 1.588407881 
2.460445589 2.044608952 

0.9133920919 7.302652611 
0.8284455513 6.630012904 

0.9133920919 7.302652611 
1.213431871 7.173288381 

1.570831007 7.212040207 
1.213431871 7.173288381 

2.409083301 2.337925618 
2.460445589 2.044608952 

5.146823345 6.581598793 
5.553575321 6.658950187 

5.862136814 6.870627121 
5.553575321 6.658950187 

3.028542332 7.019149297 
2.44294233 7.75648221 

2.199570131 3.49565289 
1.787800248 2.624221683 

2.799215889 2.300505888 
2.460445589 2.044608952 

1.429546961 9.212058617 
1.51085503 8.233772878 

3.056198894 2.827319228 
2.591355795 2.934359205 

2.126625031 8.5306811 
1.881532943 8.34233311 

7.011722655 7.005560266 
7.164366489 7.409040647 

2.44294233 7.75648221 
2.086401751 7.65233059 

2.20572946 7.164103565 
2.34818622 7.330403004 

2.022616226 1.29453509 
2.258184909 0.9198995985 

1.881532943 8.34233311 
1.642899202 8.67850497 

2.20572946 7.164103565 
1.570831007 7.212040207 

3.766938099 0.933771302 
3.702083999 1.420650467 

3.511556554 1.680093123 
3.702083999 1.420650467 

5.90969055 6.519939105 
5.553575321 6.658950187 

2.086401751 7.65233059 
2.34818622 7.330403004 

1.51085503 8.233772878 
1.642899202 8.67850497 

1.911267692 6.120175674 
1.626599962 6.58116007 

7.617939553 6.556083792 
7.011722655 7.005560266 

7.617939553 6.556083792 
6.793107615 6.542077536 

6.261208036 6.695132357 
6.793107615 6.542077536 

6.793107615 6.542077536 
6.547538471 6.162809815 

3.896426124 3.122694553 
4.173600728 2.957228128 

0.4873103914 8.227447831 
1.197095919 7.991580183 

1.51085503 8.233772878 
1.197095919 7.991580183 

1.881532943 8.34233311 
1.545092486 7.936447747 

3.125166019 3.434313901 
2.591355795 2.934359205 

2.199570131 3.49565289 
2.744422151 3.481968474 

2.409083301 2.337925618 
2.799215889 2.300505888 

2.207764535 9.111926943 
2.126625031 8.5306811 

2.086401751 7.65233059 
1.885391716 7.568791777 

1.545092486 7.936447747 
1.885391716 7.568791777 

6.871938313 6.716746052 
6.793107615 6.542077536 

2.20572946 7.164103565 
1.626599962 6.58116007 

3.283016188 1.918068165 
3.150131724 2.102491495 

3.061823461 7.873380762 
3.326218087 8.283902724 

3.766938099 0.933771302 
4.006625547 1.602730298 

6.336795317 5.159490976 
6.646789437 5.595251595 

1.545092486 7.936447747 
1.197095919 7.991580183 

0.4873103914 8.227447831 
0.8231035918 7.751238698 

0.9133920919 7.302652611 
0.8231035918 7.751238698 

2.591355795 2.934359205 
2.744422151 3.481968474 

4.478004463 2.707652808 
4.791881343 2.480009086 

1.429546961 9.212058617 
1.800019348 8.913472504 

2.126625031 8.5306811 
1.800019348 8.913472504 

2.948146145 1.588407881 
3.150131724 2.102491495 

2.178370342 6.260953512 
2.071802249 6.756911267 

2.20572946 7.164103565 
2.071802249 6.756911267 

4.349116385 6.047241525 
5.339806579 6.055656292 

2.071802249 6.756911267 
1.626599962 6.58116007 

5.90969055 6.519939105 
6.075525602 7.141322738 

6.167467093 7.916896873 
6.075525602 7.141322738 

2.990304341 8.604416486 
2.897850218 8.2788786 

6.075525602 7.141322738 
5.862136814 6.870627121 

7.617939553 6.556083792 
7.07059762 6.228599534 

6.547538471 6.162809815 
7.07059762 6.228599534 

3.150131724 2.102491495 
3.207298767 2.36759548 

4.006625547 1.602730298 
3.511556554 1.680093123 

2.825171747 8.971223727 
2.496349122 8.582599652 

3.699144848 3.697776639 
3.988024995 3.878770567 

4.207744763 4.173106448 
3.988024995 3.878770567 

5.78774411 4.814130895 
5.243941925 4.816517092 

4.74620049 4.750020014 
5.243941925 4.816517092 

4.349116385 6.047241525 
4.606055033 6.391196341 

4.739462913 6.750054411 
4.606055033 6.391196341 

2.496349122 8.582599652 
2.126625031 8.5306811 

7.164366489 7.409040647 
6.846998077 7.559571653 

3.028542332 7.019149297 
2.34818622 7.330403004 

0.4873103914 8.227447831 
1.025508193 8.605673007 

1.429546961 9.212058617 
1.025508193 8.605673007 

5.992742092 6.064523834 
6.062104635 5.68796968 

6.336795317 5.159490976 
6.062104635 5.68796968 

0.8284455513 6.630012904 
1.213431871 7.173288381 

5.339806579 6.055656292 
5.992742092 6.064523834 

1.941849131 2.013777949 
1.719269018 2.239046854 

3.207298767 2.36759548 
3.056198894 2.827319228 

5.09076355 7.660870913 
4.986938703 7.354669874 

3.7141018 7.502202624 
3.406677575 7.24098152 

3.028542332 7.019149297 
3.406677575 7.24098152 

4.471534652 4.504793822 
4.340947333 4.341108605 

4.207744763 4.173106448 
4.340947333 4.341108605 

2.591355795 2.934359205 
2.799215889 2.300505888 

2.591355795 2.934359205 
2.448300079 3.323690454 

2.199570131 3.49565289 
2.448300079 3.323690454 

2.44294233 7.75648221 
2.472169783 7.569775135 

2.34818622 7.330403004 
2.472169783 7.569775135 

7.617939553 6.556083792 
7.19009919 6.165006119 

6.821793533 6.002228678 
7.19009919 6.165006119 

6.547538471 6.162809815 
5.992742092 6.064523834 

1.570831007 7.212040207 
1.626599962 6.58116007 

1.570831007 7.212040207 
1.885391716 7.568791777 

4.550294149 7.345596635 
4.782866381 7.430644066 

4.986938703 7.354669874 
4.782866381 7.430644066 

2.496349122 8.582599652 
2.207764535 9.111926943 

2.022616226 1.29453509 
1.941849131 2.013777949 

6.167467093 7.916896873 
5.910912287 7.86378232 

6.075525602 7.141322738 
5.825750896 7.431830422 

2.022616226 1.29453509 
2.411414462 1.490010405 

2.948146145 1.588407881 
2.411414462 1.490010405 

3.125166019 3.434313901 
3.056198894 2.827319228 

7.156122435 5.580622267 
6.933198725 5.469507456 

6.646789437 5.595251595 
6.933198725 5.469507456 

5.339806579 6.055656292 
5.228646505 5.667346903 

5.403681225 5.442076914 
5.228646505 5.667346903 

1.787800248 2.624221683 
2.448300079 3.323690454 

3.766938099 0.933771302 
3.48108775 0.7305898079 

2.411414462 1.490010405 
2.469110387 1.788863549 

3.720073792 2.235392758 
3.484801289 2.475179939 

3.207298767 2.36759548 
3.484801289 2.475179939 

7.19009919 6.165006119 
7.07059762 6.228599534 

2.469110387 1.788863549 
2.460445589 2.044608952 

3.97485002 6.797964195 
4.304207033 6.616604922 

4.606055033 6.391196341 
4.304207033 6.616604922 

1.429546961 9.212058617 
1.561561111 8.961006198 

1.642899202 8.67850497 
1.561561111 8.961006198 

4.006625547 1.602730298 
3.702083999 1.420650467 

2.897850218 8.2788786 
3.061823461 7.873380762 

3.027051003 6.589417237 
2.951883729 6.276360051 

6.821793533 6.002228678 
7.07059762 6.228599534 

6.336795317 5.159490976 
6.068705542 4.95137943 

5.78774411 4.814130895 
6.068705542 4.95137943 

2.460445589 2.044608952 
2.133412474 2.361631001 

1.787800248 2.624221683 
2.133412474 2.361631001 

2.133412474 2.361631001 
2.409083301 2.337925618 

5.862136814 6.870627121 
5.728965508 7.175043554 

5.825750896 7.431830422 
5.728965508 7.175043554 

0.8284455513 6.630012904 
1.284604443 6.585635235 

1.626599962 6.58116007 
1.284604443 6.585635235 

6.075525602 7.141322738 
5.728965508 7.175043554 

0.8231035918 7.751238698 
1.013834442 7.859191446 

1.197095919 7.991580183 
1.013834442 7.859191446 

2.496349122 8.582599652 
2.990304341 8.604416486 

6.846998077 7.559571653 
7.011722655 7.005560266 

1.911267692 6.120175674 
1.994750644 6.2305897 

2.178370342 6.260953512 
1.994750644 6.2305897 

0.4873103914 8.227447831 
1.013834442 7.859191446 

2.207764535 9.111926943 
1.800019348 8.913472504 

4.791881343 2.480009086 
4.577625955 2.366713973 

4.470511866 2.240223182 
4.577625955 2.366713973 

4.830243254 1.826765566 
4.791881343 2.480009086 

4.830243254 1.826765566 
4.381212333 1.748408115 

4.006625547 1.602730298 
4.381212333 1.748408115 

1.642899202 8.67850497 
1.800019348 8.913472504 

0.8284455513 6.630012904 
1.159659389 6.920848919 

1.570831007 7.212040207 
1.159659389 6.920848919 

2.20572946 7.164103565 
2.13528064 7.414012994 

2.086401751 7.65233059 
2.13528064 7.414012994 

1.941849131 2.013777949 
2.133412474 2.361631001 

7.617939553 6.556083792 
7.164366489 7.409040647 

7.617939553 6.556083792 
7.266626424 6.637455256 

6.871938313 6.716746052 
7.266626424 6.637455256 

6.909624342 7.949320792 
7.164366489 7.409040647 

1.159659389 6.920848919 
0.9133920919 7.302652611 

6.909624342 7.949320792 
6.889071725 7.75803929 

6.846998077 7.559571653 
6.889071725 7.75803929 

2.34818622 7.330403004 
2.13528064 7.414012994 

5.146823345 6.581598793 
5.21277211 6.300540022 

5.339806579 6.055656292 
5.21277211 6.300540022 

2.258184909 0.9198995985 
2.40230124 0.8390295659 

2.578964347 0.8107280372 
2.40230124 0.8390295659 

4.739462913 6.750054411 
4.986938703 7.354669874 

5.587220462 7.796040997 
5.738463385 7.824507133 

5.910912287 7.86378232 
5.738463385 7.824507133 

7.266626424 6.637455256 
7.011722655 7.005560266 

3.125166019 3.434313901 
2.940657308 3.490702288 

2.744422151 3.481968474 
2.940657308 3.490702288 

2.496349122 8.582599652 
2.897850218 8.2788786 

0.4873103914 8.227447831 
1.093735888 8.031371173 

1.545092486 7.936447747 
1.093735888 8.031371173 

3.326218087 8.283902724 
2.990304341 8.604416486 

1.885391716 7.568791777 
1.980341238 7.478153357 

2.13528064 7.414012994 
1.980341238 7.478153357 

3.061823461 7.873380762 
3.406677575 7.24098152 

3.720073792 2.235392758 
4.006625547 1.602730298 

2.744422151 3.481968474 
2.448300079 3.323690454 

1.941849131 2.013777949 
2.161758477 2.175662341 

2.409083301 2.337925618 
2.161758477 2.175662341 

6.646789437 5.595251595 
6.821793533 6.002228678 

4.173600728 2.957228128 
4.344555521 3.080846839 

4.507023878 3.170161625 
4.344555521 3.080846839 

2.207764535 9.111926943 
2.542168079 9.029178642 

2.825171747 8.971223727 
2.542168079 9.029178642 

5.09076355 7.660870913 
5.587220462 7.796040997 

5.403681225 5.442076914 
6.062104635 5.68796968 

3.511556554 1.680093123 
3.399553864 1.813229028 

3.283016188 1.918068165 
3.399553864 1.813229028 

3.326218087 8.283902724 
3.112273657 8.282783477 

2.897850218 8.2788786 
3.112273657 8.282783477 

5.825750896 7.431830422 
5.910912287 7.86378232 

2.61514495 6.120814971 
2.78351434 6.198587511 

2.951883729 6.276360051 
2.78351434 6.198587511 

6.261208036 6.695132357 
6.075525602 7.141322738 

1.025508193 8.605673007 
1.561561111 8.961006198 

1.51085503 8.233772878 
1.682937703 8.265356127 

1.881532943 8.34233311 
1.682937703 8.265356127 

4.606055033 6.391196341 
5.21277211 6.300540022 

3.48108775 0.7305898079 
3.33288701 0.804330446 

3.18468627 0.8780710841 
3.33288701 0.804330446 

3.061823461 7.873380762 
3.112273657 8.282783477 

4.478004463 2.707652808 
4.577625955 2.366713973 

1.787800248 2.624221683 
1.752942473 2.429572376 

1.719269018 2.239046854 
1.752942473 2.429572376 

2.201484511 8.074229171 
2.356543021 8.341655635 

2.496349122 8.582599652 
2.356543021 8.341655635 

4.830243254 1.826765566 
4.268397601 2.052054916 

3.720073792 2.235392758 
4.268397601 2.052054916 

3.150131724 2.102491495 
2.974673806 2.201498692 

2.799215889 2.300505888 
2.974673806 2.201498692 

