5.111817404 7.833684629 
5.146626239 6.620118784 

1.481901696 8.190834735 
1.574255992 7.966184165 

2.633604756 6.068641465 
2.414719437 7.763338369 

3.140718457 0.8184551623 
2.983212455 1.579111 

5.111817404 7.833684629 
6.276323221 8.025200385 

5.945431195 6.526499225 
6.257966849 6.659829274 

2.103819821 8.063966037 
2.179320501 7.175906992 

6.276323221 8.025200385 
6.87842647 8.01160286 

7.19789803 5.607723063 
7.566177362 6.712470967 

5.146626239 6.620118784 
4.316654233 6.002934766 

2.762308611 2.246727356 
2.983212455 1.579111 

4.866944434 1.894982536 
3.511822698 1.64410431 

2.983212455 1.579111 
3.511822698 1.64410431 

2.414719437 7.763338369 
3.057005353 7.825776384 

6.257966849 6.659829274 
5.903394044 6.839851177 

3.851858837 7.513629019 
3.057005353 7.825776384 

2.103819821 8.063966037 
3.057005353 7.825776384 

1.453355892 9.162678626 
1.574255992 7.966184165 

1.967146268 1.270776944 
2.481377553 1.813401341 

4.439576924 2.699196898 
4.591952153 3.176397745 

2.103819821 8.063966037 
2.08962446 7.675393869 

5.146626239 6.620118784 
4.75613313 6.777333336 

3.695660557 2.215245142 
3.075228122 2.8283283 

2.792636607 8.944577221 
3.000384466 8.613807794 

3.695660557 2.215245142 
3.511822698 1.64410431 

2.633604756 6.068641465 
2.195509988 6.304882447 

2.103819821 8.063966037 
1.889157301 8.38911523 

3.354439268 1.992505969 
3.695660557 2.215245142 

4.74620049 4.750020014 
4.471534652 4.504793822 

2.481377553 1.813401341 
2.446685424 2.369720163 

5.111817404 7.833684629 
5.823434774 7.408724541 

6.793318539 6.781561879 
6.257966849 6.659829274 

3.140718457 0.8184551623 
2.589612533 0.8070837672 

4.75613313 6.777333336 
3.851858837 7.513629019 

5.945431195 6.526499225 
5.962455092 6.110948458 

3.695660557 2.215245142 
3.858314576 3.18887055 

5.724092976 4.846712582 
5.537698081 5.56128466 

4.439576924 2.699196898 
3.695660557 2.215245142 

2.983212455 1.579111 
3.354439268 1.992505969 

7.19789803 5.607723063 
6.510303607 6.222456777 

6.257966849 6.659829274 
6.510303607 6.222456777 

6.793318539 6.781561879 
6.510303607 6.222456777 

3.665440478 3.664655568 
3.114199093 3.398432915 

1.574255992 7.966184165 
1.66221146 7.190863513 

2.103819821 8.063966037 
2.129820881 8.485560632 

4.75613313 6.777333336 
4.565206586 7.305107606 

5.903394044 6.839851177 
5.945431195 6.526499225 

3.851858837 7.513629019 
3.963157084 6.839660709 

4.866944434 1.894982536 
4.48090419 2.231882416 

6.394184167 5.207725103 
6.85655264 5.981549533 

6.394184167 5.207725103 
6.510303607 6.222456777 

2.762308611 2.246727356 
3.207172063 2.342804006 

2.762308611 2.246727356 
3.075228122 2.8283283 

6.85655264 5.981549533 
6.510303607 6.222456777 

5.823434774 7.408724541 
5.56500184 7.774566388 

2.792636607 8.944577221 
2.129820881 8.485560632 

6.85655264 5.981549533 
7.19789803 5.607723063 

1.453355892 9.162678626 
2.182812954 9.078293159 

2.982679185 7.065234682 
3.028570095 6.590297303 

3.207172063 2.342804006 
3.354439268 1.992505969 

2.103819821 8.063966037 
2.414719437 7.763338369 

2.983212455 1.579111 
2.494092756 2.039849383 

0.72797304 7.33524434 
0.6967737991 6.611917587 

1.66221146 7.190863513 
1.205205983 7.169289217 

2.446685424 2.369720163 
2.494092756 2.039849383 

5.146626239 6.620118784 
5.580228762 6.67901024 

5.903394044 6.839851177 
5.580228762 6.67901024 

2.982679185 7.065234682 
2.414719437 7.763338369 

2.169447633 3.450520388 
1.82502643 2.607242253 

2.762308611 2.246727356 
2.494092756 2.039849383 

1.453355892 9.162678626 
1.481901696 8.190834735 

2.129820881 8.485560632 
1.889157301 8.38911523 

7.000620187 7.031682018 
7.191146597 7.287092143 

2.414719437 7.763338369 
2.08962446 7.675393869 

2.179320501 7.175906992 
2.401452091 7.216250647 

1.967146268 1.270776944 
2.185669979 0.8411503246 

1.889157301 8.38911523 
1.636524513 8.647669508 

2.179320501 7.175906992 
1.66221146 7.190863513 

3.763742648 0.9110649421 
3.710032046 1.436927673 

3.511822698 1.64410431 
3.710032046 1.436927673 

2.08962446 7.675393869 
2.401452091 7.216250647 

1.481901696 8.190834735 
1.636524513 8.647669508 

1.928272995 6.086881469 
1.644097008 6.632787304 

7.566177362 6.712470967 
7.000620187 7.031682018 

6.257966849 6.659829274 
6.655626271 6.565960447 

6.655626271 6.565960447 
6.510303607 6.222456777 

3.858314576 3.18887055 
4.161033269 2.971085002 

0.4693685466 8.206294998 
1.203363263 7.945627053 

1.481901696 8.190834735 
1.203363263 7.945627053 

1.889157301 8.38911523 
1.574255992 7.966184165 

3.114199093 3.398432915 
2.658703114 2.788619586 

2.169447633 3.450520388 
2.750715088 3.493447949 

2.446685424 2.369720163 
2.762308611 2.246727356 

2.08962446 7.675393869 
1.881553546 7.593136793 

1.574255992 7.966184165 
1.881553546 7.593136793 

6.793318539 6.781561879 
6.655626271 6.565960447 

2.179320501 7.175906992 
1.644097008 6.632787304 

3.354439268 1.992505969 
3.171587675 2.077263751 

3.057005353 7.825776384 
3.406718511 8.346174724 

3.763742648 0.9110649421 
3.958446772 1.716103263 

6.394184167 5.207725103 
6.636565004 5.640595136 

1.574255992 7.966184165 
1.203363263 7.945627053 

0.4693685466 8.206294998 
0.7478187865 7.638039017 

0.72797304 7.33524434 
0.7478187865 7.638039017 

2.658703114 2.788619586 
2.750715088 3.493447949 

4.439576924 2.699196898 
4.862894226 2.487086087 

2.129820881 8.485560632 
1.822484608 8.89887721 

2.983212455 1.579111 
3.171587675 2.077263751 

2.195509988 6.304882447 
2.098407376 6.801229087 

4.316654233 6.002934766 
5.190141144 6.007061358 

2.098407376 6.801229087 
1.644097008 6.632787304 

5.945431195 6.526499225 
6.118287094 7.100756413 

3.000384466 8.613807794 
2.895435714 8.281275244 

6.118287094 7.100756413 
5.903394044 6.839851177 

7.566177362 6.712470967 
7.014881074 6.255622624 

6.510303607 6.222456777 
7.014881074 6.255622624 

3.171587675 2.077263751 
3.207172063 2.342804006 

3.958446772 1.716103263 
3.511822698 1.64410431 

2.792636607 8.944577221 
2.460470938 8.586481136 

3.665440478 3.664655568 
3.985273393 3.876905213 

4.207744763 4.173106448 
3.985273393 3.876905213 

5.724092976 4.846712582 
5.25125216 4.817067143 

4.74620049 4.750020014 
5.25125216 4.817067143 

4.316654233 6.002934766 
4.650845577 6.393540839 

4.75613313 6.777333336 
4.650845577 6.393540839 

2.460470938 8.586481136 
2.129820881 8.485560632 

7.191146597 7.287092143 
6.837789358 7.46969603 

2.982679185 7.065234682 
2.401452091 7.216250647 

1.453355892 9.162678626 
1.088681803 8.660475766 

5.962455092 6.110948458 
6.027542705 5.686967595 

0.6967737991 6.611917587 
1.205205983 7.169289217 

5.190141144 6.007061358 
5.962455092 6.110948458 

1.879834654 1.91599954 
1.63129009 2.197072819 

3.207172063 2.342804006 
3.075228122 2.8283283 

5.111817404 7.833684629 
5.083561297 7.283363391 

3.851858837 7.513629019 
3.400773332 7.321013128 

4.471534652 4.504793822 
4.340947333 4.341108605 

4.207744763 4.173106448 
4.340947333 4.341108605 

2.658703114 2.788619586 
2.762308611 2.246727356 

2.658703114 2.788619586 
2.451667642 3.304382633 

2.414719437 7.763338369 
2.433316076 7.54837908 

7.566177362 6.712470967 
7.246821797 6.128307778 

6.85655264 5.981549533 
7.246821797 6.128307778 

1.66221146 7.190863513 
1.644097008 6.632787304 

1.66221146 7.190863513 
1.881553546 7.593136793 

4.565206586 7.305107606 
4.788809132 7.422127566 

5.083561297 7.283363391 
4.788809132 7.422127566 

2.460470938 8.586481136 
2.182812954 9.078293159 

6.276323221 8.025200385 
5.970654996 7.912611656 

6.118287094 7.100756413 
5.823434774 7.408724541 

1.967146268 1.270776944 
2.381970731 1.452181211 

2.983212455 1.579111 
2.381970731 1.452181211 

3.114199093 3.398432915 
3.075228122 2.8283283 

6.636565004 5.640595136 
6.97580185 5.415914365 

1.82502643 2.607242253 
2.451667642 3.304382633 

7.246821797 6.128307778 
7.014881074 6.255622624 

2.481377553 1.813401341 
2.494092756 2.039849383 

3.963157084 6.839660709 
4.308913888 6.622192794 

4.650845577 6.393540839 
4.308913888 6.622192794 

1.453355892 9.162678626 
1.557932218 8.956384562 

1.636524513 8.647669508 
1.557932218 8.956384562 

2.895435714 8.281275244 
3.057005353 7.825776384 

3.028570095 6.590297303 
3.026210025 6.260993879 

6.85655264 5.981549533 
7.014881074 6.255622624 

6.394184167 5.207725103 
6.080481602 4.970862724 

5.724092976 4.846712582 
6.080481602 4.970862724 

2.494092756 2.039849383 
2.137682741 2.378836877 

1.82502643 2.607242253 
2.137682741 2.378836877 

2.137682741 2.378836877 
2.446685424 2.369720163 

5.903394044 6.839851177 
5.793895427 7.129912835 

5.823434774 7.408724541 
5.793895427 7.129912835 

0.6967737991 6.611917587 
1.249907826 6.546578953 

1.644097008 6.632787304 
1.249907826 6.546578953 

6.118287094 7.100756413 
5.793895427 7.129912835 

0.7478187865 7.638039017 
0.925166837 7.922852799 

1.203363263 7.945627053 
0.925166837 7.922852799 

2.460470938 8.586481136 
3.000384466 8.613807794 

6.837789358 7.46969603 
7.000620187 7.031682018 

1.928272995 6.086881469 
1.969493508 6.246231919 

2.195509988 6.304882447 
1.969493508 6.246231919 

0.4693685466 8.206294998 
0.925166837 7.922852799 

2.182812954 9.078293159 
1.822484608 8.89887721 

4.48090419 2.231882416 
4.578082919 2.375746091 

4.866944434 1.894982536 
4.862894226 2.487086087 

3.958446772 1.716103263 
4.388584805 1.676933411 

1.636524513 8.647669508 
1.822484608 8.89887721 

1.66221146 7.190863513 
1.11500239 6.939548476 

2.179320501 7.175906992 
2.13703915 7.412137827 

2.08962446 7.675393869 
2.13703915 7.412137827 

1.879834654 1.91599954 
2.137682741 2.378836877 

7.566177362 6.712470967 
7.191146597 7.287092143 

6.793318539 6.781561879 
7.285236533 6.613100963 

1.11500239 6.939548476 
0.72797304 7.33524434 

6.87842647 8.01160286 
6.887092836 7.757555147 

6.837789358 7.46969603 
6.887092836 7.757555147 

2.401452091 7.216250647 
2.13703915 7.412137827 

5.146626239 6.620118784 
5.205726599 6.301401993 

5.190141144 6.007061358 
5.205726599 6.301401993 

2.185669979 0.8411503246 
2.36879493 0.7952038929 

2.589612533 0.8070837672 
2.36879493 0.7952038929 

5.56500184 7.774566388 
5.742035623 7.826058345 

5.970654996 7.912611656 
5.742035623 7.826058345 

7.285236533 6.613100963 
7.000620187 7.031682018 

3.114199093 3.398432915 
2.939815621 3.491633985 

2.750715088 3.493447949 
2.939815621 3.491633985 

2.460470938 8.586481136 
2.895435714 8.281275244 

0.4693685466 8.206294998 
1.08846146 8.036015123 

1.574255992 7.966184165 
1.08846146 8.036015123 

1.881553546 7.593136793 
1.952290761 7.473994453 

2.13703915 7.412137827 
1.952290761 7.473994453 

3.057005353 7.825776384 
3.400773332 7.321013128 

3.695660557 2.215245142 
3.958446772 1.716103263 

2.750715088 3.493447949 
2.451667642 3.304382633 

1.879834654 1.91599954 
2.154004156 2.175699666 

2.446685424 2.369720163 
2.154004156 2.175699666 

6.636565004 5.640595136 
6.85655264 5.981549533 

4.161033269 2.971085002 
4.334570511 3.095930837 

4.591952153 3.176397745 
4.334570511 3.095930837 

2.182812954 9.078293159 
2.531553653 9.030753278 

2.792636607 8.944577221 
2.531553653 9.030753278 

5.111817404 7.833684629 
5.56500184 7.774566388 

5.537698081 5.56128466 
6.027542705 5.686967595 

3.511822698 1.64410431 
3.38117015 1.771862767 

3.354439268 1.992505969 
3.38117015 1.771862767 

3.406718511 8.346174724 
3.098927482 8.308999505 

2.895435714 8.281275244 
3.098927482 8.308999505 

5.823434774 7.408724541 
5.970654996 7.912611656 

2.633604756 6.068641465 
2.773281864 6.242093118 

3.026210025 6.260993879 
2.773281864 6.242093118 

1.088681803 8.660475766 
1.557932218 8.956384562 

1.481901696 8.190834735 
1.672653075 8.303264863 

1.889157301 8.38911523 
1.672653075 8.303264863 

4.650845577 6.393540839 
5.205726599 6.301401993 

3.441467763 0.6140368762 
3.341511008 0.8344523015 

3.140718457 0.8184551623 
3.341511008 0.8344523015 

4.439576924 2.699196898 
4.578082919 2.375746091 

1.82502643 2.607242253 
1.725951294 2.423446856 

2.103819821 8.063966037 
2.383301748 8.245449602 

2.460470938 8.586481136 
2.383301748 8.245449602 

4.866944434 1.894982536 
4.212864393 2.048867343 

3.695660557 2.215245142 
4.212864393 2.048867343 

3.171587675 2.077263751 
3.001637289 2.191654849 

2.762308611 2.246727356 
3.001637289 2.191654849 

3.000384466 8.613807794 
3.098927482 8.308999505 

6.276323221 8.025200385 
6.15818412 7.461701893 

6.118287094 7.100756413 
6.15818412 7.461701893 

6.655626271 6.565960447 
7.087179409 6.5708696 

7.566177362 6.712470967 
7.087179409 6.5708696 

3.140718457 0.8184551623 
3.441467763 0.6140368762 

2.169447633 3.450520388 
2.312509889 3.385802822 

2.451667642 3.304382633 
2.312509889 3.385802822 

4.862894226 2.487086087 
4.591952153 3.176397745 

7.285236533 6.613100963 
7.087179409 6.5708696 

4.862894226 2.487086087 
4.709246694 2.460948938 

4.578082919 2.375746091 
4.709246694 2.460948938 

5.945431195 6.526499225 
5.760450455 6.548589216 

5.580228762 6.67901024 
5.760450455 6.548589216 

2.658703114 2.788619586 
2.875465259 2.829748998 

3.075228122 2.8283283 
2.875465259 2.829748998 

3.958446772 1.716103263 
4.212864393 2.048867343 

0.72797304 7.33524434 
1.001459054 7.24649255 

1.205205983 7.169289217 
1.001459054 7.24649255 

2.481377553 1.813401341 
2.749642984 1.665175516 

2.983212455 1.579111 
2.749642984 1.665175516 

3.851858837 7.513629019 
4.565206586 7.305107606 

1.11500239 6.939548476 
1.249907826 6.546578953 

5.111817404 7.833684629 
4.458395355 7.64846759 

3.851858837 7.513629019 
4.458395355 7.64846759 

2.129820881 8.485560632 
2.383301748 8.245449602 

2.098407376 6.801229087 
2.094359972 7.00492936 

2.179320501 7.175906992 
2.094359972 7.00492936 

0.925166837 7.922852799 
1.08846146 8.036015123 

3.057005353 7.825776384 
3.081440115 8.088074751 

3.098927482 8.308999505 
3.081440115 8.088074751 

4.316654233 6.002934766 
4.154206004 6.388223989 

3.963157084 6.839660709 
4.154206004 6.388223989 

3.958446772 1.716103263 
3.853599401 1.561746291 

3.710032046 1.436927673 
3.853599401 1.561746291 

2.446685424 2.369720163 
2.658703114 2.788619586 

1.66221146 7.190863513 
1.952290761 7.473994453 

0.4693685466 8.206294998 
0.7163006268 8.481501645 

1.088681803 8.660475766 
0.7163006268 8.481501645 

5.537698081 5.56128466 
5.33173197 5.5474516 

5.096905365 5.548799841 
5.33173197 5.5474516 

3.613731553 2.581433299 
3.60768079 2.318494918 

3.695660557 2.215245142 
3.60768079 2.318494918 

1.11500239 6.939548476 
1.001459054 7.24649255 

1.63129009 2.197072819 
2.154004156 2.175699666 

6.97580185 5.415914365 
7.062679445 5.527452141 

7.19789803 5.607723063 
7.062679445 5.527452141 

3.613731553 2.581433299 
3.858314576 3.18887055 

1.822484608 8.89887721 
1.617903223 9.046911306 

1.453355892 9.162678626 
1.617903223 9.046911306 

3.858314576 3.18887055 
3.693239431 3.409111249 

3.665440478 3.664655568 
3.693239431 3.409111249 

2.433316076 7.54837908 
2.13703915 7.412137827 

7.191146597 7.287092143 
7.087588814 7.708254788 

6.87842647 8.01160286 
7.087588814 7.708254788 

7.087179409 6.5708696 
6.793318539 6.781561879 

5.962455092 6.110948458 
6.235464422 6.111771546 

6.510303607 6.222456777 
6.235464422 6.111771546 

3.140718457 0.8184551623 
3.273375318 1.262734881 

3.511822698 1.64410431 
3.273375318 1.262734881 

1.672653075 8.303264863 
1.636524513 8.647669508 

4.866944434 1.894982536 
4.623139907 1.765893624 

4.388584805 1.676933411 
4.623139907 1.765893624 

4.439576924 2.699196898 
4.161033269 2.971085002 

3.273375318 1.262734881 
2.983212455 1.579111 

6.027542705 5.686967595 
6.190337073 5.466657067 

6.394184167 5.207725103 
6.190337073 5.466657067 

0.6967737991 6.611917587 
0.9456189522 6.75808125 

1.11500239 6.939548476 
0.9456189522 6.75808125 

5.083561297 7.283363391 
5.793895427 7.129912835 

5.083561297 7.283363391 
4.916530849 7.026782563 

4.75613313 6.777333336 
4.916530849 7.026782563 

7.285236533 6.613100963 
7.43869896 6.665065462 

7.566177362 6.712470967 
7.43869896 6.665065462 

3.000384466 8.613807794 
3.166664303 8.450968475 

3.406718511 8.346174724 
3.166664303 8.450968475 

7.014881074 6.255622624 
6.655626271 6.565960447 

1.879834654 1.91599954 
1.953736418 1.606596061 

1.967146268 1.270776944 
1.953736418 1.606596061 

2.460470938 8.586481136 
2.531553653 9.030753278 

2.381970731 1.452181211 
2.431759879 1.634584436 

2.481377553 1.813401341 
2.431759879 1.634584436 

3.400773332 7.321013128 
3.198906165 7.187246703 

2.982679185 7.065234682 
3.198906165 7.187246703 

2.137682741 2.378836877 
2.154004156 2.175699666 

1.63129009 2.197072819 
1.677902963 2.30993471 

1.725951294 2.423446856 
1.677902963 2.30993471 

1.249907826 6.546578953 
0.9456189522 6.75808125 

6.118287094 7.100756413 
6.226888292 6.901546346 

6.257966849 6.659829274 
6.226888292 6.901546346 

5.903394044 6.839851177 
6.226888292 6.901546346 

2.401452091 7.216250647 
2.407795622 7.390290085 

2.433316076 7.54837908 
2.407795622 7.390290085 

2.182812954 9.078293159 
2.156889812 8.782866306 

2.129820881 8.485560632 
2.156889812 8.782866306 

1.952290761 7.473994453 
2.08962446 7.675393869 

7.000620187 7.031682018 
6.899150002 6.903393301 

6.793318539 6.781561879 
6.899150002 6.903393301 

2.414719437 7.763338369 
2.405077237 8.008576407 

2.383301748 8.245449602 
2.405077237 8.008576407 

7.087588814 7.708254788 
6.887092836 7.757555147 

3.441467763 0.6140368762 
3.602668237 0.7608196394 

3.763742648 0.9110649421 
3.602668237 0.7608196394 

4.439576924 2.699196898 
4.709246694 2.460948938 

5.190141144 6.007061358 
5.141514422 5.777192243 

5.096905365 5.548799841 
5.141514422 5.777192243 

3.001637289 2.191654849 
3.207172063 2.342804006 

3.613731553 2.581433299 
3.410451808 2.462118652 

3.207172063 2.342804006 
3.410451808 2.462118652 

