5.109110489 7.817887119 
5.100720098 6.594817091 

1.4826219 8.204955277 
1.571178269 7.971682847 

2.632122907 6.078519917 
2.413288981 7.749249535 

3.145655502 0.81358771 
2.982047262 1.599899013 

5.948960827 6.492863874 
6.235893852 6.62912449 

2.121550726 8.095390866 
2.178483764 7.181772005 

6.271779913 8.021100834 
6.87842647 8.01160286 

7.201031126 5.620113866 
7.580672005 6.604506721 

5.100720098 6.594817091 
4.288880053 5.987085444 

2.77536669 2.256167164 
2.982047262 1.599899013 

4.842663637 1.914447354 
3.498667213 1.634649484 

2.982047262 1.599899013 
3.498667213 1.634649484 

2.413288981 7.749249535 
2.996808544 7.811774783 

6.235893852 6.62912449 
5.907872034 6.829716882 

3.85284404 7.51224301 
2.996808544 7.811774783 

2.121550726 8.095390866 
2.996808544 7.811774783 

1.925774912 1.246500934 
2.480774806 1.809644111 

4.468625765 2.740030171 
4.591984438 3.174688501 

2.121550726 8.095390866 
2.088616317 7.665553726 

5.100720098 6.594817091 
4.722858816 6.809532894 

3.701805638 2.207824698 
3.073828361 2.825111249 

2.79109492 8.938470015 
3.064113209 8.657254832 

3.701805638 2.207824698 
3.498667213 1.634649484 

2.632122907 6.078519917 
2.194615515 6.305006797 

2.121550726 8.095390866 
1.889263059 8.388645379 

3.363850883 2.005481873 
3.701805638 2.207824698 

4.74620049 4.750020014 
4.471534652 4.504793822 

2.480774806 1.809644111 
2.45126685 2.3674973 

5.109110489 7.817887119 
5.826108167 7.403793866 

6.74162609 6.781548556 
6.235893852 6.62912449 

3.145655502 0.81358771 
2.588686305 0.8067975345 

4.722858816 6.809532894 
3.85284404 7.51224301 

5.948960827 6.492863874 
5.986078121 6.1496254 

3.701805638 2.207824698 
3.858189237 3.183840237 

5.723630112 4.851195944 
5.565514622 5.569743676 

4.468625765 2.740030171 
3.701805638 2.207824698 

2.982047262 1.599899013 
3.363850883 2.005481873 

7.201031126 5.620113866 
6.511026954 6.227896727 

6.235893852 6.62912449 
6.511026954 6.227896727 

6.74162609 6.781548556 
6.511026954 6.227896727 

3.66432451 3.661277342 
3.111399872 3.393644298 

1.571178269 7.971682847 
1.648865562 7.145459451 

2.121550726 8.095390866 
2.136737985 8.486805514 

4.722858816 6.809532894 
4.566330517 7.30268661 

5.907872034 6.829716882 
5.948960827 6.492863874 

3.85284404 7.51224301 
3.965316601 6.83847207 

4.842663637 1.914447354 
4.451828222 2.221693983 

6.395356353 5.213586091 
6.861361202 5.995608581 

6.395356353 5.213586091 
6.511026954 6.227896727 

2.77536669 2.256167164 
3.204528553 2.33811961 

2.77536669 2.256167164 
3.073828361 2.825111249 

6.861361202 5.995608581 
6.511026954 6.227896727 

5.826108167 7.403793866 
5.56500184 7.774566388 

2.79109492 8.938470015 
2.136737985 8.486805514 

6.861361202 5.995608581 
7.201031126 5.620113866 

1.457834511 9.19182789 
2.182111695 9.070010845 

2.997127201 7.027669278 
3.028835984 6.591869329 

3.204528553 2.33811961 
3.363850883 2.005481873 

2.121550726 8.095390866 
2.413288981 7.749249535 

2.982047262 1.599899013 
2.510900323 2.069086458 

0.727910901 7.336798307 
0.6967737991 6.611917587 

1.648865562 7.145459451 
1.207648602 7.167927083 

2.45126685 2.3674973 
2.510900323 2.069086458 

5.100720098 6.594817091 
5.573732572 6.677503166 

5.907872034 6.829716882 
5.573732572 6.677503166 

2.997127201 7.027669278 
2.413288981 7.749249535 

2.123208175 3.425843063 
1.854966132 2.678890179 

2.77536669 2.256167164 
2.510900323 2.069086458 

1.457834511 9.19182789 
1.4826219 8.204955277 

2.136737985 8.486805514 
1.889263059 8.388645379 

7.007209923 7.022966017 
7.196241505 7.276758124 

2.413288981 7.749249535 
2.088616317 7.665553726 

2.178483764 7.181772005 
2.453070017 7.22558062 

1.925774912 1.246500934 
2.110336379 0.8309046357 

1.889263059 8.388645379 
1.638024502 8.647274364 

2.178483764 7.181772005 
1.648865562 7.145459451 

3.76572178 0.9209618994 
3.70980838 1.437142151 

3.498667213 1.634649484 
3.70980838 1.437142151 

2.088616317 7.665553726 
2.453070017 7.22558062 

1.4826219 8.204955277 
1.638024502 8.647274364 

1.928981944 6.088313825 
1.641148996 6.632669473 

7.580672005 6.604506721 
7.007209923 7.022966017 

6.235893852 6.62912449 
6.65495544 6.569134227 

6.65495544 6.569134227 
6.511026954 6.227896727 

3.858189237 3.183840237 
4.141734657 3.002948486 

0.4885061083 8.154758648 
1.198399564 7.944223607 

1.4826219 8.204955277 
1.198399564 7.944223607 

1.889263059 8.388645379 
1.571178269 7.971682847 

3.111399872 3.393644298 
2.657374454 2.74857865 

2.123208175 3.425843063 
2.745278467 3.487183381 

2.45126685 2.3674973 
2.77536669 2.256167164 

2.088616317 7.665553726 
1.782003049 7.593130075 

1.571178269 7.971682847 
1.782003049 7.593130075 

6.74162609 6.781548556 
6.65495544 6.569134227 

2.178483764 7.181772005 
1.641148996 6.632669473 

3.363850883 2.005481873 
3.184422631 2.107302011 

2.996808544 7.811774783 
3.403038501 8.342586483 

3.76572178 0.9209618994 
3.941598094 1.728287353 

6.395356353 5.213586091 
6.643106986 5.637359491 

1.571178269 7.971682847 
1.198399564 7.944223607 

0.4885061083 8.154758648 
0.719821911 7.612566962 

2.657374454 2.74857865 
2.745278467 3.487183381 

4.468625765 2.740030171 
4.861021597 2.486509565 

2.136737985 8.486805514 
1.83643876 8.876773694 

2.982047262 1.599899013 
3.184422631 2.107302011 

2.194615515 6.305006797 
2.098277443 6.802785316 

4.288880053 5.987085444 
5.189022265 6.007900416 

2.098277443 6.802785316 
1.641148996 6.632669473 

5.948960827 6.492863874 
6.074212697 7.103989389 

3.064113209 8.657254832 
2.892093761 8.285772291 

6.074212697 7.103989389 
5.907872034 6.829716882 

7.580672005 6.604506721 
7.021288749 6.256421068 

6.511026954 6.227896727 
7.021288749 6.256421068 

3.184422631 2.107302011 
3.204528553 2.33811961 

3.941598094 1.728287353 
3.498667213 1.634649484 

2.79109492 8.938470015 
2.519287848 8.566162778 

3.66432451 3.661277342 
3.985273393 3.876905213 

4.207744763 4.173106448 
3.985273393 3.876905213 

5.723630112 4.851195944 
5.25125216 4.817067143 

4.74620049 4.750020014 
5.25125216 4.817067143 

4.288880053 5.987085444 
4.632499933 6.409973324 

4.722858816 6.809532894 
4.632499933 6.409973324 

2.519287848 8.566162778 
2.136737985 8.486805514 

7.196241505 7.276758124 
6.837789358 7.46969603 

2.997127201 7.027669278 
2.453070017 7.22558062 

1.457834511 9.19182789 
1.093209262 8.667519497 

5.986078121 6.1496254 
6.076812748 5.715241606 

0.6967737991 6.611917587 
1.207648602 7.167927083 

5.189022265 6.007900416 
5.986078121 6.1496254 

1.857553164 1.928497994 
1.652855232 2.181860182 

3.204528553 2.33811961 
3.073828361 2.825111249 

5.109110489 7.817887119 
5.086386396 7.281901953 

3.85284404 7.51224301 
3.397315917 7.321420726 

4.471534652 4.504793822 
4.340947333 4.341108605 

4.207744763 4.173106448 
4.340947333 4.341108605 

2.657374454 2.74857865 
2.77536669 2.256167164 

2.657374454 2.74857865 
2.449957936 3.298044517 

2.413288981 7.749249535 
2.49260979 7.515123522 

7.580672005 6.604506721 
7.249079539 6.131384167 

6.861361202 5.995608581 
7.249079539 6.131384167 

1.648865562 7.145459451 
1.641148996 6.632669473 

5.086386396 7.281901953 
4.779252538 7.387195476 

2.519287848 8.566162778 
2.182111695 9.070010845 

6.271779913 8.021100834 
5.970654996 7.912611656 

6.074212697 7.103989389 
5.826108167 7.403793866 

1.925774912 1.246500934 
2.378597755 1.451100161 

2.982047262 1.599899013 
2.378597755 1.451100161 

3.111399872 3.393644298 
3.073828361 2.825111249 

6.643106986 5.637359491 
7.003283656 5.330499418 

1.854966132 2.678890179 
2.449957936 3.298044517 

2.480774806 1.809644111 
2.510900323 2.069086458 

3.965316601 6.83847207 
4.313363412 6.625102696 

4.632499933 6.409973324 
4.313363412 6.625102696 

1.457834511 9.19182789 
1.556845566 8.959888041 

1.638024502 8.647274364 
1.556845566 8.959888041 

2.892093761 8.285772291 
2.996808544 7.811774783 

3.028835984 6.591869329 
3.026210025 6.260993879 

6.861361202 5.995608581 
7.021288749 6.256421068 

6.395356353 5.213586091 
6.080481602 4.970862724 

5.723630112 4.851195944 
6.080481602 4.970862724 

2.510900323 2.069086458 
2.139240379 2.376655606 

2.139240379 2.376655606 
2.45126685 2.3674973 

5.907872034 6.829716882 
5.816456062 7.119535425 

5.826108167 7.403793866 
5.816456062 7.119535425 

1.641148996 6.632669473 
1.234588367 6.500421312 

6.074212697 7.103989389 
5.816456062 7.119535425 

0.719821911 7.612566962 
0.9486740107 7.868617828 

1.198399564 7.944223607 
0.9486740107 7.868617828 

2.519287848 8.566162778 
3.064113209 8.657254832 

6.837789358 7.46969603 
7.007209923 7.022966017 

1.928981944 6.088313825 
1.984881036 6.262107045 

2.194615515 6.305006797 
1.984881036 6.262107045 

2.182111695 9.070010845 
1.83643876 8.876773694 

4.451828222 2.221693983 
4.576676653 2.377695494 

4.842663637 1.914447354 
4.861021597 2.486509565 

3.941598094 1.728287353 
4.383088325 1.677667518 

1.638024502 8.647274364 
1.83643876 8.876773694 

1.648865562 7.145459451 
1.08631945 6.942151794 

2.178483764 7.181772005 
2.163807397 7.403446644 

2.088616317 7.665553726 
2.163807397 7.403446644 

1.857553164 1.928497994 
2.139240379 2.376655606 

7.580672005 6.604506721 
7.196241505 7.276758124 

6.74162609 6.781548556 
7.276204007 6.615675415 

1.08631945 6.942151794 
0.727910901 7.336798307 

6.87842647 8.01160286 
6.887092836 7.757555147 

6.837789358 7.46969603 
6.887092836 7.757555147 

2.453070017 7.22558062 
2.163807397 7.403446644 

5.100720098 6.594817091 
5.199992578 6.305383311 

5.189022265 6.007900416 
5.199992578 6.305383311 

2.588686305 0.8067975345 
2.379447655 0.7879673067 

5.56500184 7.774566388 
5.742035623 7.826058345 

5.970654996 7.912611656 
5.742035623 7.826058345 

7.276204007 6.615675415 
7.007209923 7.022966017 

3.111399872 3.393644298 
2.939815621 3.491633985 

2.745278467 3.487183381 
2.939815621 3.491633985 

2.519287848 8.566162778 
2.892093761 8.285772291 

0.4885061083 8.154758648 
1.103200187 8.040739799 

1.571178269 7.971682847 
1.103200187 8.040739799 

1.782003049 7.593130075 
1.948573436 7.472683091 

2.163807397 7.403446644 
1.948573436 7.472683091 

2.996808544 7.811774783 
3.397315917 7.321420726 

3.701805638 2.207824698 
3.941598094 1.728287353 

2.745278467 3.487183381 
2.449957936 3.298044517 

1.857553164 1.928497994 
2.149194459 2.174213231 

2.45126685 2.3674973 
2.149194459 2.174213231 

6.643106986 5.637359491 
6.861361202 5.995608581 

4.141734657 3.002948486 
4.332887502 3.096149123 

4.591984438 3.174688501 
4.332887502 3.096149123 

2.182111695 9.070010845 
2.543165981 9.068963719 

2.79109492 8.938470015 
2.543165981 9.068963719 

5.109110489 7.817887119 
5.56500184 7.774566388 

5.565514622 5.569743676 
6.076812748 5.715241606 

3.498667213 1.634649484 
3.381364621 1.772394071 

3.363850883 2.005481873 
3.381364621 1.772394071 

3.403038501 8.342586483 
3.100482241 8.312189185 

2.892093761 8.285772291 
3.100482241 8.312189185 

5.826108167 7.403793866 
5.970654996 7.912611656 

2.632122907 6.078519917 
2.773281864 6.242093118 

3.026210025 6.260993879 
2.773281864 6.242093118 

1.093209262 8.667519497 
1.556845566 8.959888041 

1.4826219 8.204955277 
1.66458772 8.331005133 

1.889263059 8.388645379 
1.66458772 8.331005133 

4.632499933 6.409973324 
5.199992578 6.305383311 

3.477245183 0.5434242105 
3.344045772 0.8293934595 

3.145655502 0.81358771 
3.344045772 0.8293934595 

4.468625765 2.740030171 
4.576676653 2.377695494 

1.854966132 2.678890179 
1.727426974 2.426593324 

2.121550726 8.095390866 
2.385665594 8.250585246 

2.519287848 8.566162778 
2.385665594 8.250585246 

4.842663637 1.914447354 
4.168630069 2.045753406 

3.701805638 2.207824698 
4.168630069 2.045753406 

3.184422631 2.107302011 
2.986083984 2.20732132 

2.77536669 2.256167164 
2.986083984 2.20732132 

3.064113209 8.657254832 
3.100482241 8.312189185 

6.271779913 8.021100834 
6.172898823 7.444831058 

6.074212697 7.103989389 
6.172898823 7.444831058 

6.65495544 6.569134227 
7.075909672 6.595549477 

7.580672005 6.604506721 
7.075909672 6.595549477 

3.145655502 0.81358771 
3.477245183 0.5434242105 

2.123208175 3.425843063 
2.310291732 3.385537364 

2.449957936 3.298044517 
2.310291732 3.385537364 

4.861021597 2.486509565 
4.591984438 3.174688501 

7.276204007 6.615675415 
7.075909672 6.595549477 

4.861021597 2.486509565 
4.708575212 2.463532387 

4.576676653 2.377695494 
4.708575212 2.463532387 

5.948960827 6.492863874 
5.767193032 6.545434483 

5.573732572 6.677503166 
5.767193032 6.545434483 

2.657374454 2.74857865 
2.874098441 2.828372484 

3.073828361 2.825111249 
2.874098441 2.828372484 

3.941598094 1.728287353 
4.168630069 2.045753406 

0.727910901 7.336798307 
1.001174961 7.244820817 

1.207648602 7.167927083 
1.001174961 7.244820817 

2.480774806 1.809644111 
2.755634425 1.659792729 

2.982047262 1.599899013 
2.755634425 1.659792729 

3.85284404 7.51224301 
4.566330517 7.30268661 

1.08631945 6.942151794 
1.234588367 6.500421312 

5.109110489 7.817887119 
4.43852692 7.638886021 

3.85284404 7.51224301 
4.43852692 7.638886021 

2.136737985 8.486805514 
2.385665594 8.250585246 

2.098277443 6.802785316 
2.090838346 7.016063624 

2.178483764 7.181772005 
2.090838346 7.016063624 

0.9486740107 7.868617828 
1.103200187 8.040739799 

2.996808544 7.811774783 
3.079711775 8.08603511 

3.100482241 8.312189185 
3.079711775 8.08603511 

4.288880053 5.987085444 
4.154021524 6.385143371 

3.965316601 6.83847207 
4.154021524 6.385143371 

3.941598094 1.728287353 
3.883070369 1.517533307 

3.70980838 1.437142151 
3.883070369 1.517533307 

2.45126685 2.3674973 
2.657374454 2.74857865 

1.648865562 7.145459451 
1.948573436 7.472683091 

0.4885061083 8.154758648 
0.715107707 8.478593401 

1.093209262 8.667519497 
0.715107707 8.478593401 

5.565514622 5.569743676 
5.333623273 5.547730527 

5.096905365 5.548799841 
5.333623273 5.547730527 

3.694421387 2.563729241 
3.61013779 2.319541427 

3.701805638 2.207824698 
3.61013779 2.319541427 

1.08631945 6.942151794 
1.001174961 7.244820817 

1.652855232 2.181860182 
2.149194459 2.174213231 

7.201031126 5.620113866 
7.062676729 5.523132163 

3.694421387 2.563729241 
3.858189237 3.183840237 

1.83643876 8.876773694 
1.617740275 9.047780631 

1.457834511 9.19182789 
1.617740275 9.047780631 

3.858189237 3.183840237 
3.650480721 3.347612587 

3.66432451 3.661277342 
3.650480721 3.347612587 

2.49260979 7.515123522 
2.163807397 7.403446644 

7.196241505 7.276758124 
7.087588814 7.708254788 

6.87842647 8.01160286 
7.087588814 7.708254788 

7.075909672 6.595549477 
6.74162609 6.781548556 

5.986078121 6.1496254 
6.249346041 6.065085248 

6.511026954 6.227896727 
6.249346041 6.065085248 

3.145655502 0.81358771 
3.274053177 1.264648242 

3.498667213 1.634649484 
3.274053177 1.264648242 

1.66458772 8.331005133 
1.638024502 8.647274364 

4.842663637 1.914447354 
4.624289612 1.767232191 

4.383088325 1.677667518 
4.624289612 1.767232191 

4.468625765 2.740030171 
4.141734657 3.002948486 

3.274053177 1.264648242 
2.982047262 1.599899013 

6.076812748 5.715241606 
6.172408386 5.445415531 

6.395356353 5.213586091 
6.172408386 5.445415531 

0.6967737991 6.611917587 
0.9470783383 6.756618024 

1.08631945 6.942151794 
0.9470783383 6.756618024 

5.086386396 7.281901953 
5.816456062 7.119535425 

5.086386396 7.281901953 
4.914498247 7.026375285 

4.722858816 6.809532894 
4.914498247 7.026375285 

7.276204007 6.615675415 
7.440832152 6.662173371 

7.580672005 6.604506721 
7.440832152 6.662173371 

3.064113209 8.657254832 
3.167812642 8.45330634 

3.403038501 8.342586483 
3.167812642 8.45330634 

7.021288749 6.256421068 
6.65495544 6.569134227 

1.857553164 1.928497994 
1.968593248 1.63731304 

1.925774912 1.246500934 
1.968593248 1.63731304 

2.519287848 8.566162778 
2.543165981 9.068963719 

2.378597755 1.451100161 
2.43260883 1.622293204 

2.480774806 1.809644111 
2.43260883 1.622293204 

3.397315917 7.321420726 
3.244512011 7.139992098 

2.997127201 7.027669278 
3.244512011 7.139992098 

2.139240379 2.376655606 
2.149194459 2.174213231 

1.652855232 2.181860182 
1.678250518 2.308832972 

1.727426974 2.426593324 
1.678250518 2.308832972 

1.234588367 6.500421312 
0.9470783383 6.756618024 

6.074212697 7.103989389 
6.224009018 6.902403343 

6.235893852 6.62912449 
6.224009018 6.902403343 

5.907872034 6.829716882 
6.224009018 6.902403343 

2.453070017 7.22558062 
2.39417066 7.382357156 

2.49260979 7.515123522 
2.39417066 7.382357156 

2.182111695 9.070010845 
2.156889812 8.782866306 

2.136737985 8.486805514 
2.156889812 8.782866306 

1.948573436 7.472683091 
2.088616317 7.665553726 

7.007209923 7.022966017 
6.890668087 6.879453695 

6.74162609 6.781548556 
6.890668087 6.879453695 

2.413288981 7.749249535 
2.404966553 8.006815249 

2.385665594 8.250585246 
2.404966553 8.006815249 

7.087588814 7.708254788 
6.887092836 7.757555147 

3.477245183 0.5434242105 
3.602078515 0.7566417386 

3.76572178 0.9209618994 
3.602078515 0.7566417386 

4.468625765 2.740030171 
4.708575212 2.463532387 

5.189022265 6.007900416 
5.141514422 5.777192243 

5.096905365 5.548799841 
5.141514422 5.777192243 

2.986083984 2.20732132 
3.204528553 2.33811961 

3.694421387 2.563729241 
3.414092182 2.462303419 

3.204528553 2.33811961 
3.414092182 2.462303419 

4.313363412 6.625102696 
4.154021524 6.385143371 

0.6967737991 6.611917587 
0.9745914216 6.577582876 

1.234588367 6.500421312 
0.9745914216 6.577582876 

2.163807397 7.403446644 
2.39417066 7.382357156 

2.110336379 0.8309046357 
2.240146596 0.8117327969 

2.379447655 0.7879673067 
2.240146596 0.8117327969 

0.719821911 7.612566962 
0.7009836979 7.480773496 

0.727910901 7.336798307 
0.7009836979 7.480773496 

7.021288749 6.256421068 
7.1293499 6.191124479 

7.249079539 6.131384167 
7.1293499 6.191124479 

4.43852692 7.638886021 
4.566330517 7.30268661 

4.566330517 7.30268661 
4.672757021 7.34597862 

4.779252538 7.387195476 
4.672757021 7.34597862 

6.076812748 5.715241606 
6.249346041 6.065085248 

7.075909672 6.595549477 
6.890668087 6.879453695 

1.782003049 7.593130075 
1.723407296 7.390312788 

1.648865562 7.145459451 
1.723407296 7.390312788 

1.83643876 8.876773694 
2.156889812 8.782866306 

6.271779913 8.021100834 
5.664161499 7.932480625 

5.109110489 7.817887119 
5.664161499 7.932480625 

4.451828222 2.221693983 
4.168630069 2.045753406 

7.003283656 5.330499418 
7.032980193 5.42681579 

7.062676729 5.523132163 
7.032980193 5.42681579 

2.996808544 7.811774783 
2.49260979 7.515123522 

5.664161499 7.932480625 
5.56500184 7.774566388 

1.103200187 8.040739799 
1.198399564 7.944223607 

0.9486740107 7.868617828 
0.7185900595 8.011688238 

0.4885061083 8.154758648 
0.7185900595 8.011688238 

3.694421387 2.563729241 
3.701805638 2.207824698 

1.854966132 2.678890179 
1.997103255 2.527772892 

2.139240379 2.376655606 
1.997103255 2.527772892 

