5.092552171 7.793942195 
5.103708499 6.563284501 

1.483835947 8.199093722 
1.556610113 7.926002174 

2.604918595 6.024610047 
2.404068448 7.722972871 

3.143848679 0.8092358879 
2.97594499 1.591909812 

5.96273531 6.507883001 
6.203015527 6.653854661 

2.099128359 7.995244583 
2.173467173 7.202746838 

6.355259597 8.021331546 
6.915820098 8.024560387 

7.200407529 5.636246226 
7.634854993 6.512849418 

2.810076403 2.371585554 
2.97594499 1.591909812 

4.848648028 1.930856527 
3.494209242 1.633409174 

2.97594499 1.591909812 
3.494209242 1.633409174 

2.404068448 7.722972871 
2.894096199 7.788729205 

6.203015527 6.653854661 
5.911721341 6.808662326 

3.808162807 7.518357411 
2.894096199 7.788729205 

1.898480339 1.249970011 
2.474116807 1.82148796 

4.457702091 2.740011333 
4.619535219 3.179570605 

2.099128359 7.995244583 
2.100390944 7.620236121 

5.103708499 6.563284501 
4.717547473 6.812848587 

3.639242307 2.186690918 
3.058333768 2.765644255 

2.781783026 8.931457369 
3.047695458 8.651355274 

3.639242307 2.186690918 
3.494209242 1.633409174 

2.604918595 6.024610047 
2.180135151 6.313222764 

2.099128359 7.995244583 
1.896184093 8.369502983 

3.346833477 2.031304533 
3.639242307 2.186690918 

4.74997283 4.752314913 
4.471534652 4.504793822 

2.474116807 1.82148796 
2.423763079 2.406550801 

5.092552171 7.793942195 
5.826462535 7.401616999 

6.589100566 6.774627106 
6.203015527 6.653854661 

3.143848679 0.8092358879 
2.603720126 0.8846877531 

4.717547473 6.812848587 
3.808162807 7.518357411 

3.639242307 2.186690918 
3.853661716 3.161383121 

5.752426035 4.811834803 
5.577792585 5.4881331 

4.457702091 2.740011333 
3.639242307 2.186690918 

2.97594499 1.591909812 
3.346833477 2.031304533 

7.200407529 5.636246226 
6.525784964 6.252857433 

6.203015527 6.653854661 
6.525784964 6.252857433 

6.589100566 6.774627106 
6.525784964 6.252857433 

3.540686788 3.722607135 
3.104819065 3.369870347 

1.556610113 7.926002174 
1.659373872 7.166447821 

2.099128359 7.995244583 
2.106020717 8.486121393 

4.717547473 6.812848587 
4.525579305 7.30008254 

5.911721341 6.808662326 
5.96273531 6.507883001 

4.848648028 1.930856527 
4.439203471 2.230585192 

6.429230436 5.194349789 
6.86365479 5.992967284 

6.429230436 5.194349789 
6.525784964 6.252857433 

2.810076403 2.371585554 
3.149035634 2.349262209 

2.810076403 2.371585554 
3.058333768 2.765644255 

6.86365479 5.992967284 
6.525784964 6.252857433 

5.826462535 7.401616999 
5.526608495 7.749477741 

2.781783026 8.931457369 
2.106020717 8.486121393 

6.86365479 5.992967284 
7.200407529 5.636246226 

1.462803475 9.185551192 
2.209318766 9.152161868 

2.982035253 7.02918387 
3.021283872 6.603625274 

3.149035634 2.349262209 
3.346833477 2.031304533 

2.099128359 7.995244583 
2.404068448 7.722972871 

2.97594499 1.591909812 
2.527827956 2.065446335 

0.7677831661 7.36563292 
0.6518263708 6.646777529 

1.659373872 7.166447821 
1.2161987 7.209556246 

5.103708499 6.563284501 
5.604601318 6.599398429 

5.911721341 6.808662326 
5.604601318 6.599398429 

2.982035253 7.02918387 
2.404068448 7.722972871 

2.057996807 3.406140192 
1.851425381 2.68512448 

2.810076403 2.371585554 
2.527827956 2.065446335 

1.462803475 9.185551192 
1.483835947 8.199093722 

2.106020717 8.486121393 
1.896184093 8.369502983 

7.043195704 6.980602084 
7.169829016 7.248259152 

2.404068448 7.722972871 
2.100390944 7.620236121 

2.173467173 7.202746838 
2.461362507 7.174969021 

1.898480339 1.249970011 
2.107099112 0.8357155941 

1.896184093 8.369502983 
1.641750193 8.640951186 

2.173467173 7.202746838 
1.659373872 7.166447821 

3.766944801 0.9037390846 
3.720815078 1.436590309 

3.494209242 1.633409174 
3.720815078 1.436590309 

1.483835947 8.199093722 
1.641750193 8.640951186 

7.634854993 6.512849418 
7.043195704 6.980602084 

6.203015527 6.653854661 
6.680242951 6.579033144 

6.680242951 6.579033144 
6.525784964 6.252857433 

3.853661716 3.161383121 
4.116365577 3.02053956 

0.5067765965 8.148544865 
1.244984357 7.918924966 

1.483835947 8.199093722 
1.244984357 7.918924966 

1.896184093 8.369502983 
1.556610113 7.926002174 

3.104819065 3.369870347 
2.608701318 2.733800572 

2.057996807 3.406140192 
2.695690942 3.539658937 

2.423763079 2.406550801 
2.810076403 2.371585554 

2.100390944 7.620236121 
1.796541226 7.597227874 

1.556610113 7.926002174 
1.796541226 7.597227874 

6.589100566 6.774627106 
6.680242951 6.579033144 

2.173467173 7.202746838 
1.617489936 6.621827754 

3.346833477 2.031304533 
3.204352219 2.114817693 

2.894096199 7.788729205 
3.53366268 8.381778192 

3.766944801 0.9037390846 
3.911742549 1.741592118 

6.429230436 5.194349789 
6.645978216 5.631550705 

0.5067765965 8.148544865 
0.6748933511 7.630387358 

4.457702091 2.740011333 
4.859573684 2.485912094 

2.106020717 8.486121393 
1.843642332 8.87778443 

2.97594499 1.591909812 
3.204352219 2.114817693 

2.180135151 6.313222764 
1.979374523 6.785421809 

4.364546636 5.962915773 
5.187318574 6.007480765 

1.979374523 6.785421809 
1.617489936 6.621827754 

3.047695458 8.651355274 
2.850556936 8.278366814 

6.074325015 7.101374581 
5.911721341 6.808662326 

7.634854993 6.512849418 
7.021734775 6.261266927 

6.525784964 6.252857433 
7.021734775 6.261266927 

3.204352219 2.114817693 
3.149035634 2.349262209 

3.911742549 1.741592118 
3.494209242 1.633409174 

2.781783026 8.931457369 
2.567113785 8.553473811 

4.206110798 4.170826078 
3.973765771 3.86088975 

4.74997283 4.752314913 
5.183216453 4.868069295 

4.364546636 5.962915773 
4.632899744 6.418469855 

4.717547473 6.812848587 
4.632899744 6.418469855 

2.567113785 8.553473811 
2.106020717 8.486121393 

7.169829016 7.248259152 
6.783366172 7.433326465 

2.982035253 7.02918387 
2.461362507 7.174969021 

1.462803475 9.185551192 
1.158969359 8.708558617 

5.916548749 6.12585368 
6.068124629 5.718772459 

0.6518263708 6.646777529 
1.2161987 7.209556246 

5.187318574 6.007480765 
5.916548749 6.12585368 

1.816112592 1.91574163 
1.57850133 2.200190801 

3.149035634 2.349262209 
3.058333768 2.765644255 

5.092552171 7.793942195 
5.108402213 7.332051743 

3.808162807 7.518357411 
3.388051449 7.32847842 

4.471534652 4.504793822 
4.340947333 4.341108605 

4.206110798 4.170826078 
4.340947333 4.341108605 

2.608701318 2.733800572 
2.810076403 2.371585554 

2.608701318 2.733800572 
2.453273659 3.28786375 

2.404068448 7.722972871 
2.512992897 7.535709893 

7.634854993 6.512849418 
7.287540057 6.073086444 

6.86365479 5.992967284 
7.287540057 6.073086444 

1.659373872 7.166447821 
1.617489936 6.621827754 

5.108402213 7.332051743 
4.785017132 7.398834511 

2.567113785 8.553473811 
2.209318766 9.152161868 

6.355259597 8.021331546 
5.981222051 7.915872597 

6.074325015 7.101374581 
5.826462535 7.401616999 

1.898480339 1.249970011 
2.311530289 1.462849353 

2.97594499 1.591909812 
2.311530289 1.462849353 

3.104819065 3.369870347 
3.058333768 2.765644255 

6.645978216 5.631550705 
7.044300451 5.312692732 

1.851425381 2.68512448 
2.453273659 3.28786375 

2.474116807 1.82148796 
2.527827956 2.065446335 

3.929236223 6.887866233 
4.31210641 6.626949345 

4.632899744 6.418469855 
4.31210641 6.626949345 

1.462803475 9.185551192 
1.551014207 8.956206936 

1.641750193 8.640951186 
1.551014207 8.956206936 

2.850556936 8.278366814 
2.894096199 7.788729205 

6.86365479 5.992967284 
7.021734775 6.261266927 

6.429230436 5.194349789 
6.078139649 4.96726401 

5.752426035 4.811834803 
6.078139649 4.96726401 

2.527827956 2.065446335 
2.14016914 2.410139366 

2.14016914 2.410139366 
2.423763079 2.406550801 

5.826462535 7.401616999 
5.79379573 7.105642269 

1.617489936 6.621827754 
1.242867979 6.417751395 

6.074325015 7.101374581 
5.79379573 7.105642269 

0.6748933511 7.630387358 
0.9462121141 7.871541705 

1.244984357 7.918924966 
0.9462121141 7.871541705 

2.567113785 8.553473811 
3.047695458 8.651355274 

6.783366172 7.433326465 
7.043195704 6.980602084 

2.180135151 6.313222764 
1.869421023 6.295481134 

2.209318766 9.152161868 
1.843642332 8.87778443 

4.439203471 2.230585192 
4.57535433 2.377133049 

1.641750193 8.640951186 
1.843642332 8.87778443 

1.659373872 7.166447821 
1.131706592 6.934857958 

2.173467173 7.202746838 
2.157854177 7.408195782 

2.100390944 7.620236121 
2.157854177 7.408195782 

1.816112592 1.91574163 
2.14016914 2.410139366 

7.634854993 6.512849418 
7.169829016 7.248259152 

6.589100566 6.774627106 
7.260574042 6.614672292 

1.131706592 6.934857958 
0.7677831661 7.36563292 

6.915820098 8.024560387 
6.886701919 7.758389681 

6.783366172 7.433326465 
6.886701919 7.758389681 

2.461362507 7.174969021 
2.157854177 7.408195782 

5.103708499 6.563284501 
5.187124228 6.291432619 

5.187318574 6.007480765 
5.187124228 6.291432619 

2.603720126 0.8846877531 
2.369352333 0.8543187822 

5.526608495 7.749477741 
5.739896318 7.824998862 

5.981222051 7.915872597 
5.739896318 7.824998862 

7.260574042 6.614672292 
7.043195704 6.980602084 

3.104819065 3.369870347 
2.964676197 3.455373359 

2.695690942 3.539658937 
2.964676197 3.455373359 

2.567113785 8.553473811 
2.850556936 8.278366814 

0.5067765965 8.148544865 
1.095297 8.04523771 

1.556610113 7.926002174 
1.095297 8.04523771 

1.796541226 7.597227874 
1.950916082 7.488469466 

2.157854177 7.408195782 
1.950916082 7.488469466 

2.894096199 7.788729205 
3.388051449 7.32847842 

3.639242307 2.186690918 
3.911742549 1.741592118 

2.695690942 3.539658937 
2.453273659 3.28786375 

1.816112592 1.91574163 
2.151491649 2.155607397 

2.423763079 2.406550801 
2.151491649 2.155607397 

6.645978216 5.631550705 
6.86365479 5.992967284 

4.116365577 3.02053956 
4.322714015 3.106946362 

4.619535219 3.179570605 
4.322714015 3.106946362 

2.209318766 9.152161868 
2.572943005 9.218753905 

2.781783026 8.931457369 
2.572943005 9.218753905 

5.092552171 7.793942195 
5.526608495 7.749477741 

3.494209242 1.633409174 
3.378686995 1.736860117 

3.346833477 2.031304533 
3.378686995 1.736860117 

3.53366268 8.381778192 
3.09228884 8.33611962 

2.850556936 8.278366814 
3.09228884 8.33611962 

5.826462535 7.401616999 
5.981222051 7.915872597 

3.026118852 6.265130965 
2.771645543 6.239264429 

1.158969359 8.708558617 
1.551014207 8.956206936 

1.483835947 8.199093722 
1.669684376 8.358630211 

1.896184093 8.369502983 
1.669684376 8.358630211 

4.632899744 6.418469855 
5.187124228 6.291432619 

3.143848679 0.8092358879 
3.342101921 0.8258144961 

4.457702091 2.740011333 
4.57535433 2.377133049 

1.851425381 2.68512448 
1.628005675 2.463552229 

2.099128359 7.995244583 
2.375633673 8.249072683 

2.567113785 8.553473811 
2.375633673 8.249072683 

4.848648028 1.930856527 
4.171908948 2.043549762 

3.639242307 2.186690918 
4.171908948 2.043549762 

3.204352219 2.114817693 
2.94317252 2.105209746 

3.047695458 8.651355274 
3.09228884 8.33611962 

6.355259597 8.021331546 
6.224458182 7.381696189 

6.074325015 7.101374581 
6.224458182 7.381696189 

6.680242951 6.579033144 
6.987083041 6.600436473 

3.143848679 0.8092358879 
3.344851872 0.49512612 

2.453273659 3.28786375 
2.329266202 3.397301237 

4.859573684 2.485912094 
4.619535219 3.179570605 

7.260574042 6.614672292 
6.987083041 6.600436473 

4.859573684 2.485912094 
4.708575212 2.463532387 

4.57535433 2.377133049 
4.708575212 2.463532387 

5.96273531 6.507883001 
5.821460052 6.52530555 

5.604601318 6.599398429 
5.821460052 6.52530555 

2.608701318 2.733800572 
2.9044817 2.867069398 

3.058333768 2.765644255 
2.9044817 2.867069398 

3.911742549 1.741592118 
4.171908948 2.043549762 

0.7677831661 7.36563292 
1.061809629 7.367688802 

1.2161987 7.209556246 
1.061809629 7.367688802 

2.474116807 1.82148796 
2.783439562 1.681584758 

2.97594499 1.591909812 
2.783439562 1.681584758 

3.808162807 7.518357411 
4.525579305 7.30008254 

1.131706592 6.934857958 
1.242867979 6.417751395 

5.092552171 7.793942195 
4.421713287 7.629202891 

3.808162807 7.518357411 
4.421713287 7.629202891 

2.106020717 8.486121393 
2.375633673 8.249072683 

1.979374523 6.785421809 
2.073345496 7.000255871 

2.173467173 7.202746838 
2.073345496 7.000255871 

0.9462121141 7.871541705 
1.095297 8.04523771 

2.894096199 7.788729205 
3.072856267 8.075540283 

3.09228884 8.33611962 
3.072856267 8.075540283 

4.364546636 5.962915773 
4.155856659 6.383717141 

3.929236223 6.887866233 
4.155856659 6.383717141 

3.911742549 1.741592118 
3.892155488 1.515440416 

3.720815078 1.436590309 
3.892155488 1.515440416 

2.423763079 2.406550801 
2.608701318 2.733800572 

1.659373872 7.166447821 
1.950916082 7.488469466 

0.5067765965 8.148544865 
0.7400386065 8.505947399 

1.158969359 8.708558617 
0.7400386065 8.505947399 

5.577792585 5.4881331 
5.330958106 5.544798654 

5.008549241 5.522655778 
5.330958106 5.544798654 

3.639242307 2.186690918 
3.611335028 2.321857105 

7.200407529 5.636246226 
7.062676729 5.523132163 

3.716172281 2.599998447 
3.853661716 3.161383121 

1.843642332 8.87778443 
1.617740275 9.047780631 

1.462803475 9.185551192 
1.617740275 9.047780631 

3.540686788 3.722607135 
3.599854551 3.329023915 

2.512992897 7.535709893 
2.157854177 7.408195782 

7.169829016 7.248259152 
7.086348743 7.709230897 

6.915820098 8.024560387 
7.086348743 7.709230897 

6.987083041 6.600436473 
6.589100566 6.774627106 

5.916548749 6.12585368 
6.257805559 6.031694798 

6.525784964 6.252857433 
6.257805559 6.031694798 

3.143848679 0.8092358879 
3.270188224 1.265938708 

3.494209242 1.633409174 
3.270188224 1.265938708 

1.669684376 8.358630211 
1.641750193 8.640951186 

4.848648028 1.930856527 
4.575767756 1.777330135 

4.408238992 1.432587212 
4.575767756 1.777330135 

4.457702091 2.740011333 
4.116365577 3.02053956 

3.270188224 1.265938708 
2.97594499 1.591909812 

6.068124629 5.718772459 
6.174709103 5.443113044 

6.429230436 5.194349789 
6.174709103 5.443113044 

0.6518263708 6.646777529 
0.9499063072 6.751121537 

1.131706592 6.934857958 
0.9499063072 6.751121537 

5.108402213 7.332051743 
5.79379573 7.105642269 

5.108402213 7.332051743 
4.91827354 6.991756852 

4.717547473 6.812848587 
4.91827354 6.991756852 

7.634854993 6.512849418 
7.469361575 6.733015201 

3.047695458 8.651355274 
3.195317049 8.496030773 

7.021734775 6.261266927 
6.680242951 6.579033144 

1.816112592 1.91574163 
1.897018181 1.615749546 

1.898480339 1.249970011 
1.897018181 1.615749546 

2.311530289 1.462849353 
2.429778901 1.620724054 

2.474116807 1.82148796 
2.429778901 1.620724054 

3.388051449 7.32847842 
3.282032666 7.103924977 

2.982035253 7.02918387 
3.282032666 7.103924977 

2.14016914 2.410139366 
2.151491649 2.155607397 

1.57850133 2.200190801 
1.673166785 2.311271513 

1.628005675 2.463552229 
1.673166785 2.311271513 

1.242867979 6.417751395 
0.9499063072 6.751121537 

6.074325015 7.101374581 
6.228801273 6.90243212 

6.203015527 6.653854661 
6.228801273 6.90243212 

5.911721341 6.808662326 
6.228801273 6.90243212 

2.461362507 7.174969021 
2.389560015 7.382829601 

2.512992897 7.535709893 
2.389560015 7.382829601 

2.209318766 9.152161868 
2.156471499 8.786110616 

2.106020717 8.486121393 
2.156471499 8.786110616 

1.950916082 7.488469466 
2.100390944 7.620236121 

7.043195704 6.980602084 
6.88039635 6.870220308 

6.589100566 6.774627106 
6.88039635 6.870220308 

2.404068448 7.722972871 
2.404490272 7.999889479 

2.375633673 8.249072683 
2.404490272 7.999889479 

7.086348743 7.709230897 
6.886701919 7.758389681 

3.344851872 0.49512612 
3.593334773 0.748263062 

3.766944801 0.9037390846 
3.593334773 0.748263062 

4.457702091 2.740011333 
4.708575212 2.463532387 

5.187318574 6.007480765 
5.016032515 5.790193427 

5.008549241 5.522655778 
5.016032515 5.790193427 

2.94317252 2.105209746 
3.149035634 2.349262209 

3.716172281 2.599998447 
3.417487597 2.465716156 

3.149035634 2.349262209 
3.417487597 2.465716156 

4.31210641 6.626949345 
4.155856659 6.383717141 

0.6518263708 6.646777529 
0.9748690071 6.574643358 

1.242867979 6.417751395 
0.9748690071 6.574643358 

2.157854177 7.408195782 
2.389560015 7.382829601 

2.107099112 0.8357155941 
2.241415316 0.813594605 

2.369352333 0.8543187822 
2.241415316 0.813594605 

0.6748933511 7.630387358 
0.7043606847 7.481896222 

0.7677831661 7.36563292 
0.7043606847 7.481896222 

7.021734775 6.261266927 
7.132118641 6.187753258 

7.287540057 6.073086444 
7.132118641 6.187753258 

4.421713287 7.629202891 
4.525579305 7.30008254 

4.525579305 7.30008254 
4.671788685 7.34613155 

4.785017132 7.398834511 
4.671788685 7.34613155 

6.068124629 5.718772459 
6.257805559 6.031694798 

6.987083041 6.600436473 
6.88039635 6.870220308 

1.796541226 7.597227874 
1.665109883 7.441647753 

1.659373872 7.166447821 
1.665109883 7.441647753 

1.843642332 8.87778443 
2.156471499 8.786110616 

6.355259597 8.021331546 
5.676712413 7.93258125 

5.092552171 7.793942195 
5.676712413 7.93258125 

4.439203471 2.230585192 
4.171908948 2.043549762 

7.044300451 5.312692732 
7.034032517 5.425703692 

7.062676729 5.523132163 
7.034032517 5.425703692 

2.894096199 7.788729205 
2.512992897 7.535709893 

5.676712413 7.93258125 
5.526608495 7.749477741 

1.095297 8.04523771 
1.244984357 7.918924966 

0.9462121141 7.871541705 
0.6991497907 8.018271772 

0.5067765965 8.148544865 
0.6991497907 8.018271772 

3.716172281 2.599998447 
3.639242307 2.186690918 

1.851425381 2.68512448 
1.99868146 2.527397071 

2.14016914 2.410139366 
1.99868146 2.527397071 

2.894096199 7.788729205 
2.404490272 7.999889479 

4.408238992 1.432587212 
3.892155488 1.515440416 

2.894096199 7.788729205 
2.523240173 7.961714043 

2.099128359 7.995244583 
2.523240173 7.961714043 

5.752426035 4.811834803 
5.489719819 4.814247295 

5.183216453 4.868069295 
5.489719819 4.814247295 

5.79379573 7.105642269 
5.801334525 6.950223727 

5.911721341 6.808662326 
5.801334525 6.950223727 

3.09228884 8.33611962 
3.195317049 8.496030773 

5.96273531 6.507883001 
5.98936281 6.310214481 

5.916548749 6.12585368 
5.98936281 6.310214481 

4.575767756 1.777330135 
4.171908948 2.043549762 

3.973765771 3.86088975 
3.788771529 3.822486221 

3.540686788 3.722607135 
3.788771529 3.822486221 

2.572943005 9.218753905 
2.547832949 8.859771165 

2.567113785 8.553473811 
2.547832949 8.859771165 

3.344851872 0.49512612 
3.370552276 0.6810295309 

3.342101921 0.8258144961 
3.370552276 0.6810295309 

5.092552171 7.793942195 
4.785017132 7.398834511 

3.599854551 3.329023915 
3.752290657 3.265468903 

3.853661716 3.161383121 
3.752290657 3.265468903 

2.695690942 3.539658937 
2.329266202 3.397301237 

2.695690942 3.539658937 
2.675553837 3.124855774 

2.608701318 2.733800572 
2.675553837 3.124855774 

2.151491649 2.155607397 
2.527827956 2.065446335 

4.364546636 5.962915773 
4.708633716 6.241039992 

5.103708499 6.563284501 
4.708633716 6.241039992 

1.869421023 6.295481134 
1.617489936 6.621827754 

2.099128359 7.995244583 
2.404490272 7.999889479 

1.869421023 6.295481134 
1.90338907 6.182774738 

1.752851517 6.028029592 
1.90338907 6.182774738 

6.224458182 7.381696189 
5.826462535 7.401616999 

2.100390944 7.620236121 
2.28643397 7.429008168 

2.461362507 7.174969021 
2.28643397 7.429008168 

3.53366268 8.381778192 
3.333692347 8.411459422 

3.195317049 8.496030773 
3.333692347 8.411459422 

2.423763079 2.406550801 
2.482874087 2.223128004 

2.527827956 2.065446335 
2.482874087 2.223128004 

1.57850133 2.200190801 
1.864790131 2.177305211 

2.151491649 2.155607397 
1.864790131 2.177305211 

3.716172281 2.599998447 
3.662710078 2.468987467 

3.611335028 2.321857105 
3.662710078 2.468987467 

2.157854177 7.408195782 
2.28643397 7.429008168 

6.589100566 6.774627106 
6.228801273 6.90243212 

3.021283872 6.603625274 
3.023701362 6.43437812 

3.026118852 6.265130965 
3.023701362 6.43437812 

4.859573684 2.485912094 
4.860639479 2.206408547 

4.848648028 1.930856527 
4.860639479 2.206408547 

6.987083041 6.600436473 
7.282118616 6.60016602 

7.634854993 6.512849418 
7.282118616 6.60016602 

6.224458182 7.381696189 
6.507147983 7.424452 

6.783366172 7.433326465 
6.507147983 7.424452 

1.556610113 7.926002174 
1.393630694 7.951301069 

1.244984357 7.918924966 
1.393630694 7.951301069 

5.577792585 5.4881331 
5.822958607 5.603452779 

6.068124629 5.718772459 
5.822958607 5.603452779 

3.540686788 3.722607135 
2.964676197 3.455373359 

7.469361575 6.733015201 
7.36659564 6.673924152 

7.260574042 6.614672292 
7.36659564 6.673924152 

4.408238992 1.432587212 
4.144253608 1.622926327 

3.911742549 1.741592118 
4.144253608 1.622926327 

5.98936281 6.310214481 
6.257805559 6.031694798 

1.393630694 7.951301069 
1.483835947 8.199093722 

1.752851517 6.028029592 
1.68473546 6.324936602 

1.617489936 6.621827754 
1.68473546 6.324936602 

1.061809629 7.367688802 
0.7043606847 7.481896222 

2.604918595 6.024610047 
2.688282069 6.131937238 

2.771645543 6.239264429 
2.688282069 6.131937238 

2.850556936 8.278366814 
2.375633673 8.249072683 

2.810076403 2.371585554 
2.876034496 2.236072524 

2.94317252 2.105209746 
2.876034496 2.236072524 

1.131706592 6.934857958 
1.2161987 7.209556246 

2.057996807 3.406140192 
2.193631504 3.401720715 

2.329266202 3.397301237 
2.193631504 3.401720715 

5.801334525 6.950223727 
5.604601318 6.599398429 

2.389560015 7.382829601 
2.28643397 7.429008168 

1.061809629 7.367688802 
1.244984357 7.918924966 

1.061809629 7.367688802 
1.096758111 7.15127338 

1.131706592 6.934857958 
1.096758111 7.15127338 

4.708633716 6.241039992 
4.632899744 6.418469855 

5.183216453 4.868069295 
5.008549241 5.522655778 

3.929236223 6.887866233 
3.868699515 7.203111822 

3.808162807 7.518357411 
3.868699515 7.203111822 

