5.086286094 7.848693477 
5.099529517 6.581957449 

1.481123349 8.212056686 
1.559282108 7.926710917 

2.602391382 6.024231616 
2.41123298 7.706473111 

3.14312633 0.8123576432 
2.98464938 1.643795891 

5.991566613 6.538188879 
6.224063462 6.645357252 

2.097287771 7.990780531 
2.17152091 7.196689646 

6.358876682 8.024175182 
6.821759435 8.107595439 

7.195682395 5.65079511 
7.67008784 6.5784248 

2.825414596 2.405104024 
2.98464938 1.643795891 

4.832010971 1.927454229 
3.519195673 1.648505574 

2.98464938 1.643795891 
3.519195673 1.648505574 

2.41123298 7.706473111 
2.906467913 7.785318936 

6.224063462 6.645357252 
5.909726698 6.807027799 

3.830005358 7.494200498 
2.906467913 7.785318936 

1.801446263 1.268980768 
2.467680826 1.81863078 

4.459172606 2.701054422 
4.618608336 3.175764542 

2.097287771 7.990780531 
2.058700673 7.639746067 

5.099529517 6.581957449 
4.731818368 6.820892736 

3.642358119 2.187403963 
3.055829302 2.761978299 

2.812226788 8.94551254 
3.035991734 8.65317067 

3.642358119 2.187403963 
3.519195673 1.648505574 

2.602391382 6.024231616 
2.180851431 6.242885846 

2.097287771 7.990780531 
1.892430355 8.322561899 

3.323329138 2.000489623 
3.642358119 2.187403963 

4.751005446 4.75377841 
4.471534652 4.504793822 

2.467680826 1.81863078 
2.431692617 2.409976601 

5.086286094 7.848693477 
5.819014598 7.406673951 

6.570598775 6.778371649 
6.224063462 6.645357252 

4.731818368 6.820892736 
3.830005358 7.494200498 

3.642358119 2.187403963 
3.852385073 3.156107329 

5.754047884 4.811675646 
5.577792585 5.4881331 

4.459172606 2.701054422 
3.642358119 2.187403963 

2.98464938 1.643795891 
3.323329138 2.000489623 

7.195682395 5.65079511 
6.508379972 6.264459315 

6.224063462 6.645357252 
6.508379972 6.264459315 

6.570598775 6.778371649 
6.508379972 6.264459315 

1.559282108 7.926710917 
1.655526311 7.164464427 

2.097287771 7.990780531 
2.117121207 8.490172326 

4.731818368 6.820892736 
4.471182526 7.242424622 

5.909726698 6.807027799 
5.991566613 6.538188879 

4.832010971 1.927454229 
4.439203471 2.230585192 

6.42746852 5.204535167 
6.859138486 5.996128544 

6.42746852 5.204535167 
6.508379972 6.264459315 

2.825414596 2.405104024 
3.145124303 2.344613208 

2.825414596 2.405104024 
3.055829302 2.761978299 

6.859138486 5.996128544 
6.508379972 6.264459315 

5.819014598 7.406673951 
5.52110341 7.752121203 

2.812226788 8.94551254 
2.117121207 8.490172326 

6.859138486 5.996128544 
7.195682395 5.65079511 

1.38334798 9.229774353 
2.200572223 9.150096474 

2.987956169 6.99518339 
2.942230012 6.628110328 

3.145124303 2.344613208 
3.323329138 2.000489623 

2.097287771 7.990780531 
2.41123298 7.706473111 

2.98464938 1.643795891 
2.53435377 2.068539704 

0.7654843543 7.366225001 
0.6554538832 6.651096368 

1.655526311 7.164464427 
1.224241316 7.24096181 

5.099529517 6.581957449 
5.606672869 6.583642464 

5.909726698 6.807027799 
5.606672869 6.583642464 

2.987956169 6.99518339 
2.41123298 7.706473111 

2.031241573 3.427864161 
1.85546611 2.691337139 

2.825414596 2.405104024 
2.53435377 2.068539704 

1.38334798 9.229774353 
1.481123349 8.212056686 

2.117121207 8.490172326 
1.892430355 8.322561899 

7.056223477 6.968465165 
7.173275527 7.2438181 

2.41123298 7.706473111 
2.058700673 7.639746067 

2.17152091 7.196689646 
2.477448821 7.109170178 

1.801446263 1.268980768 
2.102865237 0.8387730481 

1.892430355 8.322561899 
1.642885502 8.635801492 

2.17152091 7.196689646 
1.655526311 7.164464427 

3.761943322 0.8813883934 
3.719204119 1.435731686 

3.519195673 1.648505574 
3.719204119 1.435731686 

1.481123349 8.212056686 
1.642885502 8.635801492 

7.67008784 6.5784248 
7.056223477 6.968465165 

6.224063462 6.645357252 
6.674622044 6.57698165 

6.674622044 6.57698165 
6.508379972 6.264459315 

3.852385073 3.156107329 
4.118457712 3.017687683 

0.5109699419 8.151335664 
1.244571809 7.918278887 

1.481123349 8.212056686 
1.244571809 7.918278887 

1.892430355 8.322561899 
1.559282108 7.926710917 

3.100249232 3.365972652 
2.63068273 2.702357381 

2.031241573 3.427864161 
2.697070519 3.546119546 

2.431692617 2.409976601 
2.825414596 2.405104024 

2.058700673 7.639746067 
1.814281738 7.616231322 

1.559282108 7.926710917 
1.814281738 7.616231322 

6.570598775 6.778371649 
6.674622044 6.57698165 

2.17152091 7.196689646 
1.577919396 6.623970687 

3.323329138 2.000489623 
3.206353954 2.115315013 

2.906467913 7.785318936 
3.538831713 8.425759564 

3.761943322 0.8813883934 
3.906715474 1.735276337 

6.42746852 5.204535167 
6.645978216 5.631550705 

0.5109699419 8.151335664 
0.675460051 7.629579722 

4.459172606 2.701054422 
4.85720657 2.486267982 

2.117121207 8.490172326 
1.843642332 8.87778443 

2.98464938 1.643795891 
3.206353954 2.115315013 

2.180851431 6.242885846 
1.977262302 6.779566735 

4.366848525 5.966503426 
5.18607915 6.005612456 

1.977262302 6.779566735 
1.577919396 6.623970687 

3.035991734 8.65317067 
2.850254414 8.281849418 

6.080236371 7.102440239 
5.909726698 6.807027799 

7.67008784 6.5784248 
7.020206493 6.264632806 

6.508379972 6.264459315 
7.020206493 6.264632806 

3.206353954 2.115315013 
3.145124303 2.344613208 

3.906715474 1.735276337 
3.519195673 1.648505574 

2.812226788 8.94551254 
2.587128339 8.546270505 

4.206110798 4.170826078 
3.973765771 3.86088975 

4.366848525 5.966503426 
4.637272905 6.424426353 

4.731818368 6.820892736 
4.637272905 6.424426353 

2.587128339 8.546270505 
2.117121207 8.490172326 

7.173275527 7.2438181 
6.785202893 7.430267653 

2.987956169 6.99518339 
2.477448821 7.109170178 

1.38334798 9.229774353 
1.15786951 8.713555265 

5.916548749 6.12585368 
6.068124629 5.718772459 

0.6554538832 6.651096368 
1.224241316 7.24096181 

5.18607915 6.005612456 
5.916548749 6.12585368 

1.738947285 1.87811845 
1.577612038 2.19735541 

3.145124303 2.344613208 
3.055829302 2.761978299 

5.086286094 7.848693477 
5.107900548 7.339689289 

3.830005358 7.494200498 
3.396061398 7.331659087 

4.471534652 4.504793822 
4.340947333 4.341108605 

4.206110798 4.170826078 
4.340947333 4.341108605 

2.63068273 2.702357381 
2.825414596 2.405104024 

2.63068273 2.702357381 
2.427516082 3.225036074 

2.41123298 7.706473111 
2.578407162 7.508457218 

6.859138486 5.996128544 
7.290786071 6.07762979 

1.655526311 7.164464427 
1.577919396 6.623970687 

5.107900548 7.339689289 
4.787845312 7.405115733 

2.587128339 8.546270505 
2.200572223 9.150096474 

6.358876682 8.024175182 
5.981222051 7.915872597 

6.080236371 7.102440239 
5.819014598 7.406673951 

2.98464938 1.643795891 
2.326061298 1.419841662 

3.100249232 3.365972652 
3.055829302 2.761978299 

6.645978216 5.631550705 
7.044300451 5.312692732 

1.85546611 2.691337139 
2.427516082 3.225036074 

2.467680826 1.81863078 
2.53435377 2.068539704 

3.930892494 6.88385555 
4.31146546 6.624504163 

4.637272905 6.424426353 
4.31146546 6.624504163 

1.38334798 9.229774353 
1.547584434 8.960400033 

1.642885502 8.635801492 
1.547584434 8.960400033 

2.850254414 8.281849418 
2.906467913 7.785318936 

6.859138486 5.996128544 
7.020206493 6.264632806 

6.42746852 5.204535167 
6.067058546 4.93087294 

2.53435377 2.068539704 
2.135257952 2.407219592 

2.135257952 2.407219592 
2.431692617 2.409976601 

5.819014598 7.406673951 
5.79185275 7.104168907 

1.577919396 6.623970687 
1.243928595 6.419040141 

6.080236371 7.102440239 
5.79185275 7.104168907 

0.675460051 7.629579722 
0.9673662313 7.831101499 

1.244571809 7.918278887 
0.9673662313 7.831101499 

2.587128339 8.546270505 
3.035991734 8.65317067 

6.785202893 7.430267653 
7.056223477 6.968465165 

2.180851431 6.242885846 
1.868624286 6.295487709 

2.200572223 9.150096474 
1.843642332 8.87778443 

4.439203471 2.230585192 
4.574692532 2.378141612 

1.642885502 8.635801492 
1.843642332 8.87778443 

1.655526311 7.164464427 
1.132454823 6.937448314 

2.17152091 7.196689646 
2.168780277 7.409229705 

2.058700673 7.639746067 
2.168780277 7.409229705 

1.738947285 1.87811845 
2.135257952 2.407219592 

7.67008784 6.5784248 
7.173275527 7.2438181 

6.570598775 6.778371649 
7.255070079 6.617765596 

1.132454823 6.937448314 
0.7654843543 7.366225001 

6.785202893 7.430267653 
6.883960828 7.764379153 

2.477448821 7.109170178 
2.168780277 7.409229705 

5.099529517 6.581957449 
5.187124228 6.291432619 

5.18607915 6.005612456 
5.187124228 6.291432619 

2.619870421 0.7532470407 
2.371202632 0.8505145294 

5.52110341 7.752121203 
5.739896318 7.824998862 

5.981222051 7.915872597 
5.739896318 7.824998862 

7.255070079 6.617765596 
7.056223477 6.968465165 

3.100249232 3.365972652 
2.976315837 3.46258669 

2.697070519 3.546119546 
2.976315837 3.46258669 

2.587128339 8.546270505 
2.850254414 8.281849418 

0.5109699419 8.151335664 
1.095072302 8.042931439 

1.559282108 7.926710917 
1.095072302 8.042931439 

1.814281738 7.616231322 
1.951555197 7.492767364 

2.168780277 7.409229705 
1.951555197 7.492767364 

2.906467913 7.785318936 
3.396061398 7.331659087 

3.642358119 2.187403963 
3.906715474 1.735276337 

2.697070519 3.546119546 
2.427516082 3.225036074 

1.738947285 1.87811845 
2.147164415 2.153039507 

2.431692617 2.409976601 
2.147164415 2.153039507 

6.645978216 5.631550705 
6.859138486 5.996128544 

4.118457712 3.017687683 
4.322714015 3.106946362 

4.618608336 3.175764542 
4.322714015 3.106946362 

2.200572223 9.150096474 
2.576632367 9.216129568 

2.812226788 8.94551254 
2.576632367 9.216129568 

5.086286094 7.848693477 
5.52110341 7.752121203 

3.519195673 1.648505574 
3.380209652 1.737120652 

3.323329138 2.000489623 
3.380209652 1.737120652 

3.538831713 8.425759564 
3.094605198 8.339569889 

2.850254414 8.281849418 
3.094605198 8.339569889 

5.819014598 7.406673951 
5.981222051 7.915872597 

3.026118852 6.265130965 
2.771645543 6.239264429 

1.15786951 8.713555265 
1.547584434 8.960400033 

1.481123349 8.212056686 
1.654303048 8.342764903 

1.892430355 8.322561899 
1.654303048 8.342764903 

4.637272905 6.424426353 
5.187124228 6.291432619 

3.14312633 0.8123576432 
3.352820424 0.8636105923 

4.459172606 2.701054422 
4.574692532 2.378141612 

1.85546611 2.691337139 
1.628005675 2.463552229 

2.097287771 7.990780531 
2.376479184 8.249586792 

2.587128339 8.546270505 
2.376479184 8.249586792 

4.832010971 1.927454229 
4.174550084 2.042380883 

3.642358119 2.187403963 
4.174550084 2.042380883 

3.206353954 2.115315013 
2.939592553 2.090567006 

3.035991734 8.65317067 
3.094605198 8.339569889 

6.358876682 8.024175182 
6.223734724 7.38004623 

6.080236371 7.102440239 
6.223734724 7.38004623 

6.674622044 6.57698165 
6.984219524 6.601769565 

3.14312633 0.8123576432 
3.348895982 0.451519564 

2.427516082 3.225036074 
2.350452234 3.406020033 

4.85720657 2.486267982 
4.618608336 3.175764542 

7.255070079 6.617765596 
6.984219524 6.601769565 

4.85720657 2.486267982 
4.707114088 2.464022553 

4.574692532 2.378141612 
4.707114088 2.464022553 

5.991566613 6.538188879 
5.819511065 6.502555144 

5.606672869 6.583642464 
5.819511065 6.502555144 

2.63068273 2.702357381 
2.901623943 2.864366568 

3.055829302 2.761978299 
2.901623943 2.864366568 

3.906715474 1.735276337 
4.174550084 2.042380883 

0.7654843543 7.366225001 
1.058938649 7.368258442 

1.224241316 7.24096181 
1.058938649 7.368258442 

2.467680826 1.81863078 
2.784621691 1.682250493 

2.98464938 1.643795891 
2.784621691 1.682250493 

3.830005358 7.494200498 
4.471182526 7.242424622 

1.132454823 6.937448314 
1.243928595 6.419040141 

5.086286094 7.848693477 
4.418693689 7.625447896 

3.830005358 7.494200498 
4.418693689 7.625447896 

2.117121207 8.490172326 
2.376479184 8.249586792 

2.17152091 7.196689646 
2.051655425 7.027871527 

0.9673662313 7.831101499 
1.095072302 8.042931439 

2.906467913 7.785318936 
3.072856267 8.075540283 

3.094605198 8.339569889 
3.072856267 8.075540283 

4.366848525 5.966503426 
4.165741616 6.350857506 

3.930892494 6.88385555 
4.165741616 6.350857506 

3.906715474 1.735276337 
3.892155488 1.515440416 

3.719204119 1.435731686 
3.892155488 1.515440416 

2.431692617 2.409976601 
2.63068273 2.702357381 

1.655526311 7.164464427 
1.951555197 7.492767364 

0.5109699419 8.151335664 
0.7475087526 8.447759875 

5.577792585 5.4881331 
5.330958106 5.544798654 

5.007864591 5.520531627 
5.330958106 5.544798654 

3.642358119 2.187403963 
3.611335028 2.321857105 

7.195682395 5.65079511 
7.062676729 5.523132163 

3.727283134 2.64676164 
3.852385073 3.156107329 

1.843642332 8.87778443 
1.61351219 9.05087814 

1.38334798 9.229774353 
1.61351219 9.05087814 

3.471968224 3.766870352 
3.597571341 3.33281678 

2.578407162 7.508457218 
2.168780277 7.409229705 

7.173275527 7.2438181 
7.081219077 7.715808505 

6.821759435 8.107595439 
7.081219077 7.715808505 

6.984219524 6.601769565 
6.570598775 6.778371649 

5.916548749 6.12585368 
6.260537635 6.034392722 

6.508379972 6.264459315 
6.260537635 6.034392722 

3.14312633 0.8123576432 
3.276468763 1.301240838 

3.519195673 1.648505574 
3.276468763 1.301240838 

1.654303048 8.342764903 
1.642885502 8.635801492 

4.832010971 1.927454229 
4.583033873 1.791611428 

4.409462148 1.435084108 
4.583033873 1.791611428 

4.459172606 2.701054422 
4.118457712 3.017687683 

3.276468763 1.301240838 
2.98464938 1.643795891 

6.068124629 5.718772459 
6.174709103 5.443113044 

6.42746852 5.204535167 
6.174709103 5.443113044 

0.6554538832 6.651096368 
0.9499063072 6.751121537 

1.132454823 6.937448314 
0.9499063072 6.751121537 

5.107900548 7.339689289 
5.79185275 7.104168907 

5.107900548 7.339689289 
4.915903534 6.988116271 

4.731818368 6.820892736 
4.915903534 6.988116271 

7.67008784 6.5784248 
7.47151666 6.733598974 

3.035991734 8.65317067 
3.194208984 8.496939392 

7.020206493 6.264632806 
6.674622044 6.57698165 

1.738947285 1.87811845 
1.891262239 1.614807789 

1.801446263 1.268980768 
1.891262239 1.614807789 

2.326061298 1.419841662 
2.429555281 1.618432666 

2.467680826 1.81863078 
2.429555281 1.618432666 

3.396061398 7.331659087 
3.277086627 7.100989122 

2.987956169 6.99518339 
3.277086627 7.100989122 

2.135257952 2.407219592 
2.147164415 2.153039507 

1.577612038 2.19735541 
1.673166785 2.311271513 

1.628005675 2.463552229 
1.673166785 2.311271513 

1.243928595 6.419040141 
0.9499063072 6.751121537 

6.080236371 7.102440239 
6.230120524 6.901536973 

6.224063462 6.645357252 
6.230120524 6.901536973 

5.909726698 6.807027799 
6.230120524 6.901536973 

2.477448821 7.109170178 
2.383493803 7.371184497 

2.578407162 7.508457218 
2.383493803 7.371184497 

2.200572223 9.150096474 
2.156471499 8.786110616 

2.117121207 8.490172326 
2.156471499 8.786110616 

1.951555197 7.492767364 
2.058700673 7.639746067 

7.056223477 6.968465165 
6.879440833 6.870256236 

6.570598775 6.778371649 
6.879440833 6.870256236 

2.41123298 7.706473111 
2.374144944 8.018586014 

2.376479184 8.249586792 
2.374144944 8.018586014 

7.081219077 7.715808505 
6.883960828 7.764379153 

3.348895982 0.451519564 
3.591297766 0.744254086 

3.761943322 0.8813883934 
3.591297766 0.744254086 

4.459172606 2.701054422 
4.707114088 2.464022553 

5.18607915 6.005612456 
5.008975602 5.771373931 

5.007864591 5.520531627 
5.008975602 5.771373931 

2.939592553 2.090567006 
3.145124303 2.344613208 

3.727283134 2.64676164 
3.421429342 2.468763324 

3.145124303 2.344613208 
3.421429342 2.468763324 

4.31146546 6.624504163 
4.165741616 6.350857506 

0.6554538832 6.651096368 
0.9748690071 6.574643358 

1.243928595 6.419040141 
0.9748690071 6.574643358 

2.168780277 7.409229705 
2.383493803 7.371184497 

2.102865237 0.8387730481 
2.241415316 0.813594605 

2.371202632 0.8505145294 
2.241415316 0.813594605 

0.675460051 7.629579722 
0.6404181211 7.478379618 

0.7654843543 7.366225001 
0.6404181211 7.478379618 

7.020206493 6.264632806 
7.132118641 6.187753258 

7.290786071 6.07762979 
7.132118641 6.187753258 

4.418693689 7.625447896 
4.471182526 7.242424622 

4.471182526 7.242424622 
4.673005959 7.335711859 

4.787845312 7.405115733 
4.673005959 7.335711859 

6.068124629 5.718772459 
6.260537635 6.034392722 

6.984219524 6.601769565 
6.879440833 6.870256236 

1.814281738 7.616231322 
1.666321387 7.443125792 

1.655526311 7.164464427 
1.666321387 7.443125792 

1.843642332 8.87778443 
2.156471499 8.786110616 

6.358876682 8.024175182 
5.669411486 7.933034061 

5.086286094 7.848693477 
5.669411486 7.933034061 

4.439203471 2.230585192 
4.174550084 2.042380883 

7.044300451 5.312692732 
7.034032517 5.425703692 

7.062676729 5.523132163 
7.034032517 5.425703692 

2.906467913 7.785318936 
2.578407162 7.508457218 

5.669411486 7.933034061 
5.52110341 7.752121203 

1.095072302 8.042931439 
1.244571809 7.918278887 

0.9673662313 7.831101499 
0.7018391998 8.057212463 

0.5109699419 8.151335664 
0.7018391998 8.057212463 

3.727283134 2.64676164 
3.642358119 2.187403963 

1.85546611 2.691337139 
2.004397489 2.542303452 

2.135257952 2.407219592 
2.004397489 2.542303452 

2.906467913 7.785318936 
2.374144944 8.018586014 

4.409462148 1.435084108 
3.892155488 1.515440416 

2.906467913 7.785318936 
2.523240173 7.961714043 

2.097287771 7.990780531 
2.523240173 7.961714043 

5.754047884 4.811675646 
5.486313952 4.815339198 

5.130988236 4.893701661 
5.486313952 4.815339198 

5.79185275 7.104168907 
5.682969489 6.960287242 

5.909726698 6.807027799 
5.682969489 6.960287242 

3.094605198 8.339569889 
3.194208984 8.496939392 

5.991566613 6.538188879 
5.990041987 6.313564283 

5.916548749 6.12585368 
5.990041987 6.313564283 

4.583033873 1.791611428 
4.174550084 2.042380883 

3.973765771 3.86088975 
3.785354817 3.823318312 

3.471968224 3.766870352 
3.785354817 3.823318312 

2.576632367 9.216129568 
2.548392039 8.857564028 

2.587128339 8.546270505 
2.548392039 8.857564028 

3.348895982 0.451519564 
3.370446961 0.679454032 

3.352820424 0.8636105923 
3.370446961 0.679454032 

5.086286094 7.848693477 
4.787845312 7.405115733 

3.597571341 3.33281678 
3.752290657 3.265468903 

3.852385073 3.156107329 
3.752290657 3.265468903 

2.697070519 3.546119546 
2.350452234 3.406020033 

2.697070519 3.546119546 
2.654534529 3.124401721 

2.63068273 2.702357381 
2.654534529 3.124401721 

2.147164415 2.153039507 
2.53435377 2.068539704 

4.366848525 5.966503426 
4.749054389 6.254115142 

5.099529517 6.581957449 
4.749054389 6.254115142 

1.868624286 6.295487709 
1.577919396 6.623970687 

2.097287771 7.990780531 
2.374144944 8.018586014 

1.868624286 6.295487709 
1.90338907 6.182774738 

1.752851517 6.028029592 
1.90338907 6.182774738 

6.223734724 7.38004623 
5.819014598 7.406673951 

2.058700673 7.639746067 
2.284255668 7.427647128 

2.477448821 7.109170178 
2.284255668 7.427647128 

3.538831713 8.425759564 
3.33504724 8.412600775 

3.194208984 8.496939392 
3.33504724 8.412600775 

2.431692617 2.409976601 
2.482874087 2.223128004 

2.53435377 2.068539704 
2.482874087 2.223128004 

1.577612038 2.19735541 
1.864790131 2.177305211 

2.147164415 2.153039507 
1.864790131 2.177305211 

3.727283134 2.64676164 
3.663717981 2.471995496 

3.611335028 2.321857105 
3.663717981 2.471995496 

2.168780277 7.409229705 
2.284255668 7.427647128 

6.570598775 6.778371649 
6.230120524 6.901536973 

2.942230012 6.628110328 
3.021280608 6.43595778 

3.026118852 6.265130965 
3.021280608 6.43595778 

4.85720657 2.486267982 
4.860639479 2.206408547 

4.832010971 1.927454229 
4.860639479 2.206408547 

6.984219524 6.601769565 
7.285397159 6.601546888 

7.67008784 6.5784248 
7.285397159 6.601546888 

6.223734724 7.38004623 
6.507147983 7.424452 

6.785202893 7.430267653 
6.507147983 7.424452 

1.559282108 7.926710917 
1.387720144 7.975084574 

1.244571809 7.918278887 
1.387720144 7.975084574 

5.577792585 5.4881331 
5.822958607 5.603452779 

6.068124629 5.718772459 
5.822958607 5.603452779 

3.471968224 3.766870352 
2.976315837 3.46258669 

7.47151666 6.733598974 
7.36659564 6.673924152 

7.255070079 6.617765596 
7.36659564 6.673924152 

4.409462148 1.435084108 
4.144253608 1.622926327 

3.906715474 1.735276337 
4.144253608 1.622926327 

5.990041987 6.313564283 
6.260537635 6.034392722 

1.387720144 7.975084574 
1.481123349 8.212056686 

1.752851517 6.028029592 
1.683144871 6.326782237 

1.577919396 6.623970687 
1.683144871 6.326782237 

1.058938649 7.368258442 
0.6404181211 7.478379618 

2.602391382 6.024231616 
2.688282069 6.131937238 

2.771645543 6.239264429 
2.688282069 6.131937238 

2.850254414 8.281849418 
2.376479184 8.249586792 

2.825414596 2.405104024 
2.87595179 2.23752476 

2.939592553 2.090567006 
2.87595179 2.23752476 

1.132454823 6.937448314 
1.224241316 7.24096181 

2.031241573 3.427864161 
2.1932935 3.402627982 

2.350452234 3.406020033 
2.1932935 3.402627982 

2.383493803 7.371184497 
2.284255668 7.427647128 

1.058938649 7.368258442 
1.244571809 7.918278887 

1.058938649 7.368258442 
1.096758111 7.15127338 

1.132454823 6.937448314 
1.096758111 7.15127338 

4.749054389 6.254115142 
4.637272905 6.424426353 

5.130988236 4.893701661 
5.007864591 5.520531627 

3.930892494 6.88385555 
3.868109605 7.208535575 

3.830005358 7.494200498 
3.868109605 7.208535575 

4.749054389 6.254115142 
5.187124228 6.291432619 

2.654534529 3.124401721 
2.427516082 3.225036074 

0.7475087526 8.447759875 
0.9492469093 8.588522987 

1.15786951 8.713555265 
0.9492469093 8.588522987 

1.977262302 6.779566735 
2.02599122 6.894311812 

2.051655425 7.027871527 
2.02599122 6.894311812 

3.471968224 3.766870352 
3.269997544 3.555287065 

3.100249232 3.365972652 
3.269997544 3.555287065 

5.130988236 4.893701661 
4.940996841 4.823740035 

4.751005446 4.75377841 
4.940996841 4.823740035 

6.067058546 4.93087294 
5.910553215 4.871274293 

5.754047884 4.811675646 
5.910553215 4.871274293 

3.352820424 0.8636105923 
3.276468763 1.301240838 

2.578407162 7.508457218 
2.477448821 7.109170178 

0.9673662313 7.831101499 
1.058938649 7.368258442 

1.801446263 1.268980768 
2.06375378 1.344411215 

2.326061298 1.419841662 
2.06375378 1.344411215 

2.619870421 0.7532470407 
2.873637178 0.8221976127 

3.14312633 0.8123576432 
2.873637178 0.8221976127 

2.812226788 8.94551254 
2.548392039 8.857564028 

5.682969489 6.960287242 
5.644655797 6.779412009 

5.606672869 6.583642464 
5.644655797 6.779412009 

0.7475087526 8.447759875 
0.7018391998 8.057212463 

7.67008784 6.5784248 
7.482189274 6.326985747 

7.290786071 6.07762979 
7.482189274 6.326985747 

4.471182526 7.242424622 
3.930892494 6.88385555 

2.180851431 6.242885846 
1.90338907 6.182774738 

6.821759435 8.107595439 
6.852860131 7.935987296 

6.883960828 7.764379153 
6.852860131 7.935987296 

