5.093461142 7.837727627 
5.098815443 6.555864205 

1.451743475 8.234507371 
1.546509924 7.926061058 

2.585947562 5.984307996 
2.412182418 7.695359481 

3.14206945 0.818666149 
2.99000026 1.704723557 

5.982984181 6.553830491 
6.222461819 6.645628254 

6.338667539 8.025773593 
6.821442968 8.10495749 

7.195682395 5.65079511 
7.67008784 6.5784248 

2.81721502 2.405628447 
2.99000026 1.704723557 

2.99000026 1.704723557 
3.539418557 1.69523993 

2.412182418 7.695359481 
2.983669296 7.72102753 

6.222461819 6.645628254 
5.909449095 6.806114208 

3.868749825 7.537439552 
2.983669296 7.72102753 

1.80302586 1.265564563 
2.467606932 1.821892943 

4.448789093 2.694499857 
4.618608336 3.175764542 

2.065933024 7.985263414 
2.115763057 7.674417677 

5.098815443 6.555864205 
4.724616073 6.825341037 

3.647967166 2.140963922 
3.061570117 2.751639479 

2.805641045 8.937776943 
3.030333179 8.64870406 

3.647967166 2.140963922 
3.539418557 1.69523993 

2.585947562 5.984307996 
2.182887356 6.240376212 

2.065933024 7.985263414 
1.89186848 8.280487423 

3.302740222 1.986721593 
3.647967166 2.140963922 

4.751005446 4.75377841 
4.471534652 4.504793822 

2.467606932 1.821892943 
2.438548096 2.400573533 

5.093461142 7.837727627 
5.800773843 7.428655982 

6.534006375 6.781507875 
6.222461819 6.645628254 

4.724616073 6.825341037 
3.868749825 7.537439552 

3.647967166 2.140963922 
3.851242299 3.140920294 

5.75340529 4.816369229 
5.591623872 5.509294375 

4.448789093 2.694499857 
3.647967166 2.140963922 

2.99000026 1.704723557 
3.302740222 1.986721593 

7.195682395 5.65079511 
6.507342623 6.26489262 

6.222461819 6.645628254 
6.507342623 6.26489262 

6.534006375 6.781507875 
6.507342623 6.26489262 

1.546509924 7.926061058 
1.652086118 7.1717281 

2.065933024 7.985263414 
2.130677075 8.476595878 

5.909449095 6.806114208 
5.982984181 6.553830491 

4.853950021 1.889559211 
4.442443436 2.22761387 

6.419550128 5.227559484 
6.85483701 5.990612518 

6.419550128 5.227559484 
6.507342623 6.26489262 

2.81721502 2.405628447 
3.145364776 2.33729968 

2.81721502 2.405628447 
3.061570117 2.751639479 

6.85483701 5.990612518 
6.507342623 6.26489262 

5.800773843 7.428655982 
5.546001684 7.748588885 

2.805641045 8.937776943 
2.130677075 8.476595878 

6.85483701 5.990612518 
7.195682395 5.65079511 

2.983197613 7.044687285 
2.942361613 6.631797884 

3.145364776 2.33729968 
3.302740222 1.986721593 

2.065933024 7.985263414 
2.412182418 7.695359481 

2.99000026 1.704723557 
2.538467352 2.069437251 

0.7780215348 7.327458484 
0.6590453229 6.654924611 

1.652086118 7.1717281 
1.222904869 7.239603321 

5.098815443 6.555864205 
5.60453211 6.583724452 

5.909449095 6.806114208 
5.60453211 6.583724452 

2.983197613 7.044687285 
2.412182418 7.695359481 

2.035747018 3.429618655 
1.849712762 2.692984811 

2.81721502 2.405628447 
2.538467352 2.069437251 

1.437028307 9.254276455 
1.451743475 8.234507371 

2.130677075 8.476595878 
1.89186848 8.280487423 

7.056223477 6.968465165 
7.174213232 7.246812669 

2.412182418 7.695359481 
2.115763057 7.674417677 

2.170428465 7.2018847 
2.478311087 7.116518429 

1.80302586 1.265564563 
2.095234676 0.8109411049 

1.89186848 8.280487423 
1.642476594 8.630847615 

2.170428465 7.2018847 
1.652086118 7.1717281 

3.821748503 0.7852252694 
3.720516683 1.431987471 

3.539418557 1.69523993 
3.720516683 1.431987471 

1.451743475 8.234507371 
1.642476594 8.630847615 

7.67008784 6.5784248 
7.056223477 6.968465165 

6.222461819 6.645628254 
6.672250637 6.579421165 

6.672250637 6.579421165 
6.507342623 6.26489262 

3.851242299 3.140920294 
4.153279274 2.987885889 

0.4638264777 8.158612941 
1.235600112 7.924587515 

1.451743475 8.234507371 
1.235600112 7.924587515 

1.89186848 8.280487423 
1.546509924 7.926061058 

3.100249232 3.365972652 
2.630592564 2.698645282 

2.035747018 3.429618655 
2.684924472 3.619476226 

2.438548096 2.400573533 
2.81721502 2.405628447 

2.115763057 7.674417677 
1.821577 7.619002746 

1.546509924 7.926061058 
1.821577 7.619002746 

6.534006375 6.781507875 
6.672250637 6.579421165 

2.170428465 7.2018847 
1.577919396 6.623970687 

2.983669296 7.72102753 
3.533730758 8.415959928 

3.821748503 0.7852252694 
3.902975383 1.731918822 

6.419550128 5.227559484 
6.63555643 5.656642011 

0.4638264777 8.158612941 
0.6720040473 7.636133195 

4.448789093 2.694499857 
4.858555673 2.485158353 

2.130677075 8.476595878 
1.845574983 8.875257466 

2.99000026 1.704723557 
3.207049975 2.133253721 

2.182887356 6.240376212 
1.977262302 6.779566735 

4.354886431 5.969714193 
5.244728015 6.020915085 

1.977262302 6.779566735 
1.577919396 6.623970687 

3.030333179 8.64870406 
2.843031115 8.252133386 

6.082807105 7.105767786 
5.909449095 6.806114208 

7.67008784 6.5784248 
7.020206493 6.264632806 

6.507342623 6.26489262 
7.020206493 6.264632806 

3.207049975 2.133253721 
3.145364776 2.33729968 

3.902975383 1.731918822 
3.539418557 1.69523993 

2.805641045 8.937776943 
2.618325964 8.539621771 

4.206110798 4.170826078 
3.973765771 3.86088975 

4.354886431 5.969714193 
4.623914836 6.429881862 

4.724616073 6.825341037 
4.623914836 6.429881862 

2.618325964 8.539621771 
2.130677075 8.476595878 

7.174213232 7.246812669 
6.784342512 7.430863086 

2.983197613 7.044687285 
2.478311087 7.116518429 

1.437028307 9.254276455 
1.160851726 8.717559178 

5.91841532 6.123186925 
6.127800754 5.699619133 

0.6590453229 6.654924611 
1.222904869 7.239603321 

5.244728015 6.020915085 
5.91841532 6.123186925 

1.741124243 1.890261694 
1.51298878 2.214194919 

3.145364776 2.33729968 
3.061570117 2.751639479 

5.093461142 7.837727627 
5.106806774 7.336671966 

3.868749825 7.537439552 
3.398827618 7.346988632 

4.471534652 4.504793822 
4.340947333 4.341108605 

4.206110798 4.170826078 
4.340947333 4.341108605 

2.630592564 2.698645282 
2.81721502 2.405628447 

2.630592564 2.698645282 
2.428769027 3.229163275 

2.412182418 7.695359481 
2.603427387 7.491461362 

6.85483701 5.990612518 
7.290786071 6.07762979 

1.652086118 7.1717281 
1.577919396 6.623970687 

5.106806774 7.336671966 
4.787845312 7.405115733 

2.618325964 8.539621771 
2.202978463 9.144051546 

6.338667539 8.025773593 
5.981335856 7.914165719 

6.082807105 7.105767786 
5.800773843 7.428655982 

2.99000026 1.704723557 
2.329906808 1.422505263 

3.100249232 3.365972652 
3.061570117 2.751639479 

6.63555643 5.656642011 
7.041633458 5.315405802 

1.849712762 2.692984811 
2.428769027 3.229163275 

2.467606932 1.821892943 
2.538467352 2.069437251 

3.934746841 6.886458497 
4.313084143 6.623551155 

4.623914836 6.429881862 
4.313084143 6.623551155 

1.437028307 9.254276455 
1.54822836 8.962922878 

1.642476594 8.630847615 
1.54822836 8.962922878 

2.843031115 8.252133386 
2.983669296 7.72102753 

6.85483701 5.990612518 
7.020206493 6.264632806 

6.419550128 5.227559484 
6.06915909 4.934686498 

2.538467352 2.069437251 
2.13261456 2.400875446 

2.13261456 2.400875446 
2.438548096 2.400573533 

5.800773843 7.428655982 
5.791578583 7.106394643 

1.577919396 6.623970687 
1.241559971 6.424640968 

6.082807105 7.105767786 
5.791578583 7.106394643 

0.6720040473 7.636133195 
0.9658682189 7.83249388 

1.235600112 7.924587515 
0.9658682189 7.83249388 

2.618325964 8.539621771 
3.030333179 8.64870406 

6.784342512 7.430863086 
7.056223477 6.968465165 

2.182887356 6.240376212 
1.868624286 6.295487709 

2.202978463 9.144051546 
1.845574983 8.875257466 

4.442443436 2.22761387 
4.574692532 2.378141612 

1.642476594 8.630847615 
1.845574983 8.875257466 

1.652086118 7.1717281 
1.104571549 6.953189889 

2.170428465 7.2018847 
2.171952322 7.417481481 

2.115763057 7.674417677 
2.171952322 7.417481481 

1.741124243 1.890261694 
2.13261456 2.400875446 

7.67008784 6.5784248 
7.174213232 7.246812669 

6.534006375 6.781507875 
7.245754191 6.619717173 

1.104571549 6.953189889 
0.7780215348 7.327458484 

6.784342512 7.430863086 
6.886634422 7.764250355 

2.478311087 7.116518429 
2.171952322 7.417481481 

5.098815443 6.555864205 
5.184855825 6.292170325 

5.244728015 6.020915085 
5.184855825 6.292170325 

2.619870421 0.7532470407 
2.371202632 0.8505145294 

5.546001684 7.748588885 
5.739298051 7.824497782 

5.981335856 7.914165719 
5.739298051 7.824497782 

7.245754191 6.619717173 
7.056223477 6.968465165 

3.100249232 3.365972652 
2.978431318 3.470113377 

2.684924472 3.619476226 
2.978431318 3.470113377 

2.618325964 8.539621771 
2.843031115 8.252133386 

0.4638264777 8.158612941 
1.088974861 8.043704787 

1.546509924 7.926061058 
1.088974861 8.043704787 

1.821577 7.619002746 
1.959998502 7.48633828 

2.171952322 7.417481481 
1.959998502 7.48633828 

2.983669296 7.72102753 
3.398827618 7.346988632 

3.647967166 2.140963922 
3.902975383 1.731918822 

2.684924472 3.619476226 
2.428769027 3.229163275 

1.741124243 1.890261694 
2.14430799 2.151243206 

2.438548096 2.400573533 
2.14430799 2.151243206 

6.63555643 5.656642011 
6.85483701 5.990612518 

4.153279274 2.987885889 
4.322533124 3.105516756 

4.618608336 3.175764542 
4.322533124 3.105516756 

2.202978463 9.144051546 
2.576912766 9.214667463 

2.805641045 8.937776943 
2.576912766 9.214667463 

5.093461142 7.837727627 
5.546001684 7.748588885 

3.539418557 1.69523993 
3.381919155 1.750503137 

3.302740222 1.986721593 
3.381919155 1.750503137 

3.533730758 8.415959928 
3.092896249 8.338447428 

2.843031115 8.252133386 
3.092896249 8.338447428 

5.800773843 7.428655982 
5.981335856 7.914165719 

3.026118852 6.265130965 
2.771645543 6.239264429 

1.160851726 8.717559178 
1.54822836 8.962922878 

1.451743475 8.234507371 
1.65375754 8.341316916 

4.623914836 6.429881862 
5.184855825 6.292170325 

3.14206945 0.818666149 
3.352820424 0.8636105923 

4.448789093 2.694499857 
4.574692532 2.378141612 

1.849712762 2.692984811 
1.536771632 2.595133676 

2.065933024 7.985263414 
2.377064103 8.249475692 

2.618325964 8.539621771 
2.377064103 8.249475692 

4.853950021 1.889559211 
4.177869996 2.03759534 

3.647967166 2.140963922 
4.177869996 2.03759534 

3.207049975 2.133253721 
2.944172514 2.091722855 

3.030333179 8.64870406 
3.092896249 8.338447428 

6.338667539 8.025773593 
6.22270014 7.384010257 

6.082807105 7.105767786 
6.22270014 7.384010257 

6.672250637 6.579421165 
6.978144092 6.603912517 

3.14206945 0.818666149 
3.348895982 0.451519564 

2.428769027 3.229163275 
2.351138642 3.40803587 

4.858555673 2.485158353 
4.618608336 3.175764542 

7.245754191 6.619717173 
6.978144092 6.603912517 

4.858555673 2.485158353 
4.707114088 2.464022553 

4.574692532 2.378141612 
4.707114088 2.464022553 

5.982984181 6.553830491 
5.822126595 6.503762698 

5.60453211 6.583724452 
5.822126595 6.503762698 

2.630592564 2.698645282 
2.901623943 2.864366568 

3.061570117 2.751639479 
2.901623943 2.864366568 

3.902975383 1.731918822 
4.177869996 2.03759534 

0.7780215348 7.327458484 
1.05751357 7.36713991 

1.222904869 7.239603321 
1.05751357 7.36713991 

2.467606932 1.821892943 
2.785715839 1.683339642 

2.99000026 1.704723557 
2.785715839 1.683339642 

3.868749825 7.537439552 
4.390621693 7.194875318 

1.104571549 6.953189889 
1.241559971 6.424640968 

5.093461142 7.837727627 
4.41453287 7.619825507 

3.868749825 7.537439552 
4.41453287 7.619825507 

2.130677075 8.476595878 
2.377064103 8.249475692 

2.170428465 7.2018847 
2.051655425 7.027871527 

0.9658682189 7.83249388 
1.088974861 8.043704787 

2.983669296 7.72102753 
3.073330242 8.069930671 

3.092896249 8.338447428 
3.073330242 8.069930671 

4.354886431 5.969714193 
4.166350908 6.348555302 

3.934746841 6.886458497 
4.166350908 6.348555302 

3.902975383 1.731918822 
3.899469858 1.50905221 

3.720516683 1.431987471 
3.899469858 1.50905221 

2.438548096 2.400573533 
2.630592564 2.698645282 

1.652086118 7.1717281 
1.959998502 7.48633828 

0.4638264777 8.158612941 
0.6869037321 8.479921648 

5.591623872 5.509294375 
5.332854051 5.545093499 

5.007864591 5.520531627 
5.332854051 5.545093499 

3.647967166 2.140963922 
3.611906807 2.319882702 

7.195682395 5.65079511 
7.062676729 5.523132163 

3.725780344 2.638973976 
3.851242299 3.140920294 

1.845574983 8.875257466 
1.61376055 9.052858116 

1.437028307 9.254276455 
1.61376055 9.052858116 

3.414536313 3.806171375 
3.591474155 3.335151494 

2.603427387 7.491461362 
2.171952322 7.417481481 

7.174213232 7.246812669 
7.130887225 7.72122937 

6.821442968 8.10495749 
7.130887225 7.72122937 

6.978144092 6.603912517 
6.534006375 6.781507875 

5.91841532 6.123186925 
6.256713551 6.034161815 

6.507342623 6.26489262 
6.256713551 6.034161815 

3.14206945 0.818666149 
3.276514275 1.307884886 

3.539418557 1.69523993 
3.276514275 1.307884886 

1.65375754 8.341316916 
1.642476594 8.630847615 

4.853950021 1.889559211 
4.580674478 1.775296311 

4.448789093 2.694499857 
4.153279274 2.987885889 

3.276514275 1.307884886 
2.99000026 1.704723557 

6.127800754 5.699619133 
6.145216478 5.35750911 

6.419550128 5.227559484 
6.145216478 5.35750911 

0.6590453229 6.654924611 
0.9781990743 6.754277182 

1.104571549 6.953189889 
0.9781990743 6.754277182 

5.106806774 7.336671966 
5.791578583 7.106394643 

5.106806774 7.336671966 
4.917843798 6.957853434 

4.724616073 6.825341037 
4.917843798 6.957853434 

7.67008784 6.5784248 
7.47151666 6.733598974 

3.030333179 8.64870406 
3.194208984 8.496939392 

7.020206493 6.264632806 
6.672250637 6.579421165 

1.80302586 1.265564563 
1.889589819 1.618176759 

2.329906808 1.422505263 
2.429555281 1.618432666 

2.467606932 1.821892943 
2.429555281 1.618432666 

3.398827618 7.346988632 
3.275975742 7.103517453 

2.983197613 7.044687285 
3.275975742 7.103517453 

2.13261456 2.400875446 
2.14430799 2.151243206 

1.51298878 2.214194919 
1.668824051 2.314267684 

1.241559971 6.424640968 
0.9781990743 6.754277182 

6.082807105 7.105767786 
6.232302956 6.901323492 

6.222461819 6.645628254 
6.232302956 6.901323492 

5.909449095 6.806114208 
6.232302956 6.901323492 

2.478311087 7.116518429 
2.362268636 7.350594313 

2.603427387 7.491461362 
2.362268636 7.350594313 

2.202978463 9.144051546 
2.156527175 8.784133695 

2.130677075 8.476595878 
2.156527175 8.784133695 

1.959998502 7.48633828 
2.115763057 7.674417677 

7.056223477 6.968465165 
6.874618974 6.869187014 

6.534006375 6.781507875 
6.874618974 6.869187014 

2.412182418 7.695359481 
2.383868918 8.024416995 

2.377064103 8.249475692 
2.383868918 8.024416995 

7.130887225 7.72122937 
6.886634422 7.764250355 

3.821748503 0.7852252694 
3.594115794 0.7421919981 

4.448789093 2.694499857 
4.707114088 2.464022553 

5.244728015 6.020915085 
5.011929995 5.773243979 

5.007864591 5.520531627 
5.011929995 5.773243979 

2.944172514 2.091722855 
3.145364776 2.33729968 

3.725780344 2.638973976 
3.421429342 2.468763324 

3.145364776 2.33729968 
3.421429342 2.468763324 

4.313084143 6.623551155 
4.166350908 6.348555302 

0.6590453229 6.654924611 
0.9748690071 6.574643358 

1.241559971 6.424640968 
0.9748690071 6.574643358 

2.171952322 7.417481481 
2.362268636 7.350594313 

2.095234676 0.8109411049 
2.240355099 0.8129107174 

2.371202632 0.8505145294 
2.240355099 0.8129107174 

0.6720040473 7.636133195 
0.641504165 7.476600359 

0.7780215348 7.327458484 
0.641504165 7.476600359 

7.020206493 6.264632806 
7.132118641 6.187753258 

7.290786071 6.07762979 
7.132118641 6.187753258 

4.41453287 7.619825507 
4.390621693 7.194875318 

4.390621693 7.194875318 
4.667981661 7.332908797 

4.787845312 7.405115733 
4.667981661 7.332908797 

6.127800754 5.699619133 
6.256713551 6.034161815 

6.978144092 6.603912517 
6.874618974 6.869187014 

1.821577 7.619002746 
1.648797351 7.461902312 

1.652086118 7.1717281 
1.648797351 7.461902312 

1.845574983 8.875257466 
2.156527175 8.784133695 

6.338667539 8.025773593 
5.672767697 7.932486465 

5.093461142 7.837727627 
5.672767697 7.932486465 

4.442443436 2.22761387 
4.177869996 2.03759534 

7.041633458 5.315405802 
7.034032517 5.425703692 

7.062676729 5.523132163 
7.034032517 5.425703692 

2.983669296 7.72102753 
2.603427387 7.491461362 

5.672767697 7.932486465 
5.546001684 7.748588885 

1.088974861 8.043704787 
1.235600112 7.924587515 

0.9658682189 7.83249388 
0.7000577332 8.062981832 

0.4638264777 8.158612941 
0.7000577332 8.062981832 

3.725780344 2.638973976 
3.647967166 2.140963922 

1.849712762 2.692984811 
2.004397489 2.542303452 

2.13261456 2.400875446 
2.004397489 2.542303452 

2.983669296 7.72102753 
2.383868918 8.024416995 

4.442931385 1.276337862 
3.899469858 1.50905221 

2.983669296 7.72102753 
2.524047321 7.957872543 

2.065933024 7.985263414 
2.524047321 7.957872543 

5.75340529 4.816369229 
5.486313952 4.815339198 

5.130988236 4.893701661 
5.486313952 4.815339198 

5.791578583 7.106394643 
5.646574975 6.97921721 

5.909449095 6.806114208 
5.646574975 6.97921721 

3.092896249 8.338447428 
3.194208984 8.496939392 

5.982984181 6.553830491 
5.980662531 6.33513374 

5.91841532 6.123186925 
5.980662531 6.33513374 

4.580674478 1.775296311 
4.177869996 2.03759534 

3.973765771 3.86088975 
3.779835249 3.823853805 

3.414536313 3.806171375 
3.779835249 3.823853805 

2.576912766 9.214667463 
2.564723479 8.876321566 

2.618325964 8.539621771 
2.564723479 8.876321566 

3.348895982 0.451519564 
3.370446961 0.679454032 

3.352820424 0.8636105923 
3.370446961 0.679454032 

5.093461142 7.837727627 
4.787845312 7.405115733 

3.591474155 3.335151494 
3.716871331 3.224798925 

3.851242299 3.140920294 
3.716871331 3.224798925 

2.684924472 3.619476226 
2.351138642 3.40803587 

2.684924472 3.619476226 
2.654425364 3.129132729 

2.630592564 2.698645282 
2.654425364 3.129132729 

2.14430799 2.151243206 
2.538467352 2.069437251 

4.354886431 5.969714193 
4.74721952 6.254825189 

5.098815443 6.555864205 
4.74721952 6.254825189 

1.868624286 6.295487709 
1.577919396 6.623970687 

2.065933024 7.985263414 
2.383868918 8.024416995 

1.868624286 6.295487709 
1.90338907 6.182774738 

1.752851517 6.028029592 
1.90338907 6.182774738 

6.22270014 7.384010257 
5.800773843 7.428655982 

2.115763057 7.674417677 
2.271203923 7.447340601 

2.478311087 7.116518429 
2.271203923 7.447340601 

3.533730758 8.415959928 
3.33504724 8.412600775 

3.194208984 8.496939392 
3.33504724 8.412600775 

2.438548096 2.400573533 
2.482709034 2.223963184 

2.538467352 2.069437251 
2.482709034 2.223963184 

1.51298878 2.214194919 
1.861078442 2.178017112 

2.14430799 2.151243206 
1.861078442 2.178017112 

3.725780344 2.638973976 
3.649007424 2.477848207 

3.611906807 2.319882702 
3.649007424 2.477848207 

2.171952322 7.417481481 
2.271203923 7.447340601 

6.534006375 6.781507875 
6.232302956 6.901323492 

2.942361613 6.631797884 
3.021280608 6.43595778 

3.026118852 6.265130965 
3.021280608 6.43595778 

4.858555673 2.485158353 
4.905492079 2.223131772 

4.853950021 1.889559211 
4.905492079 2.223131772 

6.978144092 6.603912517 
7.285397159 6.601546888 

7.67008784 6.5784248 
7.285397159 6.601546888 

6.22270014 7.384010257 
6.534079618 7.445462905 

6.784342512 7.430863086 
6.534079618 7.445462905 

1.546509924 7.926061058 
1.38336456 7.995440143 

1.235600112 7.924587515 
1.38336456 7.995440143 

5.591623872 5.509294375 
5.826836824 5.604411872 

6.127800754 5.699619133 
5.826836824 5.604411872 

3.414536313 3.806171375 
2.978431318 3.470113377 

7.47151666 6.733598974 
7.36659564 6.673924152 

7.245754191 6.619717173 
7.36659564 6.673924152 

4.442931385 1.276337862 
4.148551876 1.61525216 

3.902975383 1.731918822 
4.148551876 1.61525216 

5.980662531 6.33513374 
6.256713551 6.034161815 

1.38336456 7.995440143 
1.451743475 8.234507371 

1.752851517 6.028029592 
1.683144871 6.326782237 

1.577919396 6.623970687 
1.683144871 6.326782237 

1.05751357 7.36713991 
0.641504165 7.476600359 

2.585947562 5.984307996 
2.68727341 6.130093296 

2.771645543 6.239264429 
2.68727341 6.130093296 

2.843031115 8.252133386 
2.377064103 8.249475692 

2.81721502 2.405628447 
2.875435604 2.238629612 

2.944172514 2.091722855 
2.875435604 2.238629612 

1.104571549 6.953189889 
1.222904869 7.239603321 

2.035747018 3.429618655 
2.190220874 3.368918055 

2.351138642 3.40803587 
2.190220874 3.368918055 

2.362268636 7.350594313 
2.271203923 7.447340601 

1.05751357 7.36713991 
1.235600112 7.924587515 

1.05751357 7.36713991 
1.096186562 7.150453021 

1.104571549 6.953189889 
1.096186562 7.150453021 

4.74721952 6.254825189 
4.623914836 6.429881862 

5.130988236 4.893701661 
5.007864591 5.520531627 

3.934746841 6.886458497 
3.869222107 7.211646506 

3.868749825 7.537439552 
3.869222107 7.211646506 

4.74721952 6.254825189 
5.184855825 6.292170325 

2.654425364 3.129132729 
2.428769027 3.229163275 

0.6869037321 8.479921648 
0.9463259936 8.588775821 

1.160851726 8.717559178 
0.9463259936 8.588775821 

1.977262302 6.779566735 
2.02599122 6.894311812 

2.051655425 7.027871527 
2.02599122 6.894311812 

3.414536313 3.806171375 
3.270643711 3.559029284 

3.100249232 3.365972652 
3.270643711 3.559029284 

5.130988236 4.893701661 
4.940996841 4.823740035 

4.751005446 4.75377841 
4.940996841 4.823740035 

6.06915909 4.934686498 
5.910553215 4.871274293 

5.75340529 4.816369229 
5.910553215 4.871274293 

3.352820424 0.8636105923 
3.276514275 1.307884886 

2.603427387 7.491461362 
2.478311087 7.116518429 

0.9658682189 7.83249388 
1.05751357 7.36713991 

1.80302586 1.265564563 
2.06375378 1.344411215 

2.329906808 1.422505263 
2.06375378 1.344411215 

3.14206945 0.818666149 
2.873637178 0.8221976127 

2.805641045 8.937776943 
2.564723479 8.876321566 

5.646574975 6.97921721 
5.667015631 6.771342491 

5.60453211 6.583724452 
5.667015631 6.771342491 

0.6869037321 8.479921648 
0.7000577332 8.062981832 

7.67008784 6.5784248 
7.482189274 6.326985747 

7.290786071 6.07762979 
7.482189274 6.326985747 

4.390621693 7.194875318 
3.934746841 6.886458497 

2.182887356 6.240376212 
1.90338907 6.182774738 

6.821442968 8.10495749 
6.852860131 7.935987296 

6.886634422 7.764250355 
6.852860131 7.935987296 

6.145216478 5.35750911 
6.06915909 4.934686498 

1.536771632 2.595133676 
1.622849054 2.427936871 

1.668824051 2.314267684 
1.622849054 2.427936871 

1.741124243 1.890261694 
1.861078442 2.178017112 

2.843031115 8.252133386 
3.073330242 8.069930671 

1.741124243 1.890261694 
1.81685084 1.752994799 

1.889589819 1.618176759 
1.81685084 1.752994799 

5.667015631 6.771342491 
5.909449095 6.806114208 

2.99000026 1.704723557 
2.944172514 2.091722855 

4.442931385 1.276337862 
4.483186751 1.552903872 

4.580674478 1.775296311 
4.483186751 1.552903872 

2.383868918 8.024416995 
2.524047321 7.957872543 

3.821748503 0.7852252694 
4.122657977 1.045118634 

4.442931385 1.276337862 
4.122657977 1.045118634 

3.348895982 0.451519564 
3.471505888 0.5968557811 

3.594115794 0.7421919981 
3.471505888 0.5968557811 

4.390621693 7.194875318 
4.560483061 7.006837789 

4.724616073 6.825341037 
4.560483061 7.006837789 

1.437028307 9.254276455 
1.81888184 9.203869448 

2.202978463 9.144051546 
1.81888184 9.203869448 

0.7780215348 7.327458484 
1.096186562 7.150453021 

3.649007424 2.477848207 
3.421429342 2.468763324 

3.302740222 1.986721593 
3.254895098 2.059987657 

3.207049975 2.133253721 
3.254895098 2.059987657 

1.51298878 2.214194919 
1.622849054 2.427936871 

1.89186848 8.280487423 
1.773413716 8.312075069 

1.65375754 8.341316916 
1.773413716 8.312075069 

2.873637178 0.8221976127 
2.746753799 0.7877223267 

2.619870421 0.7532470407 
2.746753799 0.7877223267 

