5.103008438 7.913453735 
5.10289989 6.566143528 

1.458508611 8.231440781 
1.634822155 7.924639347 

2.584753351 5.995464907 
2.409341492 7.728293234 

3.140275407 0.8197064932 
2.991610621 1.709592802 

5.974759833 6.547053468 
6.219437903 6.644023551 

6.339134915 8.020428405 
6.794331847 8.142822148 

7.189711602 5.655201149 
7.661334283 6.579671515 

2.820480357 2.408554363 
2.991610621 1.709592802 

2.991610621 1.709592802 
3.544397519 1.699664414 

2.409341492 7.728293234 
3.023379279 7.726776011 

6.219437903 6.644023551 
5.929709145 6.816735832 

3.864800108 7.53865494 
3.023379279 7.726776011 

1.79497974 1.239528025 
2.46351785 1.815922249 

4.463235304 2.702923053 
4.619728677 3.168508321 

2.071244545 7.990003715 
2.114345994 7.69609604 

5.10289989 6.566143528 
4.727020703 6.825478157 

3.649039303 2.146365388 
3.035287315 2.746975183 

2.795779307 8.931756162 
3.030333179 8.64870406 

3.649039303 2.146365388 
3.544397519 1.699664414 

2.071244545 7.990003715 
1.916168202 8.256821016 

3.289763408 1.966086033 
3.649039303 2.146365388 

4.751005446 4.75377841 
4.471534652 4.504793822 

2.46351785 1.815922249 
2.437581018 2.399011297 

5.103008438 7.913453735 
5.812190555 7.46136909 

6.533434128 6.779046945 
6.219437903 6.644023551 

4.727020703 6.825478157 
3.864800108 7.53865494 

3.649039303 2.146365388 
3.851019808 3.142181217 

5.731112311 4.857121975 
5.601036126 5.493497041 

4.463235304 2.702923053 
3.649039303 2.146365388 

2.991610621 1.709592802 
3.289763408 1.966086033 

7.189711602 5.655201149 
6.495784818 6.285893125 

6.219437903 6.644023551 
6.495784818 6.285893125 

6.533434128 6.779046945 
6.495784818 6.285893125 

1.634822155 7.924639347 
1.66970438 7.203375159 

2.071244545 7.990003715 
2.076783448 8.459461828 

5.929709145 6.816735832 
5.974759833 6.547053468 

4.860625869 1.876804839 
4.444013942 2.223615208 

6.419664619 5.234422245 
6.852981378 5.994170522 

6.419664619 5.234422245 
6.495784818 6.285893125 

2.820480357 2.408554363 
3.122850167 2.317167832 

2.820480357 2.408554363 
3.035287315 2.746975183 

6.852981378 5.994170522 
6.495784818 6.285893125 

5.812190555 7.46136909 
5.547874504 7.747572318 

2.795779307 8.931756162 
2.076783448 8.459461828 

6.852981378 5.994170522 
7.189711602 5.655201149 

3.122850167 2.317167832 
3.289763408 1.966086033 

2.071244545 7.990003715 
2.409341492 7.728293234 

2.991610621 1.709592802 
2.536900758 2.069861833 

0.7704382351 7.26350558 
0.6621846202 6.657625928 

1.66970438 7.203375159 
1.225965902 7.239822952 

5.10289989 6.566143528 
5.641275882 6.587832226 

5.929709145 6.816735832 
5.641275882 6.587832226 

2.977578528 7.048818317 
2.409341492 7.728293234 

2.035747018 3.429618655 
1.849712762 2.692984811 

2.820480357 2.408554363 
2.536900758 2.069861833 

1.437028307 9.254276455 
1.458508611 8.231440781 

2.076783448 8.459461828 
1.916168202 8.256821016 

7.027896333 7.006419313 
7.172655479 7.246281208 

2.409341492 7.728293234 
2.114345994 7.69609604 

2.166270582 7.200398581 
2.504918735 7.085117773 

1.79497974 1.239528025 
2.038491177 0.8064395514 

1.916168202 8.256821016 
1.680407327 8.630252995 

2.166270582 7.200398581 
1.66970438 7.203375159 

3.822275936 0.804941583 
3.720516683 1.431987471 

3.544397519 1.699664414 
3.720516683 1.431987471 

1.458508611 8.231440781 
1.680407327 8.630252995 

7.661334283 6.579671515 
7.027896333 7.006419313 

6.219437903 6.644023551 
6.672579469 6.575934662 

6.672579469 6.575934662 
6.495784818 6.285893125 

3.851019808 3.142181217 
4.154580441 2.987920719 

0.4660538746 8.157594809 
1.233591887 7.921358424 

1.458508611 8.231440781 
1.233591887 7.921358424 

1.916168202 8.256821016 
1.634822155 7.924639347 

3.11741964 3.351650612 
2.63516939 2.713738507 

2.035747018 3.429618655 
2.685205421 3.614452554 

2.437581018 2.399011297 
2.820480357 2.408554363 

2.114345994 7.69609604 
1.822565007 7.620136843 

1.634822155 7.924639347 
1.822565007 7.620136843 

6.533434128 6.779046945 
6.672579469 6.575934662 

2.166270582 7.200398581 
1.548576148 6.627765726 

3.822275936 0.804941583 
3.87463782 1.810407992 

6.419664619 5.234422245 
6.637547166 5.654379906 

0.4660538746 8.157594809 
0.6730854645 7.632624843 

4.463235304 2.702923053 
4.920171088 2.502827473 

2.076783448 8.459461828 
1.83359366 8.853625382 

2.991610621 1.709592802 
3.181803259 2.119011228 

2.180756918 6.240385966 
1.973916551 6.778684589 

4.354886431 5.969714193 
5.251616867 6.022246437 

1.973916551 6.778684589 
1.548576148 6.627765726 

3.030333179 8.64870406 
2.842532186 8.250240486 

6.080557219 7.110783204 
5.929709145 6.816735832 

7.661334283 6.579671515 
7.005228224 6.253249932 

6.495784818 6.285893125 
7.005228224 6.253249932 

3.181803259 2.119011228 
3.122850167 2.317167832 

3.87463782 1.810407992 
3.544397519 1.699664414 

2.795779307 8.931756162 
2.606854145 8.543208734 

4.206110798 4.170826078 
3.973765771 3.86088975 

4.354886431 5.969714193 
4.623914836 6.429881862 

4.727020703 6.825478157 
4.623914836 6.429881862 

2.606854145 8.543208734 
2.076783448 8.459461828 

7.172655479 7.246281208 
6.785123984 7.429227323 

2.977578528 7.048818317 
2.504918735 7.085117773 

1.437028307 9.254276455 
1.158002936 8.718661006 

5.883800481 6.125112591 
6.124124524 5.70479447 

0.6621846202 6.657625928 
1.225965902 7.239822952 

5.251616867 6.022246437 
5.883800481 6.125112591 

1.744310125 1.893169132 
1.51432582 2.21366762 

3.122850167 2.317167832 
3.035287315 2.746975183 

5.103008438 7.913453735 
5.107737436 7.335680736 

3.864800108 7.53865494 
3.397697435 7.349346726 

4.471534652 4.504793822 
4.340947333 4.341108605 

4.206110798 4.170826078 
4.340947333 4.341108605 

2.63516939 2.713738507 
2.820480357 2.408554363 

2.63516939 2.713738507 
2.433633165 3.231123166 

2.409341492 7.728293234 
2.598447664 7.489659219 

6.852981378 5.994170522 
7.290786071 6.07762979 

1.66970438 7.203375159 
1.548576148 6.627765726 

5.107737436 7.335680736 
4.822519707 7.445410808 

2.606854145 8.543208734 
2.197241864 9.204708927 

6.339134915 8.020428405 
5.98059667 7.912155692 

6.080557219 7.110783204 
5.812190555 7.46136909 

2.991610621 1.709592802 
2.329432671 1.424446519 

3.11741964 3.351650612 
3.035287315 2.746975183 

6.637547166 5.654379906 
7.026775921 5.308249549 

1.849712762 2.692984811 
2.433633165 3.231123166 

2.46351785 1.815922249 
2.536900758 2.069861833 

3.934746841 6.886458497 
4.313084143 6.623551155 

4.623914836 6.429881862 
4.313084143 6.623551155 

1.437028307 9.254276455 
1.54985867 8.96095623 

1.680407327 8.630252995 
1.54985867 8.96095623 

2.842532186 8.250240486 
3.023379279 7.726776011 

6.852981378 5.994170522 
7.005228224 6.253249932 

6.419664619 5.234422245 
6.06915909 4.934686498 

2.536900758 2.069861833 
2.133483082 2.399311399 

2.133483082 2.399311399 
2.437581018 2.399011297 

5.812190555 7.46136909 
5.783870285 7.091672436 

1.548576148 6.627765726 
1.241728508 6.42788276 

6.080557219 7.110783204 
5.783870285 7.091672436 

0.6730854645 7.632624843 
1.002425367 7.76884457 

1.233591887 7.921358424 
1.002425367 7.76884457 

2.606854145 8.543208734 
3.030333179 8.64870406 

6.785123984 7.429227323 
7.027896333 7.006419313 

2.180756918 6.240385966 
1.857817352 6.286877064 

2.197241864 9.204708927 
1.83359366 8.853625382 

4.444013942 2.223615208 
4.574242548 2.380315164 

1.680407327 8.630252995 
1.83359366 8.853625382 

1.66970438 7.203375159 
1.106164749 6.954266075 

2.166270582 7.200398581 
2.179856415 7.397689811 

2.114345994 7.69609604 
2.179856415 7.397689811 

1.744310125 1.893169132 
2.133483082 2.399311399 

7.661334283 6.579671515 
7.172655479 7.246281208 

6.533434128 6.779046945 
7.243767193 6.622948285 

1.106164749 6.954266075 
0.7704382351 7.26350558 

6.785123984 7.429227323 
6.886634422 7.764250355 

2.504918735 7.085117773 
2.179856415 7.397689811 

5.10289989 6.566143528 
5.184855825 6.292170325 

5.251616867 6.022246437 
5.184855825 6.292170325 

2.619870421 0.7532470407 
2.371202632 0.8505145294 

5.547874504 7.747572318 
5.739298051 7.824497782 

5.98059667 7.912155692 
5.739298051 7.824497782 

7.243767193 6.622948285 
7.027896333 7.006419313 

3.11741964 3.351650612 
2.979675562 3.469194471 

2.685205421 3.614452554 
2.979675562 3.469194471 

2.606854145 8.543208734 
2.842532186 8.250240486 

0.4660538746 8.157594809 
1.09977908 8.037059208 

1.634822155 7.924639347 
1.09977908 8.037059208 

1.822565007 7.620136843 
1.947472706 7.481358726 

2.179856415 7.397689811 
1.947472706 7.481358726 

3.023379279 7.726776011 
3.397697435 7.349346726 

3.649039303 2.146365388 
3.87463782 1.810407992 

2.685205421 3.614452554 
2.433633165 3.231123166 

1.744310125 1.893169132 
2.168959353 2.148915075 

2.437581018 2.399011297 
2.168959353 2.148915075 

6.637547166 5.654379906 
6.852981378 5.994170522 

4.154580441 2.987920719 
4.332054599 3.083151584 

2.197241864 9.204708927 
2.574559926 9.216115735 

2.795779307 8.931756162 
2.574559926 9.216115735 

3.544397519 1.699664414 
3.392142801 1.773707928 

3.289763408 1.966086033 
3.392142801 1.773707928 

3.566896757 8.451143809 
3.096536237 8.33996802 

2.842532186 8.250240486 
3.096536237 8.33996802 

5.812190555 7.46136909 
5.98059667 7.912155692 

3.023489073 6.266561883 
2.734193062 6.294568121 

1.158002936 8.718661006 
1.54985867 8.96095623 

1.458508611 8.231440781 
1.654754676 8.343079904 

4.623914836 6.429881862 
5.184855825 6.292170325 

3.140275407 0.8197064932 
3.352450824 0.8624529152 

4.463235304 2.702923053 
4.574242548 2.380315164 

1.849712762 2.692984811 
1.536771632 2.595133676 

2.071244545 7.990003715 
2.375280493 8.289190928 

2.606854145 8.543208734 
2.375280493 8.289190928 

4.860625869 1.876804839 
4.1901675 2.019926651 

3.649039303 2.146365388 
4.1901675 2.019926651 

3.181803259 2.119011228 
2.947103461 2.092666982 

3.030333179 8.64870406 
3.096536237 8.33996802 

6.339134915 8.020428405 
6.216226589 7.405071545 

6.080557219 7.110783204 
6.216226589 7.405071545 

6.672579469 6.575934662 
6.978144092 6.603912517 

3.140275407 0.8197064932 
3.348549928 0.4528344331 

2.433633165 3.231123166 
2.351138642 3.40803587 

4.920171088 2.502827473 
4.619728677 3.168508321 

7.243767193 6.622948285 
6.978144092 6.603912517 

4.920171088 2.502827473 
4.708653154 2.466351922 

4.574242548 2.380315164 
4.708653154 2.466351922 

5.974759833 6.547053468 
5.858711912 6.492829599 

5.641275882 6.587832226 
5.858711912 6.492829599 

2.63516939 2.713738507 
2.902573726 2.862801536 

3.87463782 1.810407992 
4.1901675 2.019926651 

0.7704382351 7.26350558 
1.045387006 7.36941466 

1.225965902 7.239822952 
1.045387006 7.36941466 

2.46351785 1.815922249 
2.766857959 1.660826697 

2.991610621 1.709592802 
2.766857959 1.660826697 

3.864800108 7.53865494 
4.392442402 7.19553499 

1.106164749 6.954266075 
1.241728508 6.42788276 

5.103008438 7.913453735 
4.418802438 7.623477816 

3.864800108 7.53865494 
4.418802438 7.623477816 

2.076783448 8.459461828 
2.375280493 8.289190928 

2.166270582 7.200398581 
2.051655425 7.027871527 

1.002425367 7.76884457 
1.09977908 8.037059208 

3.023379279 7.726776011 
3.074153043 8.067951112 

3.096536237 8.33996802 
3.074153043 8.067951112 

4.354886431 5.969714193 
4.166350908 6.348555302 

3.934746841 6.886458497 
4.166350908 6.348555302 

3.87463782 1.810407992 
3.902407859 1.513780178 

3.720516683 1.431987471 
3.902407859 1.513780178 

2.437581018 2.399011297 
2.63516939 2.713738507 

1.66970438 7.203375159 
1.947472706 7.481358726 

0.4660538746 8.157594809 
0.6877822297 8.479520993 

5.601036126 5.493497041 
5.336189859 5.544014765 

5.007864591 5.520531627 
5.336189859 5.544014765 

3.649039303 2.146365388 
3.60392657 2.294040114 

7.189711602 5.655201149 
7.040753096 5.552285832 

3.725780344 2.638973976 
3.851019808 3.142181217 

1.83359366 8.853625382 
1.614676562 9.051228346 

1.437028307 9.254276455 
1.614676562 9.051228346 

3.414142593 3.805401052 
3.592810273 3.335247029 

2.598447664 7.489659219 
2.179856415 7.397689811 

7.172655479 7.246281208 
7.128217226 7.724667678 

6.794331847 8.142822148 
7.128217226 7.724667678 

6.978144092 6.603912517 
6.533434128 6.779046945 

5.883800481 6.125112591 
6.252573459 6.037333625 

6.495784818 6.285893125 
6.252573459 6.037333625 

3.140275407 0.8197064932 
3.276514275 1.307884886 

3.544397519 1.699664414 
3.276514275 1.307884886 

1.654754676 8.343079904 
1.680407327 8.630252995 

4.860625869 1.876804839 
4.580591188 1.776709176 

3.276514275 1.307884886 
2.991610621 1.709592802 

6.124124524 5.70479447 
6.145216478 5.35750911 

6.419664619 5.234422245 
6.145216478 5.35750911 

0.6621846202 6.657625928 
1.000692638 6.755230654 

1.106164749 6.954266075 
1.000692638 6.755230654 

5.107737436 7.335680736 
5.783870285 7.091672436 

5.107737436 7.335680736 
4.920637779 6.914274949 

4.727020703 6.825478157 
4.920637779 6.914274949 

7.661334283 6.579671515 
7.47151666 6.733598974 

3.030333179 8.64870406 
3.194208984 8.496939392 

7.005228224 6.253249932 
6.672579469 6.575934662 

1.79497974 1.239528025 
1.888824609 1.615363147 

2.329432671 1.424446519 
2.393821027 1.643955702 

2.46351785 1.815922249 
2.393821027 1.643955702 

3.397697435 7.349346726 
3.275975742 7.103517453 

2.977578528 7.048818317 
3.275975742 7.103517453 

2.133483082 2.399311399 
2.168959353 2.148915075 

1.51432582 2.21366762 
1.668824051 2.314267684 

1.241728508 6.42788276 
1.000692638 6.755230654 

6.080557219 7.110783204 
6.23099056 6.90118782 

6.219437903 6.644023551 
6.23099056 6.90118782 

5.929709145 6.816735832 
6.23099056 6.90118782 

2.504918735 7.085117773 
2.36065559 7.348511899 

2.598447664 7.489659219 
2.36065559 7.348511899 

2.197241864 9.204708927 
2.152300172 8.783917232 

2.076783448 8.459461828 
2.152300172 8.783917232 

1.947472706 7.481358726 
2.114345994 7.69609604 

7.027896333 7.006419313 
6.874858787 6.870921307 

6.533434128 6.779046945 
6.874858787 6.870921307 

2.409341492 7.728293234 
2.388912505 8.023365712 

2.375280493 8.289190928 
2.388912505 8.023365712 

7.128217226 7.724667678 
6.886634422 7.764250355 

3.822275936 0.804941583 
3.594115794 0.7421919981 

4.463235304 2.702923053 
4.708653154 2.466351922 

5.007864591 5.520531627 
5.011929995 5.773243979 

2.947103461 2.092666982 
3.122850167 2.317167832 

3.725780344 2.638973976 
3.419121843 2.467392141 

3.122850167 2.317167832 
3.419121843 2.467392141 

4.313084143 6.623551155 
4.166350908 6.348555302 

0.6621846202 6.657625928 
0.9748690071 6.574643358 

1.241728508 6.42788276 
0.9748690071 6.574643358 

2.179856415 7.397689811 
2.36065559 7.348511899 

2.038491177 0.8064395514 
2.237830049 0.8127151378 

2.371202632 0.8505145294 
2.237830049 0.8127151378 

0.6730854645 7.632624843 
0.5589825959 7.451295106 

7.005228224 6.253249932 
7.131100423 6.187851662 

7.290786071 6.07762979 
7.131100423 6.187851662 

4.418802438 7.623477816 
4.392442402 7.19553499 

4.392442402 7.19553499 
4.674581876 7.328511075 

4.822519707 7.445410808 
4.674581876 7.328511075 

6.124124524 5.70479447 
6.252573459 6.037333625 

6.978144092 6.603912517 
6.874858787 6.870921307 

1.822565007 7.620136843 
1.669193007 7.446490046 

1.66970438 7.203375159 
1.669193007 7.446490046 

1.83359366 8.853625382 
2.152300172 8.783917232 

6.339134915 8.020428405 
5.669487856 7.934262809 

5.103008438 7.913453735 
5.669487856 7.934262809 

4.444013942 2.223615208 
4.1901675 2.019926651 

7.026775921 5.308249549 
7.033148954 5.426291656 

7.040753096 5.552285832 
7.033148954 5.426291656 

3.023379279 7.726776011 
2.598447664 7.489659219 

5.669487856 7.934262809 
5.547874504 7.747572318 

1.09977908 8.037059208 
1.233591887 7.921358424 

1.002425367 7.76884457 
0.7311340172 8.043462706 

0.4660538746 8.157594809 
0.7311340172 8.043462706 

3.725780344 2.638973976 
3.649039303 2.146365388 

1.849712762 2.692984811 
2.004397489 2.542303452 

2.133483082 2.399311399 
2.004397489 2.542303452 

3.023379279 7.726776011 
2.388912505 8.023365712 

4.462458684 1.254581024 
3.902407859 1.513780178 

3.023379279 7.726776011 
2.565437309 7.951758384 

2.071244545 7.990003715 
2.565437309 7.951758384 

5.731112311 4.857121975 
5.487291099 4.816350798 

5.130988236 4.893701661 
5.487291099 4.816350798 

5.783870285 7.091672436 
5.649389059 6.978850915 

5.929709145 6.816735832 
5.649389059 6.978850915 

3.096536237 8.33996802 
3.194208984 8.496939392 

5.974759833 6.547053468 
5.978529831 6.335026934 

5.883800481 6.125112591 
5.978529831 6.335026934 

4.580591188 1.776709176 
4.1901675 2.019926651 

3.973765771 3.86088975 
3.779835249 3.823853805 

3.414142593 3.805401052 
3.779835249 3.823853805 

2.574559926 9.216115735 
2.564723479 8.876321566 

2.606854145 8.543208734 
2.564723479 8.876321566 

3.348549928 0.4528344331 
3.354601643 0.6776961052 

3.352450824 0.8624529152 
3.354601643 0.6776961052 

5.103008438 7.913453735 
4.822519707 7.445410808 

3.592810273 3.335247029 
3.736329175 3.25005394 

3.851019808 3.142181217 
3.736329175 3.25005394 

2.685205421 3.614452554 
2.351138642 3.40803587 

2.685205421 3.614452554 
2.678688104 3.227740561 

2.63516939 2.713738507 
2.678688104 3.227740561 

2.168959353 2.148915075 
2.536900758 2.069861833 

4.354886431 5.969714193 
4.74721952 6.254825189 

5.10289989 6.566143528 
4.74721952 6.254825189 

1.857817352 6.286877064 
1.548576148 6.627765726 

2.071244545 7.990003715 
2.388912505 8.023365712 

1.857817352 6.286877064 
1.902368318 6.182205769 

1.76393478 6.027981577 
1.902368318 6.182205769 

6.216226589 7.405071545 
5.812190555 7.46136909 

2.114345994 7.69609604 
2.27080261 7.445109822 

2.504918735 7.085117773 
2.27080261 7.445109822 

3.566896757 8.451143809 
3.337234321 8.413676447 

3.194208984 8.496939392 
3.337234321 8.413676447 

2.437581018 2.399011297 
2.482709034 2.223963184 

2.536900758 2.069861833 
2.482709034 2.223963184 

1.51432582 2.21366762 
1.83867655 2.167511191 

2.168959353 2.148915075 
1.83867655 2.167511191 

3.725780344 2.638973976 
3.647977046 2.474069957 

3.60392657 2.294040114 
3.647977046 2.474069957 

2.179856415 7.397689811 
2.27080261 7.445109822 

6.533434128 6.779046945 
6.23099056 6.90118782 

2.877937767 6.644969281 
3.018874379 6.437527963 

3.023489073 6.266561883 
3.018874379 6.437527963 

4.920171088 2.502827473 
4.942154287 2.191310551 

4.860625869 1.876804839 
4.942154287 2.191310551 

6.978144092 6.603912517 
7.285397159 6.601546888 

7.661334283 6.579671515 
7.285397159 6.601546888 

6.216226589 7.405071545 
6.53015069 7.445468785 

6.785123984 7.429227323 
6.53015069 7.445468785 

1.634822155 7.924639347 
1.389171294 7.994238304 

1.233591887 7.921358424 
1.389171294 7.994238304 

5.601036126 5.493497041 
5.824262622 5.602623452 

6.124124524 5.70479447 
5.824262622 5.602623452 

3.414142593 3.805401052 
2.979675562 3.469194471 

7.47151666 6.733598974 
7.36659564 6.673924152 

7.243767193 6.622948285 
7.36659564 6.673924152 

4.462458684 1.254581024 
4.145565496 1.617454178 

3.87463782 1.810407992 
4.145565496 1.617454178 

5.978529831 6.335026934 
6.252573459 6.037333625 

1.389171294 7.994238304 
1.458508611 8.231440781 

1.76393478 6.027981577 
1.682310058 6.326833605 

1.548576148 6.627765726 
1.682310058 6.326833605 

1.045387006 7.36941466 
0.5589825959 7.451295106 

2.584753351 5.995464907 
2.686676703 6.13233444 

2.734193062 6.294568121 
2.686676703 6.13233444 

2.842532186 8.250240486 
2.375280493 8.289190928 

2.820480357 2.408554363 
2.875435604 2.238629612 

2.947103461 2.092666982 
2.875435604 2.238629612 

1.106164749 6.954266075 
1.225965902 7.239822952 

2.035747018 3.429618655 
2.190220874 3.368918055 

2.351138642 3.40803587 
2.190220874 3.368918055 

2.36065559 7.348511899 
2.27080261 7.445109822 

1.045387006 7.36941466 
1.233591887 7.921358424 

1.045387006 7.36941466 
1.094128821 7.149560196 

1.106164749 6.954266075 
1.094128821 7.149560196 

4.74721952 6.254825189 
4.623914836 6.429881862 

5.130988236 4.893701661 
5.007864591 5.520531627 

3.934746841 6.886458497 
3.869222107 7.211646506 

3.864800108 7.53865494 
3.869222107 7.211646506 

4.74721952 6.254825189 
5.184855825 6.292170325 

2.678688104 3.227740561 
2.433633165 3.231123166 

0.6877822297 8.479520993 
0.8942714674 8.651260079 

1.158002936 8.718661006 
0.8942714674 8.651260079 

1.973916551 6.778684589 
2.02599122 6.894311812 

2.051655425 7.027871527 
2.02599122 6.894311812 

3.414142593 3.805401052 
3.28569528 3.581185351 

3.11741964 3.351650612 
3.28569528 3.581185351 

5.130988236 4.893701661 
4.940996841 4.823740035 

4.751005446 4.75377841 
4.940996841 4.823740035 

6.06915909 4.934686498 
5.908984926 4.871950282 

5.731112311 4.857121975 
5.908984926 4.871950282 

3.352450824 0.8624529152 
3.276514275 1.307884886 

1.002425367 7.76884457 
1.045387006 7.36941466 

1.79497974 1.239528025 
2.061943586 1.343240196 

2.329432671 1.424446519 
2.061943586 1.343240196 

3.140275407 0.8197064932 
2.867522187 0.8561694584 

2.795779307 8.931756162 
2.564723479 8.876321566 

5.649389059 6.978850915 
5.669594839 6.770993431 

5.641275882 6.587832226 
5.669594839 6.770993431 

0.6877822297 8.479520993 
0.7311340172 8.043462706 

7.661334283 6.579671515 
7.482189274 6.326985747 

7.290786071 6.07762979 
7.482189274 6.326985747 

4.392442402 7.19553499 
3.934746841 6.886458497 

2.180756918 6.240385966 
1.902368318 6.182205769 

6.794331847 8.142822148 
6.851858295 7.938137057 

6.886634422 7.764250355 
6.851858295 7.938137057 

6.145216478 5.35750911 
6.06915909 4.934686498 

1.536771632 2.595133676 
1.622849054 2.427936871 

1.668824051 2.314267684 
1.622849054 2.427936871 

1.744310125 1.893169132 
1.83867655 2.167511191 

2.842532186 8.250240486 
3.074153043 8.067951112 

1.744310125 1.893169132 
1.81685084 1.752994799 

1.888824609 1.615363147 
1.81685084 1.752994799 

5.669594839 6.770993431 
5.929709145 6.816735832 

2.991610621 1.709592802 
2.947103461 2.092666982 

4.462458684 1.254581024 
4.483531038 1.55059177 

4.580591188 1.776709176 
4.483531038 1.55059177 

2.388912505 8.023365712 
2.565437309 7.951758384 

3.822275936 0.804941583 
4.125165436 1.045853244 

4.462458684 1.254581024 
4.125165436 1.045853244 

3.348549928 0.4528344331 
3.471505888 0.5968557811 

3.594115794 0.7421919981 
3.471505888 0.5968557811 

4.392442402 7.19553499 
4.560483061 7.006837789 

4.727020703 6.825478157 
4.560483061 7.006837789 

1.437028307 9.254276455 
1.821077185 9.205382508 

2.197241864 9.204708927 
1.821077185 9.205382508 

0.7704382351 7.26350558 
1.094128821 7.149560196 

3.647977046 2.474069957 
3.419121843 2.467392141 

3.289763408 1.966086033 
3.253483881 2.0593539 

3.181803259 2.119011228 
3.253483881 2.0593539 

1.51432582 2.21366762 
1.622849054 2.427936871 

1.916168202 8.256821016 
1.774934717 8.311272394 

1.654754676 8.343079904 
1.774934717 8.311272394 

2.867522187 0.8561694584 
2.74733165 0.7889483338 

2.619870421 0.7532470407 
2.74733165 0.7889483338 

3.122850167 2.317167832 
2.875435604 2.238629612 

4.463235304 2.702923053 
4.30222615 2.840588118 

4.154580441 2.987920719 
4.30222615 2.840588118 

3.023379279 7.726776011 
3.26105751 8.069674931 

3.566896757 8.451143809 
3.26105751 8.069674931 

1.83867655 2.167511191 
1.668824051 2.314267684 

3.354601643 0.6776961052 
3.471505888 0.5968557811 

2.180756918 6.240385966 
2.384417459 6.112342104 

2.584753351 5.995464907 
2.384417459 6.112342104 

2.766857959 1.660826697 
2.393821027 1.643955702 

2.598447664 7.489659219 
2.552367052 7.285082698 

2.504918735 7.085117773 
2.552367052 7.285082698 

4.332054599 3.083151584 
4.30222615 2.840588118 

2.977578528 7.048818317 
2.959703703 6.837067256 

2.877937767 6.644969281 
2.959703703 6.837067256 

2.168959353 2.148915075 
2.482709034 2.223963184 

3.035287315 2.746975183 
2.968476241 2.803168076 

2.902573726 2.862801536 
2.968476241 2.803168076 

2.409341492 7.728293234 
2.565437309 7.951758384 

2.565437309 7.951758384 
2.842532186 8.250240486 

5.103008438 7.913453735 
5.31815951 7.795023066 

5.547874504 7.747572318 
5.31815951 7.795023066 

1.634822155 7.924639347 
2.071244545 7.990003715 

0.7704382351 7.26350558 
1.000692638 6.755230654 

5.812190555 7.46136909 
5.739298051 7.824497782 

2.734193062 6.294568121 
2.877937767 6.644969281 

0.5589825959 7.451295106 
0.6846911303 7.356424321 

0.7704382351 7.26350558 
0.6846911303 7.356424321 

4.619728677 3.168508321 
4.475891638 3.125829952 

4.332054599 3.083151584 
4.475891638 3.125829952 

5.011929995 5.773243979 
5.131773431 5.897745208 

5.251616867 6.022246437 
5.131773431 5.897745208 

