5.100159456 7.886104579 
5.105275042 6.554020812 

1.456290322 8.236743387 
1.640126616 7.925560939 

2.569103779 5.967688675 
2.386718115 7.696759543 

3.140356667 0.8304412683 
2.980666027 1.751594101 

5.976549245 6.530252806 
6.22823318 6.646896172 

6.336991512 8.02124516 
6.742835837 8.174877242 

7.306771763 5.633472394 
7.652911173 6.575130711 

2.836429974 2.409976656 
2.980666027 1.751594101 

2.980666027 1.751594101 
3.539315532 1.701120381 

2.386718115 7.696759543 
3.014046511 7.730839996 

6.22823318 6.646896172 
5.928720904 6.805226894 

3.913446939 7.5693082 
3.014046511 7.730839996 

1.819073798 1.278266191 
2.458358168 1.813857582 

4.453329129 2.709573528 
4.587139579 3.264765487 

2.051980093 7.998453429 
2.104569384 7.648463157 

5.105275042 6.554020812 
4.748956467 6.809574539 

3.605896076 2.137764596 
3.041317954 2.739390676 

2.792283815 8.930765574 
3.058717041 8.712404217 

3.605896076 2.137764596 
3.539315532 1.701120381 

2.051980093 7.998453429 
1.91531536 8.253706316 

3.289834587 1.968969543 
3.605896076 2.137764596 

4.753052126 4.756679114 
4.471534652 4.504793822 

2.458358168 1.813857582 
2.439262851 2.396443768 

6.553965229 6.773627236 
6.22823318 6.646896172 

4.748956467 6.809574539 
3.913446939 7.5693082 

3.605896076 2.137764596 
3.797775006 3.093694813 

5.71587832 4.863991459 
5.599810448 5.491191318 

4.453329129 2.709573528 
3.605896076 2.137764596 

2.980666027 1.751594101 
3.289834587 1.968969543 

7.306771763 5.633472394 
6.512148798 6.288818688 

6.22823318 6.646896172 
6.512148798 6.288818688 

6.553965229 6.773627236 
6.512148798 6.288818688 

1.640126616 7.925560939 
1.682238509 7.202496662 

2.051980093 7.998453429 
2.084409962 8.458289972 

5.928720904 6.805226894 
5.976549245 6.530252806 

4.861485319 1.865454787 
4.445565659 2.219664386 

6.418887742 5.233502985 
6.888395778 5.97270216 

6.418887742 5.233502985 
6.512148798 6.288818688 

2.836429974 2.409976656 
3.107924145 2.312201728 

2.836429974 2.409976656 
3.041317954 2.739390676 

6.888395778 5.97270216 
6.512148798 6.288818688 

5.781259811 7.481576812 
5.546664661 7.723649654 

2.792283815 8.930765574 
2.084409962 8.458289972 

3.107924145 2.312201728 
3.289834587 1.968969543 

2.051980093 7.998453429 
2.386718115 7.696759543 

2.980666027 1.751594101 
2.579884995 2.079222323 

0.7701257072 7.258797405 
0.6400405453 6.716779741 

1.682238509 7.202496662 
1.22055772 7.235292538 

5.105275042 6.554020812 
5.653842828 6.559895393 

5.928720904 6.805226894 
5.653842828 6.559895393 

2.969183917 7.053079421 
2.386718115 7.696759543 

2.035747018 3.429618655 
1.849712762 2.692984811 

2.836429974 2.409976656 
2.579884995 2.079222323 

1.437352176 9.241988574 
1.456290322 8.236743387 

2.084409962 8.458289972 
1.91531536 8.253706316 

7.021230388 7.002364553 
7.146674407 7.222697968 

2.386718115 7.696759543 
2.104569384 7.648463157 

2.166538558 7.201177128 
2.472436347 7.114080451 

1.819073798 1.278266191 
2.041743292 0.7910779595 

1.91531536 8.253706316 
1.671673443 8.601620246 

2.166538558 7.201177128 
1.682238509 7.202496662 

3.829479263 0.8200618698 
3.731130444 1.434787885 

3.539315532 1.701120381 
3.731130444 1.434787885 

7.652911173 6.575130711 
7.021230388 7.002364553 

6.22823318 6.646896172 
6.701732618 6.608333439 

6.701732618 6.608333439 
6.512148798 6.288818688 

3.797775006 3.093694813 
4.152177261 2.986961899 

0.4501635829 8.193891299 
1.230200986 7.924286748 

1.456290322 8.236743387 
1.230200986 7.924286748 

1.91531536 8.253706316 
1.640126616 7.925560939 

3.132970183 3.366480773 
2.644813437 2.720458075 

2.035747018 3.429618655 
2.683129759 3.612992586 

2.439262851 2.396443768 
2.836429974 2.409976656 

2.104569384 7.648463157 
1.835627403 7.619596577 

1.640126616 7.925560939 
1.835627403 7.619596577 

2.166538558 7.201177128 
1.549362264 6.627316507 

3.829479263 0.8200618698 
3.901660255 1.844280052 

6.418887742 5.233502985 
6.639615608 5.655861034 

0.4501635829 8.193891299 
0.6709529074 7.639082769 

4.453329129 2.709573528 
4.913951977 2.518113321 

2.084409962 8.458289972 
1.845267898 8.838899605 

2.179097968 6.237694441 
1.973916551 6.778684589 

4.357298021 5.971849216 
5.257725553 6.024250123 

1.973916551 6.778684589 
1.549362264 6.627316507 

6.066896324 7.122161618 
5.928720904 6.805226894 

7.652911173 6.575130711 
7.001350069 6.258645932 

6.512148798 6.288818688 
7.001350069 6.258645932 

3.198907513 2.161198441 
3.107924145 2.312201728 

3.901660255 1.844280052 
3.539315532 1.701120381 

2.792283815 8.930765574 
2.570228185 8.603250215 

4.204096646 4.166876598 
3.994369659 3.852588463 

4.357298021 5.971849216 
4.628285693 6.433204583 

4.748956467 6.809574539 
4.628285693 6.433204583 

2.570228185 8.603250215 
2.084409962 8.458289972 

7.146674407 7.222697968 
6.788046703 7.426908289 

2.969183917 7.053079421 
2.472436347 7.114080451 

1.437352176 9.241988574 
1.155171238 8.719756223 

5.853417661 6.114142357 
6.138725541 5.709952294 

5.257725553 6.024250123 
5.853417661 6.114142357 

1.745413675 1.896418089 
1.518180902 2.213082132 

3.107924145 2.312201728 
3.041317954 2.739390676 

5.100159456 7.886104579 
5.123348924 7.373152754 

3.913446939 7.5693082 
3.401045769 7.349719947 

4.471534652 4.504793822 
4.340947333 4.341108605 

4.204096646 4.166876598 
4.340947333 4.341108605 

2.644813437 2.720458075 
2.836429974 2.409976656 

2.644813437 2.720458075 
2.433066936 3.231963175 

2.386718115 7.696759543 
2.589707337 7.506480306 

6.888395778 5.97270216 
7.292674872 6.101742159 

1.682238509 7.202496662 
1.549362264 6.627316507 

5.123348924 7.373152754 
4.84017676 7.467538602 

2.570228185 8.603250215 
2.207486918 9.194201834 

6.336991512 8.02124516 
6.005672256 7.917924332 

6.066896324 7.122161618 
5.781259811 7.481576812 

2.980666027 1.751594101 
2.328182907 1.442873321 

3.132970183 3.366480773 
3.041317954 2.739390676 

6.639615608 5.655861034 
7.026775921 5.308249549 

1.849712762 2.692984811 
2.433066936 3.231963175 

2.458358168 1.813857582 
2.579884995 2.079222323 

3.938972686 6.88628766 
4.315082619 6.627151758 

4.628285693 6.433204583 
4.315082619 6.627151758 

1.437352176 9.241988574 
1.550412639 8.958274146 

1.671673443 8.601620246 
1.550412639 8.958274146 

2.831646589 8.262894749 
3.014046511 7.730839996 

6.888395778 5.97270216 
7.001350069 6.258645932 

6.418887742 5.233502985 
6.151730925 4.913584353 

2.579884995 2.079222323 
2.139537555 2.395699209 

2.139537555 2.395699209 
2.439262851 2.396443768 

5.781259811 7.481576812 
5.757454551 7.088356801 

1.549362264 6.627316507 
1.22973794 6.402642733 

6.066896324 7.122161618 
5.757454551 7.088356801 

0.6709529074 7.639082769 
0.997028706 7.769557321 

1.230200986 7.924286748 
0.997028706 7.769557321 

2.570228185 8.603250215 
3.058717041 8.712404217 

6.788046703 7.426908289 
7.021230388 7.002364553 

2.179097968 6.237694441 
1.858487382 6.292055677 

2.207486918 9.194201834 
1.845267898 8.838899605 

4.445565659 2.219664386 
4.574242548 2.380315164 

1.671673443 8.601620246 
1.845267898 8.838899605 

1.682238509 7.202496662 
1.11036175 6.951809277 

2.166538558 7.201177128 
2.174566898 7.418641906 

2.104569384 7.648463157 
2.174566898 7.418641906 

1.745413675 1.896418089 
2.139537555 2.395699209 

7.652911173 6.575130711 
7.146674407 7.222697968 

6.553965229 6.773627236 
7.237909542 6.62334471 

1.11036175 6.951809277 
0.7701257072 7.258797405 

6.788046703 7.426908289 
6.886912737 7.765499881 

2.472436347 7.114080451 
2.174566898 7.418641906 

5.105275042 6.554020812 
5.1865489 6.275811862 

5.257725553 6.024250123 
5.1865489 6.275811862 

2.591928593 0.708445282 
2.371856384 0.8485868718 

5.546664661 7.723649654 
5.740763864 7.820650799 

6.005672256 7.917924332 
5.740763864 7.820650799 

7.237909542 6.62334471 
7.021230388 7.002364553 

3.132970183 3.366480773 
2.980968543 3.468934113 

2.683129759 3.612992586 
2.980968543 3.468934113 

2.570228185 8.603250215 
2.831646589 8.262894749 

0.4501635829 8.193891299 
1.095359871 8.038950351 

1.640126616 7.925560939 
1.095359871 8.038950351 

1.835627403 7.619596577 
1.952994346 7.484993387 

2.174566898 7.418641906 
1.952994346 7.484993387 

3.014046511 7.730839996 
3.401045769 7.349719947 

3.605896076 2.137764596 
3.901660255 1.844280052 

2.683129759 3.612992586 
2.433066936 3.231963175 

1.745413675 1.896418089 
2.172832475 2.14851686 

2.439262851 2.396443768 
2.172832475 2.14851686 

6.639615608 5.655861034 
6.888395778 5.97270216 

4.152177261 2.986961899 
4.332846426 3.080563854 

2.207486918 9.194201834 
2.597221072 9.309448383 

3.289834587 1.968969543 
3.382356859 1.806087781 

3.619213808 8.392073002 
3.104749354 8.342889534 

2.831646589 8.262894749 
3.104749354 8.342889534 

5.781259811 7.481576812 
6.005672256 7.917924332 

3.023489073 6.266561883 
2.733509358 6.296986641 

1.155171238 8.719756223 
1.550412639 8.958274146 

1.456290322 8.236743387 
1.663140646 8.361693386 

4.628285693 6.433204583 
5.1865489 6.275811862 

3.140356667 0.8304412683 
3.38612971 0.8925252824 

4.453329129 2.709573528 
4.574242548 2.380315164 

1.849712762 2.692984811 
1.536771632 2.595133676 

2.051980093 7.998453429 
2.339813734 8.311506323 

2.570228185 8.603250215 
2.339813734 8.311506323 

4.861485319 1.865454787 
4.199597375 2.006044418 

3.605896076 2.137764596 
4.199597375 2.006044418 

3.198907513 2.161198441 
2.924835272 2.064103447 

3.058717041 8.712404217 
3.104749354 8.342889534 

6.336991512 8.02124516 
6.211869713 7.405641151 

6.066896324 7.122161618 
6.211869713 7.405641151 

6.701732618 6.608333439 
6.952277527 6.598171593 

3.140356667 0.8304412683 
3.34367963 0.4678786182 

2.433066936 3.231963175 
2.348763269 3.400653619 

4.913951977 2.518113321 
4.587139579 3.264765487 

7.237909542 6.62334471 
6.952277527 6.598171593 

4.913951977 2.518113321 
4.708653154 2.466351922 

4.574242548 2.380315164 
4.708653154 2.466351922 

5.653842828 6.559895393 
5.859327921 6.494336899 

2.644813437 2.720458075 
2.950132236 2.928740958 

3.901660255 1.844280052 
4.199597375 2.006044418 

0.7701257072 7.258797405 
1.053061418 7.370065117 

1.22055772 7.235292538 
1.053061418 7.370065117 

2.458358168 1.813857582 
2.768058689 1.662044388 

2.980666027 1.751594101 
2.768058689 1.662044388 

3.913446939 7.5693082 
4.362787538 7.18119206 

1.11036175 6.951809277 
1.22973794 6.402642733 

5.100159456 7.886104579 
4.404186995 7.6162834 

2.084409962 8.458289972 
2.339813734 8.311506323 

2.166538558 7.201177128 
2.051655425 7.027871527 

0.997028706 7.769557321 
1.095359871 8.038950351 

3.014046511 7.730839996 
3.074153043 8.067951112 

3.104749354 8.342889534 
3.074153043 8.067951112 

4.357298021 5.971849216 
4.167291262 6.350313295 

3.938972686 6.88628766 
4.167291262 6.350313295 

3.901660255 1.844280052 
3.902258969 1.517889067 

3.731130444 1.434787885 
3.902258969 1.517889067 

2.439262851 2.396443768 
2.644813437 2.720458075 

1.682238509 7.202496662 
1.952994346 7.484993387 

0.4501635829 8.193891299 
0.6999801006 8.445752537 

5.599810448 5.491191318 
5.327795212 5.5839536 

4.97445148 5.511731856 
5.327795212 5.5839536 

3.605896076 2.137764596 
3.602847796 2.291847723 

7.306771763 5.633472394 
7.046411379 5.552712514 

3.723057683 2.637323488 
3.797775006 3.093694813 

1.845267898 8.838899605 
1.616342035 9.049651134 

1.437352176 9.241988574 
1.616342035 9.049651134 

3.415623282 3.795854689 
3.539706354 3.303756879 

2.589707337 7.506480306 
2.174566898 7.418641906 

7.146674407 7.222697968 
7.123719583 7.722711257 

6.952277527 6.598171593 
6.553965229 6.773627236 

5.853417661 6.114142357 
6.246830857 6.036242939 

6.512148798 6.288818688 
6.246830857 6.036242939 

3.140356667 0.8304412683 
3.154827813 1.286466305 

3.539315532 1.701120381 
3.154827813 1.286466305 

1.663140646 8.361693386 
1.671673443 8.601620246 

4.861485319 1.865454787 
4.58084776 1.797778413 

6.138725541 5.709952294 
6.172046625 5.371612859 

0.6400405453 6.716779741 
0.9968056868 6.753227409 

1.11036175 6.951809277 
0.9968056868 6.753227409 

5.123348924 7.373152754 
5.757454551 7.088356801 

5.123348924 7.373152754 
4.912054094 6.918854508 

4.748956467 6.809574539 
4.912054094 6.918854508 

7.652911173 6.575130711 
7.47151666 6.733598974 

3.058717041 8.712404217 
3.194390624 8.499810309 

7.001350069 6.258645932 
6.701732618 6.608333439 

1.819073798 1.278266191 
1.899434449 1.584773912 

2.328182907 1.442873321 
2.393305397 1.643128188 

2.458358168 1.813857582 
2.393305397 1.643128188 

3.401045769 7.349719947 
3.280647365 7.089207694 

2.969183917 7.053079421 
3.280647365 7.089207694 

2.139537555 2.395699209 
2.172832475 2.14851686 

1.518180902 2.213082132 
1.670830717 2.312478618 

1.22973794 6.402642733 
0.9968056868 6.753227409 

6.066896324 7.122161618 
6.254165514 6.879753644 

6.22823318 6.646896172 
6.254165514 6.879753644 

5.928720904 6.805226894 
6.254165514 6.879753644 

2.472436347 7.114080451 
2.359746936 7.349838925 

2.589707337 7.506480306 
2.359746936 7.349838925 

2.207486918 9.194201834 
2.122797941 8.795651107 

2.084409962 8.458289972 
2.122797941 8.795651107 

7.021230388 7.002364553 
6.807781118 6.82213778 

6.553965229 6.773627236 
6.807781118 6.82213778 

2.386718115 7.696759543 
2.400539194 8.048279836 

2.339813734 8.311506323 
2.400539194 8.048279836 

7.123719583 7.722711257 
6.886912737 7.765499881 

3.829479263 0.8200618698 
3.594115794 0.7421919981 

4.453329129 2.709573528 
4.708653154 2.466351922 

4.97445148 5.511731856 
5.010489532 5.770160098 

2.924835272 2.064103447 
3.107924145 2.312201728 

3.723057683 2.637323488 
3.417019839 2.466576695 

3.107924145 2.312201728 
3.417019839 2.466576695 

4.315082619 6.627151758 
4.167291262 6.350313295 

0.6400405453 6.716779741 
0.9714440977 6.575871219 

1.22973794 6.402642733 
0.9714440977 6.575871219 

2.174566898 7.418641906 
2.359746936 7.349838925 

2.041743292 0.7910779595 
2.236791343 0.812036527 

2.371856384 0.8485868718 
2.236791343 0.812036527 

0.6709529074 7.639082769 
0.5621312548 7.450823337 

7.001350069 6.258645932 
7.151390786 6.222504355 

7.292674872 6.101742159 
7.151390786 6.222504355 

4.404186995 7.6162834 
4.362787538 7.18119206 

4.362787538 7.18119206 
4.674490817 7.329382901 

4.84017676 7.467538602 
4.674490817 7.329382901 

6.138725541 5.709952294 
6.246830857 6.036242939 

6.952277527 6.598171593 
6.807781118 6.82213778 

1.835627403 7.619596577 
1.684470223 7.433022882 

1.682238509 7.202496662 
1.684470223 7.433022882 

1.845267898 8.838899605 
2.122797941 8.795651107 

6.336991512 8.02124516 
5.668051258 7.931368819 

5.100159456 7.886104579 
5.668051258 7.931368819 

4.445565659 2.219664386 
4.199597375 2.006044418 

7.026775921 5.308249549 
7.033148954 5.426291656 

7.046411379 5.552712514 
7.033148954 5.426291656 

3.014046511 7.730839996 
2.589707337 7.506480306 

5.668051258 7.931368819 
5.546664661 7.723649654 

1.095359871 8.038950351 
1.230200986 7.924286748 

0.4501635829 8.193891299 
0.7009041486 7.99698519 

3.723057683 2.637323488 
3.605896076 2.137764596 

1.849712762 2.692984811 
2.004397489 2.542303452 

2.139537555 2.395699209 
2.004397489 2.542303452 

3.014046511 7.730839996 
2.400539194 8.048279836 

4.458831885 1.25526172 
3.902258969 1.517889067 

3.014046511 7.730839996 
2.582787751 7.95116129 

2.051980093 7.998453429 
2.582787751 7.95116129 

5.71587832 4.863991459 
5.506808583 4.76684233 

5.155481195 4.865649794 
5.506808583 4.76684233 

5.757454551 7.088356801 
5.605505669 6.972186816 

5.928720904 6.805226894 
5.605505669 6.972186816 

3.104749354 8.342889534 
3.194390624 8.499810309 

5.976549245 6.530252806 
5.976224287 6.338278219 

5.853417661 6.114142357 
5.976224287 6.338278219 

4.58084776 1.797778413 
4.199597375 2.006044418 

3.994369659 3.852588463 
3.782921058 3.824055502 

3.415623282 3.795854689 
3.782921058 3.824055502 

2.597221072 9.309448383 
2.564996236 8.882059492 

2.570228185 8.603250215 
2.564996236 8.882059492 

3.34367963 0.4678786182 
3.355579026 0.6786821476 

3.38612971 0.8925252824 
3.355579026 0.6786821476 

5.100159456 7.886104579 
4.84017676 7.467538602 

3.539706354 3.303756879 
3.731746024 3.247814862 

3.797775006 3.093694813 
3.731746024 3.247814862 

2.683129759 3.612992586 
2.348763269 3.400653619 

2.683129759 3.612992586 
2.678688104 3.227740561 

2.644813437 2.720458075 
2.678688104 3.227740561 

2.172832475 2.14851686 
2.579884995 2.079222323 

4.357298021 5.971849216 
4.755694708 6.271496409 

5.105275042 6.554020812 
4.755694708 6.271496409 

1.858487382 6.292055677 
1.549362264 6.627316507 

2.051980093 7.998453429 
2.400539194 8.048279836 

1.858487382 6.292055677 
1.902102339 6.179466743 

1.808999625 5.975462612 
1.902102339 6.179466743 

6.211869713 7.405641151 
5.781259811 7.481576812 

2.104569384 7.648463157 
2.253296831 7.467616259 

2.472436347 7.114080451 
2.253296831 7.467616259 

3.194390624 8.499810309 
3.34004805 8.411655088 

2.439262851 2.396443768 
2.436874874 2.196776042 

2.579884995 2.079222323 
2.436874874 2.196776042 

1.518180902 2.213082132 
1.840327895 2.167954722 

2.172832475 2.14851686 
1.840327895 2.167954722 

3.723057683 2.637323488 
3.647977046 2.474069957 

3.602847796 2.291847723 
3.647977046 2.474069957 

2.174566898 7.418641906 
2.253296831 7.467616259 

6.553965229 6.773627236 
6.254165514 6.879753644 

2.82639869 6.655506398 
3.016482587 6.439088724 

3.023489073 6.266561883 
3.016482587 6.439088724 

4.913951977 2.518113321 
4.941879604 2.189081276 

4.861485319 1.865454787 
4.941879604 2.189081276 

6.952277527 6.598171593 
7.283112847 6.60118077 

7.652911173 6.575130711 
7.283112847 6.60118077 

6.211869713 7.405641151 
6.552481784 7.462276333 

6.788046703 7.426908289 
6.552481784 7.462276333 

1.640126616 7.925560939 
1.390067724 7.997025519 

1.230200986 7.924286748 
1.390067724 7.997025519 

5.599810448 5.491191318 
5.842419234 5.560128437 

6.138725541 5.709952294 
5.842419234 5.560128437 

3.415623282 3.795854689 
2.980968543 3.468934113 

7.47151666 6.733598974 
7.36659564 6.673924152 

7.237909542 6.62334471 
7.36659564 6.673924152 

4.458831885 1.25526172 
4.144285117 1.591280437 

3.901660255 1.844280052 
4.144285117 1.591280437 

5.976224287 6.338278219 
6.246830857 6.036242939 

1.390067724 7.997025519 
1.456290322 8.236743387 

1.808999625 5.975462612 
1.684923948 6.321559604 

1.549362264 6.627316507 
1.684923948 6.321559604 

1.053061418 7.370065117 
0.5621312548 7.450823337 

2.569103779 5.967688675 
2.685677677 6.130488114 

2.733509358 6.296986641 
2.685677677 6.130488114 

2.831646589 8.262894749 
2.339813734 8.311506323 

2.836429974 2.409976656 
2.882868914 2.257166329 

2.924835272 2.064103447 
2.882868914 2.257166329 

1.11036175 6.951809277 
1.22055772 7.235292538 

2.035747018 3.429618655 
2.191115119 3.368931294 

2.348763269 3.400653619 
2.191115119 3.368931294 

2.359746936 7.349838925 
2.253296831 7.467616259 

1.053061418 7.370065117 
1.230200986 7.924286748 

1.053061418 7.370065117 
1.094066602 7.150898837 

1.11036175 6.951809277 
1.094066602 7.150898837 

4.755694708 6.271496409 
4.628285693 6.433204583 

5.155481195 4.865649794 
4.97445148 5.511731856 

3.938972686 6.88628766 
3.870327933 7.214738771 

3.913446939 7.5693082 
3.870327933 7.214738771 

4.755694708 6.271496409 
5.1865489 6.275811862 

2.678688104 3.227740561 
2.433066936 3.231963175 

1.155171238 8.719756223 
0.8526278464 8.701247485 

1.973916551 6.778684589 
2.02599122 6.894311812 

2.051655425 7.027871527 
2.02599122 6.894311812 

3.415623282 3.795854689 
3.285152142 3.580253048 

3.132970183 3.366480773 
3.285152142 3.580253048 

5.155481195 4.865649794 
4.936162152 4.884882984 

4.753052126 4.756679114 
4.936162152 4.884882984 

6.151730925 4.913584353 
5.913373389 4.872389932 

5.71587832 4.863991459 
5.913373389 4.872389932 

3.38612971 0.8925252824 
3.154827813 1.286466305 

0.997028706 7.769557321 
1.053061418 7.370065117 

1.819073798 1.278266191 
2.060885353 1.344373277 

2.328182907 1.442873321 
2.060885353 1.344373277 

3.140356667 0.8304412683 
2.867522187 0.8561694584 

2.792283815 8.930765574 
2.564996236 8.882059492 

5.605505669 6.972186816 
5.610762065 6.764347305 

5.653842828 6.559895393 
5.610762065 6.764347305 

0.6999801006 8.445752537 
0.7009041486 7.99698519 

7.652911173 6.575130711 
7.48115096 6.32619769 

7.292674872 6.101742159 
7.48115096 6.32619769 

4.362787538 7.18119206 
3.938972686 6.88628766 

2.179097968 6.237694441 
1.902102339 6.179466743 

6.742835837 8.174877242 
6.866509865 7.946833811 

6.886912737 7.765499881 
6.866509865 7.946833811 

6.172046625 5.371612859 
6.151730925 4.913584353 

1.536771632 2.595133676 
1.622849054 2.427936871 

1.670830717 2.312478618 
1.622849054 2.427936871 

1.745413675 1.896418089 
1.840327895 2.167954722 

2.831646589 8.262894749 
3.074153043 8.067951112 

1.745413675 1.896418089 
1.81761342 1.751331435 

1.899434449 1.584773912 
1.81761342 1.751331435 

5.610762065 6.764347305 
5.928720904 6.805226894 

2.980666027 1.751594101 
2.924835272 2.064103447 

4.458831885 1.25526172 
4.482331362 1.553591831 

4.58084776 1.797778413 
4.482331362 1.553591831 

2.400539194 8.048279836 
2.582787751 7.95116129 

4.458831885 1.25526172 
4.193386649 0.9922014021 

3.34367963 0.4678786182 
3.470622044 0.5964429785 

3.594115794 0.7421919981 
3.470622044 0.5964429785 

4.362787538 7.18119206 
4.561281045 7.00465878 

4.748956467 6.809574539 
4.561281045 7.00465878 

1.437352176 9.241988574 
1.821077185 9.205382508 

2.207486918 9.194201834 
1.821077185 9.205382508 

0.7701257072 7.258797405 
1.094066602 7.150898837 

3.647977046 2.474069957 
3.417019839 2.466576695 

3.289834587 1.968969543 
3.251009092 2.07535724 

3.198907513 2.161198441 
3.251009092 2.07535724 

1.518180902 2.213082132 
1.622849054 2.427936871 

1.91531536 8.253706316 
1.768630909 8.290590041 

1.663140646 8.361693386 
1.768630909 8.290590041 

2.867522187 0.8561694584 
2.745728628 0.7873900732 

2.591928593 0.708445282 
2.745728628 0.7873900732 

3.107924145 2.312201728 
2.882868914 2.257166329 

4.453329129 2.709573528 
4.337793246 2.849703142 

4.152177261 2.986961899 
4.337793246 2.849703142 

3.014046511 7.730839996 
3.266564619 8.072030945 

3.619213808 8.392073002 
3.266564619 8.072030945 

1.840327895 2.167954722 
1.670830717 2.312478618 

3.355579026 0.6786821476 
3.470622044 0.5964429785 

2.569103779 5.967688675 
2.353363833 6.031876519 

2.768058689 1.662044388 
2.393305397 1.643128188 

2.589707337 7.506480306 
2.606421808 7.295000998 

2.472436347 7.114080451 
2.606421808 7.295000998 

4.332846426 3.080563854 
4.337793246 2.849703142 

2.969183917 7.053079421 
2.957666935 6.836230782 

2.82639869 6.655506398 
2.957666935 6.836230782 

2.172832475 2.14851686 
2.436874874 2.196776042 

3.041317954 2.739390676 
2.969268311 2.806072918 

2.950132236 2.928740958 
2.969268311 2.806072918 

2.386718115 7.696759543 
2.582787751 7.95116129 

2.582787751 7.95116129 
2.831646589 8.262894749 

5.100159456 7.886104579 
5.320926204 7.79379494 

5.546664661 7.723649654 
5.320926204 7.79379494 

1.640126616 7.925560939 
2.051980093 7.998453429 

0.7701257072 7.258797405 
0.9968056868 6.753227409 

5.781259811 7.481576812 
5.740763864 7.820650799 

2.733509358 6.296986641 
2.82639869 6.655506398 

0.5621312548 7.450823337 
0.6846911303 7.356424321 

0.7701257072 7.258797405 
0.6846911303 7.356424321 

4.587139579 3.264765487 
4.477621671 3.129968905 

4.332846426 3.080563854 
4.477621671 3.129968905 

5.010489532 5.770160098 
5.131773431 5.897745208 

5.257725553 6.024250123 
5.131773431 5.897745208 

2.597221072 9.309448383 
2.683089718 9.108806282 

2.792283815 8.930765574 
2.683089718 9.108806282 

6.807781118 6.82213778 
6.701732618 6.608333439 

3.913446939 7.5693082 
4.16077494 7.600216 

4.404186995 7.6162834 
4.16077494 7.600216 

3.382356859 1.806087781 
3.463627716 1.735193271 

3.539315532 1.701120381 
3.463627716 1.735193271 

1.899434449 1.584773912 
2.060885353 1.344373277 

3.38612971 0.8925252824 
3.594115794 0.7421919981 

6.172046625 5.371612859 
6.294101344 5.30484133 

6.418887742 5.233502985 
6.294101344 5.30484133 

0.8526278464 8.701247485 
0.7701433864 8.590165264 

0.6999801006 8.445752537 
0.7701433864 8.590165264 

4.144285117 1.591280437 
4.482331362 1.553591831 

3.154827813 1.286466305 
3.08671417 1.479929253 

2.980666027 1.751594101 
3.08671417 1.479929253 

5.781259811 7.481576812 
5.449456281 7.690770126 

5.100159456 7.886104579 
5.449456281 7.690770126 

7.151390786 6.222504355 
7.283112847 6.60118077 

2.353363833 6.031876519 
2.266687003 6.135184436 

2.179097968 6.237694441 
2.266687003 6.135184436 

6.888395778 5.97270216 
7.046411379 5.552712514 

2.104569384 7.648463157 
2.031598308 7.583006301 

1.952994346 7.484993387 
2.031598308 7.583006301 

0.6400405453 6.716779741 
0.9291754134 6.975745258 

1.22055772 7.235292538 
0.9291754134 6.975745258 

7.306771763 5.633472394 
7.096313928 5.802414418 

6.888395778 5.97270216 
7.096313928 5.802414418 

3.619213808 8.392073002 
3.913446939 7.5693082 

3.619213808 8.392073002 
3.478359534 8.394331285 

3.34004805 8.411655088 
3.478359534 8.394331285 

2.386718115 7.696759543 
2.253296831 7.467616259 

3.829479263 0.8200618698 
4.04576238 0.8319457823 

4.144285117 1.591280437 
3.902258969 1.517889067 

5.842419234 5.560128437 
6.172046625 5.371612859 

1.456290322 8.236743387 
1.563316142 8.418618216 

1.671673443 8.601620246 
1.563316142 8.418618216 

3.058717041 8.712404217 
2.917751446 8.492219664 

2.831646589 8.262894749 
2.917751446 8.492219664 

5.123348924 7.373152754 
5.320926204 7.79379494 

4.04576238 0.8319457823 
4.136186463 0.9070038713 

4.193386649 0.9922014021 
4.136186463 0.9070038713 

2.917751446 8.492219664 
2.570228185 8.603250215 

6.701732618 6.608333439 
6.621424407 6.691793312 

6.553965229 6.773627236 
6.621424407 6.691793312 

5.327795212 5.5839536 
5.131773431 5.897745208 

2.579884995 2.079222323 
2.924835272 2.064103447 

0.7009041486 7.99698519 
0.6709529074 7.639082769 

6.742835837 8.174877242 
6.951323409 7.936532999 

7.123719583 7.722711257 
6.951323409 7.936532999 

6.951323409 7.936532999 
6.866509865 7.946833811 

5.859327921 6.494336899 
5.915460397 6.518001731 

5.976549245 6.530252806 
5.915460397 6.518001731 

0.7009041486 7.99698519 
0.8489664273 7.883271256 

0.997028706 7.769557321 
0.8489664273 7.883271256 

