5.087105577 7.968524618 
5.102002953 6.571397683 

1.456290322 8.236743387 
1.646726524 7.924697729 

2.545041196 5.953564469 
2.385479764 7.720211776 

3.137426478 0.8320903044 
2.972425614 1.749882997 

5.97635239 6.527596401 
6.228511515 6.648752439 

6.336991512 8.02124516 
6.742835837 8.174877242 

7.306771763 5.633472394 
7.64858092 6.580629918 

2.833735368 2.410669101 
2.972425614 1.749882997 

2.972425614 1.749882997 
3.535093646 1.703780735 

2.385479764 7.720211776 
3.010549762 7.731258608 

6.228511515 6.648752439 
5.930796312 6.806133176 

3.929118282 7.543253949 
3.010549762 7.731258608 

1.820417503 1.281951668 
2.462938365 1.820755526 

4.444848876 2.705726257 
4.589034434 3.297641101 

2.041882835 8.023439523 
2.114899809 7.666219634 

5.102002953 6.571397683 
4.759229549 6.796295982 

3.566164946 2.155531873 
3.084640598 2.753643393 

2.78591151 8.926176134 
3.051445667 8.711314767 

3.566164946 2.155531873 
3.535093646 1.703780735 

2.041882835 8.023439523 
1.924284184 8.248329447 

3.289979381 1.97587948 
3.566164946 2.155531873 

4.753052126 4.756679114 
4.471534652 4.504793822 

2.462938365 1.820755526 
2.412151134 2.420433462 

6.552289172 6.774723116 
6.228511515 6.648752439 

4.759229549 6.796295982 
3.929118282 7.543253949 

3.566164946 2.155531873 
3.795916882 3.078970737 

5.71587832 4.863991459 
5.599810448 5.491191318 

4.444848876 2.705726257 
3.566164946 2.155531873 

2.972425614 1.749882997 
3.289979381 1.97587948 

7.306771763 5.633472394 
6.516817482 6.285360419 

6.228511515 6.648752439 
6.516817482 6.285360419 

6.552289172 6.774723116 
6.516817482 6.285360419 

1.646726524 7.924697729 
1.682005777 7.194660841 

2.041882835 8.023439523 
2.087142637 8.454349774 

5.930796312 6.806133176 
5.97635239 6.527596401 

4.845843053 1.890977891 
4.395034203 2.235219935 

6.424672202 5.242670513 
6.895077986 5.985743843 

6.424672202 5.242670513 
6.516817482 6.285360419 

2.833735368 2.410669101 
3.086334227 2.319705742 

2.833735368 2.410669101 
3.084640598 2.753643393 

6.895077986 5.985743843 
6.516817482 6.285360419 

5.781259811 7.481576812 
5.546664661 7.723649654 

2.78591151 8.926176134 
2.087142637 8.454349774 

3.086334227 2.319705742 
3.289979381 1.97587948 

2.041882835 8.023439523 
2.385479764 7.720211776 

2.972425614 1.749882997 
2.624771768 2.11077442 

0.7672233884 7.255753176 
0.5707744966 6.724750813 

1.682005777 7.194660841 
1.221726464 7.233138104 

5.102002953 6.571397683 
5.655777887 6.558690251 

5.930796312 6.806133176 
5.655777887 6.558690251 

2.964692207 7.095520844 
2.385479764 7.720211776 

2.035747018 3.429618655 
1.849712762 2.692984811 

2.833735368 2.410669101 
2.624771768 2.11077442 

1.437352176 9.241988574 
1.456290322 8.236743387 

2.087142637 8.454349774 
1.924284184 8.248329447 

7.008042419 7.005605512 
7.145526104 7.221473197 

2.385479764 7.720211776 
2.114899809 7.666219634 

2.157846701 7.198118569 
2.478075397 7.117297361 

1.820417503 1.281951668 
2.041743292 0.7910779595 

1.924284184 8.248329447 
1.673376224 8.599423203 

2.157846701 7.198118569 
1.682005777 7.194660841 

3.831598894 0.8184141617 
3.731130444 1.434787885 

3.535093646 1.703780735 
3.731130444 1.434787885 

7.64858092 6.580629918 
7.008042419 7.005605512 

6.228511515 6.648752439 
6.701732618 6.608333439 

6.701732618 6.608333439 
6.516817482 6.285360419 

3.795916882 3.078970737 
4.144287861 2.957094668 

0.4516937319 8.190071426 
1.229248765 7.922385097 

1.456290322 8.236743387 
1.229248765 7.922385097 

1.924284184 8.248329447 
1.646726524 7.924697729 

3.141542967 3.37010055 
2.638208121 2.696692839 

2.035747018 3.429618655 
2.682695622 3.607944145 

2.412151134 2.420433462 
2.833735368 2.410669101 

2.114899809 7.666219634 
1.83910235 7.620366526 

1.646726524 7.924697729 
1.83910235 7.620366526 

2.157846701 7.198118569 
1.517507522 6.654358799 

3.831598894 0.8184141617 
3.896882898 1.848186187 

6.424672202 5.242670513 
6.645211774 5.656633476 

0.4516937319 8.190071426 
0.6801621925 7.622623154 

4.444848876 2.705726257 
4.911293937 2.522942962 

2.087142637 8.454349774 
1.845267898 8.838899605 

2.192768926 6.28652584 
1.999831663 6.747735477 

4.359695141 5.973971427 
5.255958159 6.026524784 

1.999831663 6.747735477 
1.517507522 6.654358799 

6.06814268 7.121166291 
5.930796312 6.806133176 

7.64858092 6.580629918 
7.000165949 6.25554865 

6.516817482 6.285360419 
7.000165949 6.25554865 

3.198643436 2.161176326 
3.086334227 2.319705742 

3.896882898 1.848186187 
3.535093646 1.703780735 

2.78591151 8.926176134 
2.526353238 8.608504344 

4.204096646 4.166876598 
3.994369659 3.852588463 

4.359695141 5.973971427 
4.633771547 6.434294059 

4.759229549 6.796295982 
4.633771547 6.434294059 

2.526353238 8.608504344 
2.087142637 8.454349774 

7.145526104 7.221473197 
6.789050166 7.424458255 

2.964692207 7.095520844 
2.478075397 7.117297361 

1.437352176 9.241988574 
1.155171238 8.719756223 

5.855167185 6.116962413 
6.138725541 5.709952294 

5.255958159 6.026524784 
5.855167185 6.116962413 

1.743250717 1.880368011 
1.520137922 2.212006127 

3.086334227 2.319705742 
3.084640598 2.753643393 

5.087105577 7.968524618 
5.120302053 7.376908178 

3.929118282 7.543253949 
3.404384779 7.350473313 

4.471534652 4.504793822 
4.340947333 4.341108605 

4.204096646 4.166876598 
4.340947333 4.341108605 

2.638208121 2.696692839 
2.833735368 2.410669101 

2.638208121 2.696692839 
2.435091702 3.229158841 

2.385479764 7.720211776 
2.600326411 7.527609933 

6.895077986 5.985743843 
7.292231644 6.119546251 

1.682005777 7.194660841 
1.517507522 6.654358799 

5.120302053 7.376908178 
4.841415615 7.473694886 

2.526353238 8.608504344 
2.213242755 9.188965185 

6.336991512 8.02124516 
6.005672256 7.917924332 

6.06814268 7.121166291 
5.781259811 7.481576812 

2.972425614 1.749882997 
2.301718389 1.453258015 

3.141542967 3.37010055 
3.084640598 2.753643393 

6.645211774 5.656633476 
7.03192875 5.266049413 

1.849712762 2.692984811 
2.435091702 3.229158841 

2.462938365 1.820755526 
2.624771768 2.11077442 

3.940399471 6.888004015 
4.315082619 6.627151758 

4.633771547 6.434294059 
4.315082619 6.627151758 

1.437352176 9.241988574 
1.550412639 8.958274146 

1.673376224 8.599423203 
1.550412639 8.958274146 

2.827091886 8.267183231 
3.010549762 7.731258608 

6.895077986 5.985743843 
7.000165949 6.25554865 

6.424672202 5.242670513 
6.151730925 4.913584353 

2.624771768 2.11077442 
2.1448267 2.390105946 

2.1448267 2.390105946 
2.412151134 2.420433462 

5.781259811 7.481576812 
5.757454551 7.088356801 

6.06814268 7.121166291 
5.757454551 7.088356801 

0.6801621925 7.622623154 
1.010521631 7.736095758 

1.229248765 7.922385097 
1.010521631 7.736095758 

2.526353238 8.608504344 
3.051445667 8.711314767 

6.789050166 7.424458255 
7.008042419 7.005605512 

2.192768926 6.28652584 
1.858011091 6.296051536 

2.213242755 9.188965185 
1.845267898 8.838899605 

4.395034203 2.235219935 
4.573150553 2.380047803 

1.673376224 8.599423203 
1.845267898 8.838899605 

1.682005777 7.194660841 
1.114287736 6.944842992 

2.157846701 7.198118569 
2.176790689 7.422957052 

2.114899809 7.666219634 
2.176790689 7.422957052 

1.743250717 1.880368011 
2.1448267 2.390105946 

7.64858092 6.580629918 
7.145526104 7.221473197 

6.552289172 6.774723116 
7.236213828 6.625716058 

1.114287736 6.944842992 
0.7672233884 7.255753176 

6.789050166 7.424458255 
6.886912737 7.765499881 

2.478075397 7.117297361 
2.176790689 7.422957052 

5.102002953 6.571397683 
5.194450318 6.308111254 

5.255958159 6.026524784 
5.194450318 6.308111254 

2.569575131 0.672603875 
2.372506213 0.84667078 

5.546664661 7.723649654 
5.740763864 7.820650799 

6.005672256 7.917924332 
5.740763864 7.820650799 

7.236213828 6.625716058 
7.008042419 7.005605512 

3.141542967 3.37010055 
2.974611838 3.442879117 

2.682695622 3.607944145 
2.974611838 3.442879117 

2.526353238 8.608504344 
2.827091886 8.267183231 

0.4516937319 8.190071426 
1.095216696 8.036360719 

1.646726524 7.924697729 
1.095216696 8.036360719 

1.83910235 7.620366526 
1.951666526 7.484108324 

2.176790689 7.422957052 
1.951666526 7.484108324 

3.010549762 7.731258608 
3.404384779 7.350473313 

3.566164946 2.155531873 
3.896882898 1.848186187 

2.682695622 3.607944145 
2.435091702 3.229158841 

1.743250717 1.880368011 
2.177329705 2.148802796 

2.412151134 2.420433462 
2.177329705 2.148802796 

6.645211774 5.656633476 
6.895077986 5.985743843 

4.144287861 2.957094668 
4.338339302 3.103907204 

2.213242755 9.188965185 
2.613379503 9.335570546 

3.289979381 1.97587948 
3.382356859 1.806087781 

3.620272624 8.38627235 
3.104749354 8.342889534 

2.827091886 8.267183231 
3.104749354 8.342889534 

5.781259811 7.481576812 
6.005672256 7.917924332 

3.023489073 6.266561883 
2.733509358 6.296986641 

1.155171238 8.719756223 
1.550412639 8.958274146 

1.456290322 8.236743387 
1.663140646 8.361693386 

4.633771547 6.434294059 
5.194450318 6.308111254 

3.137426478 0.8320903044 
3.382680569 0.8930933388 

4.444848876 2.705726257 
4.573150553 2.380047803 

1.849712762 2.692984811 
1.536645503 2.594283879 

2.041882835 8.023439523 
2.33820441 8.310847674 

2.526353238 8.608504344 
2.33820441 8.310847674 

4.845843053 1.890977891 
4.198932625 2.006892694 

3.566164946 2.155531873 
4.198932625 2.006892694 

3.198643436 2.161176326 
2.922665663 2.06682874 

3.051445667 8.711314767 
3.104749354 8.342889534 

6.336991512 8.02124516 
6.211869713 7.405641151 

6.06814268 7.121166291 
6.211869713 7.405641151 

6.701732618 6.608333439 
6.952277527 6.598171593 

3.137426478 0.8320903044 
3.341472725 0.4802923606 

2.435091702 3.229158841 
2.364244211 3.40966853 

4.911293937 2.522942962 
4.589034434 3.297641101 

7.236213828 6.625716058 
6.952277527 6.598171593 

4.911293937 2.522942962 
4.724427509 2.455358111 

4.573150553 2.380047803 
4.724427509 2.455358111 

5.655777887 6.558690251 
5.845905038 6.478914886 

2.638208121 2.696692839 
2.903261611 2.925656611 

0.7672233884 7.255753176 
1.053172035 7.371488796 

1.221726464 7.233138104 
1.053172035 7.371488796 

2.462938365 1.820755526 
2.794430501 1.64734399 

2.972425614 1.749882997 
2.794430501 1.64734399 

3.929118282 7.543253949 
4.325036983 7.183146644 

1.114287736 6.944842992 
1.201965311 6.343428917 

5.087105577 7.968524618 
4.408519245 7.603920954 

2.087142637 8.454349774 
2.33820441 8.310847674 

2.157846701 7.198118569 
2.033994828 7.049029635 

1.010521631 7.736095758 
1.095216696 8.036360719 

3.010549762 7.731258608 
3.074153043 8.067951112 

3.104749354 8.342889534 
3.074153043 8.067951112 

4.359695141 5.973971427 
4.167291262 6.350313295 

3.940399471 6.888004015 
4.167291262 6.350313295 

3.896882898 1.848186187 
3.902258969 1.517889067 

3.731130444 1.434787885 
3.902258969 1.517889067 

2.412151134 2.420433462 
2.638208121 2.696692839 

1.682005777 7.194660841 
1.951666526 7.484108324 

0.4516937319 8.190071426 
0.6999801006 8.445752537 

5.599810448 5.491191318 
5.325725641 5.586397665 

3.566164946 2.155531873 
3.601645431 2.290399158 

7.306771763 5.633472394 
7.044688146 5.558061019 

3.730509047 2.650940457 
3.795916882 3.078970737 

1.845267898 8.838899605 
1.616342035 9.049651134 

1.437352176 9.241988574 
1.616342035 9.049651134 

3.416861094 3.792776617 
3.556150123 3.299574055 

2.600326411 7.527609933 
2.176790689 7.422957052 

7.145526104 7.221473197 
7.123719583 7.722711257 

6.952277527 6.598171593 
6.552289172 6.774723116 

5.855167185 6.116962413 
6.243873587 6.039994983 

6.516817482 6.285360419 
6.243873587 6.039994983 

3.137426478 0.8320903044 
3.103292802 1.2732515 

3.535093646 1.703780735 
3.103292802 1.2732515 

1.663140646 8.361693386 
1.673376224 8.599423203 

4.845843053 1.890977891 
4.578858377 1.785264031 

6.138725541 5.709952294 
6.172046625 5.371612859 

0.5707744966 6.724750813 
0.9935263698 6.751656746 

1.114287736 6.944842992 
0.9935263698 6.751656746 

5.120302053 7.376908178 
5.757454551 7.088356801 

5.120302053 7.376908178 
4.908324137 6.935934494 

4.759229549 6.796295982 
4.908324137 6.935934494 

7.64858092 6.580629918 
7.502140786 6.797056618 

3.051445667 8.711314767 
3.194390624 8.499810309 

7.000165949 6.25554865 
6.701732618 6.608333439 

1.820417503 1.281951668 
1.911427385 1.581013056 

2.301718389 1.453258015 
2.395058901 1.641945821 

2.462938365 1.820755526 
2.395058901 1.641945821 

3.404384779 7.350473313 
3.278748461 7.090128665 

2.964692207 7.095520844 
3.278748461 7.090128665 

2.1448267 2.390105946 
2.177329705 2.148802796 

1.520137922 2.212006127 
1.670581121 2.313173431 

6.06814268 7.121166291 
6.258256883 6.8950577 

6.228511515 6.648752439 
6.258256883 6.8950577 

5.930796312 6.806133176 
6.258256883 6.8950577 

2.478075397 7.117297361 
2.361452672 7.351409039 

2.600326411 7.527609933 
2.361452672 7.351409039 

2.213242755 9.188965185 
2.122797941 8.795651107 

2.087142637 8.454349774 
2.122797941 8.795651107 

7.008042419 7.005605512 
6.808666175 6.823316369 

6.552289172 6.774723116 
6.808666175 6.823316369 

2.385479764 7.720211776 
2.415399887 8.04932365 

2.33820441 8.310847674 
2.415399887 8.04932365 

7.123719583 7.722711257 
6.886912737 7.765499881 

3.831598894 0.8184141617 
3.594568763 0.7398590886 

4.444848876 2.705726257 
4.724427509 2.455358111 

4.97445148 5.511731856 
5.010323794 5.771486923 

2.922665663 2.06682874 
3.086334227 2.319705742 

3.730509047 2.650940457 
3.41664857 2.467393402 

3.086334227 2.319705742 
3.41664857 2.467393402 

4.315082619 6.627151758 
4.167291262 6.350313295 

0.5707744966 6.724750813 
0.9695043334 6.573124379 

1.201965311 6.343428917 
0.9695043334 6.573124379 

2.176790689 7.422957052 
2.361452672 7.351409039 

2.041743292 0.7910779595 
2.236791343 0.812036527 

2.372506213 0.84667078 
2.236791343 0.812036527 

0.6801621925 7.622623154 
0.5629895977 7.451461871 

7.000165949 6.25554865 
7.152337262 6.222343187 

7.292231644 6.119546251 
7.152337262 6.222343187 

4.408519245 7.603920954 
4.325036983 7.183146644 

4.325036983 7.183146644 
4.648503352 7.305500493 

4.841415615 7.473694886 
4.648503352 7.305500493 

6.138725541 5.709952294 
6.243873587 6.039994983 

6.952277527 6.598171593 
6.808666175 6.823316369 

1.83910235 7.620366526 
1.684502558 7.431479982 

1.682005777 7.194660841 
1.684502558 7.431479982 

1.845267898 8.838899605 
2.122797941 8.795651107 

6.336991512 8.02124516 
5.661091407 7.933543476 

5.087105577 7.968524618 
5.661091407 7.933543476 

4.395034203 2.235219935 
4.198932625 2.006892694 

7.03192875 5.266049413 
7.033265301 5.4243174 

7.044688146 5.558061019 
7.033265301 5.4243174 

3.010549762 7.731258608 
2.600326411 7.527609933 

5.661091407 7.933543476 
5.546664661 7.723649654 

1.095216696 8.036360719 
1.229248765 7.922385097 

0.4516937319 8.190071426 
0.7009298542 7.994346754 

3.730509047 2.650940457 
3.566164946 2.155531873 

1.849712762 2.692984811 
2.004397489 2.542303452 

2.1448267 2.390105946 
2.004397489 2.542303452 

3.010549762 7.731258608 
2.415399887 8.04932365 

4.458831885 1.25526172 
3.902258969 1.517889067 

3.010549762 7.731258608 
2.574352537 7.952603221 

2.041882835 8.023439523 
2.574352537 7.952603221 

5.71587832 4.863991459 
5.506808583 4.76684233 

5.155481195 4.865649794 
5.506808583 4.76684233 

5.757454551 7.088356801 
5.605505669 6.972186816 

5.930796312 6.806133176 
5.605505669 6.972186816 

3.104749354 8.342889534 
3.194390624 8.499810309 

5.97635239 6.527596401 
5.977896313 6.343862348 

5.855167185 6.116962413 
5.977896313 6.343862348 

4.578858377 1.785264031 
4.198932625 2.006892694 

3.994369659 3.852588463 
3.782921058 3.824055502 

3.416861094 3.792776617 
3.782921058 3.824055502 

2.613379503 9.335570546 
2.532839744 8.861755087 

2.526353238 8.608504344 
2.532839744 8.861755087 

3.341472725 0.4802923606 
3.344518991 0.6744176981 

3.382680569 0.8930933388 
3.344518991 0.6744176981 

5.087105577 7.968524618 
4.841415615 7.473694886 

3.556150123 3.299574055 
3.731087099 3.24802503 

3.795916882 3.078970737 
3.731087099 3.24802503 

2.682695622 3.607944145 
2.364244211 3.40966853 

2.682695622 3.607944145 
2.663669871 3.220725277 

2.638208121 2.696692839 
2.663669871 3.220725277 

2.177329705 2.148802796 
2.624771768 2.11077442 

4.359695141 5.973971427 
4.758802087 6.283230216 

5.102002953 6.571397683 
4.758802087 6.283230216 

1.858011091 6.296051536 
1.517507522 6.654358799 

2.041882835 8.023439523 
2.415399887 8.04932365 

1.858011091 6.296051536 
1.904183666 6.181225002 

1.808231994 5.977629711 
1.904183666 6.181225002 

6.211869713 7.405641151 
5.781259811 7.481576812 

2.114899809 7.666219634 
2.252578483 7.472440394 

2.478075397 7.117297361 
2.252578483 7.472440394 

3.194390624 8.499810309 
3.340745997 8.411235886 

2.412151134 2.420433462 
2.439286022 2.198190841 

2.624771768 2.11077442 
2.439286022 2.198190841 

1.520137922 2.212006127 
1.839693521 2.165844 

2.177329705 2.148802796 
1.839693521 2.165844 

3.730509047 2.650940457 
3.648733953 2.475632417 

3.601645431 2.290399158 
3.648733953 2.475632417 

2.176790689 7.422957052 
2.252578483 7.472440394 

6.552289172 6.774723116 
6.258256883 6.8950577 

2.82639869 6.655506398 
3.016482587 6.439088724 

3.023489073 6.266561883 
3.016482587 6.439088724 

4.911293937 2.522942962 
4.94111687 2.187880717 

4.845843053 1.890977891 
4.94111687 2.187880717 

6.952277527 6.598171593 
7.283112847 6.60118077 

7.64858092 6.580629918 
7.283112847 6.60118077 

6.211869713 7.405641151 
6.552481784 7.462276333 

6.789050166 7.424458255 
6.552481784 7.462276333 

1.646726524 7.924697729 
1.390067724 7.997025519 

1.229248765 7.922385097 
1.390067724 7.997025519 

5.599810448 5.491191318 
5.842419234 5.560128437 

6.138725541 5.709952294 
5.842419234 5.560128437 

7.502140786 6.797056618 
7.36814389 6.676185931 

7.236213828 6.625716058 
7.36814389 6.676185931 

4.458831885 1.25526172 
4.144285117 1.591280437 

3.896882898 1.848186187 
4.144285117 1.591280437 

5.977896313 6.343862348 
6.243873587 6.039994983 

1.390067724 7.997025519 
1.456290322 8.236743387 

1.808231994 5.977629711 
1.682392128 6.327301322 

1.517507522 6.654358799 
1.682392128 6.327301322 

1.053172035 7.371488796 
0.5629895977 7.451461871 

2.545041196 5.953564469 
2.684284991 6.128745296 

2.733509358 6.296986641 
2.684284991 6.128745296 

2.827091886 8.267183231 
2.33820441 8.310847674 

2.833735368 2.410669101 
2.883544726 2.257627306 

2.922665663 2.06682874 
2.883544726 2.257627306 

1.114287736 6.944842992 
1.221726464 7.233138104 

2.035747018 3.429618655 
2.192525436 3.369392075 

2.364244211 3.40966853 
2.192525436 3.369392075 

2.361452672 7.351409039 
2.252578483 7.472440394 

1.053172035 7.371488796 
1.229248765 7.922385097 

1.053172035 7.371488796 
1.094066602 7.150898837 

1.114287736 6.944842992 
1.094066602 7.150898837 

4.758802087 6.283230216 
4.633771547 6.434294059 

5.155481195 4.865649794 
4.97445148 5.511731856 

3.940399471 6.888004015 
3.87085125 7.216302024 

3.929118282 7.543253949 
3.87085125 7.216302024 

2.663669871 3.220725277 
2.435091702 3.229158841 

1.155171238 8.719756223 
0.8526278464 8.701247485 

1.999831663 6.747735477 
2.017504902 6.894175871 

2.033994828 7.049029635 
2.017504902 6.894175871 

3.416861094 3.792776617 
3.284612263 3.579326338 

3.141542967 3.37010055 
3.284612263 3.579326338 

5.155481195 4.865649794 
4.936162152 4.884882984 

4.753052126 4.756679114 
4.936162152 4.884882984 

6.151730925 4.913584353 
5.913373389 4.872389932 

5.71587832 4.863991459 
5.913373389 4.872389932 

3.382680569 0.8930933388 
3.103292802 1.2732515 

1.010521631 7.736095758 
1.053172035 7.371488796 

1.820417503 1.281951668 
2.060155171 1.348153022 

2.301718389 1.453258015 
2.060155171 1.348153022 

3.137426478 0.8320903044 
2.834510978 0.8905243674 

2.78591151 8.926176134 
2.532839744 8.861755087 

5.605505669 6.972186816 
5.610762065 6.764347305 

5.655777887 6.558690251 
5.610762065 6.764347305 

0.6999801006 8.445752537 
0.7009298542 7.994346754 

7.64858092 6.580629918 
7.480118875 6.325414361 

7.292231644 6.119546251 
7.480118875 6.325414361 

4.325036983 7.183146644 
3.940399471 6.888004015 

2.192768926 6.28652584 
1.904183666 6.181225002 

6.742835837 8.174877242 
6.866509865 7.946833811 

6.886912737 7.765499881 
6.866509865 7.946833811 

6.172046625 5.371612859 
6.151730925 4.913584353 

1.670581121 2.313173431 
1.623475265 2.428158651 

1.743250717 1.880368011 
1.839693521 2.165844 

2.827091886 8.267183231 
3.074153043 8.067951112 

1.743250717 1.880368011 
1.818475879 1.749745768 

1.911427385 1.581013056 
1.818475879 1.749745768 

5.610762065 6.764347305 
5.930796312 6.806133176 

2.972425614 1.749882997 
2.922665663 2.06682874 

4.458831885 1.25526172 
4.483177665 1.556188913 

4.578858377 1.785264031 
4.483177665 1.556188913 

2.415399887 8.04932365 
2.574352537 7.952603221 

4.458831885 1.25526172 
4.193386649 0.9922014021 

3.341472725 0.4802923606 
3.50886 0.5478591044 

3.594568763 0.7398590886 
3.50886 0.5478591044 

4.325036983 7.183146644 
4.560487124 7.003940456 

4.759229549 6.796295982 
4.560487124 7.003940456 

1.437352176 9.241988574 
1.821077185 9.205382508 

2.213242755 9.188965185 
1.821077185 9.205382508 

0.7672233884 7.255753176 
1.094066602 7.150898837 

3.648733953 2.475632417 
3.41664857 2.467393402 

3.289979381 1.97587948 
3.25092171 2.087943406 

3.198643436 2.161176326 
3.25092171 2.087943406 

1.520137922 2.212006127 
1.623475265 2.428158651 

1.924284184 8.248329447 
1.769751945 8.29025918 

1.663140646 8.361693386 
1.769751945 8.29025918 

2.834510978 0.8905243674 
2.743885209 0.7872937793 

2.569575131 0.672603875 
2.743885209 0.7872937793 

3.086334227 2.319705742 
2.883544726 2.257627306 

4.444848876 2.705726257 
4.336578871 2.851708315 

4.144287861 2.957094668 
4.336578871 2.851708315 

3.010549762 7.731258608 
3.266564619 8.072030945 

3.620272624 8.38627235 
3.266564619 8.072030945 

1.839693521 2.165844 
1.670581121 2.313173431 

3.344518991 0.6744176981 
3.50886 0.5478591044 

2.545041196 5.953564469 
2.35396503 6.030725371 

2.794430501 1.64734399 
2.395058901 1.641945821 

2.600326411 7.527609933 
2.637995351 7.30321478 

2.478075397 7.117297361 
2.637995351 7.30321478 

4.338339302 3.103907204 
4.336578871 2.851708315 

2.964692207 7.095520844 
2.957705914 6.838669615 

2.82639869 6.655506398 
2.957705914 6.838669615 

2.177329705 2.148802796 
2.439286022 2.198190841 

3.084640598 2.753643393 
2.962402218 2.788079074 

2.903261611 2.925656611 
2.962402218 2.788079074 

2.385479764 7.720211776 
2.574352537 7.952603221 

2.574352537 7.952603221 
2.827091886 8.267183231 

5.087105577 7.968524618 
5.318119357 7.797615531 

5.546664661 7.723649654 
5.318119357 7.797615531 

1.646726524 7.924697729 
2.041882835 8.023439523 

0.7672233884 7.255753176 
0.9935263698 6.751656746 

5.781259811 7.481576812 
5.740763864 7.820650799 

0.5629895977 7.451461871 
0.6846911303 7.356424321 

0.7672233884 7.255753176 
0.6846911303 7.356424321 

4.589034434 3.297641101 
4.477668445 3.132201237 

4.338339302 3.103907204 
4.477668445 3.132201237 

5.010323794 5.771486923 
5.10199207 5.916455707 

5.255958159 6.026524784 
5.10199207 5.916455707 

2.613379503 9.335570546 
2.683096672 9.110894561 

2.78591151 8.926176134 
2.683096672 9.110894561 

6.808666175 6.823316369 
6.701732618 6.608333439 

3.929118282 7.543253949 
4.16099139 7.599118537 

4.408519245 7.603920954 
4.16099139 7.599118537 

3.382356859 1.806087781 
3.463627716 1.735193271 

3.535093646 1.703780735 
3.463627716 1.735193271 

1.911427385 1.581013056 
2.060155171 1.348153022 

3.382680569 0.8930933388 
3.594568763 0.7398590886 

6.172046625 5.371612859 
6.294101344 5.30484133 

6.424672202 5.242670513 
6.294101344 5.30484133 

0.8526278464 8.701247485 
0.7701433864 8.590165264 

0.6999801006 8.445752537 
0.7701433864 8.590165264 

2.972425614 1.749882997 
3.044308508 1.505893956 

5.781259811 7.481576812 
5.4451117 7.695823306 

5.087105577 7.968524618 
5.4451117 7.695823306 

7.152337262 6.222343187 
7.283112847 6.60118077 

2.35396503 6.030725371 
2.266580823 6.137208388 

2.192768926 6.28652584 
2.266580823 6.137208388 

6.895077986 5.985743843 
7.044688146 5.558061019 

2.114899809 7.666219634 
2.025431391 7.596934531 

1.951666526 7.484108324 
2.025431391 7.596934531 

0.5707744966 6.724750813 
0.9283434179 6.966066812 

1.221726464 7.233138104 
0.9283434179 6.966066812 

7.306771763 5.633472394 
7.093993661 5.804775489 

6.895077986 5.985743843 
7.093993661 5.804775489 

3.620272624 8.38627235 
3.929118282 7.543253949 

3.620272624 8.38627235 
3.473962131 8.383822657 

3.340745997 8.411235886 
3.473962131 8.383822657 

2.385479764 7.720211776 
2.252578483 7.472440394 

3.831598894 0.8184141617 
4.073160115 0.7746453969 

4.144285117 1.591280437 
3.902258969 1.517889067 

5.842419234 5.560128437 
6.172046625 5.371612859 

1.456290322 8.236743387 
1.563316142 8.418618216 

1.673376224 8.599423203 
1.563316142 8.418618216 

3.051445667 8.711314767 
2.912166585 8.493764502 

2.827091886 8.267183231 
2.912166585 8.493764502 

5.120302053 7.376908178 
5.318119357 7.797615531 

4.073160115 0.7746453969 
4.13646585 0.9048345112 

4.193386649 0.9922014021 
4.13646585 0.9048345112 

2.912166585 8.493764502 
2.526353238 8.608504344 

6.701732618 6.608333439 
6.621424407 6.691793312 

6.552289172 6.774723116 
6.621424407 6.691793312 

5.325725641 5.586397665 
5.10199207 5.916455707 

2.624771768 2.11077442 
2.922665663 2.06682874 

0.7009298542 7.994346754 
0.6801621925 7.622623154 

6.742835837 8.174877242 
6.951323409 7.936532999 

7.123719583 7.722711257 
6.951323409 7.936532999 

6.951323409 7.936532999 
6.866509865 7.946833811 

5.845905038 6.478914886 
5.921861764 6.507453212 

5.97635239 6.527596401 
5.921861764 6.507453212 

0.7009298542 7.994346754 
0.8503016137 7.881615698 

1.010521631 7.736095758 
0.8503016137 7.881615698 

0.9283434179 6.966066812 
1.114287736 6.944842992 

4.483177665 1.556188913 
4.31330824 1.572436134 

4.144285117 1.591280437 
4.31330824 1.572436134 

4.198932625 2.006892694 
4.051171503 1.924735122 

3.896882898 1.848186187 
4.051171503 1.924735122 

1.536645503 2.594283879 
1.567235513 2.499528775 

1.623475265 2.428158651 
1.567235513 2.499528775 

5.977896313 6.343862348 
5.845905038 6.478914886 

3.416861094 3.792776617 
3.19802435 3.628979777 

2.974611838 3.442879117 
3.19802435 3.628979777 

2.624771768 2.11077442 
2.883544726 2.257627306 

5.194450318 6.308111254 
4.976626203 6.295670735 

4.758802087 6.283230216 
4.976626203 6.295670735 

4.97445148 5.511731856 
5.150088561 5.54906476 

5.325725641 5.586397665 
5.150088561 5.54906476 

1.682392128 6.327301322 
1.858011091 6.296051536 

3.044308508 1.505893956 
2.794430501 1.64734399 

2.964692207 7.095520844 
2.637995351 7.30321478 

2.82639869 6.655506398 
2.779954024 6.47624652 

2.733509358 6.296986641 
2.779954024 6.47624652 

4.325036983 7.183146644 
3.87085125 7.216302024 

1.201965311 6.343428917 
1.105040526 6.582697864 

0.9935263698 6.751656746 
1.105040526 6.582697864 

1.517507522 6.654358799 
1.114287736 6.944842992 

3.103292802 1.2732515 
3.073468414 1.38293676 

3.044308508 1.505893956 
3.073468414 1.38293676 

1.201965311 6.343428917 
1.359736417 6.498893858 

1.517507522 6.654358799 
1.359736417 6.498893858 

