5.06167566 7.993742994 
5.079206369 6.527581762 

1.475264904 8.226963688 
1.649576645 7.917193654 

2.540186628 5.963385883 
2.383014824 7.740494972 

3.143943955 0.8243776312 
2.979450574 1.759910231 

5.995989573 6.538644674 
6.233000676 6.584986722 

6.264428601 8.081555337 
6.716816139 8.21403691 

7.314845206 5.641403378 
7.640765058 6.581497894 

2.859378828 2.437867898 
2.979450574 1.759910231 

2.979450574 1.759910231 
3.57200432 1.68589148 

2.383014824 7.740494972 
2.992662874 7.733690167 

6.233000676 6.584986722 
5.945496854 6.806950699 

3.87256861 7.617589096 
2.992662874 7.733690167 

1.805209037 1.287968017 
2.540323765 1.843051442 

4.417560467 2.688599595 
4.589034434 3.297641101 

2.03476037 7.989086864 
2.128885682 7.667770524 

5.079206369 6.527581762 
4.761443578 6.795398956 

3.553278416 2.109886003 
3.166981758 2.761543474 

2.761336378 8.892362836 
3.146811579 8.779644602 

3.553278416 2.109886003 
3.57200432 1.68589148 

2.03476037 7.989086864 
1.930988112 8.249762465 

4.753517538 4.758921569 
4.471534652 4.504793822 

2.540323765 1.843051442 
2.438176836 2.406563183 

6.558802162 6.757540047 
6.233000676 6.584986722 

4.761443578 6.795398956 
3.87256861 7.617589096 

3.553278416 2.109886003 
3.822517338 3.052298091 

5.684557756 4.911833281 
5.598137913 5.484535303 

4.417560467 2.688599595 
3.553278416 2.109886003 

2.979450574 1.759910231 
3.285277486 1.952193141 

7.314845206 5.641403378 
6.524523932 6.323055969 

6.233000676 6.584986722 
6.524523932 6.323055969 

6.558802162 6.757540047 
6.524523932 6.323055969 

1.649576645 7.917193654 
1.678258604 7.137410921 

2.03476037 7.989086864 
2.04556777 8.449257868 

5.945496854 6.806950699 
5.995989573 6.538644674 

4.840224842 1.827773353 
4.383280009 2.218371855 

6.431075932 5.269346474 
6.892366692 5.990100107 

6.431075932 5.269346474 
6.524523932 6.323055969 

2.859378828 2.437867898 
3.070241627 2.332791568 

2.859378828 2.437867898 
3.166981758 2.761543474 

6.892366692 5.990100107 
6.524523932 6.323055969 

5.715482984 7.420839743 
5.542795811 7.7180539 

2.761336378 8.892362836 
2.04556777 8.449257868 

3.070241627 2.332791568 
3.285277486 1.952193141 

2.03476037 7.989086864 
2.383014824 7.740494972 

2.979450574 1.759910231 
2.658240465 2.154702008 

0.7688353111 7.259412515 
0.5707744966 6.724750813 

1.678258604 7.137410921 
1.303782499 7.28388463 

5.079206369 6.527581762 
5.586082413 6.529047286 

5.945496854 6.806950699 
5.586082413 6.529047286 

2.949392267 7.091067199 
2.383014824 7.740494972 

1.99444999 3.400656854 
1.824510114 2.725492575 

2.859378828 2.437867898 
2.658240465 2.154702008 

1.363896437 9.229462231 
1.475264904 8.226963688 

2.04556777 8.449257868 
1.930988112 8.249762465 

2.383014824 7.740494972 
2.128885682 7.667770524 

2.151750914 7.179506012 
2.472794635 7.15114051 

1.930988112 8.249762465 
1.657467292 8.575320151 

2.151750914 7.179506012 
1.678258604 7.137410921 

3.833245724 0.8298247562 
3.72878319 1.441465983 

3.57200432 1.68589148 
3.72878319 1.441465983 

7.640765058 6.581497894 
7.010523028 7.002259427 

6.233000676 6.584986722 
6.709750044 6.584977877 

6.709750044 6.584977877 
6.524523932 6.323055969 

3.822517338 3.052298091 
4.148437413 2.957303431 

0.4118302741 8.201288912 
1.229285989 7.928207289 

1.475264904 8.226963688 
1.229285989 7.928207289 

1.930988112 8.249762465 
1.649576645 7.917193654 

3.133620352 3.346957214 
2.651417064 2.738171347 

1.99444999 3.400656854 
2.70879051 3.622572665 

2.438176836 2.406563183 
2.859378828 2.437867898 

2.128885682 7.667770524 
1.837505082 7.65316997 

1.649576645 7.917193654 
1.837505082 7.65316997 

2.151750914 7.179506012 
1.53964421 6.725800516 

3.833245724 0.8298247562 
3.84631765 1.862492449 

6.431075932 5.269346474 
6.650067403 5.650746317 

0.4118302741 8.201288912 
0.6743458389 7.611891281 

4.417560467 2.688599595 
4.90957367 2.517998784 

2.04556777 8.449257868 
1.851665631 8.828518959 

2.252425248 6.340356479 
1.995398567 6.744994674 

4.329494925 5.975850958 
5.312778429 6.039520331 

1.995398567 6.744994674 
1.53964421 6.725800516 

6.035872474 7.11352855 
5.945496854 6.806950699 

7.640765058 6.581497894 
6.989407679 6.261311117 

6.524523932 6.323055969 
6.989407679 6.261311117 

3.223928722 2.176232934 
3.070241627 2.332791568 

3.84631765 1.862492449 
3.57200432 1.68589148 

2.761336378 8.892362836 
2.545385166 8.641189357 

4.204096646 4.166876598 
3.99281513 3.853806982 

4.761443578 6.795398956 
4.674068239 6.440428687 

2.545385166 8.641189357 
2.04556777 8.449257868 

7.200973663 7.285151617 
6.797002613 7.422920112 

2.949392267 7.091067199 
2.472794635 7.15114051 

1.363896437 9.229462231 
1.201378923 8.718502747 

5.893950736 6.107382105 
6.130241149 5.717293145 

5.312778429 6.039520331 
5.893950736 6.107382105 

1.749376911 1.882333559 
1.527086349 2.205958096 

5.06167566 7.993742994 
5.133463201 7.38306581 

3.87256861 7.617589096 
3.403186865 7.351463936 

4.471534652 4.504793822 
4.340947333 4.341108605 

4.204096646 4.166876598 
4.340947333 4.341108605 

2.651417064 2.738171347 
2.859378828 2.437867898 

2.651417064 2.738171347 
2.439981136 3.225948545 

2.383014824 7.740494972 
2.633635082 7.564746878 

6.892366692 5.990100107 
7.290036575 6.118925355 

1.678258604 7.137410921 
1.53964421 6.725800516 

5.133463201 7.38306581 
4.823319844 7.476918184 

6.035872474 7.11352855 
5.715482984 7.420839743 

2.979450574 1.759910231 
2.320573271 1.411348159 

3.133620352 3.346957214 
3.166981758 2.761543474 

1.824510114 2.725492575 
2.439981136 3.225948545 

2.540323765 1.843051442 
2.658240465 2.154702008 

3.944105247 6.888221137 
4.319265214 6.629448114 

4.674068239 6.440428687 
4.319265214 6.629448114 

1.657467292 8.575320151 
1.54254562 8.950972009 

2.820248792 8.270446047 
2.992662874 7.733690167 

6.892366692 5.990100107 
6.989407679 6.261311117 

6.431075932 5.269346474 
6.240483961 4.891537728 

2.658240465 2.154702008 
2.149068463 2.375772816 

2.149068463 2.375772816 
2.438176836 2.406563183 

5.715482984 7.420839743 
5.771925721 7.108124638 

6.035872474 7.11352855 
5.771925721 7.108124638 

0.6743458389 7.611891281 
0.9948724461 7.718883551 

1.229285989 7.928207289 
0.9948724461 7.718883551 

2.545385166 8.641189357 
3.146811579 8.779644602 

6.797002613 7.422920112 
7.010523028 7.002259427 

2.252425248 6.340356479 
1.860839022 6.306762728 

2.217991032 9.192948727 
1.851665631 8.828518959 

4.383280009 2.218371855 
4.573704312 2.381147777 

1.657467292 8.575320151 
1.851665631 8.828518959 

1.678258604 7.137410921 
1.135974023 6.950803946 

2.151750914 7.179506012 
2.17477036 7.43645916 

2.128885682 7.667770524 
2.17477036 7.43645916 

1.749376911 1.882333559 
2.149068463 2.375772816 

7.640765058 6.581497894 
7.200973663 7.285151617 

6.558802162 6.757540047 
7.23230565 6.626835623 

1.135974023 6.950803946 
0.7688353111 7.259412515 

6.797002613 7.422920112 
6.888004817 7.766497511 

2.472794635 7.15114051 
2.17477036 7.43645916 

5.079206369 6.527581762 
5.193804959 6.290756767 

5.312778429 6.039520331 
5.193804959 6.290756767 

2.539650436 0.6444586581 
2.371371835 0.8421540551 

5.542795811 7.7180539 
5.737674532 7.78101726 

6.044604728 7.877282734 
5.737674532 7.78101726 

7.23230565 6.626835623 
7.010523028 7.002259427 

3.133620352 3.346957214 
2.98504311 3.461010208 

2.70879051 3.622572665 
2.98504311 3.461010208 

2.545385166 8.641189357 
2.820248792 8.270446047 

1.649576645 7.917193654 
1.101003941 8.0386243 

1.837505082 7.65316997 
1.930045037 7.490049882 

2.17477036 7.43645916 
1.930045037 7.490049882 

2.992662874 7.733690167 
3.403186865 7.351463936 

3.553278416 2.109886003 
3.84631765 1.862492449 

2.70879051 3.622572665 
2.439981136 3.225948545 

1.749376911 1.882333559 
2.160197005 2.130898889 

2.438176836 2.406563183 
2.160197005 2.130898889 

6.650067403 5.650746317 
6.892366692 5.990100107 

4.148437413 2.957303431 
4.348236299 3.093600743 

2.217991032 9.192948727 
2.600384328 9.366788999 

3.285277486 1.952193141 
3.380428344 1.794925486 

3.649600595 8.47251666 
3.104560254 8.366912488 

2.820248792 8.270446047 
3.104560254 8.366912488 

5.715482984 7.420839743 
6.044604728 7.877282734 

3.056220157 6.209888665 
2.732373971 6.295486496 

1.201378923 8.718502747 
1.54254562 8.950972009 

1.475264904 8.226963688 
1.658916109 8.35974974 

4.674068239 6.440428687 
5.193804959 6.290756767 

3.143943955 0.8243776312 
3.381694021 0.915430977 

4.417560467 2.688599595 
4.573704312 2.381147777 

1.824510114 2.725492575 
1.537596919 2.594686081 

2.03476037 7.989086864 
2.293407397 8.301964946 

2.545385166 8.641189357 
2.293407397 8.301964946 

4.840224842 1.827773353 
4.199985233 2.001869465 

3.553278416 2.109886003 
4.199985233 2.001869465 

3.146811579 8.779644602 
3.104560254 8.366912488 

6.264428601 8.081555337 
6.188829767 7.374656758 

6.035872474 7.11352855 
6.188829767 7.374656758 

6.709750044 6.584977877 
6.927631325 6.603513773 

3.143943955 0.8243776312 
3.335543884 0.4845793449 

2.439981136 3.225948545 
2.369783584 3.412811667 

7.23230565 6.626835623 
6.927631325 6.603513773 

4.90957367 2.517998784 
4.715628289 2.471409885 

4.573704312 2.381147777 
4.715628289 2.471409885 

5.586082413 6.529047286 
5.843672325 6.480140597 

0.7688353111 7.259412515 
1.09077385 7.411780432 

1.303782499 7.28388463 
1.09077385 7.411780432 

2.540323765 1.843051442 
2.771738088 1.615153782 

2.979450574 1.759910231 
2.771738088 1.615153782 

3.87256861 7.617589096 
4.296147817 7.188167305 

1.135974023 6.950803946 
1.201723369 6.344318439 

5.06167566 7.993742994 
4.400136845 7.627634051 

2.04556777 8.449257868 
2.293407397 8.301964946 

2.151750914 7.179506012 
2.032280551 7.046922892 

0.9948724461 7.718883551 
1.101003941 8.0386243 

2.992662874 7.733690167 
3.073186564 8.064964686 

3.104560254 8.366912488 
3.073186564 8.064964686 

4.329494925 5.975850958 
4.167926078 6.349523165 

3.944105247 6.888221137 
4.167926078 6.349523165 

3.84631765 1.862492449 
3.900608649 1.539885648 

3.72878319 1.441465983 
3.900608649 1.539885648 

2.438176836 2.406563183 
2.651417064 2.738171347 

1.678258604 7.137410921 
1.930045037 7.490049882 

0.4118302741 8.201288912 
0.6975370234 8.40087375 

5.598137913 5.484535303 
5.316516304 5.605936426 

3.553278416 2.109886003 
3.60046171 2.284469188 

7.314845206 5.641403378 
6.986175149 5.612424938 

3.725466865 2.63682007 
3.822517338 3.052298091 

1.851665631 8.828518959 
1.609136584 9.054540568 

1.363896437 9.229462231 
1.609136584 9.054540568 

3.379651449 3.824195783 
3.559098463 3.2562365 

2.633635082 7.564746878 
2.17477036 7.43645916 

7.200973663 7.285151617 
7.166039882 7.721634579 

6.927631325 6.603513773 
6.558802162 6.757540047 

5.893950736 6.107382105 
6.176917156 6.039996497 

3.143943955 0.8243776312 
3.075793607 1.265461569 

3.57200432 1.68589148 
3.075793607 1.265461569 

1.658916109 8.35974974 
1.657467292 8.575320151 

6.130241149 5.717293145 
6.151088319 5.328302782 

0.5707744966 6.724750813 
0.9945350614 6.7500969 

1.135974023 6.950803946 
0.9945350614 6.7500969 

5.133463201 7.38306581 
5.771925721 7.108124638 

4.761443578 6.795398956 
4.904712091 6.917900391 

3.146811579 8.779644602 
3.214374046 8.535806564 

6.989407679 6.261311117 
6.709750044 6.584977877 

1.805209037 1.287968017 
1.911116049 1.574509165 

2.320573271 1.411348159 
2.408154374 1.629723042 

2.540323765 1.843051442 
2.408154374 1.629723042 

3.403186865 7.351463936 
3.306121304 7.057401521 

2.149068463 2.375772816 
2.160197005 2.130898889 

1.527086349 2.205958096 
1.665155668 2.29551518 

6.035872474 7.11352855 
6.282801048 6.855408645 

5.945496854 6.806950699 
6.282801048 6.855408645 

2.472794635 7.15114051 
2.355837998 7.33830126 

2.633635082 7.564746878 
2.355837998 7.33830126 

2.217991032 9.192948727 
2.120432527 8.790547501 

2.04556777 8.449257868 
2.120432527 8.790547501 

7.010523028 7.002259427 
6.779736752 6.787828696 

6.558802162 6.757540047 
6.779736752 6.787828696 

2.383014824 7.740494972 
2.354887903 8.067000747 

2.293407397 8.301964946 
2.354887903 8.067000747 

7.166039882 7.721634579 
6.888004817 7.766497511 

3.833245724 0.8298247562 
3.593386194 0.7414097957 

4.810680869 5.495014868 
4.943105202 5.799512909 

2.907712632 2.062038395 
3.070241627 2.332791568 

3.725466865 2.63682007 
3.424640754 2.499637626 

3.070241627 2.332791568 
3.424640754 2.499637626 

4.319265214 6.629448114 
4.167926078 6.349523165 

0.5707744966 6.724750813 
0.9695043334 6.573124379 

1.201723369 6.344318439 
0.9695043334 6.573124379 

2.17477036 7.43645916 
2.355837998 7.33830126 

2.044272922 0.789099242 
2.242691321 0.7449512982 

2.371371835 0.8421540551 
2.242691321 0.7449512982 

6.989407679 6.261311117 
7.152337262 6.222343187 

7.290036575 6.118925355 
7.152337262 6.222343187 

4.400136845 7.627634051 
4.296147817 7.188167305 

4.296147817 7.188167305 
4.629635247 7.286597578 

4.823319844 7.476918184 
4.629635247 7.286597578 

6.130241149 5.717293145 
6.176917156 6.039996497 

6.927631325 6.603513773 
6.779736752 6.787828696 

1.837505082 7.65316997 
1.694105756 7.472147354 

1.851665631 8.828518959 
2.120432527 8.790547501 

6.264428601 8.081555337 
5.656141682 7.938927916 

5.06167566 7.993742994 
5.656141682 7.938927916 

4.383280009 2.218371855 
4.199985233 2.001869465 

7.038191218 5.235172661 
7.031708424 5.425534922 

6.986175149 5.612424938 
7.031708424 5.425534922 

2.992662874 7.733690167 
2.633635082 7.564746878 

5.656141682 7.938927916 
5.542795811 7.7180539 

1.101003941 8.0386243 
1.229285989 7.928207289 

0.4118302741 8.201288912 
0.6977716836 7.992583336 

3.725466865 2.63682007 
3.553278416 2.109886003 

1.824510114 2.725492575 
2.002674265 2.543869762 

2.149068463 2.375772816 
2.002674265 2.543869762 

2.992662874 7.733690167 
2.354887903 8.067000747 

4.453862848 1.254984454 
3.900608649 1.539885648 

2.992662874 7.733690167 
2.54736349 7.973189603 

2.03476037 7.989086864 
2.54736349 7.973189603 

5.684557756 4.911833281 
5.50699572 4.770225911 

5.137436023 4.853314913 
5.50699572 4.770225911 

5.771925721 7.108124638 
5.582492266 6.985661077 

5.945496854 6.806950699 
5.582492266 6.985661077 

3.104560254 8.366912488 
3.214374046 8.535806564 

5.995989573 6.538644674 
6.005038854 6.342656189 

5.893950736 6.107382105 
6.005038854 6.342656189 

4.544897126 1.819763278 
4.199985233 2.001869465 

3.99281513 3.853806982 
3.770068692 3.870924137 

3.379651449 3.824195783 
3.770068692 3.870924137 

2.600384328 9.366788999 
2.566704037 8.901461592 

2.545385166 8.641189357 
2.566704037 8.901461592 

3.335543884 0.4845793449 
3.344709126 0.6740409936 

3.381694021 0.915430977 
3.344709126 0.6740409936 

3.822517338 3.052298091 
3.730935448 3.24619556 

2.70879051 3.622572665 
2.369783584 3.412811667 

2.651417064 2.738171347 
2.66392368 3.217762648 

2.160197005 2.130898889 
2.658240465 2.154702008 

4.329494925 5.975850958 
4.71594719 6.270141039 

5.079206369 6.527581762 
4.71594719 6.270141039 

1.860839022 6.306762728 
1.53964421 6.725800516 

1.860839022 6.306762728 
1.931498893 6.162601116 

1.754073204 5.9677679 
1.931498893 6.162601116 

6.188829767 7.374656758 
5.715482984 7.420839743 

2.128885682 7.667770524 
2.260142267 7.490151674 

2.472794635 7.15114051 
2.260142267 7.490151674 

3.214374046 8.535806564 
3.341846246 8.411886533 

2.438176836 2.406563183 
2.446922949 2.161729422 

2.658240465 2.154702008 
2.446922949 2.161729422 

1.527086349 2.205958096 
1.849869363 2.167817807 

2.160197005 2.130898889 
1.849869363 2.167817807 

3.725466865 2.63682007 
3.647777142 2.476525768 

3.60046171 2.284469188 
3.647777142 2.476525768 

2.17477036 7.43645916 
2.260142267 7.490151674 

6.558802162 6.757540047 
6.282801048 6.855408645 

2.832554009 6.653025852 
3.124598891 6.419641549 

4.90957367 2.517998784 
4.995250654 2.164891961 

6.927631325 6.603513773 
7.283759889 6.601141099 

7.640765058 6.581497894 
7.283759889 6.601141099 

6.188829767 7.374656758 
6.547916666 7.460282242 

6.797002613 7.422920112 
6.547916666 7.460282242 

1.649576645 7.917193654 
1.407591081 7.996328257 

1.229285989 7.928207289 
1.407591081 7.996328257 

5.598137913 5.484535303 
5.824211927 5.575469724 

6.130241149 5.717293145 
5.824211927 5.575469724 

7.50534401 6.825242866 
7.386352263 6.67039139 

7.23230565 6.626835623 
7.386352263 6.67039139 

4.453862848 1.254984454 
4.138578587 1.533458535 

3.84631765 1.862492449 
4.138578587 1.533458535 

6.005038854 6.342656189 
6.176917156 6.039996497 

1.407591081 7.996328257 
1.475264904 8.226963688 

1.53964421 6.725800516 
1.688985417 6.380162914 

1.09077385 7.411780432 
0.4877759142 7.498589236 

2.540186628 5.963385883 
2.687202372 6.129070512 

2.732373971 6.295486496 
2.687202372 6.129070512 

2.820248792 8.270446047 
2.293407397 8.301964946 

2.859378828 2.437867898 
2.875142666 2.262635274 

2.907712632 2.062038395 
2.875142666 2.262635274 

1.135974023 6.950803946 
1.303782499 7.28388463 

1.99444999 3.400656854 
2.185447798 3.34256424 

2.369783584 3.412811667 
2.185447798 3.34256424 

2.355837998 7.33830126 
2.260142267 7.490151674 

1.09077385 7.411780432 
1.229285989 7.928207289 

1.09077385 7.411780432 
1.094938257 7.153378591 

1.135974023 6.950803946 
1.094938257 7.153378591 

4.71594719 6.270141039 
4.674068239 6.440428687 

5.137436023 4.853314913 
4.810680869 5.495014868 

3.944105247 6.888221137 
3.871531889 7.219936559 

3.87256861 7.617589096 
3.871531889 7.219936559 

2.66392368 3.217762648 
2.439981136 3.225948545 

1.201378923 8.718502747 
0.8597084289 8.700857519 

1.995398567 6.744994674 
1.956464654 6.899408472 

2.032280551 7.046922892 
1.956464654 6.899408472 

3.379651449 3.824195783 
3.284220507 3.581617389 

3.133620352 3.346957214 
3.284220507 3.581617389 

5.137436023 4.853314913 
4.915679703 4.934166352 

4.753517538 4.758921569 
4.915679703 4.934166352 

5.684557756 4.911833281 
5.911075267 4.873334393 

3.381694021 0.915430977 
3.075793607 1.265461569 

0.9948724461 7.718883551 
1.09077385 7.411780432 

1.805209037 1.287968017 
2.056687508 1.348973439 

2.320573271 1.411348159 
2.056687508 1.348973439 

3.143943955 0.8243776312 
2.836460645 0.8899521111 

2.761336378 8.892362836 
2.566704037 8.901461592 

5.586082413 6.529047286 
5.615347551 6.763657895 

0.6975370234 8.40087375 
0.6977716836 7.992583336 

7.640765058 6.581497894 
7.481112545 6.326614501 

7.290036575 6.118925355 
7.481112545 6.326614501 

4.296147817 7.188167305 
3.944105247 6.888221137 

2.252425248 6.340356479 
1.931498893 6.162601116 

6.716816139 8.21403691 
6.817194943 7.951580153 

6.888004817 7.766497511 
6.817194943 7.951580153 

6.151088319 5.328302782 
6.240483961 4.891537728 

1.665155668 2.29551518 
1.622915447 2.427114313 

1.749376911 1.882333559 
1.849869363 2.167817807 

2.820248792 8.270446047 
3.073186564 8.064964686 

1.749376911 1.882333559 
1.838451806 1.739228691 

1.911116049 1.574509165 
1.838451806 1.739228691 

5.615347551 6.763657895 
5.945496854 6.806950699 

2.979450574 1.759910231 
2.907712632 2.062038395 

4.453862848 1.254984454 
4.484062467 1.562906846 

4.544897126 1.819763278 
4.484062467 1.562906846 

2.354887903 8.067000747 
2.54736349 7.973189603 

4.453862848 1.254984454 
4.257508548 0.9542253478 

3.335543884 0.4845793449 
3.506769954 0.5470555514 

3.593386194 0.7414097957 
3.506769954 0.5470555514 

4.296147817 7.188167305 
4.562100623 6.995741293 

4.761443578 6.795398956 
4.562100623 6.995741293 

1.363896437 9.229462231 
1.797193127 9.20080625 

2.217991032 9.192948727 
1.797193127 9.20080625 

0.7688353111 7.259412515 
1.094938257 7.153378591 

3.647777142 2.476525768 
3.424640754 2.499637626 

3.285277486 1.952193141 
3.237240856 2.085022655 

3.223928722 2.176232934 
3.237240856 2.085022655 

1.527086349 2.205958096 
1.622915447 2.427114313 

1.930988112 8.249762465 
1.768235851 8.290032817 

1.658916109 8.35974974 
1.768235851 8.290032817 

2.836460645 0.8899521111 
2.741941608 0.7857612834 

2.539650436 0.6444586581 
2.741941608 0.7857612834 

3.070241627 2.332791568 
2.875142666 2.262635274 

4.417560467 2.688599595 
4.312407506 2.839297308 

4.148437413 2.957303431 
4.312407506 2.839297308 

2.992662874 7.733690167 
3.274651915 8.081022257 

3.649600595 8.47251666 
3.274651915 8.081022257 

1.849869363 2.167817807 
1.665155668 2.29551518 

3.344709126 0.6740409936 
3.506769954 0.5470555514 

2.540186628 5.963385883 
2.300755241 5.956764265 

2.633635082 7.564746878 
2.68778721 7.325458097 

2.472794635 7.15114051 
2.68778721 7.325458097 

4.348236299 3.093600743 
4.312407506 2.839297308 

2.949392267 7.091067199 
2.950025311 6.825941155 

2.832554009 6.653025852 
2.950025311 6.825941155 

2.160197005 2.130898889 
2.446922949 2.161729422 

3.166981758 2.761543474 
2.991414234 2.795443294 

2.900517036 2.917562938 
2.991414234 2.795443294 

2.383014824 7.740494972 
2.54736349 7.973189603 

2.54736349 7.973189603 
2.820248792 8.270446047 

5.06167566 7.993742994 
5.242495405 7.765653938 

5.542795811 7.7180539 
5.242495405 7.765653938 

1.649576645 7.917193654 
2.03476037 7.989086864 

0.7688353111 7.259412515 
0.9945350614 6.7500969 

5.715482984 7.420839743 
5.737674532 7.78101726 

0.4877759142 7.498589236 
0.6836162514 7.353758148 

0.7688353111 7.259412515 
0.6836162514 7.353758148 

4.589034434 3.297641101 
4.47635582 3.131794145 

4.348236299 3.093600743 
4.47635582 3.131794145 

4.943105202 5.799512909 
5.098236906 5.92243347 

5.312778429 6.039520331 
5.098236906 5.92243347 

2.600384328 9.366788999 
2.682411649 9.11081566 

2.761336378 8.892362836 
2.682411649 9.11081566 

6.779736752 6.787828696 
6.709750044 6.584977877 

3.87256861 7.617589096 
4.160499724 7.601349393 

4.400136845 7.627634051 
4.160499724 7.601349393 

3.380428344 1.794925486 
3.466206085 1.73368829 

3.57200432 1.68589148 
3.466206085 1.73368829 

1.911116049 1.574509165 
2.056687508 1.348973439 

3.381694021 0.915430977 
3.593386194 0.7414097957 

6.151088319 5.328302782 
6.295859649 5.360702648 

6.431075932 5.269346474 
6.295859649 5.360702648 

0.8597084289 8.700857519 
0.7697336388 8.587973898 

0.6975370234 8.40087375 
0.7697336388 8.587973898 

2.979450574 1.759910231 
3.036677268 1.522541381 

5.715482984 7.420839743 
5.428226766 7.688893871 

5.06167566 7.993742994 
5.428226766 7.688893871 

7.152337262 6.222343187 
7.283759889 6.601141099 

2.300755241 5.956764265 
2.26698473 6.138290988 

2.252425248 6.340356479 
2.26698473 6.138290988 

6.892366692 5.990100107 
6.986175149 5.612424938 

2.128885682 7.667770524 
2.025361837 7.62077744 

1.930045037 7.490049882 
2.025361837 7.62077744 

0.5707744966 6.724750813 
0.9366786311 6.972567343 

1.303782499 7.28388463 
0.9366786311 6.972567343 

7.314845206 5.641403378 
7.094038534 5.803922052 

6.892366692 5.990100107 
7.094038534 5.803922052 

3.649600595 8.47251666 
3.471758352 8.372191435 

3.341846246 8.411886533 
3.471758352 8.372191435 

2.383014824 7.740494972 
2.260142267 7.490151674 

3.833245724 0.8298247562 
4.094575508 0.7301800577 

4.138578587 1.533458535 
3.900608649 1.539885648 

5.824211927 5.575469724 
6.151088319 5.328302782 

1.475264904 8.226963688 
1.558797959 8.418783558 

1.657467292 8.575320151 
1.558797959 8.418783558 

2.820248792 8.270446047 
2.88658812 8.504877534 

5.133463201 7.38306581 
5.242495405 7.765653938 

4.257508548 0.9542253478 
4.105830617 0.9329447558 

2.88658812 8.504877534 
2.545385166 8.641189357 

6.709750044 6.584977877 
6.629912444 6.672097964 

6.558802162 6.757540047 
6.629912444 6.672097964 

5.316516304 5.605936426 
5.098236906 5.92243347 

2.658240465 2.154702008 
2.907712632 2.062038395 

0.6977716836 7.992583336 
0.6743458389 7.611891281 

6.716816139 8.21403691 
6.963839723 7.928876112 

7.166039882 7.721634579 
6.963839723 7.928876112 

6.963839723 7.928876112 
6.817194943 7.951580153 

5.843672325 6.480140597 
5.910199516 6.518000128 

5.995989573 6.538644674 
5.910199516 6.518000128 

0.6977716836 7.992583336 
0.8508283116 7.880239674 

0.9948724461 7.718883551 
0.8508283116 7.880239674 

0.9366786311 6.972567343 
1.135974023 6.950803946 

4.484062467 1.562906846 
4.312190135 1.570852161 

4.138578587 1.533458535 
4.312190135 1.570852161 

4.199985233 2.001869465 
4.048097387 1.924582048 

3.84631765 1.862492449 
4.048097387 1.924582048 

1.537596919 2.594686081 
1.556938428 2.490323198 

1.622915447 2.427114313 
1.556938428 2.490323198 

6.005038854 6.342656189 
5.843672325 6.480140597 

3.379651449 3.824195783 
3.197235075 3.63029733 

2.98504311 3.461010208 
3.197235075 3.63029733 

2.658240465 2.154702008 
2.875142666 2.262635274 

5.193804959 6.290756767 
4.971829692 6.296208546 

4.71594719 6.270141039 
4.971829692 6.296208546 

4.810680869 5.495014868 
5.149800917 5.54119954 

5.316516304 5.605936426 
5.149800917 5.54119954 

1.688985417 6.380162914 
1.860839022 6.306762728 

3.036677268 1.522541381 
2.771738088 1.615153782 

2.949392267 7.091067199 
2.68778721 7.325458097 

2.832554009 6.653025852 
2.779954024 6.47624652 

2.732373971 6.295486496 
2.779954024 6.47624652 

4.296147817 7.188167305 
3.871531889 7.219936559 

1.201723369 6.344318439 
1.116360748 6.564494795 

0.9945350614 6.7500969 
1.116360748 6.564494795 

1.53964421 6.725800516 
1.135974023 6.950803946 

3.075793607 1.265461569 
3.053466008 1.36840207 

3.036677268 1.522541381 
3.053466008 1.36840207 

1.201723369 6.344318439 
1.362852302 6.504030051 

1.53964421 6.725800516 
1.362852302 6.504030051 

0.4877759142 7.498589236 
0.5792252817 7.562260571 

0.6743458389 7.611891281 
0.5792252817 7.562260571 

5.149800917 5.54119954 
4.943105202 5.799512909 

6.176917156 6.039996497 
6.364661703 6.164209035 

6.524523932 6.323055969 
6.364661703 6.164209035 

7.386352263 6.67039139 
7.283759889 6.601141099 

4.589034434 3.297641101 
4.750708777 2.909121724 

4.90957367 2.517998784 
4.750708777 2.909121724 

4.674068239 6.440428687 
4.971829692 6.296208546 

4.674068239 6.440428687 
4.470216671 6.202378437 

4.329494925 5.975850958 
4.470216671 6.202378437 

2.252425248 6.340356479 
2.732373971 6.295486496 

6.240483961 4.891537728 
6.052658613 4.879173456 

5.911075267 4.873334393 
6.052658613 4.879173456 

3.143943955 0.8243776312 
3.344709126 0.6740409936 

1.805209037 1.287968017 
1.928882832 1.039174208 

2.044272922 0.789099242 
1.928882832 1.039174208 

6.779736752 6.787828696 
6.629912444 6.672097964 

0.4118302741 8.201288912 
0.751765368 8.122825978 

1.101003941 8.0386243 
0.751765368 8.122825978 

2.651417064 2.738171347 
2.991414234 2.795443294 

5.582492266 6.985661077 
5.605294489 6.87791381 

5.615347551 6.763657895 
5.605294489 6.87791381 

4.544897126 1.819763278 
4.708828412 1.840450319 

4.840224842 1.827773353 
4.708828412 1.840450319 

1.363896437 9.229462231 
1.456016207 9.092041243 

1.54254562 8.950972009 
1.456016207 9.092041243 

4.904712091 6.917900391 
5.0177986 7.143168896 

5.133463201 7.38306581 
5.0177986 7.143168896 

2.566704037 8.901461592 
2.682411649 9.11081566 

4.915679703 4.934166352 
4.853163237 5.198155596 

1.797193127 9.20080625 
1.609136584 9.054540568 

7.038191218 5.235172661 
6.857018011 5.41803652 

6.650067403 5.650746317 
6.857018011 5.41803652 

4.853163237 5.198155596 
4.750666965 5.340667793 

1.201378923 8.718502747 
1.558797959 8.418783558 

6.986175149 5.612424938 
6.857018011 5.41803652 

4.094575508 0.7301800577 
4.098954879 0.8319616335 

4.105830617 0.9329447558 
4.098954879 0.8319616335 

2.446922949 2.161729422 
2.540323765 1.843051442 

2.771738088 1.615153782 
2.590196414 1.634951709 

2.408154374 1.629723042 
2.590196414 1.634951709 

3.87256861 7.617589096 
3.274651915 8.081022257 

3.87256861 7.617589096 
3.737300225 8.000523126 

3.649600595 8.47251666 
3.737300225 8.000523126 

3.223928722 2.176232934 
3.089676629 2.084973964 

2.907712632 2.062038395 
3.089676629 2.084973964 

3.089676629 2.084973964 
3.285277486 1.952193141 

5.06167566 7.993742994 
4.957061313 7.667711608 

4.823319844 7.476918184 
4.957061313 7.667711608 

4.629635247 7.286597578 
4.562100623 6.995741293 

2.540323765 1.843051442 
2.590196414 1.634951709 

3.559098463 3.2562365 
3.64132959 3.255686215 

3.730935448 3.24619556 
3.64132959 3.255686215 

3.553278416 2.109886003 
3.237240856 2.085022655 

1.694105756 7.472147354 
1.930045037 7.490049882 

2.03476037 7.989086864 
2.211310895 8.049760987 

2.354887903 8.067000747 
2.211310895 8.049760987 

6.986175149 5.612424938 
7.094038534 5.803922052 

3.306121304 7.057401521 
3.119608821 7.086919537 

2.949392267 7.091067199 
3.119608821 7.086919537 

1.837505082 7.65316997 
2.025361837 7.62077744 

3.056220157 6.209888665 
2.687202372 6.129070512 

4.995250654 2.164891961 
4.925279363 2.001984901 

4.840224842 1.827773353 
4.925279363 2.001984901 

4.71594719 6.270141039 
4.470216671 6.202378437 

1.678258604 7.137410921 
1.956464654 6.899408472 

2.217991032 9.192948727 
2.370933204 8.904604806 

2.545385166 8.641189357 
2.370933204 8.904604806 

1.678258604 7.137410921 
1.69756912 7.285473396 

1.694105756 7.472147354 
1.69756912 7.285473396 

4.138578587 1.533458535 
4.257508548 0.9542253478 

7.200973663 7.285151617 
7.110511777 7.108490764 

7.010523028 7.002259427 
7.110511777 7.108490764 

3.104560254 8.366912488 
2.88658812 8.504877534 

2.88658812 8.504877534 
2.993451778 8.636136713 

5.079206369 6.527581762 
4.971829692 6.296208546 

1.303782499 7.28388463 
1.69756912 7.285473396 

2.70879051 3.622572665 
2.676530298 3.420917032 

2.66392368 3.217762648 
2.676530298 3.420917032 

6.857018011 5.41803652 
7.031708424 5.425534922 

4.715628289 2.471409885 
4.54550594 2.58008264 

4.417560467 2.688599595 
4.54550594 2.58008264 

3.089676629 2.084973964 
3.237240856 2.085022655 

4.750666965 5.340667793 
4.779333985 5.419661226 

4.810680869 5.495014868 
4.779333985 5.419661226 

4.257508548 0.9542253478 
4.098954879 0.8319616335 

1.475264904 8.226963688 
1.768235851 8.290032817 

3.553278416 2.109886003 
3.429588133 2.02629024 

3.285277486 1.952193141 
3.429588133 2.02629024 

6.264428601 8.081555337 
6.154516665 7.979419036 

6.044604728 7.877282734 
6.154516665 7.979419036 

2.03476037 7.989086864 
1.837505082 7.65316997 

6.233000676 6.584986722 
6.250135737 6.732674097 

6.282801048 6.855408645 
6.250135737 6.732674097 

3.070241627 2.332791568 
3.089676629 2.084973964 

3.073186564 8.064964686 
3.274651915 8.081022257 

3.146811579 8.779644602 
3.070131678 8.707890657 

2.993451778 8.636136713 
3.070131678 8.707890657 

5.428226766 7.688893871 
5.542795811 7.7180539 

2.651417064 2.738171347 
2.774449979 2.828309218 

2.900517036 2.917562938 
2.774449979 2.828309218 

7.50534401 6.825242866 
7.623577739 6.726158526 

7.640765058 6.581497894 
7.623577739 6.726158526 

3.166981758 2.761543474 
3.424640754 2.499637626 

3.166981758 2.761543474 
3.108649173 2.538563157 

3.070241627 2.332791568 
3.108649173 2.538563157 

2.539650436 0.6444586581 
2.391170878 0.6947049782 

2.242691321 0.7449512982 
2.391170878 0.6947049782 

1.754073204 5.9677679 
1.721529311 6.173965407 

1.688985417 6.380162914 
1.721529311 6.173965407 

3.124598891 6.419641549 
3.090409524 6.314765107 

3.056220157 6.209888665 
3.090409524 6.314765107 

