5.062310124 7.977172654 
5.088963072 6.554620231 

1.484846523 8.18966298 
1.64856008 7.921827472 

2.532261632 5.924837706 
2.379303975 7.726032703 

3.150345955 0.8355479145 
2.977704868 1.758034912 

6.016497304 6.575967309 
6.226718928 6.598482141 

6.264428601 8.081555337 
6.716816139 8.21403691 

7.31279895 5.651224967 
7.641495693 6.56714914 

2.857865899 2.438646284 
2.977704868 1.758034912 

2.977704868 1.758034912 
3.570239129 1.68595409 

2.379303975 7.726032703 
2.990398877 7.734842726 

6.226718928 6.598482141 
5.947040469 6.803321312 

3.874393819 7.614917642 
2.990398877 7.734842726 

1.817399697 1.299620493 
2.492464598 1.857653208 

4.414225075 2.684450814 
4.589034434 3.297641101 

2.040755295 8.015127282 
2.134584004 7.70252748 

5.088963072 6.554620231 
4.76457989 6.791203773 

3.584796354 2.103551634 
3.168052375 2.755410413 

2.757762864 8.889748401 
3.146811579 8.779644602 

3.584796354 2.103551634 
3.570239129 1.68595409 

2.040755295 8.015127282 
1.933061886 8.250244965 

4.753517538 4.758921569 
4.471534652 4.504793822 

2.492464598 1.857653208 
2.439244489 2.39808264 

6.553271902 6.747970683 
6.226718928 6.598482141 

4.76457989 6.791203773 
3.874393819 7.614917642 

3.584796354 2.103551634 
3.821273225 3.043949725 

5.684557756 4.911833281 
5.597057903 5.488273863 

4.414225075 2.684450814 
3.584796354 2.103551634 

2.977704868 1.758034912 
3.285277486 1.952193141 

7.31279895 5.651224967 
6.549312832 6.339809049 

6.226718928 6.598482141 
6.549312832 6.339809049 

1.64856008 7.921827472 
1.675477263 7.144356134 

2.040755295 8.015127282 
2.071134304 8.448431751 

5.947040469 6.803321312 
6.016497304 6.575967309 

4.836516739 1.831213946 
4.351065553 2.254938594 

6.435646318 5.279896603 
6.908758159 5.974890651 

6.435646318 5.279896603 
6.549312832 6.339809049 

2.857865899 2.438646284 
3.071515346 2.333462043 

2.857865899 2.438646284 
3.168052375 2.755410413 

6.908758159 5.974890651 
6.549312832 6.339809049 

5.727432876 7.399872599 
5.544190431 7.715641601 

2.757762864 8.889748401 
2.071134304 8.448431751 

3.071515346 2.333462043 
3.285277486 1.952193141 

2.040755295 8.015127282 
2.379303975 7.726032703 

2.977704868 1.758034912 
2.654366269 2.149752327 

0.7688353111 7.259412515 
0.5730745107 6.72620953 

1.675477263 7.144356134 
1.296986908 7.337044868 

5.088963072 6.554620231 
5.584843965 6.531161977 

5.947040469 6.803321312 
5.584843965 6.531161977 

2.947399964 7.124509802 
2.379303975 7.726032703 

2.004354854 3.496542271 
1.825538272 2.735929094 

2.857865899 2.438646284 
2.654366269 2.149752327 

1.3673329 9.217162773 
1.484846523 8.18966298 

2.071134304 8.448431751 
1.933061886 8.250244965 

2.379303975 7.726032703 
2.134584004 7.70252748 

2.15276987 7.178447703 
2.472782884 7.17053358 

1.933061886 8.250244965 
1.657467292 8.575320151 

2.15276987 7.178447703 
1.675477263 7.144356134 

3.834630953 0.8400026132 
3.72878319 1.441465983 

3.570239129 1.68595409 
3.72878319 1.441465983 

7.641495693 6.56714914 
7.014334273 6.999398496 

6.226718928 6.598482141 
6.705988212 6.584498951 

6.705988212 6.584498951 
6.549312832 6.339809049 

3.821273225 3.043949725 
4.148437413 2.957303431 

0.4154150653 8.196619095 
1.23236837 7.929813252 

1.484846523 8.18966298 
1.23236837 7.929813252 

1.933061886 8.250244965 
1.64856008 7.921827472 

3.130461973 3.342281064 
2.644652218 2.703763617 

2.004354854 3.496542271 
2.700434859 3.622921003 

2.439244489 2.39808264 
2.857865899 2.438646284 

2.134584004 7.70252748 
1.847390708 7.656178694 

1.64856008 7.921827472 
1.847390708 7.656178694 

2.15276987 7.178447703 
1.53964421 6.725800516 

3.834630953 0.8400026132 
3.84749235 1.867570297 

6.435646318 5.279896603 
6.652060723 5.652249246 

0.4154150653 8.196619095 
0.6827783507 7.601321568 

4.414225075 2.684450814 
4.90957367 2.517998784 

2.071134304 8.448431751 
1.853550142 8.826287588 

2.252425248 6.340356479 
1.995398567 6.744994674 

4.337039 5.976612264 
5.370059925 6.052180313 

1.995398567 6.744994674 
1.53964421 6.725800516 

6.037781386 7.109377325 
5.947040469 6.803321312 

7.641495693 6.56714914 
6.991189006 6.261559181 

6.549312832 6.339809049 
6.991189006 6.261559181 

3.24928553 2.191604646 
3.071515346 2.333462043 

3.84749235 1.867570297 
3.570239129 1.68595409 

2.757762864 8.889748401 
2.54380132 8.63779719 

4.204096646 4.166876598 
3.99281513 3.853806982 

4.76457989 6.791203773 
4.655503767 6.445476839 

2.54380132 8.63779719 
2.071134304 8.448431751 

7.203642204 7.280593333 
6.797002613 7.422920112 

2.947399964 7.124509802 
2.472782884 7.17053358 

1.3673329 9.217162773 
1.201378923 8.718502747 

5.880277416 6.096086941 
6.127173925 5.718574566 

5.370059925 6.052180313 
5.880277416 6.096086941 

5.062310124 7.977172654 
5.131972722 7.381213316 

3.874393819 7.614917642 
3.403186865 7.351463936 

4.471534652 4.504793822 
4.340947333 4.341108605 

4.204096646 4.166876598 
4.340947333 4.341108605 

2.644652218 2.703763617 
2.857865899 2.438646284 

2.644652218 2.703763617 
2.440984592 3.221998448 

2.379303975 7.726032703 
2.614486473 7.570217528 

6.908758159 5.974890651 
7.290026878 6.11719324 

1.675477263 7.144356134 
1.53964421 6.725800516 

5.131972722 7.381213316 
4.823319844 7.476918184 

6.037781386 7.109377325 
5.727432876 7.399872599 

2.977704868 1.758034912 
2.320573271 1.411348159 

3.130461973 3.342281064 
3.168052375 2.755410413 

1.825538272 2.735929094 
2.440984592 3.221998448 

2.492464598 1.857653208 
2.654366269 2.149752327 

3.912287038 6.850436339 
4.317617522 6.628841353 

4.655503767 6.445476839 
4.317617522 6.628841353 

1.657467292 8.575320151 
1.54254562 8.950972009 

2.819151584 8.27129593 
2.990398877 7.734842726 

6.908758159 5.974890651 
6.991189006 6.261559181 

6.435646318 5.279896603 
6.239177462 4.890900354 

2.654366269 2.149752327 
2.149068463 2.375772816 

2.149068463 2.375772816 
2.439244489 2.39808264 

5.727432876 7.399872599 
5.769931832 7.108942295 

6.037781386 7.109377325 
5.769931832 7.108942295 

0.6827783507 7.601321568 
1.006076942 7.706502814 

1.23236837 7.929813252 
1.006076942 7.706502814 

2.54380132 8.63779719 
3.146811579 8.779644602 

6.797002613 7.422920112 
7.014334273 6.999398496 

2.252425248 6.340356479 
1.860839022 6.306762728 

2.221630949 9.197995354 
1.853550142 8.826287588 

4.351065553 2.254938594 
4.571595333 2.381268124 

1.657467292 8.575320151 
1.853550142 8.826287588 

1.675477263 7.144356134 
1.136708146 6.956797642 

2.15276987 7.178447703 
2.177774164 7.443830568 

2.134584004 7.70252748 
2.177774164 7.443830568 

1.746357702 1.884815291 
2.149068463 2.375772816 

7.641495693 6.56714914 
7.203642204 7.280593333 

6.553271902 6.747970683 
7.228185406 6.627414935 

1.136708146 6.956797642 
0.7688353111 7.259412515 

6.797002613 7.422920112 
6.888004817 7.766497511 

2.472782884 7.17053358 
2.177774164 7.443830568 

5.088963072 6.554620231 
5.19159118 6.294433618 

5.370059925 6.052180313 
5.19159118 6.294433618 

5.544190431 7.715641601 
5.73789988 7.778227181 

6.042988495 7.873915062 
5.73789988 7.778227181 

7.228185406 6.627414935 
7.014334273 6.999398496 

3.130461973 3.342281064 
2.98504311 3.461010208 

2.700434859 3.622921003 
2.98504311 3.461010208 

2.54380132 8.63779719 
2.819151584 8.27129593 

1.64856008 7.921827472 
1.098446716 8.036518553 

1.847390708 7.656178694 
1.931984983 7.503758644 

2.177774164 7.443830568 
1.931984983 7.503758644 

2.990398877 7.734842726 
3.403186865 7.351463936 

3.584796354 2.103551634 
3.84749235 1.867570297 

2.700434859 3.622921003 
2.440984592 3.221998448 

1.746357702 1.884815291 
2.160197005 2.130898889 

2.439244489 2.39808264 
2.160197005 2.130898889 

6.652060723 5.652249246 
6.908758159 5.974890651 

4.148437413 2.957303431 
4.348236299 3.093600743 

2.221630949 9.197995354 
2.608272353 9.388346484 

3.285277486 1.952193141 
3.380428344 1.794925486 

3.649600595 8.47251666 
3.102595549 8.365967028 

2.819151584 8.27129593 
3.102595549 8.365967028 

5.727432876 7.399872599 
6.042988495 7.873915062 

3.056220157 6.209888665 
2.732373971 6.295486496 

1.201378923 8.718502747 
1.54254562 8.950972009 

1.484846523 8.18966298 
1.657097794 8.35695792 

4.655503767 6.445476839 
5.19159118 6.294433618 

3.150345955 0.8355479145 
3.414484105 1.002046871 

4.414225075 2.684450814 
4.571595333 2.381268124 

1.825538272 2.735929094 
1.555566955 2.601580715 

2.040755295 8.015127282 
2.312080474 8.316753999 

2.54380132 8.63779719 
2.312080474 8.316753999 

4.836516739 1.831213946 
4.19955719 2.003785348 

3.584796354 2.103551634 
4.19955719 2.003785348 

3.146811579 8.779644602 
3.102595549 8.365967028 

6.264428601 8.081555337 
6.186348183 7.374304842 

6.037781386 7.109377325 
6.186348183 7.374304842 

6.705988212 6.584498951 
6.925339126 6.604233016 

3.150345955 0.8355479145 
3.335543884 0.4845793449 

2.440984592 3.221998448 
2.369783584 3.412811667 

7.228185406 6.627414935 
6.925339126 6.604233016 

4.90957367 2.517998784 
4.714839555 2.472224136 

4.571595333 2.381268124 
4.714839555 2.472224136 

5.584843965 6.531161977 
5.852178107 6.453716525 

0.7688353111 7.259412515 
1.09293168 7.413634424 

1.296986908 7.337044868 
1.09293168 7.413634424 

2.492464598 1.857653208 
2.749989263 1.585805718 

2.977704868 1.758034912 
2.749989263 1.585805718 

3.874393819 7.614917642 
4.269315219 7.18204806 

1.136708146 6.956797642 
1.201723369 6.344318439 

5.062310124 7.977172654 
4.398796644 7.624902328 

2.071134304 8.448431751 
2.312080474 8.316753999 

2.15276987 7.178447703 
2.030235332 7.029737383 

1.006076942 7.706502814 
1.098446716 8.036518553 

2.990398877 7.734842726 
3.072972051 8.06263725 

3.102595549 8.365967028 
3.072972051 8.06263725 

4.337039 5.976612264 
4.165595103 6.351580894 

3.912287038 6.850436339 
4.165595103 6.351580894 

3.84749235 1.867570297 
3.90253908 1.541332921 

3.72878319 1.441465983 
3.90253908 1.541332921 

2.439244489 2.39808264 
2.644652218 2.703763617 

1.675477263 7.144356134 
1.931984983 7.503758644 

0.4154150653 8.196619095 
0.6975370234 8.40087375 

5.597057903 5.488273863 
5.327834331 5.653341493 

3.584796354 2.103551634 
3.601003071 2.283211985 

7.31279895 5.651224967 
6.986151823 5.614157795 

3.729447162 2.633239485 
3.821273225 3.043949725 

1.853550142 8.826287588 
1.609411197 9.05649857 

1.3673329 9.217162773 
1.609411197 9.05649857 

3.379651449 3.824195783 
3.559098463 3.2562365 

2.614486473 7.570217528 
2.177774164 7.443830568 

7.203642204 7.280593333 
7.166039882 7.721634579 

6.925339126 6.604233016 
6.553271902 6.747970683 

5.880277416 6.096086941 
6.174509228 6.041870733 

3.150345955 0.8355479145 
3.089487644 1.269943369 

3.570239129 1.68595409 
3.089487644 1.269943369 

1.657097794 8.35695792 
1.657467292 8.575320151 

6.127173925 5.718574566 
6.149706958 5.329959471 

0.5730745107 6.72620953 
0.9945350614 6.7500969 

1.136708146 6.956797642 
0.9945350614 6.7500969 

5.131972722 7.381213316 
5.769931832 7.108942295 

4.76457989 6.791203773 
4.904594119 6.91883889 

3.146811579 8.779644602 
3.214374046 8.535806564 

6.991189006 6.261559181 
6.705988212 6.584498951 

1.817399697 1.299620493 
1.917682332 1.554760829 

2.320573271 1.411348159 
2.408754772 1.634166398 

2.492464598 1.857653208 
2.408754772 1.634166398 

3.403186865 7.351463936 
3.306121304 7.057401521 

2.149068463 2.375772816 
2.160197005 2.130898889 

1.471394451 2.225024721 
1.662427534 2.296309637 

6.037781386 7.109377325 
6.314332465 6.84080701 

5.947040469 6.803321312 
6.314332465 6.84080701 

2.472782884 7.17053358 
2.360035743 7.35365839 

2.614486473 7.570217528 
2.360035743 7.35365839 

2.221630949 9.197995354 
2.120704437 8.788543958 

2.071134304 8.448431751 
2.120704437 8.788543958 

7.014334273 6.999398496 
6.777596326 6.78649427 

6.553271902 6.747970683 
6.777596326 6.78649427 

2.379303975 7.726032703 
2.355154684 8.068863889 

2.312080474 8.316753999 
2.355154684 8.068863889 

7.166039882 7.721634579 
6.888004817 7.766497511 

3.834630953 0.8400026132 
3.589698304 0.7491049697 

4.813853417 5.5190788 
4.942405833 5.798407838 

2.907712632 2.062038395 
3.071515346 2.333462043 

3.729447162 2.633239485 
3.426570127 2.500434215 

3.071515346 2.333462043 
3.426570127 2.500434215 

4.317617522 6.628841353 
4.165595103 6.351580894 

0.5730745107 6.72620953 
0.9695043334 6.573124379 

1.201723369 6.344318439 
0.9695043334 6.573124379 

2.177774164 7.443830568 
2.360035743 7.35365839 

2.044272922 0.789099242 
2.242691321 0.7449512982 

2.373210016 0.8384227907 
2.242691321 0.7449512982 

6.991189006 6.261559181 
7.152337262 6.222343187 

7.290026878 6.11719324 
7.152337262 6.222343187 

4.398796644 7.624902328 
4.269315219 7.18204806 

4.269315219 7.18204806 
4.626918056 7.285912073 

4.823319844 7.476918184 
4.626918056 7.285912073 

6.127173925 5.718574566 
6.174509228 6.041870733 

6.925339126 6.604233016 
6.777596326 6.78649427 

1.847390708 7.656178694 
1.715146428 7.470524837 

1.853550142 8.826287588 
2.120704437 8.788543958 

6.264428601 8.081555337 
5.656141682 7.938927916 

5.062310124 7.977172654 
5.656141682 7.938927916 

7.038191218 5.235172661 
7.031708424 5.425534922 

6.986151823 5.614157795 
7.031708424 5.425534922 

2.990398877 7.734842726 
2.614486473 7.570217528 

5.656141682 7.938927916 
5.544190431 7.715641601 

1.098446716 8.036518553 
1.23236837 7.929813252 

0.4154150653 8.196619095 
0.697816184 7.989971311 

3.729447162 2.633239485 
3.584796354 2.103551634 

1.825538272 2.735929094 
2.002674265 2.543869762 

2.149068463 2.375772816 
2.002674265 2.543869762 

2.990398877 7.734842726 
2.355154684 8.068863889 

4.450707549 1.25788287 
3.90253908 1.541332921 

2.990398877 7.734842726 
2.544338886 7.97409782 

2.040755295 8.015127282 
2.544338886 7.97409782 

5.684557756 4.911833281 
5.50699572 4.770225911 

5.135570668 4.85788703 
5.50699572 4.770225911 

5.769931832 7.108942295 
5.554976035 6.995189662 

5.947040469 6.803321312 
5.554976035 6.995189662 

3.102595549 8.365967028 
3.214374046 8.535806564 

6.016497304 6.575967309 
6.027318111 6.345417191 

5.880277416 6.096086941 
6.027318111 6.345417191 

4.558512362 1.824675979 
4.19955719 2.003785348 

3.99281513 3.853806982 
3.770068692 3.870924137 

3.379651449 3.824195783 
3.770068692 3.870924137 

2.54380132 8.63779719 
2.56681572 8.907270946 

3.335543884 0.4845793449 
3.346935986 0.6833385253 

3.414484105 1.002046871 
3.346935986 0.6833385253 

3.821273225 3.043949725 
3.730935448 3.24619556 

2.700434859 3.622921003 
2.369783584 3.412811667 

2.644652218 2.703763617 
2.663583481 3.213861666 

2.160197005 2.130898889 
2.654366269 2.149752327 

4.337039 5.976612264 
4.719897533 6.275343884 

5.088963072 6.554620231 
4.719897533 6.275343884 

1.860839022 6.306762728 
1.53964421 6.725800516 

1.860839022 6.306762728 
1.931498893 6.162601116 

1.754073204 5.9677679 
1.931498893 6.162601116 

6.186348183 7.374304842 
5.727432876 7.399872599 

2.134584004 7.70252748 
2.254033614 7.49529047 

2.472782884 7.17053358 
2.254033614 7.49529047 

3.214374046 8.535806564 
3.341846246 8.411886533 

2.439244489 2.39808264 
2.446829692 2.156654005 

2.654366269 2.149752327 
2.446829692 2.156654005 

1.471394451 2.225024721 
1.846247199 2.168586633 

2.160197005 2.130898889 
1.846247199 2.168586633 

3.729447162 2.633239485 
3.648367697 2.477461027 

3.601003071 2.283211985 
3.648367697 2.477461027 

2.177774164 7.443830568 
2.254033614 7.49529047 

6.553271902 6.747970683 
6.314332465 6.84080701 

2.832554009 6.653025852 
3.124598891 6.419641549 

4.90957367 2.517998784 
4.995250654 2.164891961 

6.925339126 6.604233016 
7.285931712 6.600686878 

7.641495693 6.56714914 
7.285931712 6.600686878 

6.186348183 7.374304842 
6.547916666 7.460282242 

6.797002613 7.422920112 
6.547916666 7.460282242 

1.64856008 7.921827472 
1.400181109 8.012485673 

1.23236837 7.929813252 
1.400181109 8.012485673 

5.597057903 5.488273863 
5.843541836 5.581259326 

6.127173925 5.718574566 
5.843541836 5.581259326 

7.50534401 6.825242866 
7.386352263 6.67039139 

7.228185406 6.627414935 
7.386352263 6.67039139 

4.450707549 1.25788287 
4.131594248 1.456394508 

3.84749235 1.867570297 
4.131594248 1.456394508 

6.027318111 6.345417191 
6.174509228 6.041870733 

1.400181109 8.012485673 
1.484846523 8.18966298 

1.53964421 6.725800516 
1.688985417 6.380162914 

1.09293168 7.413634424 
0.4877759142 7.498589236 

2.532261632 5.924837706 
2.686082527 6.126919959 

2.732373971 6.295486496 
2.686082527 6.126919959 

2.819151584 8.27129593 
2.312080474 8.316753999 

2.857865899 2.438646284 
2.875142666 2.262635274 

2.907712632 2.062038395 
2.875142666 2.262635274 

1.136708146 6.956797642 
1.296986908 7.337044868 

2.369783584 3.412811667 
2.183353419 3.346262599 

2.360035743 7.35365839 
2.254033614 7.49529047 

1.09293168 7.413634424 
1.23236837 7.929813252 

1.09293168 7.413634424 
1.094938257 7.153378591 

1.136708146 6.956797642 
1.094938257 7.153378591 

4.719897533 6.275343884 
4.655503767 6.445476839 

5.135570668 4.85788703 
4.813853417 5.5190788 

3.912287038 6.850436339 
3.87279972 7.216487983 

3.874393819 7.614917642 
3.87279972 7.216487983 

2.663583481 3.213861666 
2.440984592 3.221998448 

1.201378923 8.718502747 
0.8597084289 8.700857519 

1.995398567 6.744994674 
1.956858192 6.899777993 

2.030235332 7.029737383 
1.956858192 6.899777993 

3.379651449 3.824195783 
3.284220507 3.581617389 

3.130461973 3.342281064 
3.284220507 3.581617389 

5.135570668 4.85788703 
4.915679703 4.934166352 

4.753517538 4.758921569 
4.915679703 4.934166352 

5.684557756 4.911833281 
5.91174522 4.872806238 

1.006076942 7.706502814 
1.09293168 7.413634424 

1.817399697 1.299620493 
2.056011068 1.349734204 

2.320573271 1.411348159 
2.056011068 1.349734204 

3.150345955 0.8355479145 
2.836460645 0.8899521111 

2.757762864 8.889748401 
2.56681572 8.907270946 

5.584843965 6.531161977 
5.630690914 6.738865076 

0.6975370234 8.40087375 
0.697816184 7.989971311 

7.641495693 6.56714914 
7.505283675 6.271746302 

4.269315219 7.18204806 
3.912287038 6.850436339 

2.252425248 6.340356479 
1.931498893 6.162601116 

6.716816139 8.21403691 
6.817194943 7.951580153 

6.888004817 7.766497511 
6.817194943 7.951580153 

6.149706958 5.329959471 
6.239177462 4.890900354 

1.662427534 2.296309637 
1.621910613 2.426559281 

1.746357702 1.884815291 
1.846247199 2.168586633 

2.819151584 8.27129593 
3.072972051 8.06263725 

1.746357702 1.884815291 
1.83908478 1.737647923 

1.917682332 1.554760829 
1.83908478 1.737647923 

5.630690914 6.738865076 
5.947040469 6.803321312 

2.977704868 1.758034912 
2.907712632 2.062038395 

4.450707549 1.25788287 
4.504172281 1.579156879 

4.558512362 1.824675979 
4.504172281 1.579156879 

2.355154684 8.068863889 
2.544338886 7.97409782 

4.450707549 1.25788287 
4.255946636 0.9584631797 

3.335543884 0.4845793449 
3.506769954 0.5470555514 

3.589698304 0.7491049697 
3.506769954 0.5470555514 

4.269315219 7.18204806 
4.55978864 6.996800926 

4.76457989 6.791203773 
4.55978864 6.996800926 

1.3673329 9.217162773 
1.768735588 9.236819844 

2.221630949 9.197995354 
1.768735588 9.236819844 

0.7688353111 7.259412515 
1.094938257 7.153378591 

3.648367697 2.477461027 
3.426570127 2.500434215 

3.285277486 1.952193141 
3.24062605 2.085970908 

3.24928553 2.191604646 
3.24062605 2.085970908 

1.471394451 2.225024721 
1.621910613 2.426559281 

1.933061886 8.250244965 
1.765109634 8.28807509 

1.657097794 8.35695792 
1.765109634 8.28807509 

2.836460645 0.8899521111 
2.741173445 0.7789958253 

2.589361033 0.4917531359 
2.741173445 0.7789958253 

3.071515346 2.333462043 
2.875142666 2.262635274 

4.414225075 2.684450814 
4.312407506 2.839297308 

4.148437413 2.957303431 
4.312407506 2.839297308 

2.990398877 7.734842726 
3.273436687 8.080856089 

3.649600595 8.47251666 
3.273436687 8.080856089 

1.846247199 2.168586633 
1.662427534 2.296309637 

3.346935986 0.6833385253 
3.506769954 0.5470555514 

2.532261632 5.924837706 
2.301954079 5.95564755 

2.614486473 7.570217528 
2.715839026 7.331876077 

2.472782884 7.17053358 
2.715839026 7.331876077 

4.348236299 3.093600743 
4.312407506 2.839297308 

2.947399964 7.124509802 
2.95011014 6.828441726 

2.832554009 6.653025852 
2.95011014 6.828441726 

2.160197005 2.130898889 
2.446829692 2.156654005 

3.168052375 2.755410413 
2.98892957 2.766297013 

2.901043203 2.915988641 
2.98892957 2.766297013 

2.379303975 7.726032703 
2.544338886 7.97409782 

2.544338886 7.97409782 
2.819151584 8.27129593 

5.544190431 7.715641601 
5.242495405 7.765653938 

1.64856008 7.921827472 
2.040755295 8.015127282 

0.7688353111 7.259412515 
0.9945350614 6.7500969 

5.727432876 7.399872599 
5.73789988 7.778227181 

0.4877759142 7.498589236 
0.6836162514 7.353758148 

0.7688353111 7.259412515 
0.6836162514 7.353758148 

4.589034434 3.297641101 
4.47635582 3.131794145 

4.348236299 3.093600743 
4.47635582 3.131794145 

4.942405833 5.798407838 
5.104121086 5.921291196 

5.370059925 6.052180313 
5.104121086 5.921291196 

2.608272353 9.388346484 
2.68109254 9.116229298 

2.757762864 8.889748401 
2.68109254 9.116229298 

6.777596326 6.78649427 
6.705988212 6.584498951 

3.874393819 7.614917642 
4.160499724 7.601349393 

4.398796644 7.624902328 
4.160499724 7.601349393 

3.380428344 1.794925486 
3.466206085 1.73368829 

3.570239129 1.68595409 
3.466206085 1.73368829 

1.917682332 1.554760829 
2.056011068 1.349734204 

3.414484105 1.002046871 
3.589698304 0.7491049697 

6.149706958 5.329959471 
6.295859649 5.360702648 

6.435646318 5.279896603 
6.295859649 5.360702648 

0.8597084289 8.700857519 
0.7697336388 8.587973898 

0.6975370234 8.40087375 
0.7697336388 8.587973898 

2.977704868 1.758034912 
3.034255313 1.52079086 

5.727432876 7.399872599 
5.4303088 7.686656532 

5.062310124 7.977172654 
5.4303088 7.686656532 

7.152337262 6.222343187 
7.285931712 6.600686878 

2.301954079 5.95564755 
2.26698473 6.138290988 

2.252425248 6.340356479 
2.26698473 6.138290988 

6.908758159 5.974890651 
6.986151823 5.614157795 

2.134584004 7.70252748 
2.031668796 7.637030201 

1.931984983 7.503758644 
2.031668796 7.637030201 

0.5730745107 6.72620953 
0.9443198545 6.977271332 

1.296986908 7.337044868 
0.9443198545 6.977271332 

7.31279895 5.651224967 
7.093368028 5.804505927 

6.908758159 5.974890651 
7.093368028 5.804505927 

3.649600595 8.47251666 
3.471758352 8.372191435 

3.341846246 8.411886533 
3.471758352 8.372191435 

2.379303975 7.726032703 
2.254033614 7.49529047 

3.834630953 0.8400026132 
4.087854251 0.6642586008 

5.843541836 5.581259326 
6.149706958 5.329959471 

1.484846523 8.18966298 
1.558177457 8.415285457 

1.657467292 8.575320151 
1.558177457 8.415285457 

2.819151584 8.27129593 
2.871142692 8.50810989 

5.131972722 7.381213316 
5.242495405 7.765653938 

4.255946636 0.9584631797 
4.105830617 0.9329447558 

2.871142692 8.50810989 
2.54380132 8.63779719 

6.705988212 6.584498951 
6.634671804 6.66382033 

6.553271902 6.747970683 
6.634671804 6.66382033 

5.327834331 5.653341493 
5.104121086 5.921291196 

2.654366269 2.149752327 
2.907712632 2.062038395 

0.697816184 7.989971311 
0.6827783507 7.601321568 

6.716816139 8.21403691 
6.963839723 7.928876112 

7.166039882 7.721634579 
6.963839723 7.928876112 

6.963839723 7.928876112 
6.817194943 7.951580153 

5.852178107 6.453716525 
5.920595707 6.517096269 

6.016497304 6.575967309 
5.920595707 6.517096269 

0.697816184 7.989971311 
0.8520704258 7.878923391 

1.006076942 7.706502814 
0.8520704258 7.878923391 

0.9443198545 6.977271332 
1.136708146 6.956797642 

4.504172281 1.579156879 
4.311569675 1.568099004 

4.131594248 1.456394508 
4.311569675 1.568099004 

4.19955719 2.003785348 
4.045562135 1.924206927 

3.84749235 1.867570297 
4.045562135 1.924206927 

1.555566955 2.601580715 
1.557792635 2.490786194 

1.621910613 2.426559281 
1.557792635 2.490786194 

6.027318111 6.345417191 
5.852178107 6.453716525 

3.379651449 3.824195783 
3.197235075 3.63029733 

2.98504311 3.461010208 
3.197235075 3.63029733 

2.654366269 2.149752327 
2.875142666 2.262635274 

5.19159118 6.294433618 
4.97120173 6.300944985 

4.719897533 6.275343884 
4.97120173 6.300944985 

4.813853417 5.5190788 
5.150255297 5.543988968 

5.327834331 5.653341493 
5.150255297 5.543988968 

1.688985417 6.380162914 
1.860839022 6.306762728 

3.034255313 1.52079086 
2.749989263 1.585805718 

2.947399964 7.124509802 
2.715839026 7.331876077 

2.832554009 6.653025852 
2.779954024 6.47624652 

2.732373971 6.295486496 
2.779954024 6.47624652 

4.269315219 7.18204806 
3.87279972 7.216487983 

1.201723369 6.344318439 
1.116360748 6.564494795 

0.9945350614 6.7500969 
1.116360748 6.564494795 

1.53964421 6.725800516 
1.136708146 6.956797642 

3.089487644 1.269943369 
3.039008345 1.355057822 

3.034255313 1.52079086 
3.039008345 1.355057822 

1.201723369 6.344318439 
1.362852302 6.504030051 

1.53964421 6.725800516 
1.362852302 6.504030051 

0.4877759142 7.498589236 
0.5799810604 7.562230483 

0.6827783507 7.601321568 
0.5799810604 7.562230483 

5.150255297 5.543988968 
4.942405833 5.798407838 

6.174509228 6.041870733 
6.366343147 6.16562141 

6.549312832 6.339809049 
6.366343147 6.16562141 

7.386352263 6.67039139 
7.285931712 6.600686878 

4.589034434 3.297641101 
4.750708777 2.909121724 

4.90957367 2.517998784 
4.750708777 2.909121724 

4.655503767 6.445476839 
4.97120173 6.300944985 

4.655503767 6.445476839 
4.470882846 6.203958183 

4.337039 5.976612264 
4.470882846 6.203958183 

2.252425248 6.340356479 
2.732373971 6.295486496 

6.239177462 4.890900354 
6.046673717 4.860400497 

5.91174522 4.872806238 
6.046673717 4.860400497 

3.150345955 0.8355479145 
3.346935986 0.6833385253 

1.817399697 1.299620493 
1.928882832 1.039174208 

2.044272922 0.789099242 
1.928882832 1.039174208 

6.777596326 6.78649427 
6.634671804 6.66382033 

0.4154150653 8.196619095 
0.7449517949 8.110893794 

1.098446716 8.036518553 
0.7449517949 8.110893794 

2.644652218 2.703763617 
2.98892957 2.766297013 

5.554976035 6.995189662 
5.604760577 6.877432683 

5.630690914 6.738865076 
5.604760577 6.877432683 

4.558512362 1.824675979 
4.708248031 1.840500036 

4.836516739 1.831213946 
4.708248031 1.840500036 

1.3673329 9.217162773 
1.456016207 9.092041243 

1.54254562 8.950972009 
1.456016207 9.092041243 

4.904594119 6.91883889 
4.991248898 7.129398493 

5.131972722 7.381213316 
4.991248898 7.129398493 

2.56681572 8.907270946 
2.68109254 9.116229298 

4.915679703 4.934166352 
4.853163237 5.198155596 

1.768735588 9.236819844 
1.609411197 9.05649857 

7.038191218 5.235172661 
6.857018011 5.41803652 

6.652060723 5.652249246 
6.857018011 5.41803652 

4.853163237 5.198155596 
4.750666965 5.340667793 

1.201378923 8.718502747 
1.558177457 8.415285457 

6.986151823 5.614157795 
6.857018011 5.41803652 

4.087854251 0.6642586008 
4.098726965 0.8293733003 

4.105830617 0.9329447558 
4.098726965 0.8293733003 

2.446829692 2.156654005 
2.492464598 1.857653208 

2.749989263 1.585805718 
2.58813412 1.638163288 

2.408754772 1.634166398 
2.58813412 1.638163288 

3.874393819 7.614917642 
3.273436687 8.080856089 

3.874393819 7.614917642 
3.737300225 8.000523126 

3.649600595 8.47251666 
3.737300225 8.000523126 

3.24928553 2.191604646 
3.091242846 2.085982669 

2.907712632 2.062038395 
3.091242846 2.085982669 

3.091242846 2.085982669 
3.285277486 1.952193141 

5.062310124 7.977172654 
4.957061313 7.667711608 

4.823319844 7.476918184 
4.957061313 7.667711608 

4.626918056 7.285912073 
4.55978864 6.996800926 

2.492464598 1.857653208 
2.58813412 1.638163288 

3.559098463 3.2562365 
3.64132959 3.255686215 

3.730935448 3.24619556 
3.64132959 3.255686215 

3.584796354 2.103551634 
3.24062605 2.085970908 

1.715146428 7.470524837 
1.931984983 7.503758644 

2.040755295 8.015127282 
2.210302607 8.050209776 

2.355154684 8.068863889 
2.210302607 8.050209776 

6.986151823 5.614157795 
7.093368028 5.804505927 

3.306121304 7.057401521 
3.118676148 7.087854237 

2.947399964 7.124509802 
3.118676148 7.087854237 

1.847390708 7.656178694 
2.031668796 7.637030201 

3.056220157 6.209888665 
2.686082527 6.126919959 

4.995250654 2.164891961 
4.925279363 2.001984901 

4.836516739 1.831213946 
4.925279363 2.001984901 

4.719897533 6.275343884 
4.470882846 6.203958183 

1.675477263 7.144356134 
1.956858192 6.899777993 

2.221630949 9.197995354 
2.370933204 8.904604806 

2.54380132 8.63779719 
2.370933204 8.904604806 

1.675477263 7.144356134 
1.700194395 7.286613715 

1.715146428 7.470524837 
1.700194395 7.286613715 

4.131594248 1.456394508 
4.255946636 0.9584631797 

7.203642204 7.280593333 
7.110511777 7.108490764 

7.014334273 6.999398496 
7.110511777 7.108490764 

3.102595549 8.365967028 
2.871142692 8.50810989 

2.871142692 8.50810989 
2.992347233 8.635446128 

5.088963072 6.554620231 
4.97120173 6.300944985 

1.296986908 7.337044868 
1.700194395 7.286613715 

2.700434859 3.622921003 
2.676530298 3.420917032 

2.663583481 3.213861666 
2.676530298 3.420917032 

6.857018011 5.41803652 
7.031708424 5.425534922 

4.714839555 2.472224136 
4.553239268 2.58548979 

4.414225075 2.684450814 
4.553239268 2.58548979 

3.091242846 2.085982669 
3.24062605 2.085970908 

4.750666965 5.340667793 
4.779617243 5.420835266 

4.813853417 5.5190788 
4.779617243 5.420835266 

4.255946636 0.9584631797 
4.098726965 0.8293733003 

1.484846523 8.18966298 
1.765109634 8.28807509 

3.584796354 2.103551634 
3.431154735 2.026582111 

3.285277486 1.952193141 
3.431154735 2.026582111 

6.264428601 8.081555337 
6.154516665 7.979419036 

6.042988495 7.873915062 
6.154516665 7.979419036 

2.040755295 8.015127282 
1.847390708 7.656178694 

6.226718928 6.598482141 
6.251302651 6.733195723 

6.314332465 6.84080701 
6.251302651 6.733195723 

3.071515346 2.333462043 
3.091242846 2.085982669 

3.072972051 8.06263725 
3.273436687 8.080856089 

3.146811579 8.779644602 
3.070131678 8.707890657 

2.992347233 8.635446128 
3.070131678 8.707890657 

5.4303088 7.686656532 
5.544190431 7.715641601 

2.644652218 2.703763617 
2.773446623 2.826744957 

2.901043203 2.915988641 
2.773446623 2.826744957 

7.50534401 6.825242866 
7.623710655 6.7249542 

7.641495693 6.56714914 
7.623710655 6.7249542 

3.168052375 2.755410413 
3.426570127 2.500434215 

3.168052375 2.755410413 
3.087248446 2.53592914 

3.071515346 2.333462043 
3.087248446 2.53592914 

2.589361033 0.4917531359 
2.394599337 0.6890289177 

2.242691321 0.7449512982 
2.394599337 0.6890289177 

1.754073204 5.9677679 
1.721529311 6.173965407 

1.688985417 6.380162914 
1.721529311 6.173965407 

3.124598891 6.419641549 
3.090409524 6.314765107 

3.056220157 6.209888665 
3.090409524 6.314765107 

3.087248446 2.53592914 
2.857865899 2.438646284 

5.062310124 7.977172654 
5.152085533 7.879698466 

5.242495405 7.765653938 
5.152085533 7.879698466 

2.373210016 0.8384227907 
2.471483705 0.6961500485 

2.608272353 9.388346484 
2.579967695 9.140114384 

2.56681572 8.907270946 
2.579967695 9.140114384 

3.414484105 1.002046871 
3.252319017 1.135887742 

3.089487644 1.269943369 
3.252319017 1.135887742 

2.004354854 3.496542271 
2.093854136 3.421402435 

2.183353419 3.346262599 
2.093854136 3.421402435 

2.98892957 2.766297013 
3.087248446 2.53592914 

4.131594248 1.456394508 
4.017759777 1.496694156 

3.90253908 1.541332921 
4.017759777 1.496694156 

1.471394451 2.225024721 
1.557792635 2.490786194 

1.471394451 2.225024721 
1.608876077 2.054920006 

1.746357702 1.884815291 
1.608876077 2.054920006 

0.7449517949 8.110893794 
0.697816184 7.989971311 

7.505283675 6.271746302 
7.397655277 6.194469771 

7.290026878 6.11719324 
7.397655277 6.194469771 

4.351065553 2.254938594 
4.414225075 2.684450814 

4.351065553 2.254938594 
4.275311371 2.129361971 

4.19955719 2.003785348 
4.275311371 2.129361971 

2.589361033 0.4917531359 
2.530422369 0.5939515922 

2.471483705 0.6961500485 
2.530422369 0.5939515922 

