1.484582257 8.188127848 
1.648677926 7.92043172 

2.532261632 5.924837706 
2.385442563 7.725810215 

3.151663937 0.8288181188 
2.979563657 1.768052544 

6.002249033 6.575825392 
6.226963851 6.599112627 

6.290782795 8.058097145 
6.710136553 8.226371123 

7.31279895 5.651224967 
7.635738635 6.574842236 

2.859574935 2.452424478 
2.979563657 1.768052544 

2.979563657 1.768052544 
3.576734886 1.699559884 

2.385442563 7.725810215 
3.015100988 7.712552498 

6.226963851 6.599112627 
5.946983651 6.80441355 

3.834040576 7.600278383 
3.015100988 7.712552498 

1.825923889 1.3217067 
2.484443629 1.849981376 

4.412359408 2.683407054 
4.556410905 3.315076356 

2.049980854 8.022125311 
2.137078372 7.705343808 

5.085564354 6.59555373 
4.756748226 6.794236323 

3.581755391 2.11016363 
3.148436664 2.756358464 

2.7492773 8.884980522 
3.146811579 8.779644602 

3.581755391 2.11016363 
3.576734886 1.699559884 

2.049980854 8.022125311 
1.934443044 8.253128106 

4.753517538 4.758921569 
4.471534652 4.504793822 

2.484443629 1.849981376 
2.444201834 2.398940653 

6.549219854 6.744895625 
6.226963851 6.599112627 

4.756748226 6.794236323 
3.834040576 7.600278383 

3.581755391 2.11016363 
3.803346486 3.051819151 

5.684557756 4.911833281 
5.597057903 5.488273863 

4.412359408 2.683407054 
3.581755391 2.11016363 

2.979563657 1.768052544 
3.283393151 1.954292663 

7.31279895 5.651224967 
6.548061476 6.338819701 

6.226963851 6.599112627 
6.548061476 6.338819701 

1.648677926 7.92043172 
1.677034969 7.148470543 

2.049980854 8.022125311 
2.061876335 8.461517045 

5.946983651 6.80441355 
6.002249033 6.575825392 

4.829525837 1.836183559 
4.31266141 2.254209606 

6.436960143 5.282270813 
6.907233313 5.973094897 

6.436960143 5.282270813 
6.548061476 6.338819701 

2.859574935 2.452424478 
3.07025132 2.331404218 

6.907233313 5.973094897 
6.548061476 6.338819701 

5.729781864 7.400596127 
5.543780984 7.718667296 

2.7492773 8.884980522 
2.061876335 8.461517045 

3.07025132 2.331404218 
3.283393151 1.954292663 

2.049980854 8.022125311 
2.385442563 7.725810215 

2.979563657 1.768052544 
2.658308929 2.152860735 

0.7688353111 7.259412515 
0.5753155718 6.72580351 

1.677034969 7.148470543 
1.299720889 7.335545499 

5.946983651 6.80441355 
5.58546956 6.532826142 

2.94683592 7.126600091 
2.385442563 7.725810215 

2.004354854 3.496542271 
1.825538272 2.735929094 

2.859574935 2.452424478 
2.658308929 2.152860735 

2.061876335 8.461517045 
1.934443044 8.253128106 

2.385442563 7.725810215 
2.137078372 7.705343808 

2.149631843 7.178615312 
2.471017882 7.175641854 

1.934443044 8.253128106 
1.657467292 8.575320151 

2.149631843 7.178615312 
1.677034969 7.148470543 

3.834241618 0.8465328744 
3.727991847 1.443299649 

3.576734886 1.699559884 
3.727991847 1.443299649 

7.635738635 6.574842236 
7.002525527 7.003232666 

6.226963851 6.599112627 
6.705988212 6.584498951 

6.705988212 6.584498951 
6.548061476 6.338819701 

3.803346486 3.051819151 
4.145936626 2.958059392 

0.4175470801 8.196645179 
1.233618973 7.929837219 

1.484582257 8.188127848 
1.233618973 7.929837219 

1.934443044 8.253128106 
1.648677926 7.92043172 

3.111055318 3.319621238 
2.64958869 2.705195332 

2.004354854 3.496542271 
2.700434859 3.622921003 

2.444201834 2.398940653 
2.859574935 2.452424478 

2.137078372 7.705343808 
1.853443089 7.659197453 

1.648677926 7.92043172 
1.853443089 7.659197453 

2.149631843 7.178615312 
1.53964421 6.725800516 

3.834241618 0.8465328744 
3.83120735 1.880406997 

6.436960143 5.282270813 
6.652572013 5.656919045 

0.4175470801 8.196645179 
0.6827783507 7.601321568 

4.412359408 2.683407054 
4.90957367 2.517998784 

2.061876335 8.461517045 
1.855882579 8.822278954 

2.252425248 6.340356479 
1.995398567 6.744994674 

4.337039 5.976612264 
5.370059925 6.052180313 

1.995398567 6.744994674 
1.53964421 6.725800516 

6.039615541 7.106982268 
5.946983651 6.80441355 

7.635738635 6.574842236 
6.99260862 6.262161381 

6.548061476 6.338819701 
6.99260862 6.262161381 

3.258228201 2.219492119 
3.07025132 2.331404218 

3.83120735 1.880406997 
3.576734886 1.699559884 

2.7492773 8.884980522 
2.537530274 8.632493379 

4.204096646 4.166876598 
3.99281513 3.853806982 

4.756748226 6.794236323 
4.651460226 6.453213363 

2.537530274 8.632493379 
2.061876335 8.461517045 

7.236118103 7.306187477 
6.801349071 7.420374765 

2.94683592 7.126600091 
2.471017882 7.175641854 

1.365356067 9.212846621 
1.204780987 8.764271784 

5.884533499 6.09218717 
6.176032678 5.702728702 

5.370059925 6.052180313 
5.884533499 6.09218717 

5.08160254 8.015912182 
5.166368976 7.340210868 

3.834040576 7.600278383 
3.40312132 7.354128261 

4.471534652 4.504793822 
4.340947333 4.341108605 

4.204096646 4.166876598 
4.340947333 4.341108605 

2.64958869 2.705195332 
2.859574935 2.452424478 

2.64958869 2.705195332 
2.440984592 3.221998448 

2.385442563 7.725810215 
2.605251234 7.571347142 

6.907233313 5.973094897 
7.289653465 6.118661636 

1.677034969 7.148470543 
1.53964421 6.725800516 

5.166368976 7.340210868 
4.825610211 7.473660952 

6.039615541 7.106982268 
5.729781864 7.400596127 

2.979563657 1.768052544 
2.321265859 1.412318839 

3.111055318 3.319621238 
3.148436664 2.756358464 

1.825538272 2.735929094 
2.440984592 3.221998448 

2.484443629 1.849981376 
2.658308929 2.152860735 

3.914666033 6.853341405 
4.319476582 6.627999845 

4.651460226 6.453213363 
4.319476582 6.627999845 

1.657467292 8.575320151 
1.538472541 8.949840563 

2.818038482 8.265792071 
3.015100988 7.712552498 

6.907233313 5.973094897 
6.99260862 6.262161381 

6.436960143 5.282270813 
6.239177462 4.890900354 

2.658308929 2.152860735 
2.142567132 2.368780258 

2.142567132 2.368780258 
2.444201834 2.398940653 

5.729781864 7.400596127 
5.759902814 7.113765123 

6.039615541 7.106982268 
5.759902814 7.113765123 

0.6827783507 7.601321568 
1.006076942 7.706502814 

1.233618973 7.929837219 
1.006076942 7.706502814 

2.537530274 8.632493379 
3.146811579 8.779644602 

6.801349071 7.420374765 
7.002525527 7.003232666 

2.252425248 6.340356479 
1.860839022 6.306762728 

2.221630949 9.197995354 
1.855882579 8.822278954 

4.31266141 2.254209606 
4.56777395 2.379656889 

1.657467292 8.575320151 
1.855882579 8.822278954 

1.677034969 7.148470543 
1.135180538 6.957822265 

2.149631843 7.178615312 
2.159717023 7.447268012 

2.137078372 7.705343808 
2.159717023 7.447268012 

1.693109601 1.852696661 
2.142567132 2.368780258 

7.635738635 6.574842236 
7.236118103 7.306187477 

6.549219854 6.744895625 
7.222477087 6.630334243 

1.135180538 6.957822265 
0.7688353111 7.259412515 

6.801349071 7.420374765 
6.889768683 7.764991502 

2.471017882 7.175641854 
2.159717023 7.447268012 

5.085564354 6.59555373 
5.185863718 6.298470948 

5.370059925 6.052180313 
5.185863718 6.298470948 

5.543780984 7.718667296 
5.740137602 7.778296142 

6.056561499 7.857076192 
5.740137602 7.778296142 

7.222477087 6.630334243 
7.002525527 7.003232666 

3.111055318 3.319621238 
2.985338688 3.459720132 

2.700434859 3.622921003 
2.985338688 3.459720132 

2.537530274 8.632493379 
2.818038482 8.265792071 

1.648677926 7.92043172 
1.096480541 8.03750524 

1.853443089 7.659197453 
1.909775913 7.501325409 

2.159717023 7.447268012 
1.909775913 7.501325409 

3.015100988 7.712552498 
3.40312132 7.354128261 

3.581755391 2.11016363 
3.83120735 1.880406997 

2.700434859 3.622921003 
2.440984592 3.221998448 

1.693109601 1.852696661 
2.153562531 2.126836002 

2.444201834 2.398940653 
2.153562531 2.126836002 

6.652572013 5.656919045 
6.907233313 5.973094897 

4.145936626 2.958059392 
4.348236299 3.093600743 

2.221630949 9.197995354 
2.608272353 9.388346484 

3.283393151 1.954292663 
3.380428344 1.794925486 

3.688465464 8.474032121 
3.104726257 8.363332699 

2.818038482 8.265792071 
3.104726257 8.363332699 

5.729781864 7.400596127 
6.056561499 7.857076192 

3.056220157 6.209888665 
2.732373971 6.295486496 

1.204780987 8.764271784 
1.538472541 8.949840563 

1.484582257 8.188127848 
1.657097794 8.35695792 

4.651460226 6.453213363 
5.185863718 6.298470948 

3.151663937 0.8288181188 
3.414484105 1.002046871 

4.412359408 2.683407054 
4.56777395 2.379656889 

1.825538272 2.735929094 
1.555566955 2.601580715 

2.049980854 8.022125311 
2.33938992 8.364502074 

2.537530274 8.632493379 
2.33938992 8.364502074 

4.829525837 1.836183559 
4.198033294 2.004544052 

3.581755391 2.11016363 
4.198033294 2.004544052 

3.146811579 8.779644602 
3.104726257 8.363332699 

6.290782795 8.058097145 
6.187763961 7.377846783 

6.039615541 7.106982268 
6.187763961 7.377846783 

6.705988212 6.584498951 
6.92306068 6.604947944 

3.151663937 0.8288181188 
3.314385893 0.4095334879 

2.440984592 3.221998448 
2.369783584 3.412811667 

7.222477087 6.630334243 
6.92306068 6.604947944 

4.90957367 2.517998784 
4.714839555 2.472224136 

4.56777395 2.379656889 
4.714839555 2.472224136 

5.58546956 6.532826142 
5.82260758 6.459131179 

0.7688353111 7.259412515 
1.09293168 7.413634424 

2.484443629 1.849981376 
2.749989263 1.585805718 

2.979563657 1.768052544 
2.749989263 1.585805718 

3.834040576 7.600278383 
4.277097827 7.213101203 

1.135180538 6.957822265 
1.198349468 6.343810063 

5.08160254 8.015912182 
4.402594383 7.626760716 

2.149631843 7.178615312 
2.0094181 7.023169849 

1.006076942 7.706502814 
1.096480541 8.03750524 

3.015100988 7.712552498 
3.072853581 8.057106016 

3.104726257 8.363332699 
3.072853581 8.057106016 

4.337039 5.976612264 
4.165595103 6.351580894 

3.914666033 6.853341405 
4.165595103 6.351580894 

3.83120735 1.880406997 
3.905547501 1.541425981 

3.727991847 1.443299649 
3.905547501 1.541425981 

2.444201834 2.398940653 
2.64958869 2.705195332 

1.677034969 7.148470543 
1.909775913 7.501325409 

0.4175470801 8.196645179 
0.6961263671 8.40225248 

5.597057903 5.488273863 
5.327834331 5.653341493 

3.581755391 2.11016363 
3.601003071 2.283211985 

7.31279895 5.651224967 
6.986151823 5.614157795 

3.729460316 2.63593983 
3.803346486 3.051819151 

1.855882579 8.822278954 
1.609411197 9.05649857 

1.365356067 9.212846621 
1.609411197 9.05649857 

3.379511628 3.848506134 
3.556760738 3.263920311 

2.605251234 7.571347142 
2.159717023 7.447268012 

6.92306068 6.604947944 
6.549219854 6.744895625 

5.884533499 6.09218717 
6.16177968 6.013418736 

3.151663937 0.8288181188 
3.092532075 1.272806171 

3.576734886 1.699559884 
3.092532075 1.272806171 

1.657097794 8.35695792 
1.657467292 8.575320151 

6.176032678 5.702728702 
6.151041569 5.331788764 

0.5753155718 6.72580351 
0.9945350614 6.7500969 

1.135180538 6.957822265 
0.9945350614 6.7500969 

5.166368976 7.340210868 
5.759902814 7.113765123 

4.756748226 6.794236323 
4.904594119 6.91883889 

3.146811579 8.779644602 
3.214374046 8.535806564 

6.99260862 6.262161381 
6.705988212 6.584498951 

1.825923889 1.3217067 
1.916854192 1.552390336 

2.321265859 1.412318839 
2.414204744 1.621958774 

2.484443629 1.849981376 
2.414204744 1.621958774 

3.40312132 7.354128261 
3.306121304 7.057401521 

2.142567132 2.368780258 
2.153562531 2.126836002 

1.462906415 2.248233072 
1.661026694 2.296578178 

6.039615541 7.106982268 
6.327527859 6.858277427 

5.946983651 6.80441355 
6.327527859 6.858277427 

2.471017882 7.175641854 
2.358578646 7.356154623 

2.605251234 7.571347142 
2.358578646 7.356154623 

2.221630949 9.197995354 
2.11984064 8.784986889 

2.061876335 8.461517045 
2.11984064 8.784986889 

7.002525527 7.003232666 
6.777278855 6.787510352 

6.549219854 6.744895625 
6.777278855 6.787510352 

2.385442563 7.725810215 
2.361691006 8.070008808 

2.33938992 8.364502074 
2.361691006 8.070008808 

7.168897148 7.679915423 
6.889768683 7.764991502 

3.834241618 0.8465328744 
3.589698304 0.7491049697 

4.814570932 5.520825179 
4.940612519 5.800754674 

2.910225055 2.056159925 
3.07025132 2.331404218 

3.729460316 2.63593983 
3.423626543 2.500151392 

3.07025132 2.331404218 
3.423626543 2.500151392 

4.319476582 6.627999845 
4.165595103 6.351580894 

1.198349468 6.343810063 
0.9034847626 6.510417322 

2.159717023 7.447268012 
2.358578646 7.356154623 

2.044272922 0.789099242 
2.242691321 0.7449512982 

2.373210016 0.8384227907 
2.242691321 0.7449512982 

6.99260862 6.262161381 
7.167428067 6.250259717 

7.289653465 6.118661636 
7.167428067 6.250259717 

4.402594383 7.626760716 
4.277097827 7.213101203 

4.277097827 7.213101203 
4.645997126 7.276118488 

4.825610211 7.473660952 
4.645997126 7.276118488 

6.176032678 5.702728702 
6.16177968 6.013418736 

6.92306068 6.604947944 
6.777278855 6.787510352 

1.853443089 7.659197453 
1.700717452 7.481842137 

1.855882579 8.822278954 
2.11984064 8.784986889 

6.290782795 8.058097145 
5.608151217 7.95085244 

5.08160254 8.015912182 
5.608151217 7.95085244 

7.038191218 5.235172661 
7.031708424 5.425534922 

6.986151823 5.614157795 
7.031708424 5.425534922 

3.015100988 7.712552498 
2.605251234 7.571347142 

5.608151217 7.95085244 
5.543780984 7.718667296 

1.096480541 8.03750524 
1.233618973 7.929837219 

0.4175470801 8.196645179 
0.698253792 7.991237281 

3.729460316 2.63593983 
3.581755391 2.11016363 

1.825538272 2.735929094 
2.002674265 2.543869762 

2.142567132 2.368780258 
2.002674265 2.543869762 

3.015100988 7.712552498 
2.361691006 8.070008808 

4.468679615 1.23981703 
3.905547501 1.541425981 

3.015100988 7.712552498 
2.582227955 7.966462451 

2.049980854 8.022125311 
2.582227955 7.966462451 

5.684557756 4.911833281 
5.50699572 4.770225911 

5.135570668 4.85788703 
5.50699572 4.770225911 

5.759902814 7.113765123 
5.544967203 7.008991151 

5.946983651 6.80441355 
5.544967203 7.008991151 

3.104726257 8.363332699 
3.214374046 8.535806564 

6.002249033 6.575825392 
6.022987318 6.346384849 

5.884533499 6.09218717 
6.022987318 6.346384849 

4.558512362 1.824675979 
4.198033294 2.004544052 

3.99281513 3.853806982 
3.765206919 3.871253825 

2.537530274 8.632493379 
2.56681572 8.907270946 

3.314385893 0.4095334879 
3.345901966 0.6784297627 

3.414484105 1.002046871 
3.345901966 0.6784297627 

3.803346486 3.051819151 
3.730939672 3.245218168 

2.700434859 3.622921003 
2.369783584 3.412811667 

2.64958869 2.705195332 
2.663583481 3.213861666 

2.153562531 2.126836002 
2.658308929 2.152860735 

4.337039 5.976612264 
4.722609716 6.279722771 

5.085564354 6.59555373 
4.722609716 6.279722771 

1.860839022 6.306762728 
1.53964421 6.725800516 

1.860839022 6.306762728 
1.929056472 6.161758095 

1.708144324 5.978633849 
1.929056472 6.161758095 

6.187763961 7.377846783 
5.729781864 7.400596127 

2.137078372 7.705343808 
2.251982564 7.496126842 

2.471017882 7.175641854 
2.251982564 7.496126842 

3.214374046 8.535806564 
3.341846246 8.411886533 

2.444201834 2.398940653 
2.446829692 2.156654005 

2.658308929 2.152860735 
2.446829692 2.156654005 

1.462906415 2.248233072 
1.840895019 2.165095348 

2.153562531 2.126836002 
1.840895019 2.165095348 

3.729460316 2.63593983 
3.648367697 2.477461027 

3.601003071 2.283211985 
3.648367697 2.477461027 

2.159717023 7.447268012 
2.251982564 7.496126842 

6.549219854 6.744895625 
6.327527859 6.858277427 

2.834267645 6.651761045 
3.12331112 6.424158177 

4.90957367 2.517998784 
4.995250654 2.164891961 

6.92306068 6.604947944 
7.28558287 6.599254312 

7.635738635 6.574842236 
7.28558287 6.599254312 

6.187763961 7.377846783 
6.547916666 7.460282242 

6.801349071 7.420374765 
6.547916666 7.460282242 

1.648677926 7.92043172 
1.408305332 7.996750068 

1.233618973 7.929837219 
1.408305332 7.996750068 

5.597057903 5.488273863 
5.846713438 5.581580819 

6.176032678 5.702728702 
5.846713438 5.581580819 

7.50534401 6.825242866 
7.386352263 6.67039139 

7.222477087 6.630334243 
7.386352263 6.67039139 

4.468679615 1.23981703 
4.131862253 1.457503771 

3.83120735 1.880406997 
4.131862253 1.457503771 

6.022987318 6.346384849 
6.16177968 6.013418736 

1.408305332 7.996750068 
1.484582257 8.188127848 

1.53964421 6.725800516 
1.688985417 6.380162914 

1.09293168 7.413634424 
0.4877759142 7.498589236 

2.532261632 5.924837706 
2.686082527 6.126919959 

2.732373971 6.295486496 
2.686082527 6.126919959 

2.818038482 8.265792071 
2.33938992 8.364502074 

2.859574935 2.452424478 
2.875135147 2.263723956 

2.910225055 2.056159925 
2.875135147 2.263723956 

1.135180538 6.957822265 
1.299720889 7.335545499 

2.369783584 3.412811667 
2.183353419 3.346262599 

2.358578646 7.356154623 
2.251982564 7.496126842 

1.09293168 7.413634424 
1.233618973 7.929837219 

1.09293168 7.413634424 
1.094938257 7.153378591 

1.135180538 6.957822265 
1.094938257 7.153378591 

4.722609716 6.279722771 
4.651460226 6.453213363 

5.135570668 4.85788703 
4.814570932 5.520825179 

3.914666033 6.853341405 
3.874293605 7.219134849 

3.834040576 7.600278383 
3.874293605 7.219134849 

2.663583481 3.213861666 
2.440984592 3.221998448 

1.204780987 8.764271784 
0.8614496479 8.702302309 

1.995398567 6.744994674 
1.957465548 6.901769896 

2.0094181 7.023169849 
1.957465548 6.901769896 

3.379511628 3.848506134 
3.283689875 3.583418717 

3.111055318 3.319621238 
3.283689875 3.583418717 

5.135570668 4.85788703 
4.915679703 4.934166352 

4.753517538 4.758921569 
4.915679703 4.934166352 

5.684557756 4.911833281 
5.91174522 4.872806238 

1.006076942 7.706502814 
1.09293168 7.413634424 

1.825923889 1.3217067 
2.053527963 1.349816649 

2.321265859 1.412318839 
2.053527963 1.349816649 

3.151663937 0.8288181188 
2.83603431 0.8897362349 

2.7492773 8.884980522 
2.56681572 8.907270946 

5.58546956 6.532826142 
5.622522883 6.744938097 

0.6961263671 8.40225248 
0.698253792 7.991237281 

7.635738635 6.574842236 
7.505283675 6.271746302 

4.277097827 7.213101203 
3.914666033 6.853341405 

2.252425248 6.340356479 
1.929056472 6.161758095 

6.710136553 8.226371123 
6.817015984 7.953160427 

6.889768683 7.764991502 
6.817015984 7.953160427 

6.151041569 5.331788764 
6.239177462 4.890900354 

1.661026694 2.296578178 
1.620752875 2.426046324 

1.693109601 1.852696661 
1.840895019 2.165095348 

2.818038482 8.265792071 
3.072853581 8.057106016 

1.693109601 1.852696661 
1.836292093 1.738289891 

1.916854192 1.552390336 
1.836292093 1.738289891 

5.622522883 6.744938097 
5.946983651 6.80441355 

2.979563657 1.768052544 
2.910225055 2.056159925 

4.468679615 1.23981703 
4.504390654 1.57668726 

4.558512362 1.824675979 
4.504390654 1.57668726 

2.361691006 8.070008808 
2.582227955 7.966462451 

4.468679615 1.23981703 
4.257654363 0.9597177227 

3.589698304 0.7491049697 
3.504387002 0.5452403227 

4.277097827 7.213101203 
4.520468636 6.974539201 

4.756748226 6.794236323 
4.520468636 6.974539201 

1.365356067 9.212846621 
1.768735588 9.236819844 

2.221630949 9.197995354 
1.768735588 9.236819844 

0.7688353111 7.259412515 
1.094938257 7.153378591 

3.648367697 2.477461027 
3.423626543 2.500151392 

3.283393151 1.954292663 
3.236791103 2.097688594 

3.258228201 2.219492119 
3.236791103 2.097688594 

1.462906415 2.248233072 
1.620752875 2.426046324 

1.934443044 8.253128106 
1.765109634 8.28807509 

1.657097794 8.35695792 
1.765109634 8.28807509 

2.83603431 0.8897362349 
2.746019726 0.7939912095 

2.590417296 0.4939264535 
2.746019726 0.7939912095 

3.07025132 2.331404218 
2.875135147 2.263723956 

4.412359408 2.683407054 
4.312407506 2.839297308 

4.145936626 2.958059392 
4.312407506 2.839297308 

3.015100988 7.712552498 
3.275863798 8.076948195 

3.688465464 8.474032121 
3.275863798 8.076948195 

1.840895019 2.165095348 
1.661026694 2.296578178 

3.345901966 0.6784297627 
3.504387002 0.5452403227 

2.532261632 5.924837706 
2.301954079 5.95564755 

2.471017882 7.175641854 
2.742642478 7.361287588 

4.348236299 3.093600743 
4.312407506 2.839297308 

2.94683592 7.126600091 
2.95011014 6.828441726 

2.834267645 6.651761045 
2.95011014 6.828441726 

2.153562531 2.126836002 
2.446829692 2.156654005 

3.148436664 2.756358464 
2.989487899 2.766234226 

2.899643385 2.915719086 
2.989487899 2.766234226 

2.385442563 7.725810215 
2.582227955 7.966462451 

2.582227955 7.966462451 
2.818038482 8.265792071 

5.543780984 7.718667296 
5.242761518 7.762032737 

1.648677926 7.92043172 
2.049980854 8.022125311 

0.7688353111 7.259412515 
0.9945350614 6.7500969 

5.729781864 7.400596127 
5.740137602 7.778296142 

0.4877759142 7.498589236 
0.6836162514 7.353758148 

0.7688353111 7.259412515 
0.6836162514 7.353758148 

4.556410905 3.315076356 
4.476053186 3.133312284 

4.348236299 3.093600743 
4.476053186 3.133312284 

4.940612519 5.800754674 
5.103096995 5.920624301 

5.370059925 6.052180313 
5.103096995 5.920624301 

2.608272353 9.388346484 
2.68109254 9.116229298 

2.7492773 8.884980522 
2.68109254 9.116229298 

6.777278855 6.787510352 
6.705988212 6.584498951 

3.834040576 7.600278383 
4.157644717 7.600990032 

4.402594383 7.626760716 
4.157644717 7.600990032 

3.380428344 1.794925486 
3.466990205 1.733768622 

3.576734886 1.699559884 
3.466990205 1.733768622 

1.916854192 1.552390336 
2.053527963 1.349816649 

3.414484105 1.002046871 
3.589698304 0.7491049697 

6.151041569 5.331788764 
6.295859649 5.360702648 

6.436960143 5.282270813 
6.295859649 5.360702648 

0.8614496479 8.702302309 
0.7082724391 8.596511523 

2.979563657 1.768052544 
3.034255313 1.52079086 

5.729781864 7.400596127 
5.428483713 7.689907856 

5.08160254 8.015912182 
5.428483713 7.689907856 

7.167428067 6.250259717 
7.28558287 6.599254312 

2.301954079 5.95564755 
2.26698473 6.138290988 

2.252425248 6.340356479 
2.26698473 6.138290988 

6.907233313 5.973094897 
6.986151823 5.614157795 

2.137078372 7.705343808 
2.030205355 7.636942818 

1.909775913 7.501325409 
2.030205355 7.636942818 

0.5753155718 6.72580351 
0.9318772663 7.007330684 

1.299720889 7.335545499 
0.9318772663 7.007330684 

7.31279895 5.651224967 
7.093368028 5.804505927 

6.907233313 5.973094897 
7.093368028 5.804505927 

3.688465464 8.474032121 
3.47399339 8.372948244 

3.341846246 8.411886533 
3.47399339 8.372948244 

2.385442563 7.725810215 
2.251982564 7.496126842 

3.834241618 0.8465328744 
4.087854251 0.6642586008 

5.846713438 5.581580819 
6.151041569 5.331788764 

1.484582257 8.188127848 
1.553917359 8.420562965 

1.657467292 8.575320151 
1.553917359 8.420562965 

2.818038482 8.265792071 
2.853845543 8.491532312 

5.166368976 7.340210868 
5.242761518 7.762032737 

4.257654363 0.9597177227 
4.105830617 0.9329447558 

2.853845543 8.491532312 
2.537530274 8.632493379 

6.705988212 6.584498951 
6.634137362 6.664177733 

6.549219854 6.744895625 
6.634137362 6.664177733 

5.327834331 5.653341493 
5.103096995 5.920624301 

2.658308929 2.152860735 
2.910225055 2.056159925 

0.698253792 7.991237281 
0.6827783507 7.601321568 

6.710136553 8.226371123 
6.954370329 7.917723034 

7.168897148 7.679915423 
6.954370329 7.917723034 

6.954370329 7.917723034 
6.817015984 7.953160427 

5.82260758 6.459131179 
5.914536247 6.505496651 

6.002249033 6.575825392 
5.914536247 6.505496651 

0.698253792 7.991237281 
0.8520704258 7.878923391 

1.006076942 7.706502814 
0.8520704258 7.878923391 

0.9318772663 7.007330684 
1.135180538 6.957822265 

4.504390654 1.57668726 
4.311569675 1.568099004 

4.131862253 1.457503771 
4.311569675 1.568099004 

4.198033294 2.004544052 
4.0240297 1.965190551 

3.83120735 1.880406997 
4.0240297 1.965190551 

1.555566955 2.601580715 
1.557019605 2.489887876 

1.620752875 2.426046324 
1.557019605 2.489887876 

6.022987318 6.346384849 
5.82260758 6.459131179 

3.379511628 3.848506134 
3.199226684 3.633505877 

2.985338688 3.459720132 
3.199226684 3.633505877 

2.658308929 2.152860735 
2.875135147 2.263723956 

5.185863718 6.298470948 
4.957964802 6.305168313 

4.722609716 6.279722771 
4.957964802 6.305168313 

4.814570932 5.520825179 
5.148954401 5.545585887 

5.327834331 5.653341493 
5.148954401 5.545585887 

1.688985417 6.380162914 
1.860839022 6.306762728 

3.034255313 1.52079086 
2.749989263 1.585805718 

2.94683592 7.126600091 
2.742642478 7.361287588 

2.834267645 6.651761045 
2.779954024 6.47624652 

2.732373971 6.295486496 
2.779954024 6.47624652 

4.277097827 7.213101203 
3.874293605 7.219134849 

1.198349468 6.343810063 
1.116360748 6.564494795 

0.9945350614 6.7500969 
1.116360748 6.564494795 

1.53964421 6.725800516 
1.135180538 6.957822265 

3.092532075 1.272806171 
3.039008345 1.355057822 

3.034255313 1.52079086 
3.039008345 1.355057822 

1.198349468 6.343810063 
1.362852302 6.504030051 

1.53964421 6.725800516 
1.362852302 6.504030051 

0.4877759142 7.498589236 
0.5799810604 7.562230483 

0.6827783507 7.601321568 
0.5799810604 7.562230483 

5.148954401 5.545585887 
4.940612519 5.800754674 

6.16177968 6.013418736 
6.359942327 6.1662356 

6.548061476 6.338819701 
6.359942327 6.1662356 

7.386352263 6.67039139 
7.28558287 6.599254312 

4.556410905 3.315076356 
4.748760025 2.911975898 

4.90957367 2.517998784 
4.748760025 2.911975898 

4.651460226 6.453213363 
4.957964802 6.305168313 

4.651460226 6.453213363 
4.471822314 6.205665974 

4.337039 5.976612264 
4.471822314 6.205665974 

2.252425248 6.340356479 
2.732373971 6.295486496 

6.239177462 4.890900354 
6.046673717 4.860400497 

5.91174522 4.872806238 
6.046673717 4.860400497 

3.151663937 0.8288181188 
3.345901966 0.6784297627 

1.825923889 1.3217067 
1.927920689 1.042972194 

2.044272922 0.789099242 
1.927920689 1.042972194 

6.777278855 6.787510352 
6.634137362 6.664177733 

0.4175470801 8.196645179 
0.7501116088 8.128908325 

1.096480541 8.03750524 
0.7501116088 8.128908325 

2.64958869 2.705195332 
2.989487899 2.766234226 

5.544967203 7.008991151 
5.604037761 6.877885502 

5.622522883 6.744938097 
5.604037761 6.877885502 

4.558512362 1.824675979 
4.708248031 1.840500036 

4.829525837 1.836183559 
4.708248031 1.840500036 

1.365356067 9.212846621 
1.456016207 9.092041243 

1.538472541 8.949840563 
1.456016207 9.092041243 

4.904594119 6.91883889 
4.99302249 7.129594825 

5.166368976 7.340210868 
4.99302249 7.129594825 

2.56681572 8.907270946 
2.68109254 9.116229298 

4.915679703 4.934166352 
4.853163237 5.198155596 

1.768735588 9.236819844 
1.609411197 9.05649857 

7.038191218 5.235172661 
6.855803606 5.41958189 

6.652572013 5.656919045 
6.855803606 5.41958189 

4.853163237 5.198155596 
4.750666965 5.340667793 

1.204780987 8.764271784 
1.553917359 8.420562965 

6.986151823 5.614157795 
6.855803606 5.41958189 

4.087854251 0.6642586008 
4.098726965 0.8293733003 

4.105830617 0.9329447558 
4.098726965 0.8293733003 

2.446829692 2.156654005 
2.484443629 1.849981376 

2.749989263 1.585805718 
2.587221343 1.637773077 

2.414204744 1.621958774 
2.587221343 1.637773077 

3.834040576 7.600278383 
3.275863798 8.076948195 

3.834040576 7.600278383 
3.725539963 7.974577058 

3.688465464 8.474032121 
3.725539963 7.974577058 

3.258228201 2.219492119 
3.081003239 2.094955258 

2.910225055 2.056159925 
3.081003239 2.094955258 

3.081003239 2.094955258 
3.283393151 1.954292663 

5.08160254 8.015912182 
4.958075711 7.671076601 

4.825610211 7.473660952 
4.958075711 7.671076601 

4.645997126 7.276118488 
4.520468636 6.974539201 

2.484443629 1.849981376 
2.587221343 1.637773077 

3.556760738 3.263920311 
3.64132959 3.255686215 

3.730939672 3.245218168 
3.64132959 3.255686215 

3.581755391 2.11016363 
3.236791103 2.097688594 

1.700717452 7.481842137 
1.909775913 7.501325409 

2.049980854 8.022125311 
2.218794812 8.058842252 

2.361691006 8.070008808 
2.218794812 8.058842252 

6.986151823 5.614157795 
7.093368028 5.804505927 

3.306121304 7.057401521 
3.118676148 7.087854237 

2.94683592 7.126600091 
3.118676148 7.087854237 

1.853443089 7.659197453 
2.030205355 7.636942818 

3.056220157 6.209888665 
2.686082527 6.126919959 

4.995250654 2.164891961 
4.925279363 2.001984901 

4.829525837 1.836183559 
4.925279363 2.001984901 

4.722609716 6.279722771 
4.471822314 6.205665974 

1.677034969 7.148470543 
1.957465548 6.901769896 

2.221630949 9.197995354 
2.370933204 8.904604806 

2.537530274 8.632493379 
2.370933204 8.904604806 

1.677034969 7.148470543 
1.711852154 7.29680567 

1.700717452 7.481842137 
1.711852154 7.29680567 

4.131862253 1.457503771 
4.257654363 0.9597177227 

7.236118103 7.306187477 
7.111107411 7.10970725 

7.002525527 7.003232666 
7.111107411 7.10970725 

3.104726257 8.363332699 
2.853845543 8.491532312 

2.853845543 8.491532312 
2.994986061 8.63681867 

5.085564354 6.59555373 
4.957964802 6.305168313 

1.299720889 7.335545499 
1.711852154 7.29680567 

2.700434859 3.622921003 
2.676530298 3.420917032 

2.663583481 3.213861666 
2.676530298 3.420917032 

6.855803606 5.41958189 
7.031708424 5.425534922 

4.714839555 2.472224136 
4.553239268 2.58548979 

4.412359408 2.683407054 
4.553239268 2.58548979 

3.081003239 2.094955258 
3.236791103 2.097688594 

4.750666965 5.340667793 
4.779617243 5.420835266 

4.814570932 5.520825179 
4.779617243 5.420835266 

4.257654363 0.9597177227 
4.098726965 0.8293733003 

1.484582257 8.188127848 
1.765109634 8.28807509 

3.581755391 2.11016363 
3.431154735 2.026582111 

3.283393151 1.954292663 
3.431154735 2.026582111 

6.290782795 8.058097145 
6.155863024 7.978198931 

6.056561499 7.857076192 
6.155863024 7.978198931 

2.049980854 8.022125311 
1.853443089 7.659197453 

6.226963851 6.599112627 
6.252379737 6.735155227 

6.327527859 6.858277427 
6.252379737 6.735155227 

3.07025132 2.331404218 
3.081003239 2.094955258 

3.072853581 8.057106016 
3.275863798 8.076948195 

3.146811579 8.779644602 
3.069774725 8.707528116 

2.994986061 8.63681867 
3.069774725 8.707528116 

5.428483713 7.689907856 
5.543780984 7.718667296 

2.64958869 2.705195332 
2.752305341 2.835608511 

2.899643385 2.915719086 
2.752305341 2.835608511 

7.50534401 6.825242866 
7.623710655 6.7249542 

7.635738635 6.574842236 
7.623710655 6.7249542 

3.148436664 2.756358464 
3.423626543 2.500151392 

3.148436664 2.756358464 
3.084431986 2.536452792 

3.07025132 2.331404218 
3.084431986 2.536452792 

2.590417296 0.4939264535 
2.394599337 0.6890289177 

2.242691321 0.7449512982 
2.394599337 0.6890289177 

1.708144324 5.978633849 
1.720346708 6.1730542 

1.688985417 6.380162914 
1.720346708 6.1730542 

3.12331112 6.424158177 
3.090576027 6.315529865 

3.056220157 6.209888665 
3.090576027 6.315529865 

3.084431986 2.536452792 
2.859574935 2.452424478 

5.08160254 8.015912182 
5.151929785 7.881791538 

5.242761518 7.762032737 
5.151929785 7.881791538 

2.373210016 0.8384227907 
2.471483705 0.6961500485 

2.608272353 9.388346484 
2.579967695 9.140114384 

2.56681572 8.907270946 
2.579967695 9.140114384 

3.414484105 1.002046871 
3.252319017 1.135887742 

3.092532075 1.272806171 
3.252319017 1.135887742 

2.004354854 3.496542271 
2.093854136 3.421402435 

2.183353419 3.346262599 
2.093854136 3.421402435 

2.989487899 2.766234226 
3.084431986 2.536452792 

4.131862253 1.457503771 
4.017759777 1.496694156 

3.905547501 1.541425981 
4.017759777 1.496694156 

1.462906415 2.248233072 
1.557019605 2.489887876 

1.462906415 2.248233072 
1.607770992 2.053462468 

1.693109601 1.852696661 
1.607770992 2.053462468 

0.7501116088 8.128908325 
0.698253792 7.991237281 

7.505283675 6.271746302 
7.397655277 6.194469771 

7.289653465 6.118661636 
7.397655277 6.194469771 

4.31266141 2.254209606 
4.412359408 2.683407054 

4.31266141 2.254209606 
4.27503473 2.130764541 

4.198033294 2.004544052 
4.27503473 2.130764541 

2.590417296 0.4939264535 
2.530422369 0.5939515922 

2.471483705 0.6961500485 
2.530422369 0.5939515922 

1.299720889 7.335545499 
1.196270879 7.375397827 

1.09293168 7.413634424 
1.196270879 7.375397827 

5.085564354 6.59555373 
4.904594119 6.91883889 

5.085564354 6.59555373 
5.334776501 6.564929926 

5.58546956 6.532826142 
5.334776501 6.564929926 

3.258228201 2.219492119 
3.423626543 2.500151392 

1.484582257 8.188127848 
1.425957579 8.70264531 

1.365356067 9.212846621 
1.425957579 8.70264531 

3.314385893 0.4095334879 
3.397450948 0.4897666176 

3.504387002 0.5452403227 
3.397450948 0.4897666176 

4.520468636 6.974539201 
4.319476582 6.627999845 

0.9318772663 7.007330684 
0.7688353111 7.259412515 

2.742642478 7.361287588 
2.672416005 7.466210769 

2.605251234 7.571347142 
2.672416005 7.466210769 

7.167428067 6.250259717 
7.397655277 6.194469771 

2.33938992 8.364502074 
2.194931372 8.403116109 

2.061876335 8.461517045 
2.194931372 8.403116109 

6.954370329 7.917723034 
6.889768683 7.764991502 

0.9034847626 6.510417322 
0.7394001672 6.618110416 

0.5753155718 6.72580351 
0.7394001672 6.618110416 

0.7501116088 8.128908325 
0.6961263671 8.40225248 

0.7082724391 8.596511523 
0.7021994031 8.499382001 

0.6961263671 8.40225248 
0.7021994031 8.499382001 

6.176032678 5.702728702 
6.652572013 5.656919045 

7.236118103 7.306187477 
7.202507626 7.49305145 

7.168897148 7.679915423 
7.202507626 7.49305145 

4.277097827 7.213101203 
4.157644717 7.600990032 

1.204780987 8.764271784 
1.425957579 8.70264531 

3.379511628 3.848506134 
3.572359273 3.859879979 

3.765206919 3.871253825 
3.572359273 3.859879979 

