1.487747769 8.181971832 
1.652219946 7.926129582 

2.531789442 5.92432879 
2.386454616 7.730582151 

3.156435716 0.8482556216 
2.980980007 1.767479729 

5.989573811 6.576856217 
6.232230997 6.594748451 

7.299710267 5.663597899 
7.634922314 6.567692925 

2.850942125 2.452991969 
2.980980007 1.767479729 

2.980980007 1.767479729 
3.586503178 1.714746088 

2.386454616 7.730582151 
2.978940011 7.720977873 

6.232230997 6.594748451 
5.920081174 6.816149322 

3.777584629 7.576049037 
2.978940011 7.720977873 

1.844135857 1.32062621 
2.481779121 1.854916051 

4.413164872 2.684452743 
4.556210811 3.31051673 

2.03975241 7.979124595 
2.154353273 7.745760645 

5.102804259 6.616230343 
4.742797036 6.805929059 

3.548954524 2.138651374 
3.157534128 2.728282593 

2.743708954 8.877460857 
3.140991122 8.773266549 

3.548954524 2.138651374 
3.586503178 1.714746088 

2.03975241 7.979124595 
1.950470233 8.239760962 

4.753517538 4.758921569 
4.471534652 4.504793822 

2.481779121 1.854916051 
2.38805784 2.393357508 

6.555570191 6.734116123 
6.232230997 6.594748451 

4.742797036 6.805929059 
3.777584629 7.576049037 

3.548954524 2.138651374 
3.800300163 3.033547049 

5.65325424 4.931511808 
5.608980278 5.490521669 

4.413164872 2.684452743 
3.548954524 2.138651374 

2.980980007 1.767479729 
3.277085064 1.942877984 

7.299710267 5.663597899 
6.591711175 6.284989908 

6.232230997 6.594748451 
6.591711175 6.284989908 

1.652219946 7.926129582 
1.687487927 7.150887906 

2.03975241 7.979124595 
2.059488362 8.445019929 

5.920081174 6.816149322 
5.989573811 6.576856217 

4.822484269 1.842050904 
4.292429563 2.280828633 

6.441839788 5.285283283 
6.914012696 5.962967185 

6.441839788 5.285283283 
6.591711175 6.284989908 

2.850942125 2.452991969 
3.073530722 2.32484965 

6.914012696 5.962967185 
6.591711175 6.284989908 

5.74706802 7.440284473 
5.546557028 7.716449472 

2.743708954 8.877460857 
2.059488362 8.445019929 

3.073530722 2.32484965 
3.277085064 1.942877984 

2.03975241 7.979124595 
2.386454616 7.730582151 

2.980980007 1.767479729 
2.664294769 2.156351018 

0.7794793655 7.23593765 
0.5087963758 6.732621559 

1.687487927 7.150887906 
1.30491215 7.335314083 

5.920081174 6.816149322 
5.606877344 6.482103865 

2.945506253 7.128045297 
2.386454616 7.730582151 

2.002631886 3.492383148 
1.807778837 2.752390204 

2.850942125 2.452991969 
2.664294769 2.156351018 

2.059488362 8.445019929 
1.950470233 8.239760962 

2.13786625 7.213340738 
2.462526555 7.181382657 

1.950470233 8.239760962 
1.662732585 8.572353057 

2.13786625 7.213340738 
1.687487927 7.150887906 

3.832009215 0.8561789343 
3.72964245 1.454877339 

3.586503178 1.714746088 
3.72964245 1.454877339 

7.634922314 6.567692925 
7.002870518 7.001141375 

6.232230997 6.594748451 
6.706231359 6.584557368 

3.800300163 3.033547049 
4.102209783 3.001712102 

0.4301740681 8.186295561 
1.264312413 7.850176672 

1.487747769 8.181971832 
1.264312413 7.850176672 

1.950470233 8.239760962 
1.652219946 7.926129582 

3.123752985 3.330683419 
2.598312525 2.746239234 

2.002631886 3.492383148 
2.698964982 3.620655883 

2.38805784 2.393357508 
2.850942125 2.452991969 

2.154353273 7.745760645 
1.864863908 7.663102791 

1.652219946 7.926129582 
1.864863908 7.663102791 

2.13786625 7.213340738 
1.550092186 6.735319526 

3.832009215 0.8561789343 
3.813740788 1.876795805 

6.441839788 5.285283283 
6.653024109 5.65587048 

0.4301740681 8.186295561 
0.6764764625 7.612669474 

4.413164872 2.684452743 
4.907114399 2.519333193 

2.059488362 8.445019929 
1.863985565 8.813515144 

2.251872164 6.33870357 
1.995323456 6.745890074 

4.336248455 5.978069104 
5.3688121 6.053265082 

1.995323456 6.745890074 
1.550092186 6.735319526 

6.007523725 7.103121513 
5.920081174 6.816149322 

7.634922314 6.567692925 
6.986033915 6.259590782 

6.591711175 6.284989908 
6.986033915 6.259590782 

3.262779795 2.215842483 
3.073530722 2.32484965 

3.813740788 1.876795805 
3.586503178 1.714746088 

2.743708954 8.877460857 
2.57176075 8.580218059 

4.204096646 4.166876598 
3.99281513 3.853806982 

4.742797036 6.805929059 
4.654114548 6.452135601 

2.57176075 8.580218059 
2.059488362 8.445019929 

7.235955929 7.305930993 
6.801349071 7.420374765 

2.945506253 7.128045297 
2.462526555 7.181382657 

1.367621326 9.211818102 
1.204401204 8.762528787 

5.3688121 6.053265082 
5.887082921 6.090935144 

3.777584629 7.576049037 
3.405248156 7.359956154 

4.471534652 4.504793822 
4.340947333 4.341108605 

4.204096646 4.166876598 
4.340947333 4.341108605 

2.598312525 2.746239234 
2.850942125 2.452991969 

2.386454616 7.730582151 
2.609102658 7.568392711 

6.914012696 5.962967185 
7.304125737 6.131293569 

1.687487927 7.150887906 
1.550092186 6.735319526 

5.17088511 7.343386744 
4.819640714 7.471131343 

6.007523725 7.103121513 
5.74706802 7.440284473 

2.980980007 1.767479729 
2.296184752 1.42881443 

3.123752985 3.330683419 
3.157534128 2.728282593 

1.807778837 2.752390204 
2.441439788 3.222850315 

2.481779121 1.854916051 
2.664294769 2.156351018 

3.918845485 6.848274772 
4.319507079 6.62824296 

4.654114548 6.452135601 
4.319507079 6.62824296 

1.662732585 8.572353057 
1.537062163 8.95048552 

2.813431799 8.263373301 
2.978940011 7.720977873 

6.914012696 5.962967185 
6.986033915 6.259590782 

6.441839788 5.285283283 
6.239941227 4.823167434 

2.664294769 2.156351018 
2.142894446 2.360664644 

2.142894446 2.360664644 
2.38805784 2.393357508 

5.74706802 7.440284473 
5.758025874 7.108330231 

6.007523725 7.103121513 
5.758025874 7.108330231 

0.6764764625 7.612669474 
1.007770129 7.708301809 

1.264312413 7.850176672 
1.007770129 7.708301809 

2.57176075 8.580218059 
3.140991122 8.773266549 

6.801349071 7.420374765 
7.002870518 7.001141375 

2.251872164 6.33870357 
1.860839022 6.306762728 

2.217184811 9.195530673 
1.863985565 8.813515144 

4.292429563 2.280828633 
4.563473807 2.381173956 

1.662732585 8.572353057 
1.863985565 8.813515144 

1.687487927 7.150887906 
1.134012051 6.949069703 

2.13786625 7.213340738 
2.155529444 7.448804666 

2.154353273 7.745760645 
2.155529444 7.448804666 

1.665588213 1.850010048 
2.142894446 2.360664644 

7.634922314 6.567692925 
7.235955929 7.305930993 

6.555570191 6.734116123 
7.218534729 6.630678012 

1.134012051 6.949069703 
0.7794793655 7.23593765 

6.801349071 7.420374765 
6.8899374 7.765647441 

2.462526555 7.181382657 
2.155529444 7.448804666 

5.102804259 6.616230343 
5.178907417 6.289768101 

5.3688121 6.053265082 
5.178907417 6.289768101 

5.546557028 7.716449472 
5.740845606 7.777101332 

6.053202638 7.853202444 
5.740845606 7.777101332 

7.218534729 6.630678012 
7.002870518 7.001141375 

3.123752985 3.330683419 
2.98659769 3.45951662 

2.698964982 3.620655883 
2.98659769 3.45951662 

2.57176075 8.580218059 
2.813431799 8.263373301 

1.652219946 7.926129582 
1.085361607 8.043010386 

1.864863908 7.663102791 
1.91373312 7.502521722 

2.155529444 7.448804666 
1.91373312 7.502521722 

2.978940011 7.720977873 
3.405248156 7.359956154 

3.548954524 2.138651374 
3.813740788 1.876795805 

2.698964982 3.620655883 
2.441439788 3.222850315 

1.665588213 1.850010048 
2.113181756 2.092364674 

2.38805784 2.393357508 
2.113181756 2.092364674 

6.653024109 5.65587048 
6.914012696 5.962967185 

4.102209783 3.001712102 
4.349630307 3.068559781 

2.217184811 9.195530673 
2.608272353 9.388346484 

3.277085064 1.942877984 
3.37959155 1.795438682 

3.720918948 8.469261323 
3.093567779 8.373527358 

2.813431799 8.263373301 
3.093567779 8.373527358 

5.74706802 7.440284473 
6.053202638 7.853202444 

3.079079148 6.204500507 
2.734933301 6.295650343 

1.204401204 8.762528787 
1.537062163 8.95048552 

1.487747769 8.181971832 
1.656206452 8.355900381 

4.654114548 6.452135601 
5.178907417 6.289768101 

3.156435716 0.8482556216 
3.414083479 0.9990137332 

4.413164872 2.684452743 
4.563473807 2.381173956 

1.807778837 2.752390204 
1.556536714 2.602791361 

2.03975241 7.979124595 
2.349955579 8.377467316 

2.57176075 8.580218059 
2.349955579 8.377467316 

4.822484269 1.842050904 
4.186778764 2.007158944 

3.548954524 2.138651374 
4.186778764 2.007158944 

3.140991122 8.773266549 
3.093567779 8.373527358 

6.302943912 8.038665265 
6.1936816 7.383722081 

6.007523725 7.103121513 
6.1936816 7.383722081 

6.706231359 6.584557368 
6.920295513 6.607868955 

3.156435716 0.8482556216 
3.300270831 0.3737937993 

2.441439788 3.222850315 
2.370297615 3.411807203 

7.218534729 6.630678012 
6.920295513 6.607868955 

4.907114399 2.519333193 
4.713276255 2.473838011 

4.563473807 2.381173956 
4.713276255 2.473838011 

5.606877344 6.482103865 
5.79257672 6.442883682 

0.7794793655 7.23593765 
1.094444212 7.41397727 

2.980980007 1.767479729 
2.737691325 1.558115964 

1.134012051 6.949069703 
1.189885753 6.25621227 

5.090507555 8.058438504 
4.404784158 7.630017882 

2.13786625 7.213340738 
2.0113044 7.026608454 

1.007770129 7.708301809 
1.085361607 8.043010386 

3.093567779 8.373527358 
3.070285751 8.055786401 

4.336248455 5.978069104 
4.174288282 6.326540381 

3.918845485 6.848274772 
4.174288282 6.326540381 

3.813740788 1.876795805 
3.91086818 1.539673097 

3.72964245 1.454877339 
3.91086818 1.539673097 

2.38805784 2.393357508 
2.598312525 2.746239234 

1.687487927 7.150887906 
1.91373312 7.502521722 

0.4301740681 8.186295561 
0.6950544928 8.39981973 

5.608980278 5.490521669 
5.330617678 5.649923342 

3.548954524 2.138651374 
3.599496187 2.281059761 

7.299710267 5.663597899 
6.988691394 5.616571592 

3.723048637 2.61028801 
3.800300163 3.033547049 

1.863985565 8.813515144 
1.612289656 9.055726756 

1.367621326 9.211818102 
1.612289656 9.055726756 

3.36725996 3.844005396 
3.545757146 3.273845765 

2.609102658 7.568392711 
2.155529444 7.448804666 

6.920295513 6.607868955 
6.555570191 6.734116123 

5.887082921 6.090935144 
6.191311192 5.987438232 

3.156435716 0.8482556216 
3.098765303 1.278603801 

3.586503178 1.714746088 
3.098765303 1.278603801 

1.656206452 8.355900381 
1.662732585 8.572353057 

6.174072222 5.701717701 
6.150161368 5.34404796 

0.5087963758 6.732621559 
1.005890701 6.754313054 

1.134012051 6.949069703 
1.005890701 6.754313054 

5.17088511 7.343386744 
5.758025874 7.108330231 

4.742797036 6.805929059 
4.907319711 6.915555927 

3.140991122 8.773266549 
3.229261199 8.559180132 

6.986033915 6.259590782 
6.706231359 6.584557368 

1.844135857 1.32062621 
1.916854969 1.550973819 

2.296184752 1.42881443 
2.412894678 1.621195802 

2.481779121 1.854916051 
2.412894678 1.621195802 

3.405248156 7.359956154 
3.306121304 7.057401521 

2.142894446 2.360664644 
2.113181756 2.092364674 

1.462906415 2.248233072 
1.661026694 2.296578178 

6.007523725 7.103121513 
6.32711343 6.847184688 

5.920081174 6.816149322 
6.32711343 6.847184688 

2.462526555 7.181382657 
2.357688191 7.358413736 

2.609102658 7.568392711 
2.357688191 7.358413736 

2.217184811 9.195530673 
2.117930204 8.782769454 

2.059488362 8.445019929 
2.117930204 8.782769454 

7.002870518 7.001141375 
6.808790212 6.796048402 

6.555570191 6.734116123 
6.808790212 6.796048402 

2.386454616 7.730582151 
2.367982838 8.069197716 

2.349955579 8.377467316 
2.367982838 8.069197716 

7.167074897 7.680151013 
6.8899374 7.765647441 

3.832009215 0.8561789343 
3.593288737 0.7646506104 

4.785340213 5.562835487 
4.939532049 5.796400963 

2.920225374 2.054372119 
3.073530722 2.32484965 

3.723048637 2.61028801 
3.384905888 2.461854719 

3.073530722 2.32484965 
3.384905888 2.461854719 

2.155529444 7.448804666 
2.357688191 7.358413736 

2.046935979 0.7872834154 
2.251392798 0.7062058445 

2.37193767 0.8360168571 
2.251392798 0.7062058445 

6.986033915 6.259590782 
7.170229907 6.248403111 

7.304125737 6.131293569 
7.170229907 6.248403111 

4.404784158 7.630017882 
4.272153128 7.217185802 

4.272153128 7.217185802 
4.64689572 7.277227855 

4.819640714 7.471131343 
4.64689572 7.277227855 

6.174072222 5.701717701 
6.191311192 5.987438232 

1.864863908 7.663102791 
1.687423365 7.489880486 

1.863985565 8.813515144 
2.117930204 8.782769454 

6.302943912 8.038665265 
5.609582047 7.952587392 

5.090507555 8.058438504 
5.609582047 7.952587392 

7.039843476 5.235931118 
7.088080259 5.41274438 

6.988691394 5.616571592 
7.088080259 5.41274438 

2.978940011 7.720977873 
2.609102658 7.568392711 

5.609582047 7.952587392 
5.546557028 7.716449472 

1.085361607 8.043010386 
1.264312413 7.850176672 

0.4301740681 8.186295561 
0.661896671 7.990693773 

3.723048637 2.61028801 
3.548954524 2.138651374 

1.807778837 2.752390204 
2.00096138 2.545426674 

2.142894446 2.360664644 
2.00096138 2.545426674 

2.978940011 7.720977873 
2.367982838 8.069197716 

4.479661409 1.248364754 
3.91086818 1.539673097 

2.978940011 7.720977873 
2.634343868 7.951544306 

5.65325424 4.931511808 
5.50568628 4.771235692 

5.157303822 4.839280242 
5.50568628 4.771235692 

5.758025874 7.108330231 
5.549711179 7.008543105 

5.920081174 6.816149322 
5.549711179 7.008543105 

3.093567779 8.373527358 
3.229261199 8.559180132 

5.989573811 6.576856217 
6.02090922 6.34574186 

5.887082921 6.090935144 
6.02090922 6.34574186 

4.554979998 1.821130685 
4.186778764 2.007158944 

3.99281513 3.853806982 
3.765206919 3.871253825 

2.57176075 8.580218059 
2.567703436 8.902301628 

3.300270831 0.3737937993 
3.355917144 0.6888507453 

3.414083479 0.9990137332 
3.355917144 0.6888507453 

3.800300163 3.033547049 
3.730939672 3.245218168 

2.698964982 3.620655883 
2.370297615 3.411807203 

2.598312525 2.746239234 
2.674179508 3.223498455 

2.113181756 2.092364674 
2.664294769 2.156351018 

4.336248455 5.978069104 
4.728611917 6.28422017 

5.102804259 6.616230343 
4.728611917 6.28422017 

1.860839022 6.306762728 
1.550092186 6.735319526 

1.860839022 6.306762728 
1.929056472 6.161758095 

1.708144324 5.978633849 
1.929056472 6.161758095 

6.1936816 7.383722081 
5.74706802 7.440284473 

2.154353273 7.745760645 
2.248849251 7.502476315 

2.462526555 7.181382657 
2.248849251 7.502476315 

3.229261199 8.559180132 
3.343122831 8.41335442 

2.664294769 2.156351018 
2.461952698 2.167336188 

1.462906415 2.248233072 
1.841396652 2.161458808 

2.113181756 2.092364674 
1.841396652 2.161458808 

3.723048637 2.61028801 
3.644963505 2.476905168 

3.599496187 2.281059761 
3.644963505 2.476905168 

2.155529444 7.448804666 
2.248849251 7.502476315 

6.555570191 6.734116123 
6.32711343 6.847184688 

2.833586347 6.650467542 
3.12331112 6.424158177 

4.907114399 2.519333193 
4.995250654 2.164891961 

6.920295513 6.607868955 
7.28558287 6.599254312 

7.634922314 6.567692925 
7.28558287 6.599254312 

6.1936816 7.383722081 
6.546071157 7.459878895 

6.801349071 7.420374765 
6.546071157 7.459878895 

1.652219946 7.926129582 
1.407793297 7.99432629 

1.264312413 7.850176672 
1.407793297 7.99432629 

5.608980278 5.490521669 
5.824565108 5.594186194 

6.174072222 5.701717701 
5.824565108 5.594186194 

7.529202665 6.870371732 
7.387781973 6.672674365 

7.218534729 6.630678012 
7.387781973 6.672674365 

4.479661409 1.248364754 
4.134708616 1.458427556 

3.813740788 1.876795805 
4.134708616 1.458427556 

6.02090922 6.34574186 
6.191311192 5.987438232 

1.407793297 7.99432629 
1.487747769 8.181971832 

1.550092186 6.735319526 
1.688985417 6.380162914 

1.094444212 7.41397727 
0.4877759142 7.498589236 

2.531789442 5.92432879 
2.688989123 6.127256126 

2.734933301 6.295650343 
2.688989123 6.127256126 

2.813431799 8.263373301 
2.349955579 8.377467316 

2.850942125 2.452991969 
2.875189043 2.259487013 

2.920225374 2.054372119 
2.875189043 2.259487013 

1.134012051 6.949069703 
1.30491215 7.335314083 

2.370297615 3.411807203 
2.183353419 3.346262599 

2.357688191 7.358413736 
2.248849251 7.502476315 

1.094444212 7.41397727 
1.264312413 7.850176672 

1.094444212 7.41397727 
1.110243187 7.150189037 

1.134012051 6.949069703 
1.110243187 7.150189037 

4.728611917 6.28422017 
4.654114548 6.452135601 

5.157303822 4.839280242 
4.785340213 5.562835487 

3.918845485 6.848274772 
3.871614797 7.225048982 

3.777584629 7.576049037 
3.871614797 7.225048982 

2.674179508 3.223498455 
2.441439788 3.222850315 

1.995323456 6.745890074 
1.962548442 6.900261492 

2.0113044 7.026608454 
1.962548442 6.900261492 

3.36725996 3.844005396 
3.283733692 3.585736707 

3.123752985 3.330683419 
3.283733692 3.585736707 

5.157303822 4.839280242 
4.917244895 4.934107527 

4.753517538 4.758921569 
4.917244895 4.934107527 

5.65325424 4.931511808 
5.909458347 4.873459154 

1.007770129 7.708301809 
1.094444212 7.41397727 

1.844135857 1.32062621 
2.053567607 1.350486662 

2.296184752 1.42881443 
2.053567607 1.350486662 

3.156435716 0.8482556216 
2.838021127 0.8900108985 

2.743708954 8.877460857 
2.567703436 8.902301628 

5.606877344 6.482103865 
5.622663148 6.742273848 

0.6950544928 8.39981973 
0.661896671 7.990693773 

7.634922314 6.567692925 
7.54998904 6.211381846 

4.272153128 7.217185802 
3.918845485 6.848274772 

2.251872164 6.33870357 
1.929056472 6.161758095 

6.646358115 8.264925772 
6.813352147 7.959035096 

6.8899374 7.765647441 
6.813352147 7.959035096 

1.661026694 2.296578178 
1.620752875 2.426046324 

1.665588213 1.850010048 
1.841396652 2.161458808 

2.813431799 8.263373301 
3.070285751 8.055786401 

1.665588213 1.850010048 
1.834509093 1.738845418 

1.916854969 1.550973819 
1.834509093 1.738845418 

5.622663148 6.742273848 
5.920081174 6.816149322 

2.980980007 1.767479729 
2.920225374 2.054372119 

4.479661409 1.248364754 
4.502905406 1.574584247 

4.554979998 1.821130685 
4.502905406 1.574584247 

2.367982838 8.069197716 
2.634343868 7.951544306 

4.479661409 1.248364754 
4.260483818 0.9634925904 

3.593288737 0.7646506104 
3.503314328 0.5479503863 

4.272153128 7.217185802 
4.519284284 6.97254129 

4.742797036 6.805929059 
4.519284284 6.97254129 

1.367621326 9.211818102 
1.776488212 9.228824664 

2.217184811 9.195530673 
1.776488212 9.228824664 

0.7794793655 7.23593765 
1.110243187 7.150189037 

3.644963505 2.476905168 
3.384905888 2.461854719 

3.277085064 1.942877984 
3.244572615 2.093760146 

3.262779795 2.215842483 
3.244572615 2.093760146 

1.462906415 2.248233072 
1.620752875 2.426046324 

1.950470233 8.239760962 
1.76618065 8.286604199 

1.656206452 8.355900381 
1.76618065 8.286604199 

2.838021127 0.8900108985 
2.746019726 0.7939912095 

2.590417296 0.4939264535 
2.746019726 0.7939912095 

3.073530722 2.32484965 
2.875189043 2.259487013 

4.413164872 2.684452743 
4.325432703 2.835650842 

4.102209783 3.001712102 
4.325432703 2.835650842 

2.978940011 7.720977873 
3.284535779 8.067823988 

3.720918948 8.469261323 
3.284535779 8.067823988 

1.841396652 2.161458808 
1.661026694 2.296578178 

3.355917144 0.6888507453 
3.503314328 0.5479503863 

2.462526555 7.181382657 
2.740106408 7.364684269 

4.349630307 3.068559781 
4.325432703 2.835650842 

2.945506253 7.128045297 
2.95011014 6.828441726 

2.833586347 6.650467542 
2.95011014 6.828441726 

2.113181756 2.092364674 
2.461952698 2.167336188 

3.157534128 2.728282593 
2.996212736 2.748593501 

2.900956002 2.913322378 
2.996212736 2.748593501 

2.386454616 7.730582151 
2.634343868 7.951544306 

2.634343868 7.951544306 
2.813431799 8.263373301 

5.546557028 7.716449472 
5.242761518 7.762032737 

1.652219946 7.926129582 
2.03975241 7.979124595 

0.7794793655 7.23593765 
1.005890701 6.754313054 

0.4877759142 7.498589236 
0.6844431064 7.352726618 

0.7794793655 7.23593765 
0.6844431064 7.352726618 

4.556210811 3.31051673 
4.49631791 3.131718946 

4.349630307 3.068559781 
4.49631791 3.131718946 

4.939532049 5.796400963 
5.103096995 5.920624301 

5.3688121 6.053265082 
5.103096995 5.920624301 

2.608272353 9.388346484 
2.68109254 9.116229298 

2.743708954 8.877460857 
2.68109254 9.116229298 

6.808790212 6.796048402 
6.706231359 6.584557368 

3.777584629 7.576049037 
4.127860114 7.593522917 

4.404784158 7.630017882 
4.127860114 7.593522917 

3.37959155 1.795438682 
3.468825741 1.73369165 

3.586503178 1.714746088 
3.468825741 1.73369165 

1.916854969 1.550973819 
2.053567607 1.350486662 

3.414083479 0.9990137332 
3.593288737 0.7646506104 

6.150161368 5.34404796 
6.295878554 5.36018883 

6.441839788 5.285283283 
6.295878554 5.36018883 

0.8631298529 8.700931129 
0.7082724391 8.596511523 

2.980980007 1.767479729 
3.032180778 1.520350257 

5.74706802 7.440284473 
5.430800105 7.691277168 

5.090507555 8.058438504 
5.430800105 7.691277168 

7.170229907 6.248403111 
7.28558287 6.599254312 

2.30201858 5.955605188 
2.245636718 6.123607111 

2.251872164 6.33870357 
2.245636718 6.123607111 

6.914012696 5.962967185 
6.988691394 5.616571592 

2.154353273 7.745760645 
2.048903006 7.621339849 

1.91373312 7.502521722 
2.048903006 7.621339849 

0.5087963758 6.732621559 
0.9245180619 7.005177813 

1.30491215 7.335314083 
0.9245180619 7.005177813 

7.299710267 5.663597899 
7.099113878 5.840126461 

6.914012696 5.962967185 
7.099113878 5.840126461 

3.720918948 8.469261323 
3.50173723 8.380965282 

3.343122831 8.41335442 
3.50173723 8.380965282 

2.386454616 7.730582151 
2.248849251 7.502476315 

3.832009215 0.8561789343 
4.087854251 0.6642586008 

5.824565108 5.594186194 
6.150161368 5.34404796 

1.487747769 8.181971832 
1.5536451 8.419123796 

1.662732585 8.572353057 
1.5536451 8.419123796 

2.813431799 8.263373301 
2.85234734 8.49101821 

5.17088511 7.343386744 
5.242761518 7.762032737 

4.260483818 0.9634925904 
4.105830617 0.9329447558 

2.85234734 8.49101821 
2.57176075 8.580218059 

6.706231359 6.584557368 
6.640765598 6.65889698 

6.555570191 6.734116123 
6.640765598 6.65889698 

5.330617678 5.649923342 
5.103096995 5.920624301 

2.664294769 2.156351018 
2.920225374 2.054372119 

0.661896671 7.990693773 
0.6764764625 7.612669474 

6.646358115 8.264925772 
6.941671965 7.914657468 

7.167074897 7.680151013 
6.941671965 7.914657468 

6.941671965 7.914657468 
6.813352147 7.959035096 

5.79257672 6.442883682 
5.916974641 6.496870549 

5.989573811 6.576856217 
5.916974641 6.496870549 

0.661896671 7.990693773 
0.8500628872 7.879630616 

1.007770129 7.708301809 
0.8500628872 7.879630616 

0.9245180619 7.005177813 
1.134012051 6.949069703 

4.502905406 1.574584247 
4.296545295 1.574517359 

4.134708616 1.458427556 
4.296545295 1.574517359 

4.186778764 2.007158944 
4.019092679 2.004760235 

3.813740788 1.876795805 
4.019092679 2.004760235 

1.556536714 2.602791361 
1.557019605 2.489887876 

1.620752875 2.426046324 
1.557019605 2.489887876 

6.02090922 6.34574186 
5.79257672 6.442883682 

3.36725996 3.844005396 
3.200805769 3.636159015 

2.98659769 3.45951662 
3.200805769 3.636159015 

2.664294769 2.156351018 
2.875189043 2.259487013 

5.178907417 6.289768101 
4.951156984 6.30832261 

4.728611917 6.28422017 
4.951156984 6.30832261 

4.785340213 5.562835487 
5.151124843 5.51158719 

5.330617678 5.649923342 
5.151124843 5.51158719 

1.688985417 6.380162914 
1.860839022 6.306762728 

3.032180778 1.520350257 
2.737691325 1.558115964 

2.945506253 7.128045297 
2.740106408 7.364684269 

2.833586347 6.650467542 
2.768106809 6.468232635 

2.734933301 6.295650343 
2.768106809 6.468232635 

4.272153128 7.217185802 
3.871614797 7.225048982 

1.189885753 6.25621227 
1.117148541 6.560234999 

1.005890701 6.754313054 
1.117148541 6.560234999 

1.550092186 6.735319526 
1.134012051 6.949069703 

3.098765303 1.278603801 
3.039354751 1.354656392 

3.032180778 1.520350257 
3.039354751 1.354656392 

1.189885753 6.25621227 
1.360854123 6.499320396 

1.550092186 6.735319526 
1.360854123 6.499320396 

0.4877759142 7.498589236 
0.5804375795 7.562735906 

0.6764764625 7.612669474 
0.5804375795 7.562735906 

5.151124843 5.51158719 
4.939532049 5.796400963 

6.191311192 5.987438232 
6.364661053 6.165796658 

6.591711175 6.284989908 
6.364661053 6.165796658 

7.387781973 6.672674365 
7.28558287 6.599254312 

4.556210811 3.31051673 
4.748760025 2.911975898 

4.907114399 2.519333193 
4.748760025 2.911975898 

4.654114548 6.452135601 
4.951156984 6.30832261 

4.654114548 6.452135601 
4.471822314 6.205665974 

4.336248455 5.978069104 
4.471822314 6.205665974 

2.251872164 6.33870357 
2.734933301 6.295650343 

6.239941227 4.823167434 
6.047815519 4.858477513 

5.909458347 4.873459154 
6.047815519 4.858477513 

3.156435716 0.8482556216 
3.355917144 0.6888507453 

1.844135857 1.32062621 
1.927855067 1.044612186 

2.046935979 0.7872834154 
1.927855067 1.044612186 

6.808790212 6.796048402 
6.640765598 6.65889698 

0.4301740681 8.186295561 
0.7503877246 8.127830967 

1.085361607 8.043010386 
0.7503877246 8.127830967 

2.598312525 2.746239234 
2.996212736 2.748593501 

5.549711179 7.008543105 
5.614242063 6.878554892 

5.622663148 6.742273848 
5.614242063 6.878554892 

4.554979998 1.821130685 
4.707243646 1.840298733 

4.822484269 1.842050904 
4.707243646 1.840298733 

1.367621326 9.211818102 
1.42549488 9.085099689 

1.537062163 8.95048552 
1.42549488 9.085099689 

4.907319711 6.915555927 
4.99302249 7.129594825 

5.17088511 7.343386744 
4.99302249 7.129594825 

2.567703436 8.902301628 
2.68109254 9.116229298 

4.917244895 4.934107527 
4.848654754 5.184608797 

1.776488212 9.228824664 
1.612289656 9.055726756 

7.039843476 5.235931118 
6.85855019 5.419233892 

6.653024109 5.65587048 
6.85855019 5.419233892 

4.848654754 5.184608797 
4.75237657 5.339867232 

1.204401204 8.762528787 
1.5536451 8.419123796 

6.988691394 5.616571592 
6.85855019 5.419233892 

4.087854251 0.6642586008 
4.098726965 0.8293733003 

4.105830617 0.9329447558 
4.098726965 0.8293733003 

2.461952698 2.167336188 
2.481779121 1.854916051 

2.737691325 1.558115964 
2.587829013 1.636630581 

2.412894678 1.621195802 
2.587829013 1.636630581 

3.777584629 7.576049037 
3.284535779 8.067823988 

3.777584629 7.576049037 
3.726412483 7.969831486 

3.720918948 8.469261323 
3.726412483 7.969831486 

3.262779795 2.215842483 
3.082537063 2.093490031 

2.920225374 2.054372119 
3.082537063 2.093490031 

3.082537063 2.093490031 
3.277085064 1.942877984 

5.090507555 8.058438504 
4.958115987 7.673168584 

4.819640714 7.471131343 
4.958115987 7.673168584 

4.64689572 7.277227855 
4.519284284 6.97254129 

2.481779121 1.854916051 
2.587829013 1.636630581 

3.545757146 3.273845765 
3.640559371 3.255846755 

3.730939672 3.245218168 
3.640559371 3.255846755 

3.548954524 2.138651374 
3.244572615 2.093760146 

1.687423365 7.489880486 
1.91373312 7.502521722 

2.03975241 7.979124595 
2.216963548 8.069769849 

2.367982838 8.069197716 
2.216963548 8.069769849 

6.988691394 5.616571592 
7.099113878 5.840126461 

3.306121304 7.057401521 
3.118676148 7.087854237 

2.945506253 7.128045297 
3.118676148 7.087854237 

1.864863908 7.663102791 
2.048903006 7.621339849 

3.079079148 6.204500507 
2.688989123 6.127256126 

4.995250654 2.164891961 
4.925279363 2.001984901 

4.822484269 1.842050904 
4.925279363 2.001984901 

4.728611917 6.28422017 
4.471822314 6.205665974 

1.687487927 7.150887906 
1.962548442 6.900261492 

2.217184811 9.195530673 
2.374164457 8.899667386 

2.57176075 8.580218059 
2.374164457 8.899667386 

1.687487927 7.150887906 
1.719147868 7.303593888 

1.687423365 7.489880486 
1.719147868 7.303593888 

4.134708616 1.458427556 
4.260483818 0.9634925904 

7.235955929 7.305930993 
7.154864013 7.09660801 

7.002870518 7.001141375 
7.154864013 7.09660801 

3.093567779 8.373527358 
2.85234734 8.49101821 

2.85234734 8.49101821 
2.994986061 8.63681867 

5.102804259 6.616230343 
4.951156984 6.30832261 

1.30491215 7.335314083 
1.719147868 7.303593888 

2.698964982 3.620655883 
2.67686317 3.420022023 

2.674179508 3.223498455 
2.67686317 3.420022023 

6.85855019 5.419233892 
7.088080259 5.41274438 

4.713276255 2.473838011 
4.564169653 2.593870943 

4.413164872 2.684452743 
4.564169653 2.593870943 

3.082537063 2.093490031 
3.244572615 2.093760146 

4.75237657 5.339867232 
4.814434974 5.42212328 

4.785340213 5.562835487 
4.814434974 5.42212328 

4.260483818 0.9634925904 
4.098726965 0.8293733003 

1.487747769 8.181971832 
1.76618065 8.286604199 

3.548954524 2.138651374 
3.429926159 2.042035434 

3.277085064 1.942877984 
3.429926159 2.042035434 

6.302943912 8.038665265 
6.156925819 7.978104071 

6.053202638 7.853202444 
6.156925819 7.978104071 

2.03975241 7.979124595 
1.864863908 7.663102791 

6.232230997 6.594748451 
6.252920032 6.735550862 

6.32711343 6.847184688 
6.252920032 6.735550862 

3.073530722 2.32484965 
3.082537063 2.093490031 

3.070285751 8.055786401 
3.284535779 8.067823988 

3.140991122 8.773266549 
3.069774725 8.707528116 

2.994986061 8.63681867 
3.069774725 8.707528116 

5.430800105 7.691277168 
5.546557028 7.716449472 

2.598312525 2.746239234 
2.750088954 2.835887783 

2.900956002 2.913322378 
2.750088954 2.835887783 

7.529202665 6.870371732 
7.623716215 6.726909798 

7.634922314 6.567692925 
7.623716215 6.726909798 

3.157534128 2.728282593 
3.384905888 2.461854719 

3.157534128 2.728282593 
3.099832582 2.53657915 

3.073530722 2.32484965 
3.099832582 2.53657915 

2.590417296 0.4939264535 
2.393071088 0.6884103324 

2.251392798 0.7062058445 
2.393071088 0.6884103324 

1.708144324 5.978633849 
1.720346708 6.1730542 

1.688985417 6.380162914 
1.720346708 6.1730542 

3.12331112 6.424158177 
3.091055662 6.314734373 

3.079079148 6.204500507 
3.091055662 6.314734373 

3.099832582 2.53657915 
2.850942125 2.452991969 

5.090507555 8.058438504 
5.151774972 7.883872051 

5.242761518 7.762032737 
5.151774972 7.883872051 

2.37193767 0.8360168571 
2.471483705 0.6961500485 

2.608272353 9.388346484 
2.579967695 9.140114384 

2.567703436 8.902301628 
2.579967695 9.140114384 

3.414083479 0.9990137332 
3.251385558 1.136801332 

3.098765303 1.278603801 
3.251385558 1.136801332 

2.002631886 3.492383148 
2.093854136 3.421402435 

2.183353419 3.346262599 
2.093854136 3.421402435 

2.996212736 2.748593501 
3.099832582 2.53657915 

4.134708616 1.458427556 
4.017759777 1.496694156 

3.91086818 1.539673097 
4.017759777 1.496694156 

1.462906415 2.248233072 
1.557019605 2.489887876 

1.462906415 2.248233072 
1.607359118 2.05212696 

1.665588213 1.850010048 
1.607359118 2.05212696 

0.7503877246 8.127830967 
0.661896671 7.990693773 

7.304125737 6.131293569 
7.398608478 6.194163093 

4.292429563 2.280828633 
4.413164872 2.684452743 

4.186778764 2.007158944 
4.274627093 2.133107519 

2.590417296 0.4939264535 
2.530422369 0.5939515922 

2.471483705 0.6961500485 
2.530422369 0.5939515922 

1.30491215 7.335314083 
1.196270879 7.375397827 

1.094444212 7.41397727 
1.196270879 7.375397827 

5.102804259 6.616230343 
4.907319711 6.915555927 

5.102804259 6.616230343 
5.352463023 6.627421689 

5.606877344 6.482103865 
5.352463023 6.627421689 

3.262779795 2.215842483 
3.384905888 2.461854719 

1.487747769 8.181971832 
1.426453078 8.699513647 

1.367621326 9.211818102 
1.426453078 8.699513647 

3.300270831 0.3737937993 
3.381967619 0.4956669261 

3.503314328 0.5479503863 
3.381967619 0.4956669261 

4.519284284 6.97254129 
4.319507079 6.62824296 

0.9245180619 7.005177813 
0.7794793655 7.23593765 

2.740106408 7.364684269 
2.728620452 7.500688737 

2.609102658 7.568392711 
2.728620452 7.500688737 

7.170229907 6.248403111 
7.398608478 6.194163093 

2.349955579 8.377467316 
2.195136908 8.403411456 

2.059488362 8.445019929 
2.195136908 8.403411456 

6.941671965 7.914657468 
6.8899374 7.765647441 

0.9069824567 6.505631249 
0.7349660483 6.619547826 

0.5087963758 6.732621559 
0.7349660483 6.619547826 

0.7503877246 8.127830967 
0.6950544928 8.39981973 

0.7082724391 8.596511523 
0.7021994031 8.499382001 

0.6950544928 8.39981973 
0.7021994031 8.499382001 

6.174072222 5.701717701 
6.653024109 5.65587048 

7.235955929 7.305930993 
7.185181998 7.499210096 

7.167074897 7.680151013 
7.185181998 7.499210096 

4.272153128 7.217185802 
4.127860114 7.593522917 

1.204401204 8.762528787 
1.426453078 8.699513647 

3.36725996 3.844005396 
3.5694742 3.859824777 

3.765206919 3.871253825 
3.5694742 3.859824777 

5.74706802 7.440284473 
5.747824381 7.605991195 

5.740845606 7.777101332 
5.747824381 7.605991195 

1.085361607 8.043010386 
0.8500628872 7.879630616 

1.204401204 8.762528787 
1.054789019 8.681384107 

0.8631298529 8.700931129 
1.054789019 8.681384107 

2.154353273 7.745760645 
2.216963548 8.069769849 

4.272153128 7.217185802 
4.035330923 7.403610648 

3.777584629 7.576049037 
4.035330923 7.403610648 

2.481779121 1.854916051 
2.610196445 1.70231702 

2.737691325 1.558115964 
2.610196445 1.70231702 

2.154353273 7.745760645 
2.268021735 7.740696841 

2.386454616 7.730582151 
2.268021735 7.740696841 

3.156435716 0.8482556216 
3.251385558 1.136801332 

6.302943912 8.038665265 
6.469487373 8.163729285 

6.646358115 8.264925772 
6.469487373 8.163729285 

2.048903006 7.621339849 
2.155529444 7.448804666 

2.634343868 7.951544306 
2.32591089 7.936936956 

2.03975241 7.979124595 
2.32591089 7.936936956 

6.239941227 4.823167434 
6.19490335 5.07585147 

6.150161368 5.34404796 
6.19490335 5.07585147 

2.978940011 7.720977873 
3.018986256 7.901493595 

3.070285751 8.055786401 
3.018986256 7.901493595 

2.32591089 7.936936956 
2.268021735 7.740696841 

6.591711175 6.284989908 
6.612851787 6.455841168 

6.706231359 6.584557368 
6.612851787 6.455841168 

4.127860114 7.593522917 
4.035330923 7.403610648 

6.612851787 6.455841168 
6.640765598 6.65889698 

6.174072222 5.701717701 
6.031958014 5.897374286 

5.887082921 6.090935144 
6.031958014 5.897374286 

2.32591089 7.936936956 
2.386454616 7.730582151 

1.189885753 6.25621227 
1.048434105 6.380921759 

0.9069824567 6.505631249 
1.048434105 6.380921759 

2.38805784 2.393357508 
2.425020813 2.278871608 

2.461952698 2.167336188 
2.425020813 2.278871608 

5.352463023 6.627421689 
5.622663148 6.742273848 

2.30201858 5.955605188 
2.424058854 5.920459938 

2.531789442 5.92432879 
2.424058854 5.920459938 

2.728620452 7.500688737 
2.978940011 7.720977873 

2.634343868 7.951544306 
3.018986256 7.901493595 

4.174288282 6.326540381 
4.471822314 6.205665974 

6.808790212 6.796048402 
6.864542862 6.701958678 

6.920295513 6.607868955 
6.864542862 6.701958678 

4.174288282 6.326540381 
4.246897681 6.47739167 

4.319507079 6.62824296 
4.246897681 6.47739167 

5.758025874 7.108330231 
5.614242063 6.878554892 

5.920081174 6.816149322 
5.614242063 6.878554892 

7.54998904 6.211381846 
7.469073551 6.222202947 

7.398608478 6.194163093 
7.469073551 6.222202947 

7.088080259 5.41274438 
7.299710267 5.663597899 

2.598312525 2.746239234 
2.519876157 2.984544775 

2.441439788 3.222850315 
2.519876157 2.984544775 

3.355917144 0.6888507453 
3.593288737 0.7646506104 

4.814434974 5.42212328 
5.151124843 5.51158719 

5.090507555 8.058438504 
5.130696332 7.700912624 

5.17088511 7.343386744 
5.130696332 7.700912624 

4.292429563 2.280828633 
4.283528328 2.206968076 

4.274627093 2.133107519 
4.283528328 2.206968076 

