1.498062871 8.170141756 
1.650451973 7.927668531 

2.530841375 5.934413284 
2.383013647 7.70792283 

3.181295527 0.8552007322 
2.979190105 1.763239458 

6.017167186 6.557005184 
6.222604979 6.599578085 

7.299710267 5.663597899 
7.624144707 6.566212894 

2.832283425 2.460749131 
2.979190105 1.763239458 

2.979190105 1.763239458 
3.586437735 1.714690478 

2.383013647 7.70792283 
2.975067466 7.72014986 

6.222604979 6.599578085 
5.885605006 6.812116309 

3.775585916 7.574438657 
2.975067466 7.72014986 

1.844135857 1.32062621 
2.481779121 1.854916051 

4.412902178 2.68626636 
4.530152006 3.325376859 

2.049254466 7.980781345 
2.154818913 7.744351184 

5.102804259 6.616230343 
4.743460517 6.804126237 

3.546643965 2.136657925 
3.157534128 2.728282593 

2.745898722 8.87664974 
3.134526957 8.767068161 

3.546643965 2.136657925 
3.586437735 1.714690478 

2.049254466 7.980781345 
1.950470233 8.239760962 

4.753517538 4.758921569 
4.471534652 4.504793822 

2.481779121 1.854916051 
2.39019753 2.394025685 

6.529264516 6.721326199 
6.222604979 6.599578085 

4.743460517 6.804126237 
3.775585916 7.574438657 

3.546643965 2.136657925 
3.801310887 3.033900972 

5.65325424 4.931511808 
5.608980278 5.490521669 

4.412902178 2.68626636 
3.546643965 2.136657925 

2.979190105 1.763239458 
3.273110743 1.949688976 

7.299710267 5.663597899 
6.591314629 6.284823117 

6.222604979 6.599578085 
6.591314629 6.284823117 

1.650451973 7.927668531 
1.691147484 7.149535734 

2.049254466 7.980781345 
2.059488362 8.445019929 

5.885605006 6.812116309 
6.017167186 6.557005184 

4.8196871 1.844702327 
4.305201531 2.281453838 

6.441084162 5.282239609 
6.913601715 5.965230113 

6.441084162 5.282239609 
6.591314629 6.284823117 

2.832283425 2.460749131 
3.064077869 2.314499586 

6.913601715 5.965230113 
6.591314629 6.284823117 

5.752773898 7.439281471 
5.546557028 7.716449472 

2.745898722 8.87664974 
2.059488362 8.445019929 

3.064077869 2.314499586 
3.273110743 1.949688976 

2.049254466 7.980781345 
2.383013647 7.70792283 

2.979190105 1.763239458 
2.666279052 2.159117797 

0.7761909627 7.229914608 
0.4676861456 6.738527912 

1.691147484 7.149535734 
1.299597248 7.330785334 

5.885605006 6.812116309 
5.615151164 6.491617178 

2.942075886 7.130907491 
2.383013647 7.70792283 

2.002631886 3.492383148 
1.807778837 2.752390204 

2.832283425 2.460749131 
2.666279052 2.159117797 

2.059488362 8.445019929 
1.950470233 8.239760962 

2.126218188 7.226755044 
2.456201585 7.184930747 

1.950470233 8.239760962 
1.662732585 8.572353057 

2.126218188 7.226755044 
1.691147484 7.149535734 

3.831678498 0.862077919 
3.72964245 1.454877339 

3.586437735 1.714690478 
3.72964245 1.454877339 

7.624144707 6.566212894 
7.01476899 6.975136872 

6.222604979 6.599578085 
6.708836657 6.583494644 

3.801310887 3.033900972 
4.075518658 3.019876523 

0.4237544433 8.217061093 
1.280180657 7.827303748 

1.498062871 8.170141756 
1.280180657 7.827303748 

1.950470233 8.239760962 
1.650451973 7.927668531 

3.122860814 3.330619786 
2.59859914 2.747142806 

2.002631886 3.492383148 
2.70062154 3.618852415 

2.39019753 2.394025685 
2.832283425 2.460749131 

2.154818913 7.744351184 
1.861444218 7.660284785 

1.650451973 7.927668531 
1.861444218 7.660284785 

2.126218188 7.226755044 
1.540652068 6.757617477 

3.831678498 0.862077919 
3.806370577 1.869305253 

6.441084162 5.282239609 
6.653024109 5.65587048 

0.4237544433 8.217061093 
0.6732192006 7.619872795 

4.412902178 2.68626636 
4.907114399 2.519333193 

2.059488362 8.445019929 
1.866406483 8.815791865 

2.251872164 6.33870357 
1.98937527 6.74634761 

4.29369064 5.957412789 
5.35962641 6.051667233 

1.98937527 6.74634761 
1.540652068 6.757617477 

5.988080371 7.082171723 
5.885605006 6.812116309 

7.624144707 6.566212894 
6.957930302 6.275697009 

6.591314629 6.284823117 
6.957930302 6.275697009 

3.24985568 2.206258142 
3.064077869 2.314499586 

3.806370577 1.869305253 
3.586437735 1.714690478 

2.745898722 8.87664974 
2.572560374 8.578652664 

4.204096646 4.166876598 
3.9908494 3.854891367 

4.743460517 6.804126237 
4.693967102 6.46280024 

2.572560374 8.578652664 
2.059488362 8.445019929 

7.235955929 7.305930993 
6.802915153 7.41707923 

2.942075886 7.130907491 
2.456201585 7.184930747 

1.366789152 9.209020528 
1.209306099 8.75913419 

5.35962641 6.051667233 
5.888643839 6.090482124 

3.775585916 7.574438657 
3.413091655 7.349495393 

4.471534652 4.504793822 
4.340947333 4.341108605 

4.204096646 4.166876598 
4.340947333 4.341108605 

2.59859914 2.747142806 
2.832283425 2.460749131 

2.383013647 7.70792283 
2.605873369 7.566970455 

6.913601715 5.965230113 
7.304125737 6.131293569 

1.691147484 7.149535734 
1.540652068 6.757617477 

5.17088511 7.343386744 
4.819640714 7.471131343 

5.988080371 7.082171723 
5.752773898 7.439281471 

2.979190105 1.763239458 
2.296184752 1.42881443 

3.122860814 3.330619786 
3.157534128 2.728282593 

1.807778837 2.752390204 
2.441088595 3.220806136 

2.481779121 1.854916051 
2.666279052 2.159117797 

3.918845485 6.848274772 
4.322710301 6.627506255 

4.693967102 6.46280024 
4.322710301 6.627506255 

1.662732585 8.572353057 
1.535213344 8.949255942 

2.808103996 8.264610979 
2.975067466 7.72014986 

6.913601715 5.965230113 
6.957930302 6.275697009 

6.441084162 5.282239609 
6.255133396 4.81413482 

2.666279052 2.159117797 
2.142894446 2.360664644 

2.142894446 2.360664644 
2.39019753 2.394025685 

5.752773898 7.439281471 
5.759001884 7.10779652 

5.988080371 7.082171723 
5.759001884 7.10779652 

0.6732192006 7.619872795 
1.009903628 7.708314996 

1.280180657 7.827303748 
1.009903628 7.708314996 

2.572560374 8.578652664 
3.134526957 8.767068161 

6.802915153 7.41707923 
7.01476899 6.975136872 

2.251872164 6.33870357 
1.856499808 6.312473984 

2.231938373 9.198564829 
1.866406483 8.815791865 

4.305201531 2.281453838 
4.5622307 2.38059064 

1.662732585 8.572353057 
1.866406483 8.815791865 

1.691147484 7.149535734 
1.135113481 6.947191892 

2.126218188 7.226755044 
2.154470361 7.446000928 

2.154818913 7.744351184 
2.154470361 7.446000928 

1.666009656 1.851667858 
2.142894446 2.360664644 

7.624144707 6.566212894 
7.235955929 7.305930993 

6.529264516 6.721326199 
7.211491743 6.632480938 

1.135113481 6.947191892 
0.7761909627 7.229914608 

6.802915153 7.41707923 
6.8899374 7.765647441 

2.456201585 7.184930747 
2.154470361 7.446000928 

5.102804259 6.616230343 
5.176954236 6.291062245 

5.35962641 6.051667233 
5.176954236 6.291062245 

5.546557028 7.716449472 
5.743065653 7.777177049 

6.064732814 7.840506098 
5.743065653 7.777177049 

7.211491743 6.632480938 
7.01476899 6.975136872 

3.122860814 3.330619786 
2.98428974 3.431628874 

2.70062154 3.618852415 
2.98428974 3.431628874 

2.572560374 8.578652664 
2.808103996 8.264610979 

1.650451973 7.927668531 
1.087029557 8.041015322 

1.861444218 7.660284785 
1.889729575 7.492386485 

2.154470361 7.446000928 
1.889729575 7.492386485 

2.975067466 7.72014986 
3.413091655 7.349495393 

3.546643965 2.136657925 
3.806370577 1.869305253 

2.70062154 3.618852415 
2.441088595 3.220806136 

1.666009656 1.851667858 
2.110917638 2.092568356 

2.39019753 2.394025685 
2.110917638 2.092568356 

6.653024109 5.65587048 
6.913601715 5.965230113 

4.075518658 3.019876523 
4.34734505 3.068703628 

2.231938373 9.198564829 
2.609020203 9.425717449 

3.273110743 1.949688976 
3.379632112 1.79415582 

3.724418928 8.473742648 
3.09755618 8.376476012 

2.808103996 8.264610979 
3.09755618 8.376476012 

5.752773898 7.439281471 
6.064732814 7.840506098 

3.079079148 6.204500507 
2.734933301 6.295650343 

1.209306099 8.75913419 
1.535213344 8.949255942 

1.498062871 8.170141756 
1.655526112 8.354599937 

4.693967102 6.46280024 
5.176954236 6.291062245 

3.181295527 0.8552007322 
3.413283386 0.9983175378 

4.412902178 2.68626636 
4.5622307 2.38059064 

1.807778837 2.752390204 
1.556536714 2.602791361 

2.049254466 7.980781345 
2.358299616 8.372811201 

2.572560374 8.578652664 
2.358299616 8.372811201 

4.8196871 1.844702327 
4.191483788 2.005178329 

3.546643965 2.136657925 
4.191483788 2.005178329 

3.134526957 8.767068161 
3.09755618 8.376476012 

6.302126438 8.034478508 
6.18667939 7.373017491 

5.988080371 7.082171723 
6.18667939 7.373017491 

6.708836657 6.583494644 
6.935472412 6.616345194 

3.181295527 0.8552007322 
3.300720493 0.377091807 

2.441088595 3.220806136 
2.369116306 3.411703662 

7.211491743 6.632480938 
6.935472412 6.616345194 

4.907114399 2.519333193 
4.713276255 2.473838011 

4.5622307 2.38059064 
4.713276255 2.473838011 

5.615151164 6.491617178 
5.804176572 6.449655009 

0.7761909627 7.229914608 
1.096057666 7.415756404 

2.979190105 1.763239458 
2.757251598 1.524463436 

1.135113481 6.947191892 
1.189885753 6.25621227 

5.090507555 8.058438504 
4.404784158 7.630017882 

2.126218188 7.226755044 
2.012668927 7.029379172 

1.009903628 7.708314996 
1.087029557 8.041015322 

3.09755618 8.376476012 
3.070285751 8.055786401 

4.29369064 5.957412789 
4.173983309 6.323829864 

3.918845485 6.848274772 
4.173983309 6.323829864 

3.806370577 1.869305253 
3.911058288 1.541139532 

3.72964245 1.454877339 
3.911058288 1.541139532 

2.39019753 2.394025685 
2.59859914 2.747142806 

1.691147484 7.149535734 
1.889729575 7.492386485 

0.4237544433 8.217061093 
0.7058004703 8.386562076 

5.608980278 5.490521669 
5.329122928 5.651813228 

3.546643965 2.136657925 
3.599090651 2.283033411 

7.299710267 5.663597899 
6.988691394 5.616571592 

3.721901787 2.61028629 
3.801310887 3.033900972 

1.866406483 8.815791865 
1.612289656 9.055726756 

1.366789152 9.209020528 
1.612289656 9.055726756 

3.337671881 3.867437939 
3.543798521 3.277969699 

2.605873369 7.566970455 
2.154470361 7.446000928 

6.935472412 6.616345194 
6.529264516 6.721326199 

5.888643839 6.090482124 
6.183020443 5.994288088 

3.181295527 0.8552007322 
3.098691654 1.275819071 

3.586437735 1.714690478 
3.098691654 1.275819071 

1.655526112 8.354599937 
1.662732585 8.572353057 

6.173911203 5.703599986 
6.150161368 5.34404796 

0.4676861456 6.738527912 
1.001573792 6.754295731 

1.135113481 6.947191892 
1.001573792 6.754295731 

5.17088511 7.343386744 
5.759001884 7.10779652 

4.743460517 6.804126237 
4.907319711 6.915555927 

3.134526957 8.767068161 
3.228537653 8.560278698 

6.957930302 6.275697009 
6.708836657 6.583494644 

1.844135857 1.32062621 
1.916854969 1.550973819 

2.296184752 1.42881443 
2.412894678 1.621195802 

2.481779121 1.854916051 
2.412894678 1.621195802 

3.413091655 7.349495393 
3.30695137 7.058903026 

2.142894446 2.360664644 
2.110917638 2.092568356 

1.424564633 2.274464131 
1.657465532 2.296602122 

5.988080371 7.082171723 
6.31415988 6.846610551 

5.885605006 6.812116309 
6.31415988 6.846610551 

2.456201585 7.184930747 
2.343700762 7.345290401 

2.605873369 7.566970455 
2.343700762 7.345290401 

2.231938373 9.198564829 
2.118827455 8.785230649 

2.059488362 8.445019929 
2.118827455 8.785230649 

7.01476899 6.975136872 
6.807929607 6.795752615 

6.529264516 6.721326199 
6.807929607 6.795752615 

2.383013647 7.70792283 
2.388187718 8.078578086 

2.358299616 8.372811201 
2.388187718 8.078578086 

7.167074897 7.680151013 
6.8899374 7.765647441 

3.831678498 0.862077919 
3.593288737 0.7646506104 

4.741333916 5.602072037 
4.946361671 5.777292054 

2.922992025 2.058382102 
3.064077869 2.314499586 

3.721901787 2.61028629 
3.380840999 2.459127289 

3.064077869 2.314499586 
3.380840999 2.459127289 

2.154470361 7.446000928 
2.343700762 7.345290401 

2.026506317 0.7774528463 
2.249553167 0.7063973928 

2.37193767 0.8360168571 
2.249553167 0.7063973928 

6.957930302 6.275697009 
7.168648554 6.250418713 

7.304125737 6.131293569 
7.168648554 6.250418713 

4.404784158 7.630017882 
4.272153128 7.217185802 

4.272153128 7.217185802 
4.64689572 7.277227855 

4.819640714 7.471131343 
4.64689572 7.277227855 

6.173911203 5.703599986 
6.183020443 5.994288088 

1.861444218 7.660284785 
1.659551739 7.50528139 

1.866406483 8.815791865 
2.118827455 8.785230649 

6.302126438 8.034478508 
5.609582047 7.952587392 

5.090507555 8.058438504 
5.609582047 7.952587392 

7.039843476 5.235931118 
7.088080259 5.41274438 

2.975067466 7.72014986 
2.605873369 7.566970455 

5.609582047 7.952587392 
5.546557028 7.716449472 

1.087029557 8.041015322 
1.280180657 7.827303748 

0.4237544433 8.217061093 
0.6535302751 7.995554025 

3.721901787 2.61028629 
3.546643965 2.136657925 

1.807778837 2.752390204 
2.00096138 2.545426674 

2.142894446 2.360664644 
2.00096138 2.545426674 

2.975067466 7.72014986 
2.388187718 8.078578086 

4.480344608 1.245740476 
3.911058288 1.541139532 

2.975067466 7.72014986 
2.628379351 7.950047416 

5.65325424 4.931511808 
5.50568628 4.771235692 

5.153835602 4.844730095 
5.50568628 4.771235692 

5.759001884 7.10779652 
5.557058639 7.004132374 

5.885605006 6.812116309 
5.557058639 7.004132374 

3.09755618 8.376476012 
3.228537653 8.560278698 

6.017167186 6.557005184 
6.021214591 6.346535762 

5.888643839 6.090482124 
6.021214591 6.346535762 

4.563100841 1.827658725 
4.191483788 2.005178329 

3.9908494 3.854891367 
3.745204236 3.903910626 

2.572560374 8.578652664 
2.567703436 8.902301628 

3.300720493 0.377091807 
3.35546605 0.6900155279 

3.413283386 0.9983175378 
3.35546605 0.6900155279 

3.801310887 3.033900972 
3.730939672 3.245218168 

2.70062154 3.618852415 
2.369116306 3.411703662 

2.59859914 2.747142806 
2.674179508 3.223498455 

2.110917638 2.092568356 
2.666279052 2.159117797 

4.29369064 5.957412789 
4.725725103 6.283083041 

5.102804259 6.616230343 
4.725725103 6.283083041 

1.856499808 6.312473984 
1.540652068 6.757617477 

1.856499808 6.312473984 
1.926628706 6.160920132 

6.18667939 7.373017491 
5.752773898 7.439281471 

2.154818913 7.744351184 
2.246336036 7.503644227 

2.456201585 7.184930747 
2.246336036 7.503644227 

3.228537653 8.560278698 
3.34642517 8.412331547 

2.666279052 2.159117797 
2.461952698 2.167336188 

1.424564633 2.274464131 
1.815463436 2.155933226 

2.110917638 2.092568356 
1.815463436 2.155933226 

3.721901787 2.61028629 
3.6223522 2.503524418 

3.599090651 2.283033411 
3.6223522 2.503524418 

2.154470361 7.446000928 
2.246336036 7.503644227 

6.529264516 6.721326199 
6.31415988 6.846610551 

2.833586347 6.650467542 
3.12331112 6.424158177 

4.907114399 2.519333193 
4.995250654 2.164891961 

6.935472412 6.616345194 
7.273460479 6.578476397 

7.624144707 6.566212894 
7.273460479 6.578476397 

6.18667939 7.373017491 
6.54379492 7.459164855 

6.802915153 7.41707923 
6.54379492 7.459164855 

1.650451973 7.927668531 
1.419931693 7.988975846 

5.608980278 5.490521669 
5.824565108 5.594186194 

6.173911203 5.703599986 
5.824565108 5.594186194 

7.529202665 6.870371732 
7.386845807 6.671602872 

7.211491743 6.632480938 
7.386845807 6.671602872 

4.480344608 1.245740476 
4.13498854 1.456966728 

3.806370577 1.869305253 
4.13498854 1.456966728 

6.021214591 6.346535762 
6.183020443 5.994288088 

1.419931693 7.988975846 
1.498062871 8.170141756 

1.540652068 6.757617477 
1.686702259 6.38499601 

1.096057666 7.415756404 
0.4882488567 7.498447527 

2.530841375 5.934413284 
2.688989123 6.127256126 

2.734933301 6.295650343 
2.688989123 6.127256126 

2.808103996 8.264610979 
2.358299616 8.372811201 

2.832283425 2.460749131 
2.884615775 2.263495311 

2.922992025 2.058382102 
2.884615775 2.263495311 

1.135113481 6.947191892 
1.299597248 7.330785334 

2.369116306 3.411703662 
2.181365293 3.355920153 

2.343700762 7.345290401 
2.246336036 7.503644227 

1.096057666 7.415756404 
1.280180657 7.827303748 

1.096057666 7.415756404 
1.110243187 7.150189037 

1.135113481 6.947191892 
1.110243187 7.150189037 

4.725725103 6.283083041 
4.693967102 6.46280024 

3.918845485 6.848274772 
3.871614797 7.225048982 

3.775585916 7.574438657 
3.871614797 7.225048982 

2.674179508 3.223498455 
2.441088595 3.220806136 

1.98937527 6.74634761 
1.962548442 6.900261492 

2.012668927 7.029379172 
1.962548442 6.900261492 

3.337671881 3.867437939 
3.283347207 3.587989296 

3.122860814 3.330619786 
3.283347207 3.587989296 

5.153835602 4.844730095 
4.917244895 4.934107527 

4.753517538 4.758921569 
4.917244895 4.934107527 

5.65325424 4.931511808 
5.909458347 4.873459154 

1.009903628 7.708314996 
1.096057666 7.415756404 

1.844135857 1.32062621 
2.053567607 1.350486662 

2.296184752 1.42881443 
2.053567607 1.350486662 

3.181295527 0.8552007322 
2.840677409 0.8899687202 

2.745898722 8.87664974 
2.567703436 8.902301628 

5.615151164 6.491617178 
5.654924863 6.741424768 

0.7058004703 8.386562076 
0.6535302751 7.995554025 

7.624144707 6.566212894 
7.557679564 6.233473529 

4.272153128 7.217185802 
3.918845485 6.848274772 

2.251872164 6.33870357 
1.926628706 6.160920132 

6.644065476 8.246066445 
6.812281404 7.96030466 

6.8899374 7.765647441 
6.812281404 7.96030466 

1.657465532 2.296602122 
1.619740757 2.425464649 

1.666009656 1.851667858 
1.815463436 2.155933226 

2.808103996 8.264610979 
3.070285751 8.055786401 

1.666009656 1.851667858 
1.834509093 1.738845418 

1.916854969 1.550973819 
1.834509093 1.738845418 

5.654924863 6.741424768 
5.885605006 6.812116309 

2.979190105 1.763239458 
2.922992025 2.058382102 

4.480344608 1.245740476 
4.503828291 1.577778955 

4.563100841 1.827658725 
4.503828291 1.577778955 

2.388187718 8.078578086 
2.628379351 7.950047416 

3.593288737 0.7646506104 
3.502666367 0.5471497964 

4.272153128 7.217185802 
4.519284284 6.97254129 

4.743460517 6.804126237 
4.519284284 6.97254129 

1.366789152 9.209020528 
1.779434114 9.228609528 

2.231938373 9.198564829 
1.779434114 9.228609528 

0.7761909627 7.229914608 
1.110243187 7.150189037 

3.6223522 2.503524418 
3.380840999 2.459127289 

3.273110743 1.949688976 
3.244174425 2.103133977 

3.24985568 2.206258142 
3.244174425 2.103133977 

1.424564633 2.274464131 
1.619740757 2.425464649 

1.950470233 8.239760962 
1.764840465 8.285719532 

1.655526112 8.354599937 
1.764840465 8.285719532 

2.840677409 0.8899687202 
2.746019726 0.7939912095 

2.590417296 0.4939264535 
2.746019726 0.7939912095 

3.064077869 2.314499586 
2.884615775 2.263495311 

4.412902178 2.68626636 
4.323292632 2.837192142 

2.975067466 7.72014986 
3.2872883 8.070407653 

3.724418928 8.473742648 
3.2872883 8.070407653 

1.815463436 2.155933226 
1.657465532 2.296602122 

3.35546605 0.6900155279 
3.502666367 0.5471497964 

2.456201585 7.184930747 
2.740106408 7.364684269 

4.34734505 3.068703628 
4.323292632 2.837192142 

2.942075886 7.130907491 
2.95011014 6.828441726 

2.833586347 6.650467542 
2.95011014 6.828441726 

2.110917638 2.092568356 
2.461952698 2.167336188 

3.157534128 2.728282593 
2.996212736 2.748593501 

2.899841662 2.913880643 
2.996212736 2.748593501 

2.383013647 7.70792283 
2.628379351 7.950047416 

2.628379351 7.950047416 
2.808103996 8.264610979 

5.546557028 7.716449472 
5.242761518 7.762032737 

1.650451973 7.927668531 
2.049254466 7.980781345 

0.7761909627 7.229914608 
1.001573792 6.754295731 

0.4882488567 7.498447527 
0.6594800006 7.336285902 

0.7761909627 7.229914608 
0.6594800006 7.336285902 

4.530152006 3.325376859 
4.495895503 3.133237536 

4.34734505 3.068703628 
4.495895503 3.133237536 

4.946361671 5.777292054 
5.09818886 5.928402583 

2.609020203 9.425717449 
2.680358817 9.120718491 

2.745898722 8.87664974 
2.680358817 9.120718491 

6.807929607 6.795752615 
6.708836657 6.583494644 

3.775585916 7.574438657 
4.127860114 7.593522917 

4.404784158 7.630017882 
4.127860114 7.593522917 

3.379632112 1.79415582 
3.452330959 1.703278992 

3.586437735 1.714690478 
3.452330959 1.703278992 

1.916854969 1.550973819 
2.053567607 1.350486662 

3.413283386 0.9983175378 
3.593288737 0.7646506104 

6.150161368 5.34404796 
6.295878554 5.36018883 

6.441084162 5.282239609 
6.295878554 5.36018883 

0.8583358517 8.70009043 
0.6197683116 8.608805702 

2.979190105 1.763239458 
3.028674071 1.51796178 

5.752773898 7.439281471 
5.430800105 7.691277168 

5.090507555 8.058438504 
5.430800105 7.691277168 

7.168648554 6.250418713 
7.273460479 6.578476397 

2.286437838 5.907738071 
2.245507587 6.121163086 

2.251872164 6.33870357 
2.245507587 6.121163086 

6.913601715 5.965230113 
6.988691394 5.616571592 

2.154818913 7.744351184 
2.047475034 7.620307957 

1.889729575 7.492386485 
2.047475034 7.620307957 

1.299597248 7.330785334 
0.8924109172 6.984109791 

7.299710267 5.663597899 
7.099113878 5.840126461 

6.913601715 5.965230113 
7.099113878 5.840126461 

3.724418928 8.473742648 
3.545200016 8.36266638 

3.34642517 8.412331547 
3.545200016 8.36266638 

2.383013647 7.70792283 
2.246336036 7.503644227 

3.831678498 0.862077919 
4.087854251 0.6642586008 

5.824565108 5.594186194 
6.150161368 5.34404796 

1.498062871 8.170141756 
1.551632202 8.419412683 

1.662732585 8.572353057 
1.551632202 8.419412683 

2.808103996 8.264610979 
2.85234734 8.49101821 

5.17088511 7.343386744 
5.242761518 7.762032737 

4.32709266 0.9329910915 
4.108756802 0.9322129978 

2.85234734 8.49101821 
2.572560374 8.578652664 

6.708836657 6.583494644 
6.639400834 6.658976382 

6.529264516 6.721326199 
6.639400834 6.658976382 

5.329122928 5.651813228 
5.09818886 5.928402583 

2.666279052 2.159117797 
2.922992025 2.058382102 

0.6535302751 7.995554025 
0.6732192006 7.619872795 

6.644065476 8.246066445 
6.939831303 7.916193298 

7.167074897 7.680151013 
6.939831303 7.916193298 

6.939831303 7.916193298 
6.812281404 7.96030466 

5.804176572 6.449655009 
5.923890317 6.495190758 

6.017167186 6.557005184 
5.923890317 6.495190758 

0.6535302751 7.995554025 
0.8487163591 7.880314664 

1.009903628 7.708314996 
0.8487163591 7.880314664 

0.8924109172 6.984109791 
1.135113481 6.947191892 

4.503828291 1.577778955 
4.296545295 1.574517359 

4.13498854 1.456966728 
4.296545295 1.574517359 

4.191483788 2.005178329 
4.017639461 2.003767732 

3.806370577 1.869305253 
4.017639461 2.003767732 

1.556536714 2.602791361 
1.554846342 2.48748099 

1.619740757 2.425464649 
1.554846342 2.48748099 

3.337671881 3.867437939 
3.199561699 3.636200882 

2.98428974 3.431628874 
3.199561699 3.636200882 

2.666279052 2.159117797 
2.884615775 2.263495311 

5.176954236 6.291062245 
4.950570306 6.309505427 

4.725725103 6.283083041 
4.950570306 6.309505427 

4.741333916 5.602072037 
5.146677568 5.514103612 

5.329122928 5.651813228 
5.146677568 5.514103612 

1.686702259 6.38499601 
1.856499808 6.312473984 

3.028674071 1.51796178 
2.757251598 1.524463436 

2.942075886 7.130907491 
2.740106408 7.364684269 

2.833586347 6.650467542 
2.768106809 6.468232635 

2.734933301 6.295650343 
2.768106809 6.468232635 

4.272153128 7.217185802 
3.871614797 7.225048982 

1.189885753 6.25621227 
1.117148541 6.560234999 

1.001573792 6.754295731 
1.117148541 6.560234999 

1.540652068 6.757617477 
1.135113481 6.947191892 

3.098691654 1.275819071 
3.012606344 1.325271327 

3.028674071 1.51796178 
3.012606344 1.325271327 

1.189885753 6.25621227 
1.362496728 6.502727892 

1.540652068 6.757617477 
1.362496728 6.502727892 

0.4882488567 7.498447527 
0.5633858859 7.590522514 

0.6732192006 7.619872795 
0.5633858859 7.590522514 

5.146677568 5.514103612 
4.946361671 5.777292054 

6.183020443 5.994288088 
6.344662113 6.172227323 

6.591314629 6.284823117 
6.344662113 6.172227323 

7.386845807 6.671602872 
7.273460479 6.578476397 

4.530152006 3.325376859 
4.746822965 2.914812947 

4.907114399 2.519333193 
4.746822965 2.914812947 

4.693967102 6.46280024 
4.950570306 6.309505427 

4.693967102 6.46280024 
4.472007731 6.205468668 

4.29369064 5.957412789 
4.472007731 6.205468668 

2.251872164 6.33870357 
2.734933301 6.295650343 

6.255133396 4.81413482 
6.049424038 4.857994675 

5.909458347 4.873459154 
6.049424038 4.857994675 

3.181295527 0.8552007322 
3.35546605 0.6900155279 

1.844135857 1.32062621 
1.927956663 1.042773296 

2.026506317 0.7774528463 
1.927956663 1.042773296 

6.807929607 6.795752615 
6.639400834 6.658976382 

0.4237544433 8.217061093 
0.7473873742 8.129673072 

1.087029557 8.041015322 
0.7473873742 8.129673072 

2.59859914 2.747142806 
2.996212736 2.748593501 

5.557058639 7.004132374 
5.620903473 6.876354529 

5.654924863 6.741424768 
5.620903473 6.876354529 

4.563100841 1.827658725 
4.705721829 1.840314433 

4.8196871 1.844702327 
4.705721829 1.840314433 

1.366789152 9.209020528 
1.42549488 9.085099689 

1.535213344 8.949255942 
1.42549488 9.085099689 

4.907319711 6.915555927 
4.99302249 7.129594825 

5.17088511 7.343386744 
4.99302249 7.129594825 

2.567703436 8.902301628 
2.680358817 9.120718491 

4.917244895 4.934107527 
4.848654754 5.184608797 

1.779434114 9.228609528 
1.612289656 9.055726756 

7.039843476 5.235931118 
6.85855019 5.419233892 

6.653024109 5.65587048 
6.85855019 5.419233892 

4.848654754 5.184608797 
4.75237657 5.339867232 

1.209306099 8.75913419 
1.551632202 8.419412683 

6.988691394 5.616571592 
6.85855019 5.419233892 

4.087854251 0.6642586008 
4.101695771 0.8292629711 

4.108756802 0.9322129978 
4.101695771 0.8292629711 

2.461952698 2.167336188 
2.481779121 1.854916051 

2.757251598 1.524463436 
2.590381355 1.634723546 

2.412894678 1.621195802 
2.590381355 1.634723546 

3.775585916 7.574438657 
3.2872883 8.070407653 

3.775585916 7.574438657 
3.726513744 7.973003107 

3.724418928 8.473742648 
3.726513744 7.973003107 

3.24985568 2.206258142 
3.091611305 2.081089418 

2.922992025 2.058382102 
3.091611305 2.081089418 

3.091611305 2.081089418 
3.273110743 1.949688976 

5.090507555 8.058438504 
4.958115987 7.673168584 

4.819640714 7.471131343 
4.958115987 7.673168584 

4.64689572 7.277227855 
4.519284284 6.97254129 

2.481779121 1.854916051 
2.590381355 1.634723546 

3.543798521 3.277969699 
3.640559371 3.255846755 

3.730939672 3.245218168 
3.640559371 3.255846755 

3.546643965 2.136657925 
3.244174425 2.103133977 

1.659551739 7.50528139 
1.889729575 7.492386485 

2.049254466 7.980781345 
2.218480893 8.070037802 

2.388187718 8.078578086 
2.218480893 8.070037802 

6.988691394 5.616571592 
7.099113878 5.840126461 

3.30695137 7.058903026 
3.118676148 7.087854237 

2.942075886 7.130907491 
3.118676148 7.087854237 

1.861444218 7.660284785 
2.047475034 7.620307957 

3.079079148 6.204500507 
2.688989123 6.127256126 

4.995250654 2.164891961 
4.925279363 2.001984901 

4.8196871 1.844702327 
4.925279363 2.001984901 

4.725725103 6.283083041 
4.472007731 6.205468668 

1.691147484 7.149535734 
1.962548442 6.900261492 

2.231938373 9.198564829 
2.373524302 8.901427193 

2.572560374 8.578652664 
2.373524302 8.901427193 

1.691147484 7.149535734 
1.717791389 7.306344173 

1.659551739 7.50528139 
1.717791389 7.306344173 

4.13498854 1.456966728 
4.32709266 0.9329910915 

7.235955929 7.305930993 
7.154309007 7.095255075 

7.01476899 6.975136872 
7.154309007 7.095255075 

3.09755618 8.376476012 
2.85234734 8.49101821 

2.85234734 8.49101821 
2.994986061 8.63681867 

5.102804259 6.616230343 
4.950570306 6.309505427 

1.299597248 7.330785334 
1.717791389 7.306344173 

2.70062154 3.618852415 
2.67686317 3.420022023 

2.674179508 3.223498455 
2.67686317 3.420022023 

6.85855019 5.419233892 
7.088080259 5.41274438 

4.713276255 2.473838011 
4.564169653 2.593870943 

4.412902178 2.68626636 
4.564169653 2.593870943 

3.091611305 2.081089418 
3.244174425 2.103133977 

4.75237657 5.339867232 
4.813023967 5.424076075 

4.741333916 5.602072037 
4.813023967 5.424076075 

4.32709266 0.9329910915 
4.101695771 0.8292629711 

1.498062871 8.170141756 
1.764840465 8.285719532 

3.546643965 2.136657925 
3.429926159 2.042035434 

3.273110743 1.949688976 
3.429926159 2.042035434 

6.302126438 8.034478508 
6.156649385 7.976973771 

6.064732814 7.840506098 
6.156649385 7.976973771 

2.049254466 7.980781345 
1.861444218 7.660284785 

6.222604979 6.599578085 
6.252920032 6.735550862 

6.31415988 6.846610551 
6.252920032 6.735550862 

3.064077869 2.314499586 
3.091611305 2.081089418 

3.070285751 8.055786401 
3.2872883 8.070407653 

3.134526957 8.767068161 
3.070008099 8.707736595 

2.994986061 8.63681867 
3.070008099 8.707736595 

5.430800105 7.691277168 
5.546557028 7.716449472 

2.59859914 2.747142806 
2.740956449 2.870056537 

2.899841662 2.913880643 
2.740956449 2.870056537 

7.529202665 6.870371732 
7.623716215 6.726909798 

7.624144707 6.566212894 
7.623716215 6.726909798 

3.157534128 2.728282593 
3.380840999 2.459127289 

3.157534128 2.728282593 
3.09719599 2.533605537 

3.064077869 2.314499586 
3.09719599 2.533605537 

2.590417296 0.4939264535 
2.393071088 0.6884103324 

2.249553167 0.7063973928 
2.393071088 0.6884103324 

1.67140122 5.987326608 
1.7191712 6.172148461 

1.686702259 6.38499601 
1.7191712 6.172148461 

3.12331112 6.424158177 
3.091055662 6.314734373 

3.079079148 6.204500507 
3.091055662 6.314734373 

3.09719599 2.533605537 
2.832283425 2.460749131 

5.090507555 8.058438504 
5.151774972 7.883872051 

5.242761518 7.762032737 
5.151774972 7.883872051 

2.37193767 0.8360168571 
2.471483705 0.6961500485 

2.609020203 9.425717449 
2.58044383 9.144317816 

2.567703436 8.902301628 
2.58044383 9.144317816 

3.413283386 0.9983175378 
3.251561654 1.135278411 

3.098691654 1.275819071 
3.251561654 1.135278411 

2.002631886 3.492383148 
2.094331488 3.421241322 

2.181365293 3.355920153 
2.094331488 3.421241322 

2.996212736 2.748593501 
3.09719599 2.533605537 

4.13498854 1.456966728 
4.029714054 1.494170426 

3.911058288 1.541139532 
4.029714054 1.494170426 

1.424564633 2.274464131 
1.554846342 2.48748099 

1.424564633 2.274464131 
1.604134589 2.05531479 

1.666009656 1.851667858 
1.604134589 2.05531479 

0.7473873742 8.129673072 
0.6535302751 7.995554025 

7.304125737 6.131293569 
7.398608478 6.194163093 

4.305201531 2.281453838 
4.412902178 2.68626636 

4.191483788 2.005178329 
4.274627093 2.133107519 

2.590417296 0.4939264535 
2.530422369 0.5939515922 

2.471483705 0.6961500485 
2.530422369 0.5939515922 

1.299597248 7.330785334 
1.196270879 7.375397827 

1.096057666 7.415756404 
1.196270879 7.375397827 

5.102804259 6.616230343 
4.907319711 6.915555927 

5.102804259 6.616230343 
5.35491738 6.628039191 

5.615151164 6.491617178 
5.35491738 6.628039191 

3.24985568 2.206258142 
3.380840999 2.459127289 

1.498062871 8.170141756 
1.425961906 8.696447949 

1.366789152 9.209020528 
1.425961906 8.696447949 

3.300720493 0.377091807 
3.38463826 0.4794372887 

3.502666367 0.5471497964 
3.38463826 0.4794372887 

4.519284284 6.97254129 
4.322710301 6.627506255 

0.8924109172 6.984109791 
0.7761909627 7.229914608 

2.740106408 7.364684269 
2.728620452 7.500688737 

2.605873369 7.566970455 
2.728620452 7.500688737 

7.168648554 6.250418713 
7.398608478 6.194163093 

2.358299616 8.372811201 
2.197206385 8.402973717 

2.059488362 8.445019929 
2.197206385 8.402973717 

6.939831303 7.916193298 
6.8899374 7.765647441 

0.9069824567 6.505631249 
0.7322746875 6.620339095 

0.4676861456 6.738527912 
0.7322746875 6.620339095 

0.7473873742 8.129673072 
0.7058004703 8.386562076 

0.7058004703 8.386562076 
0.6996887822 8.50002312 

6.173911203 5.703599986 
6.653024109 5.65587048 

7.235955929 7.305930993 
7.185181998 7.499210096 

7.167074897 7.680151013 
7.185181998 7.499210096 

4.272153128 7.217185802 
4.127860114 7.593522917 

1.209306099 8.75913419 
1.425961906 8.696447949 

3.337671881 3.867437939 
3.567960194 3.861477467 

3.745204236 3.903910626 
3.567960194 3.861477467 

5.752773898 7.439281471 
5.747824381 7.605991195 

5.743065653 7.777177049 
5.747824381 7.605991195 

1.087029557 8.041015322 
0.8487163591 7.880314664 

1.209306099 8.75913419 
1.055833839 8.681769137 

0.8583358517 8.70009043 
1.055833839 8.681769137 

2.154818913 7.744351184 
2.218480893 8.070037802 

4.272153128 7.217185802 
4.035330923 7.403610648 

3.775585916 7.574438657 
4.035330923 7.403610648 

2.481779121 1.854916051 
2.612481184 1.699624113 

2.757251598 1.524463436 
2.612481184 1.699624113 

2.154818913 7.744351184 
2.26957657 7.742003629 

2.383013647 7.70792283 
2.26957657 7.742003629 

3.181295527 0.8552007322 
3.251561654 1.135278411 

6.302126438 8.034478508 
6.470479818 8.163770684 

6.644065476 8.246066445 
6.470479818 8.163770684 

2.047475034 7.620307957 
2.154470361 7.446000928 

2.628379351 7.950047416 
2.332974435 7.930784225 

2.049254466 7.980781345 
2.332974435 7.930784225 

6.255133396 4.81413482 
6.195629342 5.074064388 

6.150161368 5.34404796 
6.195629342 5.074064388 

2.975067466 7.72014986 
3.018986256 7.901493595 

3.070285751 8.055786401 
3.018986256 7.901493595 

2.332974435 7.930784225 
2.26957657 7.742003629 

6.591314629 6.284823117 
6.612851787 6.455841168 

6.708836657 6.583494644 
6.612851787 6.455841168 

4.127860114 7.593522917 
4.035330923 7.403610648 

6.612851787 6.455841168 
6.639400834 6.658976382 

6.173911203 5.703599986 
6.031958014 5.897374286 

5.888643839 6.090482124 
6.031958014 5.897374286 

2.332974435 7.930784225 
2.383013647 7.70792283 

1.189885753 6.25621227 
1.048434105 6.380921759 

0.9069824567 6.505631249 
1.048434105 6.380921759 

2.39019753 2.394025685 
2.425020813 2.278871608 

2.461952698 2.167336188 
2.425020813 2.278871608 

5.35491738 6.628039191 
5.654924863 6.741424768 

2.286437838 5.907738071 
2.422859191 5.919234796 

2.530841375 5.934413284 
2.422859191 5.919234796 

2.728620452 7.500688737 
2.975067466 7.72014986 

2.628379351 7.950047416 
3.018986256 7.901493595 

4.173983309 6.323829864 
4.472007731 6.205468668 

6.807929607 6.795752615 
6.865373266 6.701660597 

6.935472412 6.616345194 
6.865373266 6.701660597 

4.173983309 6.323829864 
4.246897681 6.47739167 

4.322710301 6.627506255 
4.246897681 6.47739167 

5.759001884 7.10779652 
5.620903473 6.876354529 

5.885605006 6.812116309 
5.620903473 6.876354529 

7.557679564 6.233473529 
7.46978976 6.222800771 

7.398608478 6.194163093 
7.46978976 6.222800771 

7.088080259 5.41274438 
7.299710267 5.663597899 

2.59859914 2.747142806 
2.492482449 2.964066571 

2.441088595 3.220806136 
2.492482449 2.964066571 

3.35546605 0.6900155279 
3.593288737 0.7646506104 

4.813023967 5.424076075 
5.146677568 5.514103612 

5.090507555 8.058438504 
5.130696332 7.700912624 

5.17088511 7.343386744 
5.130696332 7.700912624 

4.305201531 2.281453838 
4.283964895 2.207429996 

4.274627093 2.133107519 
4.283964895 2.207429996 

2.343700762 7.345290401 
2.126218188 7.226755044 

5.35962641 6.051667233 
5.232638522 5.99056875 

5.09818886 5.928402583 
5.232638522 5.99056875 

7.088080259 5.41274438 
7.038385826 5.514657986 

6.988691394 5.616571592 
7.038385826 5.514657986 

2.740956449 2.870056537 
2.492482449 2.964066571 

4.075518658 3.019876523 
4.199405645 2.928534332 

4.323292632 2.837192142 
4.199405645 2.928534332 

6.529264516 6.721326199 
6.252920032 6.735550862 

7.273460479 6.578476397 
7.211491743 6.632480938 

6.021214591 6.346535762 
5.911648519 6.398514662 

5.804176572 6.449655009 
5.911648519 6.398514662 

6.183020443 5.994288088 
6.031958014 5.897374286 

1.67140122 5.987326608 
1.799014963 6.07412337 

1.926628706 6.160920132 
1.799014963 6.07412337 

2.332974435 7.930784225 
2.388187718 8.078578086 

1.280180657 7.827303748 
1.346543739 7.907806824 

1.419931693 7.988975846 
1.346543739 7.907806824 

4.741333916 5.602072037 
4.29369064 5.957412789 

4.32709266 0.9329910915 
4.403718634 1.089365784 

4.480344608 1.245740476 
4.403718634 1.089365784 

4.741333916 5.602072037 
4.947584759 5.223401066 

5.153835602 4.844730095 
4.947584759 5.223401066 

5.923890317 6.495190758 
5.911648519 6.398514662 

1.815463436 2.155933226 
1.604134589 2.05531479 

0.4676861456 6.738527912 
0.6800485314 6.861318851 

0.8924109172 6.984109791 
0.6800485314 6.861318851 

6.957930302 6.275697009 
6.612851787 6.455841168 

0.6197683116 8.608805702 
0.6597285469 8.554414411 

0.6996887822 8.50002312 
0.6597285469 8.554414411 

