1.492649189 8.15921237 
1.653238618 7.929671675 

2.515199471 5.960182831 
2.391578135 7.695297742 

3.182707871 0.8527872123 
2.977735655 1.770839469 

6.006968492 6.555210116 
6.222863486 6.601410309 

7.299710267 5.663597899 
7.624144707 6.566212894 

2.810899436 2.462078599 
2.977735655 1.770839469 

2.977735655 1.770839469 
3.587412995 1.715002405 

2.391578135 7.695297742 
2.9713084 7.720495886 

6.222863486 6.601410309 
5.886088418 6.81053179 

3.7758919 7.574570491 
2.9713084 7.720495886 

1.828417013 1.287485767 
2.477551796 1.853802182 

4.412659162 2.68740285 
4.530152006 3.325376859 

2.037090472 7.970565424 
2.143749488 7.748848954 

5.123567991 6.639092694 
4.748548383 6.802752556 

3.541736067 2.138651921 
3.152493017 2.719194346 

2.740639141 8.874289045 
3.134526957 8.767068161 

3.541736067 2.138651921 
3.587412995 1.715002405 

2.037090472 7.970565424 
1.969049888 8.215535013 

4.753517538 4.758921569 
4.471534652 4.504793822 

2.477551796 1.853802182 
2.415821341 2.391704696 

6.516983562 6.735572669 
6.222863486 6.601410309 

4.748548383 6.802752556 
3.7758919 7.574570491 

3.541736067 2.138651921 
3.801310887 3.033900972 

5.65325424 4.931511808 
5.608031631 5.491752987 

4.412659162 2.68740285 
3.541736067 2.138651921 

2.977735655 1.770839469 
3.244970529 1.917810666 

7.299710267 5.663597899 
6.591980254 6.281810056 

6.222863486 6.601410309 
6.591980254 6.281810056 

1.653238618 7.929671675 
1.69187774 7.149148068 

2.037090472 7.970565424 
2.020613836 8.447552508 

5.886088418 6.81053179 
6.006968492 6.555210116 

4.817425106 1.835548741 
4.308220584 2.278558721 

6.443995978 5.286642554 
6.916158739 5.97539684 

6.443995978 5.286642554 
6.591980254 6.281810056 

2.810899436 2.462078599 
3.080351225 2.299939038 

6.916158739 5.97539684 
6.591980254 6.281810056 

5.753481179 7.438354455 
5.567008968 7.705142158 

2.740639141 8.874289045 
2.020613836 8.447552508 

3.080351225 2.299939038 
3.244970529 1.917810666 

2.037090472 7.970565424 
2.391578135 7.695297742 

2.977735655 1.770839469 
2.668941737 2.162272365 

0.7732522524 7.227043676 
0.4314301003 6.741107503 

1.69187774 7.149148068 
1.303747532 7.332058271 

5.886088418 6.81053179 
5.615151164 6.491617178 

2.937189739 7.134321842 
2.391578135 7.695297742 

1.913398891 3.43994073 
1.806270965 2.755256889 

2.810899436 2.462078599 
2.668941737 2.162272365 

2.020613836 8.447552508 
1.969049888 8.215535013 

2.107170026 7.228263151 
2.486346292 7.180135174 

1.969049888 8.215535013 
1.665386553 8.570516361 

2.107170026 7.228263151 
1.69187774 7.149148068 

3.831182313 0.8675055213 
3.72964245 1.454877339 

3.587412995 1.715002405 
3.72964245 1.454877339 

7.624144707 6.566212894 
7.01476899 6.975136872 

6.222863486 6.601410309 
6.710133443 6.583217289 

3.801310887 3.033900972 
4.075518658 3.019876523 

0.4237544433 8.217061093 
1.280530486 7.830354248 

1.492649189 8.15921237 
1.280530486 7.830354248 

1.969049888 8.215535013 
1.653238618 7.929671675 

3.122915979 3.32676919 
2.600014565 2.741559278 

1.913398891 3.43994073 
2.693756612 3.616520327 

2.415821341 2.391704696 
2.810899436 2.462078599 

2.143749488 7.748848954 
1.870412802 7.666305881 

1.653238618 7.929671675 
1.870412802 7.666305881 

2.107170026 7.228263151 
1.537460154 6.733827116 

3.831182313 0.8675055213 
3.79616325 1.850695374 

6.443995978 5.286642554 
6.654664285 5.658031639 

0.4237544433 8.217061093 
0.6732192006 7.619872795 

4.412659162 2.68740285 
4.907114399 2.519333193 

2.020613836 8.447552508 
1.86879329 8.826626213 

2.212459566 6.368453603 
2.01249639 6.720625901 

4.296469405 5.95962162 
5.366832751 6.053216674 

2.01249639 6.720625901 
1.537460154 6.733827116 

5.987702026 7.082523279 
5.886088418 6.81053179 

7.624144707 6.566212894 
6.957741042 6.274139209 

6.591980254 6.281810056 
6.957741042 6.274139209 

3.249567598 2.205641537 
3.080351225 2.299939038 

3.79616325 1.850695374 
3.587412995 1.715002405 

2.740639141 8.874289045 
2.569661345 8.577700974 

4.202724499 4.164760144 
3.987760612 3.846739924 

4.748548383 6.802752556 
4.697091001 6.460563298 

2.569661345 8.577700974 
2.020613836 8.447552508 

7.235955929 7.305930993 
6.802915153 7.41707923 

2.937189739 7.134321842 
2.486346292 7.180135174 

1.390351618 9.227489846 
1.212722701 8.760295192 

5.366832751 6.053216674 
5.862559883 6.086611778 

3.7758919 7.574570491 
3.413091655 7.349495393 

4.471534652 4.504793822 
4.340947333 4.341108605 

4.202724499 4.164760144 
4.340947333 4.341108605 

2.600014565 2.741559278 
2.810899436 2.462078599 

2.391578135 7.695297742 
2.606041223 7.567923185 

6.916158739 5.97539684 
7.301859304 6.13060219 

1.69187774 7.149148068 
1.537460154 6.733827116 

5.172007375 7.341878851 
4.814865116 7.469107656 

5.987702026 7.082523279 
5.753481179 7.438354455 

2.977735655 1.770839469 
2.296184752 1.42881443 

3.122915979 3.32676919 
3.152493017 2.719194346 

1.806270965 2.755256889 
2.441088595 3.220806136 

2.477551796 1.853802182 
2.668941737 2.162272365 

3.920931869 6.852294658 
4.322710301 6.627506255 

4.697091001 6.460563298 
4.322710301 6.627506255 

1.665386553 8.570516361 
1.533822522 8.949904407 

2.808019226 8.266113965 
2.9713084 7.720495886 

6.916158739 5.97539684 
6.957741042 6.274139209 

6.443995978 5.286642554 
6.253607906 4.814421694 

2.668941737 2.162272365 
2.145019324 2.360769166 

2.145019324 2.360769166 
2.415821341 2.391704696 

5.753481179 7.438354455 
5.754490527 7.08068081 

0.6732192006 7.619872795 
1.010735484 7.710371284 

1.280530486 7.830354248 
1.010735484 7.710371284 

2.569661345 8.577700974 
3.134526957 8.767068161 

6.802915153 7.41707923 
7.01476899 6.975136872 

2.226375269 9.197742705 
1.86879329 8.826626213 

4.308220584 2.278558721 
4.5622307 2.38059064 

1.665386553 8.570516361 
1.86879329 8.826626213 

1.69187774 7.149148068 
1.137296917 6.945285097 

2.107170026 7.228263151 
2.154781995 7.449715392 

2.143749488 7.748848954 
2.154781995 7.449715392 

1.665242173 1.852996106 
2.145019324 2.360769166 

7.624144707 6.566212894 
7.235955929 7.305930993 

6.516983562 6.735572669 
7.206290871 6.632993511 

1.137296917 6.945285097 
0.7732522524 7.227043676 

6.802915153 7.41707923 
6.892825089 7.765706103 

2.486346292 7.180135174 
2.154781995 7.449715392 

5.123567991 6.639092694 
5.171913237 6.281941919 

5.366832751 6.053216674 
5.171913237 6.281941919 

5.567008968 7.705142158 
5.741437165 7.776140426 

6.064732814 7.840506098 
5.741437165 7.776140426 

7.206290871 6.632993511 
7.01476899 6.975136872 

3.122915979 3.32676919 
2.98428974 3.431628874 

2.693756612 3.616520327 
2.98428974 3.431628874 

2.569661345 8.577700974 
2.808019226 8.266113965 

1.653238618 7.929671675 
1.099332891 8.043018201 

1.870412802 7.666305881 
1.891940804 7.496851223 

2.154781995 7.449715392 
1.891940804 7.496851223 

2.9713084 7.720495886 
3.413091655 7.349495393 

3.541736067 2.138651921 
3.79616325 1.850695374 

2.693756612 3.616520327 
2.441088595 3.220806136 

1.665242173 1.852996106 
2.113234377 2.094281455 

2.415821341 2.391704696 
2.113234377 2.094281455 

6.654664285 5.658031639 
6.916158739 5.97539684 

4.075518658 3.019876523 
4.347495377 3.067545494 

2.226375269 9.197742705 
2.608293303 9.423412302 

3.244970529 1.917810666 
3.388896363 1.808441081 

3.72490955 8.471360892 
3.095734697 8.377307808 

2.808019226 8.266113965 
3.095734697 8.377307808 

5.753481179 7.438354455 
6.064732814 7.840506098 

3.079079148 6.204500507 
2.731559389 6.297667195 

1.212722701 8.760295192 
1.533822522 8.949904407 

1.492649189 8.15921237 
1.654420554 8.353154615 

4.697091001 6.460563298 
5.171913237 6.281941919 

3.182707871 0.8527872123 
3.428671514 1.011631799 

4.412659162 2.68740285 
4.5622307 2.38059064 

1.806270965 2.755256889 
1.556536714 2.602791361 

2.037090472 7.970565424 
2.353065824 8.367054488 

2.569661345 8.577700974 
2.353065824 8.367054488 

4.817425106 1.835548741 
4.194053965 2.004925409 

3.541736067 2.138651921 
4.194053965 2.004925409 

3.134526957 8.767068161 
3.095734697 8.377307808 

6.30136457 8.029771987 
6.184373179 7.34842569 

5.987702026 7.082523279 
6.184373179 7.34842569 

6.710133443 6.583217289 
6.931101704 6.601401289 

3.182707871 0.8527872123 
3.262498646 0.3505769309 

2.441088595 3.220806136 
2.369116306 3.411703662 

7.206290871 6.632993511 
6.931101704 6.601401289 

4.907114399 2.519333193 
4.713276255 2.473838011 

4.5622307 2.38059064 
4.713276255 2.473838011 

5.615151164 6.491617178 
5.804176572 6.449655009 

0.7732522524 7.227043676 
1.096917374 7.416647012 

2.977735655 1.770839469 
2.750979856 1.492224375 

1.137296917 6.945285097 
1.190566228 6.258407509 

5.069601641 8.086114832 
4.408153186 7.631279111 

2.107170026 7.228263151 
2.025543595 7.036934077 

1.010735484 7.710371284 
1.099332891 8.043018201 

3.095734697 8.377307808 
3.070179064 8.054993238 

4.296469405 5.95962162 
4.173983309 6.323829864 

3.920931869 6.852294658 
4.173983309 6.323829864 

3.79616325 1.850695374 
3.913310042 1.541539225 

3.72964245 1.454877339 
3.913310042 1.541539225 

2.415821341 2.391704696 
2.600014565 2.741559278 

1.69187774 7.149148068 
1.891940804 7.496851223 

0.4237544433 8.217061093 
0.7058004703 8.386562076 

5.608031631 5.491752987 
5.353472854 5.660598837 

3.541736067 2.138651921 
3.601525086 2.279998668 

7.299710267 5.663597899 
6.988317566 5.618968545 

3.721901787 2.61028629 
3.801310887 3.033900972 

1.86879329 8.826626213 
1.613330685 9.058079313 

1.390351618 9.227489846 
1.613330685 9.058079313 

3.337671881 3.867437939 
3.544267281 3.277998937 

2.606041223 7.567923185 
2.154781995 7.449715392 

6.931101704 6.601401289 
6.516983562 6.735572669 

5.862559883 6.086611778 
6.176868293 5.995629413 

3.182707871 0.8527872123 
3.098691654 1.275819071 

3.587412995 1.715002405 
3.098691654 1.275819071 

1.654420554 8.353154615 
1.665386553 8.570516361 

6.172973302 5.704819264 
6.150161368 5.34404796 

0.4314301003 6.741107503 
0.997282785 6.754278512 

1.137296917 6.945285097 
0.997282785 6.754278512 

5.172007375 7.341878851 
5.754490527 7.08068081 

4.748548383 6.802752556 
4.910447166 6.9128491 

3.134526957 8.767068161 
3.228537653 8.560278698 

6.957741042 6.274139209 
6.710133443 6.583217289 

1.828417013 1.287485767 
1.921530427 1.534004237 

2.296184752 1.42881443 
2.412894678 1.621195802 

2.477551796 1.853802182 
2.412894678 1.621195802 

3.413091655 7.349495393 
3.30695137 7.058903026 

2.145019324 2.360769166 
2.113234377 2.094281455 

1.42524582 2.273255601 
1.657465532 2.296602122 

5.987702026 7.082523279 
6.314843204 6.845792867 

5.886088418 6.81053179 
6.314843204 6.845792867 

2.486346292 7.180135174 
2.343500638 7.343630307 

2.606041223 7.567923185 
2.343500638 7.343630307 

2.226375269 9.197742705 
2.115895946 8.783985632 

2.020613836 8.447552508 
2.115895946 8.783985632 

7.01476899 6.975136872 
6.805857688 6.795765378 

6.516983562 6.735572669 
6.805857688 6.795765378 

2.391578135 7.695297742 
2.388691841 8.07475678 

2.353065824 8.367054488 
2.388691841 8.07475678 

7.207903711 7.699205698 
6.892825089 7.765706103 

3.831182313 0.8675055213 
3.59185034 0.765242238 

4.742622674 5.600956959 
4.946361671 5.777292054 

2.921991504 2.063742398 
3.080351225 2.299939038 

3.721901787 2.61028629 
3.377999212 2.459276747 

3.080351225 2.299939038 
3.377999212 2.459276747 

2.154781995 7.449715392 
2.343500638 7.343630307 

2.026506317 0.7774528463 
2.249553167 0.7063973928 

2.37193767 0.8360168571 
2.249553167 0.7063973928 

6.957741042 6.274139209 
7.168648554 6.250418713 

7.301859304 6.13060219 
7.168648554 6.250418713 

4.408153186 7.631279111 
4.293153886 7.228507994 

4.293153886 7.228507994 
4.646233681 7.278321509 

4.814865116 7.469107656 
4.646233681 7.278321509 

6.172973302 5.704819264 
6.176868293 5.995629413 

1.86879329 8.826626213 
2.115895946 8.783985632 

6.30136457 8.029771987 
5.605830287 7.950916318 

5.069601641 8.086114832 
5.605830287 7.950916318 

7.039843476 5.235931118 
7.088080259 5.41274438 

2.9713084 7.720495886 
2.606041223 7.567923185 

5.605830287 7.950916318 
5.567008968 7.705142158 

1.099332891 8.043018201 
1.280530486 7.830354248 

0.4237544433 8.217061093 
0.6535302751 7.995554025 

3.721901787 2.61028629 
3.541736067 2.138651921 

1.806270965 2.755256889 
2.00096138 2.545426674 

2.145019324 2.360769166 
2.00096138 2.545426674 

2.9713084 7.720495886 
2.388691841 8.07475678 

4.473766786 1.273306282 
3.913310042 1.541539225 

2.9713084 7.720495886 
2.62854582 7.947615901 

5.65325424 4.931511808 
5.50568628 4.771235692 

5.153835602 4.844730095 
5.50568628 4.771235692 

5.754490527 7.08068081 
5.558134958 7.003940887 

5.886088418 6.81053179 
5.558134958 7.003940887 

3.095734697 8.377307808 
3.228537653 8.560278698 

6.006968492 6.555210116 
6.017530443 6.342955934 

5.862559883 6.086611778 
6.017530443 6.342955934 

4.563100841 1.827658725 
4.194053965 2.004925409 

3.987760612 3.846739924 
3.746585444 3.903371967 

2.569661345 8.577700974 
2.567224437 8.903136976 

3.262498646 0.3505769309 
3.355389394 0.6888181937 

3.428671514 1.011631799 
3.355389394 0.6888181937 

3.801310887 3.033900972 
3.730285586 3.245443915 

2.693756612 3.616520327 
2.369116306 3.411703662 

2.600014565 2.741559278 
2.674179508 3.223498455 

2.113234377 2.094281455 
2.668941737 2.162272365 

4.296469405 5.95962162 
4.736183744 6.295464739 

5.123567991 6.639092694 
4.736183744 6.295464739 

1.855575293 6.315367159 
1.537460154 6.733827116 

1.855575293 6.315367159 
1.927415431 6.162832527 

6.184373179 7.34842569 
5.753481179 7.438354455 

2.143749488 7.748848954 
2.248987138 7.504192991 

2.486346292 7.180135174 
2.248987138 7.504192991 

3.228537653 8.560278698 
3.34642517 8.412331547 

2.668941737 2.162272365 
2.461952698 2.167336188 

1.42524582 2.273255601 
1.81379923 2.155435881 

2.113234377 2.094281455 
1.81379923 2.155435881 

3.721901787 2.61028629 
3.622285663 2.50211043 

3.601525086 2.279998668 
3.622285663 2.50211043 

2.154781995 7.449715392 
2.248987138 7.504192991 

6.516983562 6.735572669 
6.314843204 6.845792867 

2.833659241 6.649258101 
3.12331112 6.424158177 

4.907114399 2.519333193 
4.995250654 2.164891961 

6.931101704 6.601401289 
7.271957747 6.578654561 

7.624144707 6.566212894 
7.271957747 6.578654561 

6.184373179 7.34842569 
6.54158304 7.457910217 

6.802915153 7.41707923 
6.54158304 7.457910217 

1.653238618 7.929671675 
1.429360368 7.985750054 

5.608031631 5.491752987 
5.824565108 5.594186194 

6.172973302 5.704819264 
5.824565108 5.594186194 

7.528243892 6.869044286 
7.383358079 6.66710844 

7.206290871 6.632993511 
7.383358079 6.66710844 

4.473766786 1.273306282 
4.134561194 1.458373465 

3.79616325 1.850695374 
4.134561194 1.458373465 

6.017530443 6.342955934 
6.176868293 5.995629413 

1.429360368 7.985750054 
1.492649189 8.15921237 

1.537460154 6.733827116 
1.685576162 6.38646239 

1.096917374 7.416647012 
0.4882488567 7.498447527 

2.515199471 5.960182831 
2.687583157 6.126621451 

2.731559389 6.297667195 
2.687583157 6.126621451 

2.808019226 8.266113965 
2.353065824 8.367054488 

2.810899436 2.462078599 
2.884998719 2.264727774 

2.921991504 2.063742398 
2.884998719 2.264727774 

1.137296917 6.945285097 
1.303747532 7.332058271 

2.369116306 3.411703662 
2.181365293 3.355920153 

2.343500638 7.343630307 
2.248987138 7.504192991 

1.096917374 7.416647012 
1.280530486 7.830354248 

1.096917374 7.416647012 
1.110243187 7.150189037 

1.137296917 6.945285097 
1.110243187 7.150189037 

4.736183744 6.295464739 
4.697091001 6.460563298 

3.920931869 6.852294658 
3.859704877 7.198743814 

3.7758919 7.574570491 
3.859704877 7.198743814 

2.674179508 3.223498455 
2.441088595 3.220806136 

2.01249639 6.720625901 
1.964144487 6.899577765 

2.025543595 7.036934077 
1.964144487 6.899577765 

3.337671881 3.867437939 
3.283347207 3.587989296 

3.122915979 3.32676919 
3.283347207 3.587989296 

5.153835602 4.844730095 
4.917244895 4.934107527 

4.753517538 4.758921569 
4.917244895 4.934107527 

5.65325424 4.931511808 
5.910006907 4.873390082 

1.010735484 7.710371284 
1.096917374 7.416647012 

2.296184752 1.42881443 
2.051171304 1.350038121 

3.182707871 0.8527872123 
2.840677409 0.8899687202 

2.740639141 8.874289045 
2.567224437 8.903136976 

5.615151164 6.491617178 
5.654924863 6.741424768 

0.7058004703 8.386562076 
0.6535302751 7.995554025 

7.624144707 6.566212894 
7.557679564 6.233473529 

4.293153886 7.228507994 
3.920931869 6.852294658 

2.212459566 6.368453603 
1.927415431 6.162832527 

6.644065476 8.246066445 
6.812281404 7.96030466 

6.892825089 7.765706103 
6.812281404 7.96030466 

1.657465532 2.296602122 
1.619740757 2.425464649 

1.665242173 1.852996106 
1.81379923 2.155435881 

2.808019226 8.266113965 
3.070179064 8.054993238 

1.665242173 1.852996106 
1.835165723 1.737266951 

1.921530427 1.534004237 
1.835165723 1.737266951 

5.654924863 6.741424768 
5.886088418 6.81053179 

2.977735655 1.770839469 
2.921991504 2.063742398 

4.473766786 1.273306282 
4.503490054 1.576613698 

4.563100841 1.827658725 
4.503490054 1.576613698 

2.388691841 8.07475678 
2.62854582 7.947615901 

3.59185034 0.765242238 
3.493333549 0.5506835182 

4.293153886 7.228507994 
4.518500071 6.97436697 

4.748548383 6.802752556 
4.518500071 6.97436697 

1.390351618 9.227489846 
1.752876703 9.259313539 

2.226375269 9.197742705 
1.752876703 9.259313539 

0.7732522524 7.227043676 
1.110243187 7.150189037 

3.622285663 2.50211043 
3.377999212 2.459276747 

3.244970529 1.917810666 
3.255088478 2.110481433 

3.249567598 2.205641537 
3.255088478 2.110481433 

1.42524582 2.273255601 
1.619740757 2.425464649 

1.969049888 8.215535013 
1.764760124 8.283726721 

1.654420554 8.353154615 
1.764760124 8.283726721 

2.840677409 0.8899687202 
2.746019726 0.7939912095 

2.590417296 0.4939264535 
2.746019726 0.7939912095 

3.080351225 2.299939038 
2.884998719 2.264727774 

4.412659162 2.68740285 
4.333114013 2.844889988 

2.9713084 7.720495886 
3.2872883 8.070407653 

3.72490955 8.471360892 
3.2872883 8.070407653 

1.81379923 2.155435881 
1.657465532 2.296602122 

3.355389394 0.6888181937 
3.493333549 0.5506835182 

2.486346292 7.180135174 
2.739707616 7.364975571 

4.347495377 3.067545494 
4.333114013 2.844889988 

2.937189739 7.134321842 
2.95011014 6.828441726 

2.833659241 6.649258101 
2.95011014 6.828441726 

2.113234377 2.094281455 
2.461952698 2.167336188 

3.152493017 2.719194346 
2.998014971 2.746865551 

2.899841662 2.913880643 
2.998014971 2.746865551 

2.391578135 7.695297742 
2.62854582 7.947615901 

2.62854582 7.947615901 
2.808019226 8.266113965 

5.567008968 7.705142158 
5.247118669 7.761177301 

1.653238618 7.929671675 
2.037090472 7.970565424 

0.7732522524 7.227043676 
0.997282785 6.754278512 

0.4882488567 7.498447527 
0.6594800006 7.336285902 

0.7732522524 7.227043676 
0.6594800006 7.336285902 

4.530152006 3.325376859 
4.495895503 3.133237536 

4.347495377 3.067545494 
4.495895503 3.133237536 

4.946361671 5.777292054 
5.100304962 5.927006616 

2.608293303 9.423412302 
2.680358817 9.120718491 

2.740639141 8.874289045 
2.680358817 9.120718491 

6.805857688 6.795765378 
6.710133443 6.583217289 

3.7758919 7.574570491 
4.129424446 7.591622706 

4.408153186 7.631279111 
4.129424446 7.591622706 

3.388896363 1.808441081 
3.452242575 1.704239149 

3.587412995 1.715002405 
3.452242575 1.704239149 

1.921530427 1.534004237 
2.051171304 1.350038121 

3.428671514 1.011631799 
3.59185034 0.765242238 

6.150161368 5.34404796 
6.295878554 5.36018883 

6.443995978 5.286642554 
6.295878554 5.36018883 

0.7963141556 8.772488834 
0.6205613459 8.612303873 

2.977735655 1.770839469 
3.031363746 1.526676217 

5.753481179 7.438354455 
5.43024715 7.694281513 

5.069601641 8.086114832 
5.43024715 7.694281513 

7.168648554 6.250418713 
7.271957747 6.578654561 

2.212459566 6.368453603 
2.244253452 6.120899239 

6.916158739 5.97539684 
6.988317566 5.618968545 

2.143749488 7.748848954 
2.072523432 7.635377049 

1.891940804 7.496851223 
2.072523432 7.635377049 

1.303747532 7.332058271 
0.8924109172 6.984109791 

7.299710267 5.663597899 
7.098077515 5.841182084 

6.916158739 5.97539684 
7.098077515 5.841182084 

3.72490955 8.471360892 
3.545200016 8.36266638 

3.34642517 8.412331547 
3.545200016 8.36266638 

2.391578135 7.695297742 
2.248987138 7.504192991 

3.831182313 0.8675055213 
4.087854251 0.6642586008 

5.824565108 5.594186194 
6.150161368 5.34404796 

1.492649189 8.15921237 
1.543040867 8.415814507 

1.665386553 8.570516361 
1.543040867 8.415814507 

2.808019226 8.266113965 
2.840673017 8.495836285 

5.172007375 7.341878851 
5.247118669 7.761177301 

4.32709266 0.9329910915 
4.108756802 0.9322129978 

2.840673017 8.495836285 
2.569661345 8.577700974 

6.710133443 6.583217289 
6.638340087 6.659809801 

6.516983562 6.735572669 
6.638340087 6.659809801 

5.353472854 5.660598837 
5.100304962 5.927006616 

2.668941737 2.162272365 
2.921991504 2.063742398 

0.6535302751 7.995554025 
0.6732192006 7.619872795 

6.644065476 8.246066445 
6.942419628 7.915348685 

7.207903711 7.699205698 
6.942419628 7.915348685 

6.942419628 7.915348685 
6.812281404 7.96030466 

5.804176572 6.449655009 
5.924144017 6.495507793 

6.006968492 6.555210116 
5.924144017 6.495507793 

0.6535302751 7.995554025 
0.8505153383 7.881338954 

1.010735484 7.710371284 
0.8505153383 7.881338954 

0.8924109172 6.984109791 
1.137296917 6.945285097 

4.503490054 1.576613698 
4.296545295 1.574517359 

4.134561194 1.458373465 
4.296545295 1.574517359 

4.194053965 2.004925409 
4.014152917 2.035482444 

1.556536714 2.602791361 
1.554846342 2.48748099 

1.619740757 2.425464649 
1.554846342 2.48748099 

3.337671881 3.867437939 
3.199561699 3.636200882 

2.98428974 3.431628874 
3.199561699 3.636200882 

2.668941737 2.162272365 
2.884998719 2.264727774 

5.171913237 6.281941919 
4.953202982 6.313592102 

4.736183744 6.295464739 
4.953202982 6.313592102 

4.742622674 5.600956959 
5.147348483 5.514599631 

5.353472854 5.660598837 
5.147348483 5.514599631 

1.685576162 6.38646239 
1.855575293 6.315367159 

3.031363746 1.526676217 
2.750979856 1.492224375 

2.937189739 7.134321842 
2.739707616 7.364975571 

2.833659241 6.649258101 
2.783632518 6.464364942 

2.731559389 6.297667195 
2.783632518 6.464364942 

4.293153886 7.228507994 
3.859704877 7.198743814 

1.190566228 6.258407509 
1.117148541 6.560234999 

0.997282785 6.754278512 
1.117148541 6.560234999 

1.537460154 6.733827116 
1.137296917 6.945285097 

3.098691654 1.275819071 
3.012828339 1.326711496 

3.031363746 1.526676217 
3.012828339 1.326711496 

1.190566228 6.258407509 
1.351312339 6.527207396 

1.537460154 6.733827116 
1.351312339 6.527207396 

0.4882488567 7.498447527 
0.5633858859 7.590522514 

0.6732192006 7.619872795 
0.5633858859 7.590522514 

5.147348483 5.514599631 
4.946361671 5.777292054 

6.176868293 5.995629413 
6.348895108 6.147781192 

6.591980254 6.281810056 
6.348895108 6.147781192 

7.383358079 6.66710844 
7.271957747 6.578654561 

4.530152006 3.325376859 
4.746822965 2.914812947 

4.907114399 2.519333193 
4.746822965 2.914812947 

4.697091001 6.460563298 
4.953202982 6.313592102 

4.697091001 6.460563298 
4.473716593 6.206189163 

4.296469405 5.95962162 
4.473716593 6.206189163 

2.212459566 6.368453603 
2.731559389 6.297667195 

6.253607906 4.814421694 
6.039716241 4.858785167 

5.910006907 4.873390082 
6.039716241 4.858785167 

3.182707871 0.8527872123 
3.355389394 0.6888181937 

1.828417013 1.287485767 
1.926961252 1.043412105 

2.026506317 0.7774528463 
1.926961252 1.043412105 

6.805857688 6.795765378 
6.638340087 6.659809801 

0.4237544433 8.217061093 
0.7497943274 8.129201212 

1.099332891 8.043018201 
0.7497943274 8.129201212 

2.600014565 2.741559278 
2.998014971 2.746865551 

5.558134958 7.003940887 
5.621596722 6.87692971 

5.654924863 6.741424768 
5.621596722 6.87692971 

4.563100841 1.827658725 
4.706337761 1.840066153 

4.817425106 1.835548741 
4.706337761 1.840066153 

1.390351618 9.227489846 
1.401546847 9.080874615 

1.533822522 8.949904407 
1.401546847 9.080874615 

4.910447166 6.9128491 
4.99302249 7.129594825 

5.172007375 7.341878851 
4.99302249 7.129594825 

2.567224437 8.903136976 
2.680358817 9.120718491 

4.917244895 4.934107527 
4.848654754 5.184608797 

7.039843476 5.235931118 
6.85855019 5.419233892 

6.654664285 5.658031639 
6.85855019 5.419233892 

4.848654754 5.184608797 
4.753599072 5.340325383 

1.212722701 8.760295192 
1.543040867 8.415814507 

6.988317566 5.618968545 
6.85855019 5.419233892 

4.087854251 0.6642586008 
4.101695771 0.8292629711 

4.108756802 0.9322129978 
4.101695771 0.8292629711 

2.461952698 2.167336188 
2.477551796 1.853802182 

2.750979856 1.492224375 
2.591140347 1.633081581 

2.412894678 1.621195802 
2.591140347 1.633081581 

3.7758919 7.574570491 
3.2872883 8.070407653 

3.7758919 7.574570491 
3.74244885 7.993759144 

3.72490955 8.471360892 
3.74244885 7.993759144 

3.249567598 2.205641537 
3.09430806 2.079927912 

2.921991504 2.063742398 
3.09430806 2.079927912 

3.09430806 2.079927912 
3.244970529 1.917810666 

5.069601641 8.086114832 
4.957308037 7.675018708 

4.814865116 7.469107656 
4.957308037 7.675018708 

4.646233681 7.278321509 
4.518500071 6.97436697 

2.477551796 1.853802182 
2.591140347 1.633081581 

3.544267281 3.277998937 
3.636832537 3.261245956 

3.730285586 3.245443915 
3.636832537 3.261245956 

3.541736067 2.138651921 
3.255088478 2.110481433 

1.622846375 7.493725422 
1.891940804 7.496851223 

2.037090472 7.970565424 
2.215469199 8.066764822 

2.388691841 8.07475678 
2.215469199 8.066764822 

6.988317566 5.618968545 
7.098077515 5.841182084 

3.30695137 7.058903026 
3.118676148 7.087854237 

2.937189739 7.134321842 
3.118676148 7.087854237 

1.870412802 7.666305881 
2.072523432 7.635377049 

3.079079148 6.204500507 
2.687583157 6.126621451 

4.995250654 2.164891961 
4.92457795 2.000766598 

4.817425106 1.835548741 
4.92457795 2.000766598 

4.736183744 6.295464739 
4.473716593 6.206189163 

1.69187774 7.149148068 
1.964144487 6.899577765 

2.226375269 9.197742705 
2.373524302 8.901427193 

2.569661345 8.577700974 
2.373524302 8.901427193 

1.69187774 7.149148068 
1.702643324 7.311201738 

1.622846375 7.493725422 
1.702643324 7.311201738 

4.134561194 1.458373465 
4.32709266 0.9329910915 

7.235955929 7.305930993 
7.154309007 7.095255075 

7.01476899 6.975136872 
7.154309007 7.095255075 

3.095734697 8.377307808 
2.840673017 8.495836285 

2.840673017 8.495836285 
2.993779999 8.636088409 

5.123567991 6.639092694 
4.953202982 6.313592102 

1.303747532 7.332058271 
1.702643324 7.311201738 

2.693756612 3.616520327 
2.67686317 3.420022023 

2.674179508 3.223498455 
2.67686317 3.420022023 

6.85855019 5.419233892 
7.088080259 5.41274438 

4.713276255 2.473838011 
4.564169653 2.593870943 

4.412659162 2.68740285 
4.564169653 2.593870943 

3.09430806 2.079927912 
3.255088478 2.110481433 

4.753599072 5.340325383 
4.841644555 5.422506009 

4.742622674 5.600956959 
4.841644555 5.422506009 

4.32709266 0.9329910915 
4.101695771 0.8292629711 

1.492649189 8.15921237 
1.764760124 8.283726721 

3.541736067 2.138651921 
3.424613035 2.06559805 

3.244970529 1.917810666 
3.424613035 2.06559805 

6.30136457 8.029771987 
6.156649385 7.976973771 

6.064732814 7.840506098 
6.156649385 7.976973771 

2.037090472 7.970565424 
1.870412802 7.666305881 

6.222863486 6.601410309 
6.25944014 6.740493565 

6.314843204 6.845792867 
6.25944014 6.740493565 

3.080351225 2.299939038 
3.09430806 2.079927912 

3.070179064 8.054993238 
3.2872883 8.070407653 

3.134526957 8.767068161 
3.070008099 8.707736595 

2.993779999 8.636088409 
3.070008099 8.707736595 

5.43024715 7.694281513 
5.567008968 7.705142158 

2.600014565 2.741559278 
2.740956449 2.870056537 

2.899841662 2.913880643 
2.740956449 2.870056537 

7.528243892 6.869044286 
7.623716215 6.726909798 

7.624144707 6.566212894 
7.623716215 6.726909798 

3.152493017 2.719194346 
3.377999212 2.459276747 

3.152493017 2.719194346 
3.107378319 2.529617791 

3.080351225 2.299939038 
3.107378319 2.529617791 

2.590417296 0.4939264535 
2.393071088 0.6884103324 

2.249553167 0.7063973928 
2.393071088 0.6884103324 

1.67140122 5.987326608 
1.7191712 6.172148461 

1.685576162 6.38646239 
1.7191712 6.172148461 

3.12331112 6.424158177 
3.091055662 6.314734373 

3.079079148 6.204500507 
3.091055662 6.314734373 

3.107378319 2.529617791 
2.810899436 2.462078599 

5.069601641 8.086114832 
5.15078019 7.88574974 

5.247118669 7.761177301 
5.15078019 7.88574974 

2.37193767 0.8360168571 
2.471483705 0.6961500485 

2.608293303 9.423412302 
2.561929123 9.123759491 

2.567224437 8.903136976 
2.561929123 9.123759491 

3.428671514 1.011631799 
3.252993628 1.134856074 

3.098691654 1.275819071 
3.252993628 1.134856074 

2.181365293 3.355920153 
2.091104301 3.420094901 

2.998014971 2.746865551 
3.107378319 2.529617791 

4.134561194 1.458373465 
4.029714054 1.494170426 

3.913310042 1.541539225 
4.029714054 1.494170426 

1.42524582 2.273255601 
1.554846342 2.48748099 

1.42524582 2.273255601 
1.590926824 2.058860326 

1.665242173 1.852996106 
1.590926824 2.058860326 

0.7497943274 8.129201212 
0.6535302751 7.995554025 

7.301859304 6.13060219 
7.398608478 6.194163093 

4.308220584 2.278558721 
4.412659162 2.68740285 

4.194053965 2.004925409 
4.274627093 2.133107519 

2.590417296 0.4939264535 
2.530422369 0.5939515922 

2.471483705 0.6961500485 
2.530422369 0.5939515922 

1.303747532 7.332058271 
1.204885171 7.413156499 

1.096917374 7.416647012 
1.204885171 7.413156499 

5.123567991 6.639092694 
4.910447166 6.9128491 

5.123567991 6.639092694 
5.352689776 6.628772214 

5.615151164 6.491617178 
5.352689776 6.628772214 

3.249567598 2.205641537 
3.377999212 2.459276747 

1.492649189 8.15921237 
1.426551826 8.696599277 

1.390351618 9.227489846 
1.426551826 8.696599277 

3.493333549 0.5506835182 
3.383413713 0.4785369825 

4.518500071 6.97436697 
4.322710301 6.627506255 

0.8924109172 6.984109791 
0.7732522524 7.227043676 

2.739707616 7.364975571 
2.741393934 7.524143238 

2.606041223 7.567923185 
2.741393934 7.524143238 

7.168648554 6.250418713 
7.398608478 6.194163093 

2.353065824 8.367054488 
2.188890285 8.374468138 

2.020613836 8.447552508 
2.188890285 8.374468138 

6.942419628 7.915348685 
6.892825089 7.765706103 

0.9069824567 6.505631249 
0.7295994749 6.621125615 

0.4314301003 6.741107503 
0.7295994749 6.621125615 

0.7497943274 8.129201212 
0.7058004703 8.386562076 

0.7058004703 8.386562076 
0.6996887822 8.50002312 

6.172973302 5.704819264 
6.654664285 5.658031639 

7.235955929 7.305930993 
7.18629822 7.500867382 

7.207903711 7.699205698 
7.18629822 7.500867382 

4.293153886 7.228507994 
4.129424446 7.591622706 

1.212722701 8.760295192 
1.426551826 8.696599277 

3.337671881 3.867437939 
3.567960194 3.861477467 

3.746585444 3.903371967 
3.567960194 3.861477467 

5.753481179 7.438354455 
5.747824381 7.605991195 

5.741437165 7.776140426 
5.747824381 7.605991195 

1.099332891 8.043018201 
0.8505153383 7.881338954 

1.212722701 8.760295192 
1.051409785 8.684394374 

0.7963141556 8.772488834 
1.051409785 8.684394374 

2.143749488 7.748848954 
2.215469199 8.066764822 

4.293153886 7.228507994 
4.03745043 7.402849912 

3.7758919 7.574570491 
4.03745043 7.402849912 

2.477551796 1.853802182 
2.613107577 1.697592744 

2.750979856 1.492224375 
2.613107577 1.697592744 

2.143749488 7.748848954 
2.270582817 7.742365276 

2.391578135 7.695297742 
2.270582817 7.742365276 

3.182707871 0.8527872123 
3.252993628 1.134856074 

6.30136457 8.029771987 
6.470479818 8.163770684 

6.644065476 8.246066445 
6.470479818 8.163770684 

2.072523432 7.635377049 
2.154781995 7.449715392 

2.62854582 7.947615901 
2.345818134 7.912309558 

2.037090472 7.970565424 
2.345818134 7.912309558 

6.253607906 4.814421694 
6.195629342 5.074064388 

6.150161368 5.34404796 
6.195629342 5.074064388 

2.9713084 7.720495886 
3.025689915 7.905913363 

3.070179064 8.054993238 
3.025689915 7.905913363 

2.345818134 7.912309558 
2.270582817 7.742365276 

6.591980254 6.281810056 
6.612851787 6.455841168 

6.710133443 6.583217289 
6.612851787 6.455841168 

4.129424446 7.591622706 
4.03745043 7.402849912 

6.612851787 6.455841168 
6.638340087 6.659809801 

6.172973302 5.704819264 
6.02581041 5.902336018 

5.862559883 6.086611778 
6.02581041 5.902336018 

2.345818134 7.912309558 
2.391578135 7.695297742 

1.190566228 6.258407509 
1.048434105 6.380921759 

0.9069824567 6.505631249 
1.048434105 6.380921759 

2.415821341 2.391704696 
2.425452933 2.279466887 

2.461952698 2.167336188 
2.425452933 2.279466887 

5.352689776 6.628772214 
5.654924863 6.741424768 

2.273973244 5.869444377 
2.421864693 5.918637765 

2.515199471 5.960182831 
2.421864693 5.918637765 

2.741393934 7.524143238 
2.9713084 7.720495886 

2.62854582 7.947615901 
3.025689915 7.905913363 

4.173983309 6.323829864 
4.473716593 6.206189163 

6.805857688 6.795765378 
6.865730832 6.700674247 

6.931101704 6.601401289 
6.865730832 6.700674247 

4.173983309 6.323829864 
4.246897681 6.47739167 

4.322710301 6.627506255 
4.246897681 6.47739167 

5.754490527 7.08068081 
5.621596722 6.87692971 

5.886088418 6.81053179 
5.621596722 6.87692971 

7.557679564 6.233473529 
7.46978976 6.222800771 

7.398608478 6.194163093 
7.46978976 6.222800771 

7.088080259 5.41274438 
7.299710267 5.663597899 

2.600014565 2.741559278 
2.492482449 2.964066571 

2.441088595 3.220806136 
2.492482449 2.964066571 

3.355389394 0.6888181937 
3.59185034 0.765242238 

4.841644555 5.422506009 
5.147348483 5.514599631 

5.069601641 8.086114832 
5.129828022 7.703888069 

5.172007375 7.341878851 
5.129828022 7.703888069 

4.308220584 2.278558721 
4.283964895 2.207429996 

4.274627093 2.133107519 
4.283964895 2.207429996 

2.343500638 7.343630307 
2.107170026 7.228263151 

5.366832751 6.053216674 
5.232638522 5.99056875 

5.100304962 5.927006616 
5.232638522 5.99056875 

7.088080259 5.41274438 
7.038385826 5.514657986 

6.988317566 5.618968545 
7.038385826 5.514657986 

2.740956449 2.870056537 
2.492482449 2.964066571 

4.075518658 3.019876523 
4.200443608 2.928217215 

4.333114013 2.844889988 
4.200443608 2.928217215 

6.516983562 6.735572669 
6.25944014 6.740493565 

7.271957747 6.578654561 
7.206290871 6.632993511 

6.017530443 6.342955934 
5.911648519 6.398514662 

5.804176572 6.449655009 
5.911648519 6.398514662 

6.176868293 5.995629413 
6.02581041 5.902336018 

1.67140122 5.987326608 
1.799014963 6.07412337 

1.927415431 6.162832527 
1.799014963 6.07412337 

2.345818134 7.912309558 
2.388691841 8.07475678 

1.280530486 7.830354248 
1.347259535 7.908179102 

1.429360368 7.985750054 
1.347259535 7.908179102 

4.742622674 5.600956959 
4.296469405 5.95962162 

4.32709266 0.9329910915 
4.403981055 1.091131006 

4.473766786 1.273306282 
4.403981055 1.091131006 

4.742622674 5.600956959 
4.947584759 5.223401066 

5.153835602 4.844730095 
4.947584759 5.223401066 

5.924144017 6.495507793 
5.911648519 6.398514662 

1.81379923 2.155435881 
1.590926824 2.058860326 

0.4314301003 6.741107503 
0.6776866757 6.860659493 

0.8924109172 6.984109791 
0.6776866757 6.860659493 

6.957741042 6.274139209 
6.612851787 6.455841168 

0.6205613459 8.612303873 
0.6597285469 8.554414411 

0.6996887822 8.50002312 
0.6597285469 8.554414411 

1.622846375 7.493725422 
1.303747532 7.332058271 

2.750979856 1.492224375 
3.012828339 1.326711496 

1.752876703 9.259313539 
1.683536864 9.158370054 

1.613330685 9.058079313 
1.683536864 9.158370054 

2.091104301 3.420094901 
2.002251596 3.430017816 

3.74244885 7.993759144 
3.545200016 8.36266638 

1.622846375 7.493725422 
1.7427899 7.578002926 

1.870412802 7.666305881 
1.7427899 7.578002926 

2.002251596 3.430017816 
1.957825243 3.434979273 

1.913398891 3.43994073 
1.957825243 3.434979273 

1.351312339 6.527207396 
1.117148541 6.560234999 

1.543040867 8.415814507 
1.654420554 8.353154615 

2.273973244 5.869444377 
2.259676237 5.994089051 

2.244253452 6.120899239 
2.259676237 5.994089051 

4.841644555 5.422506009 
4.947584759 5.223401066 

3.262498646 0.3505769309 
3.32295618 0.4145569567 

3.383413713 0.4785369825 
3.32295618 0.4145569567 

1.828417013 1.287485767 
1.939769088 1.317814224 

2.051171304 1.350038121 
1.939769088 1.317814224 

2.188890285 8.374468138 
2.215469199 8.066764822 

4.014152917 2.035482444 
3.905158083 1.943088909 

3.79616325 1.850695374 
3.905158083 1.943088909 

2.020613836 8.447552508 
1.665386553 8.570516361 

1.099332891 8.043018201 
1.347259535 7.908179102 

2.212459566 6.368453603 
2.034311459 6.341130272 

1.855575293 6.315367159 
2.034311459 6.341130272 

1.921530427 1.534004237 
1.939769088 1.317814224 

5.754490527 7.08068081 
5.871096277 7.081602045 

5.987702026 7.082523279 
5.871096277 7.081602045 

