1.49517091 8.157322147 
1.659035685 7.929025299 

2.514350944 5.970052201 
2.382730608 7.685025324 

3.176108788 0.8678650128 
2.937270845 1.757917443 

6.025714314 6.536477995 
6.238155956 6.566867227 

7.334730437 5.591141196 
7.615828099 6.561789988 

2.937270845 1.757917443 
3.580602901 1.731411161 

2.382730608 7.685025324 
2.967873374 7.723181902 

6.238155956 6.566867227 
5.872285589 6.804209658 

3.763521634 7.560204886 
2.967873374 7.723181902 

1.832907185 1.291716939 
2.496243844 1.89026029 

4.404078017 2.680954115 
4.529679732 3.32174031 

2.019571845 7.991160064 
2.136277375 7.74674855 

5.121865096 6.634580265 
4.741317386 6.804956429 

2.746470523 8.873371097 
3.205724981 8.822023887 

3.601065403 2.117446318 
3.580602901 1.731411161 

2.019571845 7.991160064 
1.969578315 8.215320573 

4.753517538 4.758921569 
4.471534652 4.504793822 

2.496243844 1.89026029 
2.401684244 2.402974288 

4.741317386 6.804956429 
3.763521634 7.560204886 

3.601065403 2.117446318 
3.785452669 3.02421438 

5.653308041 4.935542566 
5.618869513 5.514063346 

4.404078017 2.680954115 
3.601065403 2.117446318 

2.937270845 1.757917443 
3.234683395 1.927166592 

7.334730437 5.591141196 
6.593600203 6.278164316 

6.238155956 6.566867227 
6.593600203 6.278164316 

1.659035685 7.929025299 
1.691653293 7.151981342 

2.019571845 7.991160064 
2.023340259 8.440145349 

5.872285589 6.804209658 
6.025714314 6.536477995 

4.828451896 1.829131758 
4.278742116 2.294163473 

6.445514967 5.284567907 
6.932757695 5.958482814 

6.445514967 5.284567907 
6.593600203 6.278164316 

2.830400136 2.453714278 
3.08386741 2.309679025 

6.932757695 5.958482814 
6.593600203 6.278164316 

5.765079383 7.408821284 
5.568258309 7.702807329 

2.746470523 8.873371097 
2.023340259 8.440145349 

3.08386741 2.309679025 
3.234683395 1.927166592 

2.019571845 7.991160064 
2.382730608 7.685025324 

2.937270845 1.757917443 
2.690569498 2.171855595 

0.7713166787 7.224032393 
0.4352754065 6.737918659 

1.691653293 7.151981342 
1.337442516 7.324127829 

5.872285589 6.804209658 
5.584469125 6.481190029 

2.92647694 7.133176131 
2.382730608 7.685025324 

1.842344507 3.410885881 
1.809387023 2.768027102 

2.830400136 2.453714278 
2.690569498 2.171855595 

2.023340259 8.440145349 
1.969578315 8.215320573 

2.112377793 7.229341645 
2.507682984 7.173007319 

1.969578315 8.215320573 
1.667806209 8.563458803 

2.112377793 7.229341645 
1.691653293 7.151981342 

3.830516993 0.8750816795 
3.744551428 1.412477231 

7.615828099 6.561789988 
7.009920957 6.966757825 

6.238155956 6.566867227 
6.705285347 6.57328814 

3.785452669 3.02421438 
4.073455383 3.020257045 

0.425443047 8.213102201 
1.281578713 7.831239435 

1.49517091 8.157322147 
1.281578713 7.831239435 

1.969578315 8.215320573 
1.659035685 7.929025299 

3.123535448 3.328154777 
2.599102416 2.736346404 

2.401684244 2.402974288 
2.830400136 2.453714278 

2.136277375 7.74674855 
1.879519204 7.672852581 

1.659035685 7.929025299 
1.879519204 7.672852581 

2.112377793 7.229341645 
1.550910208 6.744976115 

3.830516993 0.8750816795 
3.784011928 1.83730321 

6.445514967 5.284567907 
6.655120431 5.659622646 

0.425443047 8.213102201 
0.6796130421 7.607347398 

4.404078017 2.680954115 
4.906588854 2.515936652 

2.023340259 8.440145349 
1.86879329 8.826626213 

2.212459566 6.368453603 
2.009873042 6.72207494 

4.310326815 5.961906616 
5.409611359 6.063929162 

2.009873042 6.72207494 
1.550910208 6.744976115 

6.013760328 7.106592869 
5.872285589 6.804209658 

7.615828099 6.561789988 
6.956431588 6.273451624 

6.593600203 6.278164316 
6.956431588 6.273451624 

3.258366955 2.204845396 
3.08386741 2.309679025 

3.784011928 1.83730321 
3.580602901 1.731411161 

2.746470523 8.873371097 
2.588382749 8.561563422 

4.202724499 4.164760144 
3.987760612 3.846739924 

4.741317386 6.804956429 
4.674720955 6.458747671 

2.588382749 8.561563422 
2.023340259 8.440145349 

7.235955929 7.305930993 
6.804101523 7.410918836 

2.92647694 7.133176131 
2.507682984 7.173007319 

1.407323155 9.235532988 
1.234032112 8.756221568 

5.409611359 6.063929162 
5.866417307 6.083307434 

3.763521634 7.560204886 
3.41487119 7.350429173 

4.471534652 4.504793822 
4.340947333 4.341108605 

4.202724499 4.164760144 
4.340947333 4.341108605 

2.599102416 2.736346404 
2.830400136 2.453714278 

2.382730608 7.685025324 
2.593554748 7.565009546 

6.932757695 5.958482814 
7.301388649 6.142156088 

1.691653293 7.151981342 
1.550910208 6.744976115 

5.194975408 7.305927172 
4.81769701 7.467265733 

6.013760328 7.106592869 
5.765079383 7.408821284 

2.937270845 1.757917443 
2.313729034 1.439991056 

3.123535448 3.328154777 
3.155937292 2.713821483 

1.809387023 2.768027102 
2.44620529 3.232886207 

2.496243844 1.89026029 
2.690569498 2.171855595 

3.924509365 6.851171989 
4.362845438 6.634264849 

4.674720955 6.458747671 
4.362845438 6.634264849 

1.667806209 8.563458803 
1.52868927 8.946317692 

2.806819364 8.244861799 
2.967873374 7.723181902 

6.932757695 5.958482814 
6.956431588 6.273451624 

6.445514967 5.284567907 
6.271380348 4.81355366 

2.690569498 2.171855595 
2.14898191 2.358588379 

2.14898191 2.358588379 
2.401684244 2.402974288 

5.765079383 7.408821284 
5.752967586 7.082918281 

0.6796130421 7.607347398 
1.008902201 7.709452531 

1.281578713 7.831239435 
1.008902201 7.709452531 

6.804101523 7.410918836 
7.009920957 6.966757825 

2.227829056 9.202568923 
1.86879329 8.826626213 

4.278742116 2.294163473 
4.558957953 2.382556683 

1.667806209 8.563458803 
1.86879329 8.826626213 

1.691653293 7.151981342 
1.142247821 6.942565095 

2.112377793 7.229341645 
2.144213601 7.438398035 

1.686414253 1.879473761 
2.14898191 2.358588379 

7.615828099 6.561789988 
7.235955929 7.305930993 

6.538806581 6.869265838 
7.192522565 6.643411842 

1.142247821 6.942565095 
0.7713166787 7.224032393 

6.804101523 7.410918836 
6.892825089 7.765706103 

2.507682984 7.173007319 
2.144213601 7.438398035 

5.121865096 6.634580265 
5.178104575 6.265153067 

5.409611359 6.063929162 
5.178104575 6.265153067 

5.568258309 7.702807329 
5.741437165 7.776140426 

6.062995812 7.837359085 
5.741437165 7.776140426 

7.192522565 6.643411842 
7.009920957 6.966757825 

3.123535448 3.328154777 
2.98097856 3.434425863 

2.588382749 8.561563422 
2.806819364 8.244861799 

1.659035685 7.929025299 
1.105823593 8.040557743 

1.879519204 7.672852581 
1.901953396 7.500771924 

2.144213601 7.438398035 
1.901953396 7.500771924 

2.967873374 7.723181902 
3.41487119 7.350429173 

3.601065403 2.117446318 
3.784011928 1.83730321 

2.628369701 3.664853512 
2.44620529 3.232886207 

1.686414253 1.879473761 
2.118518093 2.09990627 

2.401684244 2.402974288 
2.118518093 2.09990627 

6.655120431 5.659622646 
6.932757695 5.958482814 

4.073455383 3.020257045 
4.347495377 3.067545494 

2.227829056 9.202568923 
2.620081073 9.454627214 

3.234683395 1.927166592 
3.388641346 1.806985138 

3.716964067 8.494441885 
3.106320729 8.360639085 

2.806819364 8.244861799 
3.106320729 8.360639085 

5.765079383 7.408821284 
6.062995812 7.837359085 

3.079079148 6.204500507 
2.731377912 6.299804814 

1.234032112 8.756221568 
1.52868927 8.946317692 

1.49517091 8.157322147 
1.640944688 8.338836337 

4.674720955 6.458747671 
5.178104575 6.265153067 

3.176108788 0.8678650128 
3.427691838 1.007940788 

4.404078017 2.680954115 
4.558957953 2.382556683 

2.019571845 7.991160064 
2.350690426 8.35923541 

2.588382749 8.561563422 
2.350690426 8.35923541 

4.828451896 1.829131758 
4.189914029 2.003170829 

3.601065403 2.117446318 
4.189914029 2.003170829 

3.205724981 8.822023887 
3.106320729 8.360639085 

6.301144678 8.025903755 
6.197706052 7.351683596 

6.013760328 7.106592869 
6.197706052 7.351683596 

6.705285347 6.57328814 
6.923259323 6.608256294 

3.176108788 0.8678650128 
3.263507063 0.3547947804 

2.44620529 3.232886207 
2.370523759 3.412619009 

7.192522565 6.643411842 
6.923259323 6.608256294 

4.906588854 2.515936652 
4.713276255 2.473838011 

4.558957953 2.382556683 
4.713276255 2.473838011 

5.584469125 6.481190029 
5.770058861 6.480040669 

0.7713166787 7.224032393 
1.096917374 7.416647012 

2.937270845 1.757917443 
2.784010618 1.495681624 

1.142247821 6.942565095 
1.188112112 6.268899984 

5.034085033 8.087443445 
4.404742643 7.649386161 

2.112377793 7.229341645 
2.025287613 7.03607784 

1.008902201 7.709452531 
1.105823593 8.040557743 

3.106320729 8.360639085 
3.068948399 8.056790756 

4.310326815 5.961906616 
4.175005206 6.322988567 

3.924509365 6.851171989 
4.175005206 6.322988567 

3.784011928 1.83730321 
3.90769051 1.555585403 

3.744551428 1.412477231 
3.90769051 1.555585403 

2.401684244 2.402974288 
2.599102416 2.736346404 

1.691653293 7.151981342 
1.901953396 7.500771924 

0.425443047 8.213102201 
0.7058004703 8.386562076 

5.618869513 5.514063346 
5.353090591 5.662241329 

3.601065403 2.117446318 
3.59564123 2.274085833 

7.334730437 5.591141196 
6.959011423 5.648084794 

3.776615184 2.579572455 
3.785452669 3.02421438 

1.86879329 8.826626213 
1.612526197 9.059536284 

1.407323155 9.235532988 
1.612526197 9.059536284 

3.339489896 3.860605931 
3.521630353 3.28174776 

2.593554748 7.565009546 
2.144213601 7.438398035 

6.923259323 6.608256294 
6.538806581 6.869265838 

5.866417307 6.083307434 
6.175664489 5.943644285 

3.176108788 0.8678650128 
3.10111792 1.279589009 

3.580602901 1.731411161 
3.10111792 1.279589009 

1.640944688 8.338836337 
1.667806209 8.563458803 

6.217817537 5.703394279 
6.15166968 5.346064447 

0.4352754065 6.737918659 
0.9942909853 6.75342948 

1.142247821 6.942565095 
0.9942909853 6.75342948 

5.194975408 7.305927172 
5.752967586 7.082918281 

4.741317386 6.804956429 
4.910447166 6.9128491 

3.205724981 8.822023887 
3.229204417 8.563015768 

6.956431588 6.273451624 
6.705285347 6.57328814 

1.832907185 1.291716939 
1.921530427 1.534004237 

2.313729034 1.439991056 
2.380913064 1.647131584 

2.496243844 1.89026029 
2.380913064 1.647131584 

3.41487119 7.350429173 
3.30695137 7.058903026 

2.14898191 2.358588379 
2.118518093 2.09990627 

1.42524582 2.273255601 
1.658225613 2.296248833 

6.013760328 7.106592869 
6.308882798 6.853347637 

5.872285589 6.804209658 
6.308882798 6.853347637 

2.507682984 7.173007319 
2.341950479 7.342546579 

2.593554748 7.565009546 
2.341950479 7.342546579 

2.227829056 9.202568923 
2.115895946 8.783985632 

2.023340259 8.440145349 
2.115895946 8.783985632 

7.009920957 6.966757825 
6.815224042 6.813101136 

6.538806581 6.869265838 
6.815224042 6.813101136 

2.382730608 7.685025324 
2.390163564 8.072667721 

2.350690426 8.35923541 
2.390163564 8.072667721 

7.207903711 7.699205698 
6.892825089 7.765706103 

3.830516993 0.8750816795 
3.588120896 0.763300948 

4.759406861 5.603832473 
4.945866106 5.777610173 

2.934584178 2.062840812 
3.08386741 2.309679025 

3.776615184 2.579572455 
3.393475901 2.496271838 

3.08386741 2.309679025 
3.393475901 2.496271838 

2.144213601 7.438398035 
2.341950479 7.342546579 

2.027948451 0.7766120794 
2.253686752 0.6933364308 

2.370042119 0.8314933131 
2.253686752 0.6933364308 

6.956431588 6.273451624 
7.169491484 6.250090059 

7.301388649 6.142156088 
7.169491484 6.250090059 

4.404742643 7.649386161 
4.291564164 7.232802473 

4.291564164 7.232802473 
4.646233681 7.278321509 

4.81769701 7.467265733 
4.646233681 7.278321509 

1.86879329 8.826626213 
2.115895946 8.783985632 

6.301144678 8.025903755 
5.597758489 7.95473668 

7.048114021 5.218062368 
7.090485705 5.410429015 

2.967873374 7.723181902 
2.593554748 7.565009546 

5.597758489 7.95473668 
5.568258309 7.702807329 

1.105823593 8.040557743 
1.281578713 7.831239435 

0.425443047 8.213102201 
0.6538402239 7.992924176 

1.809387023 2.768027102 
2.00096138 2.545426674 

2.14898191 2.358588379 
2.00096138 2.545426674 

2.967873374 7.723181902 
2.390163564 8.072667721 

4.471612304 1.279671966 
3.90769051 1.555585403 

2.967873374 7.723181902 
2.624812256 7.947193452 

5.653308041 4.935542566 
5.50568628 4.771235692 

5.153835602 4.844730095 
5.50568628 4.771235692 

5.752967586 7.082918281 
5.561498945 7.00156977 

5.872285589 6.804209658 
5.561498945 7.00156977 

3.106320729 8.360639085 
3.229204417 8.563015768 

6.025714314 6.536477995 
6.019774076 6.335951973 

5.866417307 6.083307434 
6.019774076 6.335951973 

4.578952288 1.80326704 
4.189914029 2.003170829 

3.987760612 3.846739924 
3.746585444 3.903371967 

2.588382749 8.561563422 
2.578828049 8.914448158 

3.263507063 0.3547947804 
3.350758547 0.6919333223 

3.427691838 1.007940788 
3.350758547 0.6919333223 

3.785452669 3.02421438 
3.746968052 3.265470293 

2.628369701 3.664853512 
2.370523759 3.412619009 

2.599102416 2.736346404 
2.671562693 3.223760497 

2.118518093 2.09990627 
2.690569498 2.171855595 

4.310326815 5.961906616 
4.737690331 6.30175723 

5.121865096 6.634580265 
4.737690331 6.30175723 

1.854070103 6.318212389 
1.550910208 6.744976115 

1.854070103 6.318212389 
1.927415431 6.162832527 

6.197706052 7.351683596 
5.765079383 7.408821284 

2.136277375 7.74674855 
2.251324945 7.498699524 

2.507682984 7.173007319 
2.251324945 7.498699524 

3.229204417 8.563015768 
3.34642517 8.412331547 

2.690569498 2.171855595 
2.481719547 2.174130827 

2.118518093 2.09990627 
1.807630812 2.170718391 

3.776615184 2.579572455 
3.613401742 2.518292225 

3.59564123 2.274085833 
3.613401742 2.518292225 

2.144213601 7.438398035 
2.251324945 7.498699524 

2.834965578 6.647440521 
3.122280903 6.427771478 

4.906588854 2.515936652 
5.030377167 2.153353472 

6.923259323 6.608256294 
7.271957747 6.578654561 

7.615828099 6.561789988 
7.271957747 6.578654561 

6.197706052 7.351683596 
6.549498144 7.432079663 

6.804101523 7.410918836 
6.549498144 7.432079663 

1.659035685 7.929025299 
1.434061338 7.965989497 

5.618869513 5.514063346 
5.827032162 5.59475347 

6.217817537 5.703394279 
5.827032162 5.59475347 

7.528243892 6.869044286 
7.383358079 6.66710844 

7.192522565 6.643411842 
7.383358079 6.66710844 

4.471612304 1.279671966 
4.133731274 1.460635718 

3.784011928 1.83730321 
4.133731274 1.460635718 

6.019774076 6.335951973 
6.175664489 5.943644285 

1.434061338 7.965989497 
1.49517091 8.157322147 

1.550910208 6.744976115 
1.685090968 6.388881048 

1.096917374 7.416647012 
0.4882488567 7.498447527 

2.514350944 5.970052201 
2.687583157 6.126621451 

2.731377912 6.299804814 
2.687583157 6.126621451 

2.806819364 8.244861799 
2.350690426 8.35923541 

2.830400136 2.453714278 
2.887448279 2.264457669 

2.934584178 2.062840812 
2.887448279 2.264457669 

1.142247821 6.942565095 
1.337442516 7.324127829 

2.370523759 3.412619009 
2.180979824 3.358542345 

2.341950479 7.342546579 
2.251324945 7.498699524 

1.096917374 7.416647012 
1.281578713 7.831239435 

1.096917374 7.416647012 
1.110243187 7.150189037 

1.142247821 6.942565095 
1.110243187 7.150189037 

4.737690331 6.30175723 
4.674720955 6.458747671 

3.924509365 6.851171989 
3.858804733 7.200582103 

3.763521634 7.560204886 
3.858804733 7.200582103 

2.671562693 3.223760497 
2.44620529 3.232886207 

2.009873042 6.72207494 
1.967891593 6.898507787 

2.025287613 7.03607784 
1.967891593 6.898507787 

3.123535448 3.328154777 
3.271909915 3.581931499 

5.153835602 4.844730095 
4.917244895 4.934107527 

4.753517538 4.758921569 
4.917244895 4.934107527 

5.653308041 4.935542566 
5.910006907 4.873390082 

1.008902201 7.709452531 
1.096917374 7.416647012 

2.313729034 1.439991056 
2.052881226 1.350636701 

3.176108788 0.8678650128 
2.857139177 0.9115565102 

2.746470523 8.873371097 
2.578828049 8.914448158 

5.584469125 6.481190029 
5.654941054 6.737388896 

0.7058004703 8.386562076 
0.6538402239 7.992924176 

7.615828099 6.561789988 
7.563831984 6.251146876 

4.291564164 7.232802473 
3.924509365 6.851171989 

2.212459566 6.368453603 
1.927415431 6.162832527 

6.642231365 8.230978983 
6.811217085 7.961566607 

6.892825089 7.765706103 
6.811217085 7.961566607 

1.658225613 2.296248833 
1.619740757 2.425464649 

1.686414253 1.879473761 
1.807630812 2.170718391 

2.806819364 8.244861799 
3.068948399 8.056790756 

1.686414253 1.879473761 
1.834764222 1.738700255 

1.921530427 1.534004237 
1.834764222 1.738700255 

5.654941054 6.737388896 
5.872285589 6.804209658 

2.937270845 1.757917443 
2.934584178 2.062840812 

4.471612304 1.279671966 
4.531264893 1.598283038 

4.578952288 1.80326704 
4.531264893 1.598283038 

2.390163564 8.072667721 
2.624812256 7.947193452 

3.588120896 0.763300948 
3.484464661 0.5549695152 

4.291564164 7.232802473 
4.518492157 6.972511868 

4.741317386 6.804956429 
4.518492157 6.972511868 

1.407323155 9.235532988 
1.731969037 9.283825327 

2.227829056 9.202568923 
1.731969037 9.283825327 

0.7713166787 7.224032393 
1.110243187 7.150189037 

3.613401742 2.518292225 
3.393475901 2.496271838 

3.234683395 1.927166592 
3.264119174 2.11203303 

3.258366955 2.204845396 
3.264119174 2.11203303 

1.42524582 2.273255601 
1.619740757 2.425464649 

1.969578315 8.215320573 
1.762907942 8.266935117 

1.640944688 8.338836337 
1.762907942 8.266935117 

2.857139177 0.9115565102 
2.747648839 0.7959059487 

2.590417296 0.4939264535 
2.747648839 0.7959059487 

3.08386741 2.309679025 
2.887448279 2.264457669 

4.404078017 2.680954115 
4.333823967 2.84413636 

2.967873374 7.723181902 
3.292281448 8.070126017 

3.716964067 8.494441885 
3.292281448 8.070126017 

1.807630812 2.170718391 
1.658225613 2.296248833 

3.350758547 0.6919333223 
3.484464661 0.5549695152 

2.507682984 7.173007319 
2.735944395 7.361293886 

4.347495377 3.067545494 
4.333823967 2.84413636 

2.92647694 7.133176131 
2.939132315 6.807534021 

2.834965578 6.647440521 
2.939132315 6.807534021 

2.118518093 2.09990627 
2.481719547 2.174130827 

3.155937292 2.713821483 
2.998281539 2.745093713 

2.899841662 2.913880643 
2.998281539 2.745093713 

2.382730608 7.685025324 
2.624812256 7.947193452 

2.624812256 7.947193452 
2.806819364 8.244861799 

5.568258309 7.702807329 
5.247357042 7.75758296 

1.659035685 7.929025299 
2.019571845 7.991160064 

0.7713166787 7.224032393 
0.9942909853 6.75342948 

0.4882488567 7.498447527 
0.6594800006 7.336285902 

0.7713166787 7.224032393 
0.6594800006 7.336285902 

4.529679732 3.32174031 
4.495895503 3.133237536 

4.347495377 3.067545494 
4.495895503 3.133237536 

4.945866106 5.777610173 
5.076817295 5.939864833 

2.620081073 9.454627214 
2.67946573 9.124486973 

2.746470523 8.873371097 
2.67946573 9.124486973 

6.815224042 6.813101136 
6.705285347 6.57328814 

3.763521634 7.560204886 
4.127272906 7.591054197 

4.404742643 7.649386161 
4.127272906 7.591054197 

3.388641346 1.806985138 
3.439300838 1.688567315 

3.580602901 1.731411161 
3.439300838 1.688567315 

1.921530427 1.534004237 
2.052881226 1.350636701 

3.427691838 1.007940788 
3.588120896 0.763300948 

6.15166968 5.346064447 
6.295878554 5.36018883 

6.445514967 5.284567907 
6.295878554 5.36018883 

0.7963141556 8.772488834 
0.6205613459 8.612303873 

2.937270845 1.757917443 
3.031604044 1.537091245 

5.765079383 7.408821284 
5.426838637 7.696605836 

5.034085033 8.087443445 
5.426838637 7.696605836 

7.169491484 6.250090059 
7.271957747 6.578654561 

2.212459566 6.368453603 
2.244253452 6.120899239 

6.932757695 5.958482814 
6.959011423 5.648084794 

2.136277375 7.74674855 
2.069348285 7.61763774 

1.901953396 7.500771924 
2.069348285 7.61763774 

1.337442516 7.324127829 
0.8957743418 6.985918784 

6.932757695 5.958482814 
7.131688226 5.84289881 

3.716964067 8.494441885 
3.54612618 8.364041657 

3.34642517 8.412331547 
3.54612618 8.364041657 

2.382730608 7.685025324 
2.251324945 7.498699524 

3.830516993 0.8750816795 
4.087854251 0.6642586008 

5.827032162 5.59475347 
6.15166968 5.346064447 

1.49517091 8.157322147 
1.533223119 8.412016354 

1.667806209 8.563458803 
1.533223119 8.412016354 

2.806819364 8.244861799 
2.841997879 8.493257587 

5.194975408 7.305927172 
5.247357042 7.75758296 

4.32709266 0.9329910915 
4.108756802 0.9322129978 

2.841997879 8.493257587 
2.588382749 8.561563422 

6.705285347 6.57328814 
6.638800429 6.666477833 

6.538806581 6.869265838 
6.638800429 6.666477833 

5.353090591 5.662241329 
5.076817295 5.939864833 

2.690569498 2.171855595 
2.934584178 2.062840812 

0.6538402239 7.992924176 
0.6796130421 7.607347398 

6.642231365 8.230978983 
6.94057448 7.916880368 

7.207903711 7.699205698 
6.94057448 7.916880368 

6.94057448 7.916880368 
6.811217085 7.961566607 

5.770058861 6.480040669 
5.915184535 6.509268632 

6.025714314 6.536477995 
5.915184535 6.509268632 

0.6538402239 7.992924176 
0.8505153383 7.881338954 

1.008902201 7.709452531 
0.8505153383 7.881338954 

0.8957743418 6.985918784 
1.142247821 6.942565095 

4.531264893 1.598283038 
4.315863785 1.565994696 

4.133731274 1.460635718 
4.315863785 1.565994696 

4.189914029 2.003170829 
4.008499526 2.038242144 

1.531490588 2.6522632 
1.554197722 2.490375411 

1.619740757 2.425464649 
1.554197722 2.490375411 

3.339489896 3.860605931 
3.199561699 3.636200882 

2.98097856 3.434425863 
3.199561699 3.636200882 

2.690569498 2.171855595 
2.887448279 2.264457669 

5.178104575 6.265153067 
4.951333292 6.313875509 

4.737690331 6.30175723 
4.951333292 6.313875509 

4.759406861 5.603832473 
5.145423654 5.515204041 

5.353090591 5.662241329 
5.145423654 5.515204041 

1.685090968 6.388881048 
1.854070103 6.318212389 

3.031604044 1.537091245 
2.784010618 1.495681624 

2.92647694 7.133176131 
2.735944395 7.361293886 

2.834965578 6.647440521 
2.754406927 6.469740088 

2.731377912 6.299804814 
2.754406927 6.469740088 

4.291564164 7.232802473 
3.858804733 7.200582103 

1.188112112 6.268899984 
1.103305566 6.574781513 

0.9942909853 6.75342948 
1.103305566 6.574781513 

1.550910208 6.744976115 
1.142247821 6.942565095 

3.10111792 1.279589009 
3.010474536 1.34444498 

3.031604044 1.537091245 
3.010474536 1.34444498 

1.188112112 6.268899984 
1.350009077 6.528112387 

1.550910208 6.744976115 
1.350009077 6.528112387 

0.4882488567 7.498447527 
0.5642367011 7.590322854 

0.6796130421 7.607347398 
0.5642367011 7.590322854 

5.145423654 5.515204041 
4.945866106 5.777610173 

6.175664489 5.943644285 
6.345694964 6.14328029 

6.593600203 6.278164316 
6.345694964 6.14328029 

7.383358079 6.66710844 
7.271957747 6.578654561 

4.529679732 3.32174031 
4.746822965 2.914812947 

4.906588854 2.515936652 
4.746822965 2.914812947 

4.674720955 6.458747671 
4.951333292 6.313875509 

4.674720955 6.458747671 
4.45020012 6.203655369 

4.310326815 5.961906616 
4.45020012 6.203655369 

2.212459566 6.368453603 
2.731377912 6.299804814 

6.271380348 4.81355366 
6.042880925 4.858185971 

5.910006907 4.873390082 
6.042880925 4.858185971 

3.176108788 0.8678650128 
3.350758547 0.6919333223 

1.832907185 1.291716939 
1.926961252 1.043412105 

2.027948451 0.7766120794 
1.926961252 1.043412105 

6.815224042 6.813101136 
6.638800429 6.666477833 

0.425443047 8.213102201 
0.7497943274 8.129201212 

1.105823593 8.040557743 
0.7497943274 8.129201212 

2.599102416 2.736346404 
2.998281539 2.745093713 

5.561498945 7.00156977 
5.624201453 6.876078154 

5.654941054 6.737388896 
5.624201453 6.876078154 

4.578952288 1.80326704 
4.707686927 1.838950068 

4.828451896 1.829131758 
4.707686927 1.838950068 

1.407323155 9.235532988 
1.402013062 9.082194815 

1.52868927 8.946317692 
1.402013062 9.082194815 

4.910447166 6.9128491 
4.99478544 7.129789979 

5.194975408 7.305927172 
4.99478544 7.129789979 

2.578828049 8.914448158 
2.67946573 9.124486973 

4.917244895 4.934107527 
4.848654754 5.184608797 

7.048114021 5.218062368 
6.860336761 5.42090684 

6.655120431 5.659622646 
6.860336761 5.42090684 

4.848654754 5.184608797 
4.753599072 5.340325383 

1.234032112 8.756221568 
1.533223119 8.412016354 

6.959011423 5.648084794 
6.860336761 5.42090684 

4.108756802 0.9322129978 
4.101695771 0.8292629711 

2.481719547 2.174130827 
2.496243844 1.89026029 

2.784010618 1.495681624 
2.590800864 1.635061371 

2.380913064 1.647131584 
2.590800864 1.635061371 

3.763521634 7.560204886 
3.292281448 8.070126017 

3.763521634 7.560204886 
3.741996458 7.99439453 

3.716964067 8.494441885 
3.741996458 7.99439453 

3.258366955 2.204845396 
3.107192884 2.072891589 

2.934584178 2.062840812 
3.107192884 2.072891589 

3.107192884 2.072891589 
3.234683395 1.927166592 

5.034085033 8.087443445 
4.957454786 7.679870887 

4.81769701 7.467265733 
4.957454786 7.679870887 

4.646233681 7.278321509 
4.518492157 6.972511868 

2.496243844 1.89026029 
2.590800864 1.635061371 

3.521630353 3.28174776 
3.636131509 3.262198256 

3.746968052 3.265470293 
3.636131509 3.262198256 

3.601065403 2.117446318 
3.264119174 2.11203303 

1.624527366 7.499318497 
1.901953396 7.500771924 

2.019571845 7.991160064 
2.217561 8.074100124 

2.390163564 8.072667721 
2.217561 8.074100124 

6.959011423 5.648084794 
7.131688226 5.84289881 

3.30695137 7.058903026 
3.118676148 7.087854237 

2.92647694 7.133176131 
3.118676148 7.087854237 

1.879519204 7.672852581 
2.069348285 7.61763774 

3.079079148 6.204500507 
2.687583157 6.126621451 

5.030377167 2.153353472 
4.92572177 2.000061307 

4.828451896 1.829131758 
4.92572177 2.000061307 

4.737690331 6.30175723 
4.45020012 6.203655369 

1.691653293 7.151981342 
1.967891593 6.898507787 

2.227829056 9.202568923 
2.375129244 8.898970121 

2.588382749 8.561563422 
2.375129244 8.898970121 

1.691653293 7.151981342 
1.706966736 7.32130075 

1.624527366 7.499318497 
1.706966736 7.32130075 

4.133731274 1.460635718 
4.32709266 0.9329910915 

7.235955929 7.305930993 
7.152566529 7.093458212 

7.009920957 6.966757825 
7.152566529 7.093458212 

3.106320729 8.360639085 
2.841997879 8.493257587 

2.841997879 8.493257587 
2.997151902 8.638364161 

5.121865096 6.634580265 
4.951333292 6.313875509 

1.337442516 7.324127829 
1.706966736 7.32130075 

2.628369701 3.664853512 
2.675396549 3.422888653 

2.671562693 3.223760497 
2.675396549 3.422888653 

6.860336761 5.42090684 
7.090485705 5.410429015 

4.713276255 2.473838011 
4.563493273 2.594623429 

4.404078017 2.680954115 
4.563493273 2.594623429 

3.107192884 2.072891589 
3.264119174 2.11203303 

4.753599072 5.340325383 
4.841553949 5.42366298 

4.759406861 5.603832473 
4.841553949 5.42366298 

4.32709266 0.9329910915 
4.101695771 0.8292629711 

1.49517091 8.157322147 
1.762907942 8.266935117 

3.601065403 2.117446318 
3.439191914 2.067262092 

3.234683395 1.927166592 
3.439191914 2.067262092 

6.301144678 8.025903755 
6.156649385 7.976973771 

6.062995812 7.837359085 
6.156649385 7.976973771 

2.019571845 7.991160064 
1.879519204 7.672852581 

6.238155956 6.566867227 
6.264657839 6.741721867 

6.308882798 6.853347637 
6.264657839 6.741721867 

3.08386741 2.309679025 
3.107192884 2.072891589 

3.068948399 8.056790756 
3.292281448 8.070126017 

3.205724981 8.822023887 
3.072817818 8.710128434 

2.997151902 8.638364161 
3.072817818 8.710128434 

5.426838637 7.696605836 
5.568258309 7.702807329 

2.599102416 2.736346404 
2.740956449 2.870056537 

2.899841662 2.913880643 
2.740956449 2.870056537 

7.528243892 6.869044286 
7.623716215 6.726909798 

7.615828099 6.561789988 
7.623716215 6.726909798 

3.155937292 2.713821483 
3.393475901 2.496271838 

3.155937292 2.713821483 
3.09327129 2.511856862 

3.08386741 2.309679025 
3.09327129 2.511856862 

2.590417296 0.4939264535 
2.392313834 0.6881038207 

2.253686752 0.6933364308 
2.392313834 0.6881038207 

1.67140122 5.987326608 
1.7191712 6.172148461 

1.685090968 6.388881048 
1.7191712 6.172148461 

3.122280903 6.427771478 
3.091218288 6.315499315 

3.079079148 6.204500507 
3.091218288 6.315499315 

3.09327129 2.511856862 
2.830400136 2.453714278 

5.034085033 8.087443445 
5.148612239 7.888080732 

5.247357042 7.75758296 
5.148612239 7.888080732 

2.370042119 0.8314933131 
2.470844694 0.6968821547 

2.620081073 9.454627214 
2.563155005 9.127473563 

2.578828049 8.914448158 
2.563155005 9.127473563 

3.427691838 1.007940788 
3.252993628 1.134856074 

3.10111792 1.279589009 
3.252993628 1.134856074 

2.180979824 3.358542345 
2.096307532 3.494666359 

2.998281539 2.745093713 
3.09327129 2.511856862 

4.133731274 1.460635718 
4.028895038 1.494895943 

3.90769051 1.555585403 
4.028895038 1.494895943 

1.42524582 2.273255601 
1.554197722 2.490375411 

1.42524582 2.273255601 
1.593143114 2.059430794 

1.686414253 1.879473761 
1.593143114 2.059430794 

0.7497943274 8.129201212 
0.6538402239 7.992924176 

7.301388649 6.142156088 
7.398071648 6.194171972 

4.278742116 2.294163473 
4.404078017 2.680954115 

4.189914029 2.003170829 
4.274627093 2.133107519 

2.590417296 0.4939264535 
2.530422369 0.5939515922 

2.470844694 0.6968821547 
2.530422369 0.5939515922 

1.337442516 7.324127829 
1.20637375 7.412391212 

1.096917374 7.416647012 
1.20637375 7.412391212 

5.121865096 6.634580265 
4.910447166 6.9128491 

5.121865096 6.634580265 
5.355934859 6.62598238 

5.584469125 6.481190029 
5.355934859 6.62598238 

1.49517091 8.157322147 
1.423666274 8.701145355 

1.407323155 9.235532988 
1.423666274 8.701145355 

3.484464661 0.5549695152 
3.383849244 0.479054671 

4.518492157 6.972511868 
4.362845438 6.634264849 

0.8957743418 6.985918784 
0.7713166787 7.224032393 

2.735944395 7.361293886 
2.741393934 7.524143238 

2.593554748 7.565009546 
2.741393934 7.524143238 

7.169491484 6.250090059 
7.398071648 6.194171972 

2.350690426 8.35923541 
2.190057266 8.372812347 

2.023340259 8.440145349 
2.190057266 8.372812347 

6.94057448 7.916880368 
6.892825089 7.765706103 

0.4352754065 6.737918659 
0.7273879068 6.619593637 

0.7497943274 8.129201212 
0.7058004703 8.386562076 

0.7058004703 8.386562076 
0.6996887822 8.50002312 

6.217817537 5.703394279 
6.655120431 5.659622646 

7.235955929 7.305930993 
7.18629822 7.500867382 

7.207903711 7.699205698 
7.18629822 7.500867382 

4.291564164 7.232802473 
4.127272906 7.591054197 

1.234032112 8.756221568 
1.423666274 8.701145355 

3.339489896 3.860605931 
3.567960194 3.861477467 

3.746585444 3.903371967 
3.567960194 3.861477467 

5.765079383 7.408821284 
5.747988829 7.604251272 

5.741437165 7.776140426 
5.747988829 7.604251272 

1.105823593 8.040557743 
0.8505153383 7.881338954 

1.234032112 8.756221568 
1.054907966 8.685558222 

0.7963141556 8.772488834 
1.054907966 8.685558222 

2.136277375 7.74674855 
2.217561 8.074100124 

4.291564164 7.232802473 
4.019599098 7.417862855 

3.763521634 7.560204886 
4.019599098 7.417862855 

2.496243844 1.89026029 
2.615902421 1.697896136 

2.784010618 1.495681624 
2.615902421 1.697896136 

2.136277375 7.74674855 
2.27050921 7.742542918 

2.382730608 7.685025324 
2.27050921 7.742542918 

3.176108788 0.8678650128 
3.252993628 1.134856074 

6.301144678 8.025903755 
6.471466309 8.163811835 

6.642231365 8.230978983 
6.471466309 8.163811835 

2.624812256 7.947193452 
2.332809226 7.907569831 

2.019571845 7.991160064 
2.332809226 7.907569831 

6.271380348 4.81355366 
6.196928681 5.070889592 

6.15166968 5.346064447 
6.196928681 5.070889592 

2.967873374 7.723181902 
3.025689915 7.905913363 

3.068948399 8.056790756 
3.025689915 7.905913363 

2.332809226 7.907569831 
2.27050921 7.742542918 

6.593600203 6.278164316 
6.613465274 6.456287374 

6.705285347 6.57328814 
6.613465274 6.456287374 

4.127272906 7.591054197 
4.019599098 7.417862855 

6.613465274 6.456287374 
6.638800429 6.666477833 

6.217817537 5.703394279 
6.030605048 5.900917288 

5.866417307 6.083307434 
6.030605048 5.900917288 

2.332809226 7.907569831 
2.382730608 7.685025324 

1.188112112 6.268899984 
1.046775188 6.379721181 

0.8534672612 6.456422818 
1.046775188 6.379721181 

2.401684244 2.402974288 
2.425537251 2.280781843 

2.481719547 2.174130827 
2.425537251 2.280781843 

5.355934859 6.62598238 
5.654941054 6.737388896 

2.221852402 5.875423926 
2.419413719 5.918521991 

2.514350944 5.970052201 
2.419413719 5.918521991 

2.741393934 7.524143238 
2.967873374 7.723181902 

2.624812256 7.947193452 
3.025689915 7.905913363 

4.175005206 6.322988567 
4.45020012 6.203655369 

6.815224042 6.813101136 
6.865738551 6.701660617 

6.923259323 6.608256294 
6.865738551 6.701660617 

4.175005206 6.322988567 
4.248519382 6.47851842 

4.362845438 6.634264849 
4.248519382 6.47851842 

5.752967586 7.082918281 
5.624201453 6.876078154 

5.872285589 6.804209658 
5.624201453 6.876078154 

7.563831984 6.251146876 
7.470501671 6.223395008 

7.398071648 6.194171972 
7.470501671 6.223395008 

7.090485705 5.410429015 
7.334730437 5.591141196 

2.599102416 2.736346404 
2.492039458 2.967432456 

2.44620529 3.232886207 
2.492039458 2.967432456 

3.350758547 0.6919333223 
3.588120896 0.763300948 

4.841553949 5.42366298 
5.145423654 5.515204041 

5.034085033 8.087443445 
5.128853532 7.705154458 

5.194975408 7.305927172 
5.128853532 7.705154458 

4.278742116 2.294163473 
4.283010746 2.208402435 

4.274627093 2.133107519 
4.283010746 2.208402435 

2.341950479 7.342546579 
2.112377793 7.229341645 

5.409611359 6.063929162 
5.233252352 5.991242085 

5.076817295 5.939864833 
5.233252352 5.991242085 

7.090485705 5.410429015 
7.036687688 5.516845132 

6.959011423 5.648084794 
7.036687688 5.516845132 

2.740956449 2.870056537 
2.492039458 2.967432456 

4.073455383 3.020257045 
4.200443608 2.928217215 

4.333823967 2.84413636 
4.200443608 2.928217215 

6.538806581 6.869265838 
6.264657839 6.741721867 

7.271957747 6.578654561 
7.192522565 6.643411842 

6.019774076 6.335951973 
5.899380183 6.39934283 

5.770058861 6.480040669 
5.899380183 6.39934283 

6.175664489 5.943644285 
6.030605048 5.900917288 

1.67140122 5.987326608 
1.799014963 6.07412337 

1.927415431 6.162832527 
1.799014963 6.07412337 

2.332809226 7.907569831 
2.390163564 8.072667721 

1.281578713 7.831239435 
1.358934305 7.903365074 

1.434061338 7.965989497 
1.358934305 7.903365074 

4.759406861 5.603832473 
4.310326815 5.961906616 

4.32709266 0.9329910915 
4.403981055 1.091131006 

4.471612304 1.279671966 
4.403981055 1.091131006 

4.759406861 5.603832473 
4.946858512 5.225752667 

5.153835602 4.844730095 
4.946858512 5.225752667 

5.915184535 6.509268632 
5.899380183 6.39934283 

1.807630812 2.170718391 
1.593143114 2.059430794 

0.4352754065 6.737918659 
0.6763244954 6.859846516 

0.8957743418 6.985918784 
0.6763244954 6.859846516 

6.956431588 6.273451624 
6.613465274 6.456287374 

0.6205613459 8.612303873 
0.6597285469 8.554414411 

0.6996887822 8.50002312 
0.6597285469 8.554414411 

1.624527366 7.499318497 
1.337442516 7.324127829 

1.731969037 9.283825327 
1.683365076 9.159705079 

1.612526197 9.059536284 
1.683365076 9.159705079 

3.741996458 7.99439453 
3.54612618 8.364041657 

1.624527366 7.499318497 
1.742915978 7.578306844 

1.879519204 7.672852581 
1.742915978 7.578306844 

2.002940809 3.432195422 
1.955090219 3.434195292 

1.842344507 3.410885881 
1.955090219 3.434195292 

1.350009077 6.528112387 
1.103305566 6.574781513 

1.533223119 8.412016354 
1.640944688 8.338836337 

2.221852402 5.875423926 
2.258198394 5.993520569 

2.244253452 6.120899239 
2.258198394 5.993520569 

4.841553949 5.42366298 
4.946858512 5.225752667 

3.263507063 0.3547947804 
3.32295618 0.4145569567 

3.383849244 0.479054671 
3.32295618 0.4145569567 

1.832907185 1.291716939 
1.939769088 1.317814224 

2.052881226 1.350636701 
1.939769088 1.317814224 

2.190057266 8.372812347 
2.217561 8.074100124 

4.008499526 2.038242144 
3.921700612 1.932870336 

3.784011928 1.83730321 
3.921700612 1.932870336 

2.023340259 8.440145349 
1.667806209 8.563458803 

1.105823593 8.040557743 
1.358934305 7.903365074 

2.212459566 6.368453603 
2.034311459 6.341130272 

1.854070103 6.318212389 
2.034311459 6.341130272 

1.921530427 1.534004237 
1.939769088 1.317814224 

5.752967586 7.082918281 
5.865402467 7.090946041 

6.013760328 7.106592869 
5.865402467 7.090946041 

1.42524582 2.273255601 
1.620510264 2.214485991 

1.807630812 2.170718391 
1.620510264 2.214485991 

4.087854251 0.6642586008 
4.094775011 0.746760786 

4.101695771 0.8292629711 
4.094775011 0.746760786 

3.339489896 3.860605931 
3.310003451 3.726693538 

3.271909915 3.581931499 
3.310003451 3.726693538 

5.597758489 7.95473668 
5.356282518 8.08225717 

0.8534672612 6.456422818 
0.7912627891 6.537689607 

0.7273879068 6.619593637 
0.7912627891 6.537689607 

2.937270845 1.757917443 
2.615902421 1.697896136 

7.334730437 5.591141196 
7.235695723 5.716960894 

7.131688226 5.84289881 
7.235695723 5.716960894 

2.096307532 3.494666359 
2.04962417 3.46343089 

2.002940809 3.432195422 
2.04962417 3.46343089 

2.628369701 3.664853512 
2.808450651 3.552225479 

2.98097856 3.434425863 
2.808450651 3.552225479 

5.356282518 8.08225717 
5.193638186 8.073939366 

5.034085033 8.087443445 
5.193638186 8.073939366 

5.178104575 6.265153067 
5.233252352 5.991242085 

3.350758547 0.6919333223 
3.383849244 0.479054671 

6.538806581 6.869265838 
6.377677132 6.692154516 

6.238155956 6.566867227 
6.377677132 6.692154516 

3.393475901 2.496271838 
3.330430937 2.353992433 

3.258366955 2.204845396 
3.330430937 2.353992433 

3.205724981 8.822023887 
2.880979867 8.692228036 

2.588382749 8.561563422 
2.880979867 8.692228036 

3.744551428 1.412477231 
3.663186004 1.575400563 

3.580602901 1.731411161 
3.663186004 1.575400563 

5.193638186 8.073939366 
5.148612239 7.888080732 

2.069348285 7.61763774 
2.11399865 7.535450441 

2.144213601 7.438398035 
2.11399865 7.535450441 

1.531490588 2.6522632 
1.669256849 2.707301165 

1.809387023 2.768027102 
1.669256849 2.707301165 

2.784010618 1.495681624 
2.897242577 1.420063302 

3.010474536 1.34444498 
2.897242577 1.420063302 

6.538806581 6.869265838 
6.424660209 6.860470438 

6.308882798 6.853347637 
6.424660209 6.860470438 

3.776615184 2.579572455 
4.278742116 2.294163473 

3.776615184 2.579572455 
3.686879325 2.347679921 

3.601065403 2.117446318 
3.686879325 2.347679921 

2.370042119 0.8314933131 
2.392313834 0.6881038207 

3.271909915 3.581931499 
3.199561699 3.636200882 

1.842344507 3.410885881 
2.235357104 3.537869696 

2.628369701 3.664853512 
2.235357104 3.537869696 

6.175664489 5.943644285 
6.196741013 5.823519282 

6.217817537 5.703394279 
6.196741013 5.823519282 

