1.494380004 8.154641212 
1.657659374 7.927282465 

2.514385872 5.969179569 
2.393614419 7.687010749 

3.199138099 0.8716075922 
2.939388903 1.755640686 

6.013622626 6.53954142 
6.233929695 6.566535685 

7.3648363 5.531918699 
7.607905575 6.552726603 

2.939388903 1.755640686 
3.579227392 1.732993246 

2.393614419 7.687010749 
2.961073383 7.72950972 

6.233929695 6.566535685 
5.873662852 6.802597809 

3.76084949 7.554975094 
2.961073383 7.72950972 

1.832907185 1.291716939 
2.497765393 1.895305826 

4.397865587 2.676093332 
4.529679732 3.32174031 

2.020241462 7.987786887 
2.132908192 7.748518066 

5.102386841 6.622009935 
4.757511767 6.78820766 

2.746470523 8.873371097 
3.205724981 8.822023887 

3.589992896 2.12224033 
3.579227392 1.732993246 

2.020241462 7.987786887 
1.969578315 8.215320573 

4.753517538 4.758921569 
4.471534652 4.504793822 

2.497765393 1.895305826 
2.413089777 2.400268883 

4.757511767 6.78820766 
3.76084949 7.554975094 

3.589992896 2.12224033 
3.785075721 3.016611308 

5.653308041 4.935542566 
5.620789588 5.515243868 

4.397865587 2.676093332 
3.589992896 2.12224033 

2.939388903 1.755640686 
3.219364883 1.932783149 

7.3648363 5.531918699 
6.602073992 6.265737901 

6.233929695 6.566535685 
6.602073992 6.265737901 

1.657659374 7.927282465 
1.69547503 7.155302371 

2.020241462 7.987786887 
2.023340259 8.440145349 

5.873662852 6.802597809 
6.013622626 6.53954142 

4.820404035 1.832992202 
4.264824058 2.316836755 

6.499191578 5.243753692 
6.931783551 5.953747675 

6.499191578 5.243753692 
6.602073992 6.265737901 

2.84107097 2.453991306 
3.09420389 2.286902889 

6.931783551 5.953747675 
6.602073992 6.265737901 

5.767112198 7.407008574 
5.568258309 7.702807329 

2.746470523 8.873371097 
2.023340259 8.440145349 

3.09420389 2.286902889 
3.219364883 1.932783149 

2.020241462 7.987786887 
2.393614419 7.687010749 

2.939388903 1.755640686 
2.697849777 2.152250963 

0.7713166787 7.224032393 
0.4352754065 6.737918659 

1.69547503 7.155302371 
1.339509373 7.325044326 

2.933864659 7.133689385 
2.393614419 7.687010749 

1.843121827 3.408107715 
1.845570608 2.80664178 

2.023340259 8.440145349 
1.969578315 8.215320573 

2.106392669 7.229086189 
2.496941017 7.182855138 

1.969578315 8.215320573 
1.667806209 8.563458803 

2.106392669 7.229086189 
1.69547503 7.155302371 

3.830516993 0.8750816795 
3.744551428 1.412477231 

7.607905575 6.552726603 
6.998994875 6.977120129 

6.233929695 6.566535685 
6.706999939 6.572164516 

3.785075721 3.016611308 
4.060808261 3.033630985 

0.4329664692 8.210542692 
1.297037303 7.808555106 

1.494380004 8.154641212 
1.297037303 7.808555106 

1.969578315 8.215320573 
1.657659374 7.927282465 

3.123535448 3.328154777 
2.59879718 2.730753307 

2.413089777 2.400268883 
2.84107097 2.453991306 

2.132908192 7.748518066 
1.852598745 7.688459451 

1.657659374 7.927282465 
1.852598745 7.688459451 

2.106392669 7.229086189 
1.558506229 6.74691901 

3.830516993 0.8750816795 
3.782580203 1.839163614 

6.499191578 5.243753692 
6.655473097 5.656147891 

0.4329664692 8.210542692 
0.6796130421 7.607347398 

4.397865587 2.676093332 
4.906588854 2.515936652 

2.023340259 8.440145349 
1.870152055 8.82839002 

2.212790005 6.371137975 
2.061404977 6.740829727 

6.031784622 7.10661487 
5.873662852 6.802597809 

7.607905575 6.552726603 
6.963355427 6.295964796 

6.602073992 6.265737901 
6.963355427 6.295964796 

3.282484904 2.202233802 
3.09420389 2.286902889 

3.782580203 1.839163614 
3.579227392 1.732993246 

2.746470523 8.873371097 
2.588382749 8.561563422 

4.20291364 4.161756648 
4.037058082 3.810227455 

4.757511767 6.78820766 
4.675539617 6.460304723 

2.588382749 8.561563422 
2.023340259 8.440145349 

7.235998336 7.306874806 
6.805008657 7.408564739 

2.933864659 7.133689385 
2.496941017 7.182855138 

1.405545193 9.229895654 
1.24199086 8.759424013 

5.401855733 6.063094574 
5.866417307 6.083307434 

3.76084949 7.554975094 
3.415405027 7.392365653 

4.471534652 4.504793822 
4.340947333 4.341108605 

4.20291364 4.161756648 
4.340947333 4.341108605 

2.59879718 2.730753307 
2.84107097 2.453991306 

2.393614419 7.687010749 
2.590185254 7.569655102 

6.931783551 5.953747675 
7.301388649 6.142156088 

1.69547503 7.155302371 
1.558506229 6.74691901 

5.190588692 7.309498762 
4.80489149 7.490395223 

6.031784622 7.10661487 
5.767112198 7.407008574 

2.939388903 1.755640686 
2.313729034 1.439991056 

3.123535448 3.328154777 
3.155937292 2.713821483 

1.845570608 2.80664178 
2.445778645 3.234021026 

2.497765393 1.895305826 
2.697849777 2.152250963 

3.925856986 6.853332003 
4.364134948 6.636212677 

4.675539617 6.460304723 
4.364134948 6.636212677 

1.667806209 8.563458803 
1.525459284 8.94414053 

2.807730508 8.240534443 
2.961073383 7.72950972 

6.931783551 5.953747675 
6.963355427 6.295964796 

6.499191578 5.243753692 
6.274035454 4.815155319 

2.697849777 2.152250963 
2.155343618 2.355659776 

2.155343618 2.355659776 
2.413089777 2.400268883 

5.767112198 7.407008574 
5.752077817 7.080728227 

0.6796130421 7.607347398 
1.011854012 7.711508239 

1.297037303 7.808555106 
1.011854012 7.711508239 

6.805008657 7.408564739 
6.998994875 6.977120129 

2.201314055 9.186173952 
1.870152055 8.82839002 

4.264824058 2.316836755 
4.556937452 2.382668576 

1.667806209 8.563458803 
1.870152055 8.82839002 

1.69547503 7.155302371 
1.142247821 6.942565095 

2.106392669 7.229086189 
2.146693198 7.436865207 

1.688767158 1.880621625 
2.155343618 2.355659776 

7.607905575 6.552726603 
7.235998336 7.306874806 

6.538806581 6.869265838 
7.191099173 6.645662787 

1.142247821 6.942565095 
0.7713166787 7.224032393 

6.805008657 7.408564739 
6.895312186 7.76620307 

2.496941017 7.182855138 
2.146693198 7.436865207 

5.102386841 6.622009935 
5.177259452 6.266880406 

5.401855733 6.063094574 
5.177259452 6.266880406 

5.568258309 7.702807329 
5.741437165 7.776140426 

6.063181222 7.83787359 
5.741437165 7.776140426 

7.191099173 6.645662787 
6.998994875 6.977120129 

3.123535448 3.328154777 
2.98097856 3.434425863 

2.588382749 8.561563422 
2.807730508 8.240534443 

1.657659374 7.927282465 
1.115604262 8.041067859 

1.852598745 7.688459451 
1.89985336 7.483559769 

2.146693198 7.436865207 
1.89985336 7.483559769 

2.961073383 7.72950972 
3.415405027 7.392365653 

3.589992896 2.12224033 
3.782580203 1.839163614 

2.627332216 3.662336797 
2.445778645 3.234021026 

1.688767158 1.880621625 
2.117194429 2.096815593 

2.413089777 2.400268883 
2.117194429 2.096815593 

6.655473097 5.656147891 
6.931783551 5.953747675 

4.060808261 3.033630985 
4.345471724 3.067662982 

2.201314055 9.186173952 
2.616726247 9.451448594 

3.219364883 1.932783149 
3.387216174 1.806420197 

3.715601547 8.493444675 
3.106320729 8.360639085 

2.807730508 8.240534443 
3.106320729 8.360639085 

5.767112198 7.407008574 
6.063181222 7.83787359 

3.097366341 6.200189981 
2.734012735 6.299103672 

1.24199086 8.759424013 
1.525459284 8.94414053 

1.494380004 8.154641212 
1.640944688 8.338836337 

4.675539617 6.460304723 
5.177259452 6.266880406 

3.199138099 0.8716075922 
3.45099202 1.003908706 

4.397865587 2.676093332 
4.556937452 2.382668576 

2.020241462 7.987786887 
2.351405409 8.35776657 

2.588382749 8.561563422 
2.351405409 8.35776657 

4.820404035 1.832992202 
4.16566924 1.983646129 

3.589992896 2.12224033 
4.16566924 1.983646129 

3.205724981 8.822023887 
3.106320729 8.360639085 

6.324383173 8.013155279 
6.198482651 7.353869314 

6.031784622 7.10661487 
6.198482651 7.353869314 

6.706999939 6.572164516 
6.923259323 6.608256294 

3.199138099 0.8716075922 
3.263610429 0.3579638988 

2.445778645 3.234021026 
2.371033349 3.411615701 

7.191099173 6.645662787 
6.923259323 6.608256294 

4.906588854 2.515936652 
4.713276255 2.473838011 

4.556937452 2.382668576 
4.713276255 2.473838011 

5.595919649 6.462925584 
5.766095354 6.490419675 

0.7713166787 7.224032393 
1.099591056 7.418396538 

2.939388903 1.755640686 
2.783218005 1.495948156 

1.142247821 6.942565095 
1.188112112 6.268899984 

5.018171294 8.060599377 
4.406508037 7.648658221 

2.106392669 7.229086189 
2.02556782 7.037231063 

1.011854012 7.711508239 
1.115604262 8.041067859 

3.106320729 8.360639085 
3.068948399 8.056790756 

4.271662852 5.954491525 
4.174657217 6.320599623 

3.925856986 6.853332003 
4.174657217 6.320599623 

3.782580203 1.839163614 
3.90769051 1.555585403 

3.744551428 1.412477231 
3.90769051 1.555585403 

2.413089777 2.400268883 
2.59879718 2.730753307 

1.69547503 7.155302371 
1.89985336 7.483559769 

0.4329664692 8.210542692 
0.7140531681 8.366470508 

5.620789588 5.515243868 
5.353090591 5.662241329 

3.589992896 2.12224033 
3.586546265 2.271520868 

7.3648363 5.531918699 
6.956129455 5.641329106 

3.770965156 2.574149536 
3.785075721 3.016611308 

1.870152055 8.82839002 
1.612526197 9.059536284 

1.405545193 9.229895654 
1.612526197 9.059536284 

3.340955433 3.857364156 
3.534534911 3.289465484 

2.590185254 7.569655102 
2.146693198 7.436865207 

6.923259323 6.608256294 
6.538806581 6.869265838 

5.866417307 6.083307434 
6.176061441 5.942759466 

3.199138099 0.8716075922 
3.101111164 1.278390366 

3.579227392 1.732993246 
3.101111164 1.278390366 

1.640944688 8.338836337 
1.667806209 8.563458803 

6.216298 5.703995228 
6.150392954 5.348252962 

0.4352754065 6.737918659 
0.9942909853 6.75342948 

1.142247821 6.942565095 
0.9942909853 6.75342948 

5.190588692 7.309498762 
5.752077817 7.080728227 

4.757511767 6.78820766 
4.90673386 6.902885483 

3.205724981 8.822023887 
3.229204417 8.563015768 

6.963355427 6.295964796 
6.706999939 6.572164516 

1.832907185 1.291716939 
1.921530427 1.534004237 

2.313729034 1.439991056 
2.382539036 1.646489416 

2.497765393 1.895305826 
2.382539036 1.646489416 

2.155343618 2.355659776 
2.117194429 2.096815593 

1.426586066 2.27264644 
1.658225613 2.296248833 

6.031784622 7.10661487 
6.307652792 6.854867769 

5.873662852 6.802597809 
6.307652792 6.854867769 

2.590185254 7.569655102 
2.34235021 7.342570369 

2.201314055 9.186173952 
2.115772095 8.786005283 

2.023340259 8.440145349 
2.115772095 8.786005283 

6.998994875 6.977120129 
6.816064441 6.814333945 

6.538806581 6.869265838 
6.816064441 6.814333945 

2.393614419 7.687010749 
2.409955864 8.077867183 

2.351405409 8.35776657 
2.409955864 8.077867183 

7.227959783 7.727938663 
6.895312186 7.76620307 

3.830516993 0.8750816795 
3.587878489 0.7646658188 

4.755552462 5.605758465 
4.945866106 5.777610173 

2.934561802 2.06371949 
3.09420389 2.286902889 

3.770965156 2.574149536 
3.393234766 2.494086656 

3.09420389 2.286902889 
3.393234766 2.494086656 

2.146693198 7.436865207 
2.34235021 7.342570369 

2.029299842 0.775706539 
2.253585436 0.6798068784 

2.369340947 0.8302584852 
2.253585436 0.6798068784 

6.963355427 6.295964796 
7.168420839 6.250905623 

7.301388649 6.142156088 
7.168420839 6.250905623 

4.406508037 7.648658221 
4.266882501 7.227203004 

4.266882501 7.227203004 
4.652930994 7.283051774 

4.80489149 7.490395223 
4.652930994 7.283051774 

1.870152055 8.82839002 
2.115772095 8.786005283 

6.324383173 8.013155279 
5.602705804 7.95479603 

7.049707398 5.174569509 
7.092449534 5.405981741 

2.961073383 7.72950972 
2.590185254 7.569655102 

5.602705804 7.95479603 
5.568258309 7.702807329 

1.115604262 8.041067859 
1.297037303 7.808555106 

0.4329664692 8.210542692 
0.6543995663 7.994683256 

1.845570608 2.80664178 
2.000787 2.547841263 

2.155343618 2.355659776 
2.000787 2.547841263 

2.961073383 7.72950972 
2.409955864 8.077867183 

4.471612304 1.279671966 
3.90769051 1.555585403 

2.961073383 7.72950972 
2.665367688 7.959000451 

5.653308041 4.935542566 
5.50568628 4.771235692 

5.153835602 4.844730095 
5.50568628 4.771235692 

5.752077817 7.080728227 
5.562899907 7.00035297 

5.873662852 6.802597809 
5.562899907 7.00035297 

3.106320729 8.360639085 
3.229204417 8.563015768 

6.013622626 6.53954142 
6.01945515 6.339752017 

5.866417307 6.083307434 
6.01945515 6.339752017 

4.576012268 1.803852813 
4.16566924 1.983646129 

4.037058082 3.810227455 
3.749511419 3.901936801 

2.588382749 8.561563422 
2.578868461 8.916507723 

3.263610429 0.3579638988 
3.351522692 0.6948658082 

3.45099202 1.003908706 
3.351522692 0.6948658082 

3.785075721 3.016611308 
3.746217795 3.265574528 

2.627332216 3.662336797 
2.371033349 3.411615701 

2.59879718 2.730753307 
2.67026605 3.22389034 

2.117194429 2.096815593 
2.697849777 2.152250963 

4.271662852 5.954491525 
4.735785937 6.301016956 

5.102386841 6.622009935 
4.735785937 6.301016956 

1.852449126 6.319376642 
1.558506229 6.74691901 

1.852449126 6.319376642 
1.927415431 6.162832527 

6.198482651 7.353869314 
5.767112198 7.407008574 

2.132908192 7.748518066 
2.252535483 7.497038643 

2.496941017 7.182855138 
2.252535483 7.497038643 

3.229204417 8.563015768 
3.349495777 8.412316705 

2.697849777 2.152250963 
2.480845226 2.172885191 

2.117194429 2.096815593 
1.808308079 2.170124813 

3.770965156 2.574149536 
3.613759865 2.51701374 

3.586546265 2.271520868 
3.613759865 2.51701374 

2.146693198 7.436865207 
2.252535483 7.497038643 

2.834965578 6.647440521 
3.122280903 6.427771478 

4.906588854 2.515936652 
5.030377167 2.153353472 

6.923259323 6.608256294 
7.271957747 6.578654561 

7.607905575 6.552726603 
7.271957747 6.578654561 

6.198482651 7.353869314 
6.549498144 7.432079663 

6.805008657 7.408564739 
6.549498144 7.432079663 

1.657659374 7.927282465 
1.434061338 7.965989497 

6.216298 5.703995228 
5.849402132 5.617966161 

7.528243892 6.869044286 
7.383358079 6.66710844 

7.191099173 6.645662787 
7.383358079 6.66710844 

4.471612304 1.279671966 
4.133731274 1.460635718 

3.782580203 1.839163614 
4.133731274 1.460635718 

6.01945515 6.339752017 
6.176061441 5.942759466 

1.434061338 7.965989497 
1.494380004 8.154641212 

1.558506229 6.74691901 
1.664854232 6.413555735 

1.099591056 7.418396538 
0.4882488567 7.498447527 

2.514385872 5.969179569 
2.690480748 6.126959409 

2.734012735 6.299103672 
2.690480748 6.126959409 

2.807730508 8.240534443 
2.351405409 8.35776657 

2.84107097 2.453991306 
2.888046366 2.264116486 

2.934561802 2.06371949 
2.888046366 2.264116486 

1.142247821 6.942565095 
1.339509373 7.325044326 

2.371033349 3.411615701 
2.180979824 3.358542345 

2.34235021 7.342570369 
2.252535483 7.497038643 

1.099591056 7.418396538 
1.297037303 7.808555106 

1.099591056 7.418396538 
1.110243187 7.150189037 

1.142247821 6.942565095 
1.110243187 7.150189037 

4.735785937 6.301016956 
4.675539617 6.460304723 

3.925856986 6.853332003 
3.860546582 7.200645656 

3.76084949 7.554975094 
3.860546582 7.200645656 

2.67026605 3.22389034 
2.445778645 3.234021026 

2.061404977 6.740829727 
1.96968944 6.898011834 

2.02556782 7.037231063 
1.96968944 6.898011834 

3.123535448 3.328154777 
3.271909915 3.581931499 

5.153835602 4.844730095 
4.917244895 4.934107527 

4.753517538 4.758921569 
4.917244895 4.934107527 

5.653308041 4.935542566 
5.910006907 4.873390082 

1.011854012 7.711508239 
1.099591056 7.418396538 

2.313729034 1.439991056 
2.052881226 1.350636701 

3.199138099 0.8716075922 
2.859680751 0.9113850581 

2.746470523 8.873371097 
2.578868461 8.916507723 

5.595919649 6.462925584 
5.653495572 6.737273964 

0.7140531681 8.366470508 
0.6543995663 7.994683256 

7.607905575 6.552726603 
7.586709292 6.208552965 

4.266882501 7.227203004 
3.925856986 6.853332003 

2.212790005 6.371137975 
1.927415431 6.162832527 

6.642231365 8.230978983 
6.811217085 7.961566607 

6.895312186 7.76620307 
6.811217085 7.961566607 

1.658225613 2.296248833 
1.619740757 2.425464649 

1.688767158 1.880621625 
1.808308079 2.170124813 

2.807730508 8.240534443 
3.068948399 8.056790756 

1.688767158 1.880621625 
1.834764222 1.738700255 

1.921530427 1.534004237 
1.834764222 1.738700255 

5.653495572 6.737273964 
5.873662852 6.802597809 

2.939388903 1.755640686 
2.934561802 2.06371949 

4.471612304 1.279671966 
4.531264893 1.598283038 

4.576012268 1.803852813 
4.531264893 1.598283038 

2.409955864 8.077867183 
2.665367688 7.959000451 

3.587878489 0.7646658188 
3.484464661 0.5549695152 

4.266882501 7.227203004 
4.530821644 6.971284349 

4.757511767 6.78820766 
4.530821644 6.971284349 

1.405545193 9.229895654 
1.734148748 9.28284594 

2.201314055 9.186173952 
1.734148748 9.28284594 

0.7713166787 7.224032393 
1.110243187 7.150189037 

3.613759865 2.51701374 
3.393234766 2.494086656 

3.219364883 1.932783149 
3.257161939 2.114701703 

3.282484904 2.202233802 
3.257161939 2.114701703 

1.426586066 2.27264644 
1.619740757 2.425464649 

1.969578315 8.215320573 
1.762907942 8.266935117 

1.640944688 8.338836337 
1.762907942 8.266935117 

2.859680751 0.9113850581 
2.747648839 0.7959059487 

2.589394502 0.4941541615 
2.747648839 0.7959059487 

3.09420389 2.286902889 
2.888046366 2.264116486 

4.397865587 2.676093332 
4.333823967 2.84413636 

2.961073383 7.72950972 
3.290142419 8.068245665 

3.715601547 8.493444675 
3.290142419 8.068245665 

1.808308079 2.170124813 
1.658225613 2.296248833 

3.351522692 0.6948658082 
3.484464661 0.5549695152 

2.496941017 7.182855138 
2.735690395 7.359096375 

4.345471724 3.067662982 
4.333823967 2.84413636 

2.933864659 7.133689385 
2.939365078 6.8094873 

2.834965578 6.647440521 
2.939365078 6.8094873 

2.117194429 2.096815593 
2.480845226 2.172885191 

3.155937292 2.713821483 
2.998281539 2.745093713 

2.899841662 2.913880643 
2.998281539 2.745093713 

2.393614419 7.687010749 
2.665367688 7.959000451 

2.665367688 7.959000451 
2.807730508 8.240534443 

5.568258309 7.702807329 
5.247357042 7.75758296 

1.657659374 7.927282465 
2.020241462 7.987786887 

0.7713166787 7.224032393 
0.9942909853 6.75342948 

0.4882488567 7.498447527 
0.6594800006 7.336285902 

0.7713166787 7.224032393 
0.6594800006 7.336285902 

4.529679732 3.32174031 
4.495895503 3.133237536 

4.345471724 3.067662982 
4.495895503 3.133237536 

4.945866106 5.777610173 
5.076817295 5.939864833 

2.616726247 9.451448594 
2.67946573 9.124486973 

2.746470523 8.873371097 
2.67946573 9.124486973 

6.816064441 6.814333945 
6.706999939 6.572164516 

3.76084949 7.554975094 
4.127403946 7.588774917 

4.406508037 7.648658221 
4.127403946 7.588774917 

3.387216174 1.806420197 
3.428711037 1.667179523 

3.579227392 1.732993246 
3.428711037 1.667179523 

1.921530427 1.534004237 
2.052881226 1.350636701 

3.45099202 1.003908706 
3.587878489 0.7646658188 

6.150392954 5.348252962 
6.298386671 5.358510678 

6.499191578 5.243753692 
6.298386671 5.358510678 

0.7963141556 8.772488834 
0.6205613459 8.612303873 

2.939388903 1.755640686 
3.031354737 1.535179707 

5.767112198 7.407008574 
5.42399603 7.698208074 

5.018171294 8.060599377 
5.42399603 7.698208074 

7.168420839 6.250905623 
7.271957747 6.578654561 

2.212790005 6.371137975 
2.244253452 6.120899239 

6.931783551 5.953747675 
6.956129455 5.641329106 

2.132908192 7.748518066 
2.065507371 7.616937643 

1.89985336 7.483559769 
2.065507371 7.616937643 

1.339509373 7.325044326 
0.8957743418 6.985918784 

6.931783551 5.953747675 
7.130488044 5.841578491 

3.715601547 8.493444675 
3.566629222 8.380979427 

3.349495777 8.412316705 
3.566629222 8.380979427 

2.393614419 7.687010749 
2.252535483 7.497038643 

3.830516993 0.8750816795 
4.087854251 0.6642586008 

5.849402132 5.617966161 
6.150392954 5.348252962 

1.494380004 8.154641212 
1.52993889 8.416231573 

1.667806209 8.563458803 
1.52993889 8.416231573 

2.807730508 8.240534443 
2.841997879 8.493257587 

5.190588692 7.309498762 
5.247357042 7.75758296 

4.32709266 0.9329910915 
4.108756802 0.9322129978 

2.841997879 8.493257587 
2.588382749 8.561563422 

6.706999939 6.572164516 
6.638800429 6.666477833 

6.538806581 6.869265838 
6.638800429 6.666477833 

5.353090591 5.662241329 
5.076817295 5.939864833 

2.697849777 2.152250963 
2.934561802 2.06371949 

0.6543995663 7.994683256 
0.6796130421 7.607347398 

6.642231365 8.230978983 
6.942775081 7.916470289 

7.227959783 7.727938663 
6.942775081 7.916470289 

6.942775081 7.916470289 
6.811217085 7.961566607 

5.766095354 6.490419675 
5.912208881 6.525040306 

6.013622626 6.53954142 
5.912208881 6.525040306 

0.6543995663 7.994683256 
0.8523035236 7.882357099 

1.011854012 7.711508239 
0.8523035236 7.882357099 

0.8957743418 6.985918784 
1.142247821 6.942565095 

4.531264893 1.598283038 
4.315863785 1.565994696 

4.133731274 1.460635718 
4.315863785 1.565994696 

4.16566924 1.983646129 
4.004599566 2.040480478 

1.531490588 2.6522632 
1.554197722 2.490375411 

1.619740757 2.425464649 
1.554197722 2.490375411 

3.340955433 3.857364156 
3.199561699 3.636200882 

2.98097856 3.434425863 
3.199561699 3.636200882 

2.697849777 2.152250963 
2.888046366 2.264116486 

5.177259452 6.266880406 
4.951848796 6.315310513 

4.735785937 6.301016956 
4.951848796 6.315310513 

4.755552462 5.605758465 
5.145423654 5.515204041 

5.353090591 5.662241329 
5.145423654 5.515204041 

1.664854232 6.413555735 
1.852449126 6.319376642 

3.031354737 1.535179707 
2.783218005 1.495948156 

2.933864659 7.133689385 
2.735690395 7.359096375 

2.834965578 6.647440521 
2.754406927 6.469740088 

2.734012735 6.299103672 
2.754406927 6.469740088 

4.266882501 7.227203004 
3.860546582 7.200645656 

1.188112112 6.268899984 
1.103305566 6.574781513 

0.9942909853 6.75342948 
1.103305566 6.574781513 

1.558506229 6.74691901 
1.142247821 6.942565095 

3.101111164 1.278390366 
3.010304855 1.357368552 

3.031354737 1.535179707 
3.010304855 1.357368552 

1.188112112 6.268899984 
1.350009077 6.528112387 

1.558506229 6.74691901 
1.350009077 6.528112387 

0.4882488567 7.498447527 
0.5642367011 7.590322854 

0.6796130421 7.607347398 
0.5642367011 7.590322854 

5.145423654 5.515204041 
4.945866106 5.777610173 

6.176061441 5.942759466 
6.345694964 6.14328029 

6.602073992 6.265737901 
6.345694964 6.14328029 

7.383358079 6.66710844 
7.271957747 6.578654561 

4.529679732 3.32174031 
4.746822965 2.914812947 

4.906588854 2.515936652 
4.746822965 2.914812947 

4.675539617 6.460304723 
4.951848796 6.315310513 

4.675539617 6.460304723 
4.448200962 6.201982424 

4.271662852 5.954491525 
4.448200962 6.201982424 

2.212790005 6.371137975 
2.734012735 6.299103672 

6.274035454 4.815155319 
6.042880925 4.858185971 

5.910006907 4.873390082 
6.042880925 4.858185971 

3.199138099 0.8716075922 
3.351522692 0.6948658082 

1.832907185 1.291716939 
1.926961252 1.043412105 

2.029299842 0.775706539 
1.926961252 1.043412105 

6.816064441 6.814333945 
6.638800429 6.666477833 

0.4329664692 8.210542692 
0.7521561015 8.129676415 

1.115604262 8.041067859 
0.7521561015 8.129676415 

2.59879718 2.730753307 
2.998281539 2.745093713 

5.562899907 7.00035297 
5.641509581 6.885491146 

5.653495572 6.737273964 
5.641509581 6.885491146 

4.576012268 1.803852813 
4.707686927 1.838950068 

4.820404035 1.832992202 
4.707686927 1.838950068 

1.405545193 9.229895654 
1.402013062 9.082194815 

1.525459284 8.94414053 
1.402013062 9.082194815 

4.90673386 6.902885483 
4.994735102 7.157230708 

5.190588692 7.309498762 
4.994735102 7.157230708 

2.578868461 8.916507723 
2.67946573 9.124486973 

4.917244895 4.934107527 
4.848654754 5.184608797 

7.049707398 5.174569509 
6.863054762 5.41825054 

6.655473097 5.656147891 
6.863054762 5.41825054 

4.848654754 5.184608797 
4.753599072 5.340325383 

1.24199086 8.759424013 
1.52993889 8.416231573 

6.956129455 5.641329106 
6.863054762 5.41825054 

4.108756802 0.9322129978 
4.101695771 0.8292629711 

2.480845226 2.172885191 
2.497765393 1.895305826 

2.783218005 1.495948156 
2.603022387 1.616069804 

2.382539036 1.646489416 
2.603022387 1.616069804 

3.76084949 7.554975094 
3.290142419 8.068245665 

3.76084949 7.554975094 
3.74033445 7.999379887 

3.282484904 2.202233802 
3.109882442 2.073937128 

2.934561802 2.06371949 
3.109882442 2.073937128 

3.109882442 2.073937128 
3.219364883 1.932783149 

5.018171294 8.060599377 
4.95622373 7.681004964 

4.80489149 7.490395223 
4.95622373 7.681004964 

4.652930994 7.283051774 
4.530821644 6.971284349 

2.497765393 1.895305826 
2.603022387 1.616069804 

3.534534911 3.289465484 
3.632992982 3.266651054 

3.746217795 3.265574528 
3.632992982 3.266651054 

3.589992896 2.12224033 
3.257161939 2.114701703 

1.626879479 7.498043466 
1.89985336 7.483559769 

2.020241462 7.987786887 
2.225812534 8.078148108 

2.409955864 8.077867183 
2.225812534 8.078148108 

6.956129455 5.641329106 
7.130488044 5.841578491 

3.308408586 7.063503986 
3.117831648 7.088125595 

2.933864659 7.133689385 
3.117831648 7.088125595 

1.852598745 7.688459451 
2.065507371 7.616937643 

3.097366341 6.200189981 
2.690480748 6.126959409 

5.030377167 2.153353472 
4.92572177 2.000061307 

4.820404035 1.832992202 
4.92572177 2.000061307 

4.735785937 6.301016956 
4.448200962 6.201982424 

1.69547503 7.155302371 
1.96968944 6.898011834 

2.201314055 9.186173952 
2.373449992 8.900299864 

2.588382749 8.561563422 
2.373449992 8.900299864 

1.69547503 7.155302371 
1.714394895 7.334085953 

1.626879479 7.498043466 
1.714394895 7.334085953 

4.133731274 1.460635718 
4.32709266 0.9329910915 

7.235998336 7.306874806 
7.151382873 7.093008879 

6.998994875 6.977120129 
7.151382873 7.093008879 

3.106320729 8.360639085 
2.841997879 8.493257587 

2.841997879 8.493257587 
2.997151902 8.638364161 

5.102386841 6.622009935 
4.951848796 6.315310513 

1.339509373 7.325044326 
1.714394895 7.334085953 

2.627332216 3.662336797 
2.675396549 3.422888653 

2.67026605 3.22389034 
2.675396549 3.422888653 

6.863054762 5.41825054 
7.092449534 5.405981741 

4.713276255 2.473838011 
4.563493273 2.594623429 

4.397865587 2.676093332 
4.563493273 2.594623429 

3.109882442 2.073937128 
3.257161939 2.114701703 

4.753599072 5.340325383 
4.841553949 5.42366298 

4.755552462 5.605758465 
4.841553949 5.42366298 

4.32709266 0.9329910915 
4.101695771 0.8292629711 

1.494380004 8.154641212 
1.762907942 8.266935117 

3.589992896 2.12224033 
3.451672118 2.054583755 

3.219364883 1.932783149 
3.451672118 2.054583755 

6.324383173 8.013155279 
6.14576827 7.966191565 

6.063181222 7.83787359 
6.14576827 7.966191565 

2.020241462 7.987786887 
1.852598745 7.688459451 

6.233929695 6.566535685 
6.264657839 6.741721867 

6.307652792 6.854867769 
6.264657839 6.741721867 

3.09420389 2.286902889 
3.109882442 2.073937128 

3.068948399 8.056790756 
3.290142419 8.068245665 

3.205724981 8.822023887 
3.072817818 8.710128434 

2.997151902 8.638364161 
3.072817818 8.710128434 

5.42399603 7.698208074 
5.568258309 7.702807329 

2.59879718 2.730753307 
2.740956449 2.870056537 

2.899841662 2.913880643 
2.740956449 2.870056537 

7.528243892 6.869044286 
7.623716215 6.726909798 

7.607905575 6.552726603 
7.623716215 6.726909798 

3.155937292 2.713821483 
3.393234766 2.494086656 

3.155937292 2.713821483 
3.09232026 2.509732044 

3.09420389 2.286902889 
3.09232026 2.509732044 

2.589394502 0.4941541615 
2.391479032 0.6877293298 

2.253585436 0.6798068784 
2.391479032 0.6877293298 

1.67140122 5.987326608 
1.718359617 6.174189097 

1.664854232 6.413555735 
1.718359617 6.174189097 

3.122280903 6.427771478 
3.091694069 6.314704006 

3.097366341 6.200189981 
3.091694069 6.314704006 

3.09232026 2.509732044 
2.84107097 2.453991306 

5.018171294 8.060599377 
5.147438991 7.888534121 

5.247357042 7.75758296 
5.147438991 7.888534121 

2.369340947 0.8302584852 
2.470539335 0.6958921285 

2.616726247 9.451448594 
2.567636671 9.153520633 

2.578868461 8.916507723 
2.567636671 9.153520633 

3.45099202 1.003908706 
3.254927433 1.132489432 

3.101111164 1.278390366 
3.254927433 1.132489432 

2.180979824 3.358542345 
2.096307532 3.494666359 

2.998281539 2.745093713 
3.09232026 2.509732044 

4.133731274 1.460635718 
4.028895038 1.494895943 

3.90769051 1.555585403 
4.028895038 1.494895943 

1.426586066 2.27264644 
1.554197722 2.490375411 

1.426586066 2.27264644 
1.593143114 2.059430794 

1.688767158 1.880621625 
1.593143114 2.059430794 

0.7521561015 8.129676415 
0.6543995663 7.994683256 

7.301388649 6.142156088 
7.398071648 6.194171972 

4.264824058 2.316836755 
4.397865587 2.676093332 

4.16566924 1.983646129 
4.273513024 2.131714249 

2.589394502 0.4941541615 
2.508328227 0.5815368319 

2.470539335 0.6958921285 
2.508328227 0.5815368319 

1.339509373 7.325044326 
1.220637738 7.413141985 

1.099591056 7.418396538 
1.220637738 7.413141985 

5.102386841 6.622009935 
4.90673386 6.902885483 

5.102386841 6.622009935 
5.359465529 6.648840654 

5.595919649 6.462925584 
5.359465529 6.648840654 

1.494380004 8.154641212 
1.421692783 8.701901435 

1.405545193 9.229895654 
1.421692783 8.701901435 

3.484464661 0.5549695152 
3.383849244 0.479054671 

4.530821644 6.971284349 
4.364134948 6.636212677 

0.8957743418 6.985918784 
0.7713166787 7.224032393 

2.735690395 7.359096375 
2.741515833 7.525887366 

2.590185254 7.569655102 
2.741515833 7.525887366 

7.168420839 6.250905623 
7.398071648 6.194171972 

2.351405409 8.35776657 
2.190433504 8.371135705 

2.023340259 8.440145349 
2.190433504 8.371135705 

6.942775081 7.916470289 
6.895312186 7.76620307 

0.4352754065 6.737918659 
0.7273879068 6.619593637 

0.7521561015 8.129676415 
0.7140531681 8.366470508 

0.7140531681 8.366470508 
0.6999730332 8.498739607 

6.216298 5.703995228 
6.655473097 5.656147891 

7.235998336 7.306874806 
7.198301497 7.495471689 

7.227959783 7.727938663 
7.198301497 7.495471689 

4.266882501 7.227203004 
4.127403946 7.588774917 

1.24199086 8.759424013 
1.421692783 8.701901435 

3.340955433 3.857364156 
3.567960194 3.861477467 

3.749511419 3.901936801 
3.567960194 3.861477467 

5.767112198 7.407008574 
5.747988829 7.604251272 

5.741437165 7.776140426 
5.747988829 7.604251272 

1.115604262 8.041067859 
0.8523035236 7.882357099 

1.24199086 8.759424013 
1.0573463 8.686500786 

0.7963141556 8.772488834 
1.0573463 8.686500786 

2.132908192 7.748518066 
2.225812534 8.078148108 

4.266882501 7.227203004 
4.020376181 7.416622723 

3.76084949 7.554975094 
4.020376181 7.416622723 

2.497765393 1.895305826 
2.615902421 1.697896136 

2.783218005 1.495948156 
2.615902421 1.697896136 

2.132908192 7.748518066 
2.270989803 7.74325097 

2.393614419 7.687010749 
2.270989803 7.74325097 

3.199138099 0.8716075922 
3.254927433 1.132489432 

6.324383173 8.013155279 
6.471171377 8.162616734 

6.642231365 8.230978983 
6.471171377 8.162616734 

2.665367688 7.959000451 
2.339987595 7.899817148 

2.020241462 7.987786887 
2.339987595 7.899817148 

6.274035454 4.815155319 
6.196928681 5.070889592 

6.150392954 5.348252962 
6.196928681 5.070889592 

2.961073383 7.72950972 
3.023982491 7.905641186 

3.068948399 8.056790756 
3.023982491 7.905641186 

2.339987595 7.899817148 
2.270989803 7.74325097 

6.602073992 6.265737901 
6.615730787 6.455865755 

6.706999939 6.572164516 
6.615730787 6.455865755 

4.127403946 7.588774917 
4.020376181 7.416622723 

6.615730787 6.455865755 
6.638800429 6.666477833 

6.216298 5.703995228 
6.030605048 5.900917288 

5.866417307 6.083307434 
6.030605048 5.900917288 

2.339987595 7.899817148 
2.393614419 7.687010749 

1.188112112 6.268899984 
1.046775188 6.379721181 

0.8534672612 6.456422818 
1.046775188 6.379721181 

2.413089777 2.400268883 
2.425523114 2.282242948 

2.480845226 2.172885191 
2.425523114 2.282242948 

5.359465529 6.648840654 
5.653495572 6.737273964 

2.223642321 5.875119063 
2.439565431 5.899740296 

2.514385872 5.969179569 
2.439565431 5.899740296 

2.741515833 7.525887366 
2.961073383 7.72950972 

2.665367688 7.959000451 
3.023982491 7.905641186 

4.174657217 6.320599623 
4.448200962 6.201982424 

6.816064441 6.814333945 
6.865738551 6.701660617 

6.923259323 6.608256294 
6.865738551 6.701660617 

4.174657217 6.320599623 
4.248519382 6.47851842 

4.364134948 6.636212677 
4.248519382 6.47851842 

5.752077817 7.080728227 
5.641509581 6.885491146 

5.873662852 6.802597809 
5.641509581 6.885491146 

7.398071648 6.194171972 
7.471747972 6.222283702 

7.092449534 5.405981741 
7.3648363 5.531918699 

2.59879718 2.730753307 
2.491819953 2.969100267 

2.445778645 3.234021026 
2.491819953 2.969100267 

3.351522692 0.6948658082 
3.587878489 0.7646658188 

4.841553949 5.42366298 
5.145423654 5.515204041 

5.018171294 8.060599377 
5.12093191 7.696372504 

5.190588692 7.309498762 
5.12093191 7.696372504 

4.264824058 2.316836755 
4.282645927 2.209559254 

4.273513024 2.131714249 
4.282645927 2.209559254 

2.34235021 7.342570369 
2.106392669 7.229086189 

5.401855733 6.063094574 
5.233252352 5.991242085 

5.076817295 5.939864833 
5.233252352 5.991242085 

7.092449534 5.405981741 
7.036057509 5.517481134 

6.956129455 5.641329106 
7.036057509 5.517481134 

2.740956449 2.870056537 
2.491819953 2.969100267 

4.060808261 3.033630985 
4.199302265 2.929170672 

4.333823967 2.84413636 
4.199302265 2.929170672 

6.538806581 6.869265838 
6.264657839 6.741721867 

7.271957747 6.578654561 
7.191099173 6.645662787 

6.01945515 6.339752017 
5.898648569 6.402658304 

5.766095354 6.490419675 
5.898648569 6.402658304 

6.176061441 5.942759466 
6.030605048 5.900917288 

1.67140122 5.987326608 
1.799014963 6.07412337 

1.927415431 6.162832527 
1.799014963 6.07412337 

2.339987595 7.899817148 
2.409955864 8.077867183 

1.297037303 7.808555106 
1.357698331 7.903100812 

1.434061338 7.965989497 
1.357698331 7.903100812 

4.755552462 5.605758465 
4.271662852 5.954491525 

4.32709266 0.9329910915 
4.403981055 1.091131006 

4.471612304 1.279671966 
4.403981055 1.091131006 

4.755552462 5.605758465 
4.946858512 5.225752667 

5.153835602 4.844730095 
4.946858512 5.225752667 

5.912208881 6.525040306 
5.898648569 6.402658304 

1.808308079 2.170124813 
1.593143114 2.059430794 

0.4352754065 6.737918659 
0.6763244954 6.859846516 

0.8957743418 6.985918784 
0.6763244954 6.859846516 

6.963355427 6.295964796 
6.615730787 6.455865755 

0.6205613459 8.612303873 
0.6597285469 8.554414411 

0.6999730332 8.498739607 
0.6597285469 8.554414411 

1.626879479 7.498043466 
1.339509373 7.325044326 

1.734148748 9.28284594 
1.683365076 9.159705079 

1.612526197 9.059536284 
1.683365076 9.159705079 

3.74033445 7.999379887 
3.566629222 8.380979427 

1.626879479 7.498043466 
1.743562415 7.580036738 

1.852598745 7.688459451 
1.743562415 7.580036738 

2.002940809 3.432195422 
1.955090219 3.434195292 

1.843121827 3.408107715 
1.955090219 3.434195292 

1.350009077 6.528112387 
1.103305566 6.574781513 

1.52993889 8.416231573 
1.640944688 8.338836337 

2.223642321 5.875119063 
2.258198394 5.993520569 

2.244253452 6.120899239 
2.258198394 5.993520569 

4.841553949 5.42366298 
4.946858512 5.225752667 

3.263610429 0.3579638988 
3.32295618 0.4145569567 

3.383849244 0.479054671 
3.32295618 0.4145569567 

1.832907185 1.291716939 
1.939769088 1.317814224 

2.052881226 1.350636701 
1.939769088 1.317814224 

2.190433504 8.371135705 
2.225812534 8.078148108 

4.004599566 2.040480478 
3.922089132 1.933594993 

3.782580203 1.839163614 
3.922089132 1.933594993 

2.023340259 8.440145349 
1.667806209 8.563458803 

1.115604262 8.041067859 
1.357698331 7.903100812 

2.212790005 6.371137975 
2.034311459 6.341130272 

1.852449126 6.319376642 
2.034311459 6.341130272 

1.921530427 1.534004237 
1.939769088 1.317814224 

5.752077817 7.080728227 
5.866833343 7.091040582 

6.031784622 7.10661487 
5.866833343 7.091040582 

1.426586066 2.27264644 
1.626132247 2.205934548 

1.808308079 2.170124813 
1.626132247 2.205934548 

4.087854251 0.6642586008 
4.094775011 0.746760786 

4.101695771 0.8292629711 
4.094775011 0.746760786 

3.340955433 3.857364156 
3.310003451 3.726693538 

3.271909915 3.581931499 
3.310003451 3.726693538 

5.602705804 7.95479603 
5.356282518 8.08225717 

0.8534672612 6.456422818 
0.7912627891 6.537689607 

0.7273879068 6.619593637 
0.7912627891 6.537689607 

2.939388903 1.755640686 
2.615902421 1.697896136 

7.130488044 5.841578491 
7.23727155 5.714412835 

2.096307532 3.494666359 
2.04962417 3.46343089 

2.002940809 3.432195422 
2.04962417 3.46343089 

2.627332216 3.662336797 
2.808450651 3.552225479 

2.98097856 3.434425863 
2.808450651 3.552225479 

5.356282518 8.08225717 
5.192194782 8.073277603 

5.018171294 8.060599377 
5.192194782 8.073277603 

5.177259452 6.266880406 
5.233252352 5.991242085 

3.351522692 0.6948658082 
3.383849244 0.479054671 

6.538806581 6.869265838 
6.377677132 6.692154516 

6.233929695 6.566535685 
6.377677132 6.692154516 

3.393234766 2.494086656 
3.319933967 2.35463202 

3.282484904 2.202233802 
3.319933967 2.35463202 

3.205724981 8.822023887 
2.880979867 8.692228036 

2.588382749 8.561563422 
2.880979867 8.692228036 

3.744551428 1.412477231 
3.663186004 1.575400563 

3.579227392 1.732993246 
3.663186004 1.575400563 

5.192194782 8.073277603 
5.147438991 7.888534121 

2.065507371 7.616937643 
2.119563498 7.529005057 

2.146693198 7.436865207 
2.119563498 7.529005057 

1.531490588 2.6522632 
1.671072695 2.708744508 

1.845570608 2.80664178 
1.671072695 2.708744508 

2.783218005 1.495948156 
2.89860077 1.419551886 

3.010304855 1.357368552 
2.89860077 1.419551886 

6.538806581 6.869265838 
6.424660209 6.860470438 

6.307652792 6.854867769 
6.424660209 6.860470438 

3.770965156 2.574149536 
4.264824058 2.316836755 

3.770965156 2.574149536 
3.68632269 2.347745262 

3.589992896 2.12224033 
3.68632269 2.347745262 

2.369340947 0.8302584852 
2.391479032 0.6877293298 

3.271909915 3.581931499 
3.199561699 3.636200882 

1.843121827 3.408107715 
2.235357104 3.537869696 

2.627332216 3.662336797 
2.235357104 3.537869696 

6.176061441 5.942759466 
6.20575746 5.818050295 

6.216298 5.703995228 
6.20575746 5.818050295 

2.508328227 0.5815368319 
2.391479032 0.6877293298 

1.664854232 6.413555735 
1.350009077 6.528112387 

2.061404977 6.740829727 
1.808405857 6.742421564 

1.558506229 6.74691901 
1.808405857 6.742421564 

2.567636671 9.153520633 
2.67946573 9.124486973 

1.89985336 7.483559769 
1.714394895 7.334085953 

5.12093191 7.696372504 
4.95622373 7.681004964 

7.3648363 5.531918699 
7.302361304 5.62289134 

7.23727155 5.714412835 
7.302361304 5.62289134 

5.849402132 5.617966161 
6.030605048 5.900917288 

3.715601547 8.493444675 
3.728721855 8.245418245 

3.74033445 7.999379887 
3.728721855 8.245418245 

1.626132247 2.205934548 
1.658225613 2.296248833 

5.849402132 5.617966161 
5.73509586 5.566605015 

5.620789588 5.515243868 
5.73509586 5.566605015 

3.282484904 2.202233802 
3.451672118 2.054583755 

7.586709292 6.208552965 
7.529228632 6.215418333 

7.471747972 6.222283702 
7.529228632 6.215418333 

2.697849777 2.152250963 
2.764432559 2.312030646 

2.84107097 2.453991306 
2.764432559 2.312030646 

5.873662852 6.802597809 
5.729402458 6.641078072 

5.595919649 6.462925584 
5.729402458 6.641078072 

4.271662852 5.954491525 
4.836759292 6.008793049 

5.401855733 6.063094574 
4.836759292 6.008793049 

2.496941017 7.182855138 
2.419645614 7.262712754 

2.34235021 7.342570369 
2.419645614 7.262712754 

6.499191578 5.243753692 
7.049707398 5.174569509 

4.037058082 3.810227455 
4.529679732 3.32174031 

3.415405027 7.392365653 
3.361906807 7.227934819 

3.308408586 7.063503986 
3.361906807 7.227934819 

