1.431903451 8.176209187 
1.660217812 7.929024682 

3.195736021 0.8817918196 
2.926436046 1.761132786 

6.036721604 6.578388584 
6.263669297 6.551235823 

7.39603226 5.553441606 
7.594077636 6.554721948 

2.926436046 1.761132786 
3.567357175 1.732140775 

2.408151355 7.679960751 
2.961920639 7.72574367 

6.263669297 6.551235823 
5.889520793 6.798298003 

3.758782801 7.546522503 
2.961920639 7.72574367 

1.814571278 1.330295124 
2.487597566 1.889473059 

4.391123013 2.671092491 
4.530669786 3.320672607 

2.017484721 8.019955587 
2.128280207 7.760501724 

5.091196646 6.608421538 
4.76040666 6.787130233 

2.774831509 8.875830214 
3.200538679 8.822039843 

3.576609388 2.136182429 
3.567357175 1.732140775 

2.017484721 8.019955587 
1.968374286 8.20968024 

4.753517538 4.758921569 
4.471534652 4.504793822 

2.487597566 1.889473059 
2.408333702 2.404445901 

4.76040666 6.787130233 
3.758782801 7.546522503 

3.576609388 2.136182429 
3.744607577 3.027098093 

5.654301692 4.933524468 
5.618714868 5.515510918 

4.391123013 2.671092491 
3.576609388 2.136182429 

2.926436046 1.761132786 
3.193693722 1.910961141 

7.39603226 5.553441606 
6.620285424 6.241638284 

6.263669297 6.551235823 
6.620285424 6.241638284 

1.660217812 7.929024682 
1.638820445 7.113732505 

2.017484721 8.019955587 
2.036282133 8.447064316 

5.889520793 6.798298003 
6.036721604 6.578388584 

4.811867557 1.836599376 
4.230721814 2.331105243 

6.506295472 5.252664892 
6.932699556 5.944196666 

6.506295472 5.252664892 
6.620285424 6.241638284 

2.86932893 2.465975144 
3.080604565 2.295506809 

6.932699556 5.944196666 
6.620285424 6.241638284 

2.774831509 8.875830214 
2.036282133 8.447064316 

2.017484721 8.019955587 
2.408151355 7.679960751 

2.926436046 1.761132786 
2.697322569 2.146163706 

0.7705970328 7.225888183 
0.4352754065 6.737918659 

1.638820445 7.113732505 
1.343113898 7.32265222 

2.916399378 7.16705742 
2.408151355 7.679960751 

1.739926057 3.344050519 
1.843385319 2.809187906 

2.113703836 7.23472044 
2.526985744 7.13824142 

1.968374286 8.20968024 
1.68091223 8.553196043 

2.113703836 7.23472044 
1.638820445 7.113732505 

3.831770098 0.8801240355 
3.749729695 1.432597347 

7.594077636 6.554721948 
6.933902556 7.01236621 

6.263669297 6.551235823 
6.705133178 6.571646455 

3.744607577 3.027098093 
4.063051156 3.038163781 

0.4466400052 8.17314777 
1.298321236 7.776937591 

1.431903451 8.176209187 
1.298321236 7.776937591 

1.968374286 8.20968024 
1.660217812 7.929024682 

3.13593346 3.312288828 
2.605274216 2.698244575 

2.408333702 2.404445901 
2.86932893 2.465975144 

2.128280207 7.760501724 
1.862315435 7.685877637 

1.660217812 7.929024682 
1.862315435 7.685877637 

2.113703836 7.23472044 
1.56469746 6.756327236 

3.831770098 0.8801240355 
3.783386504 1.838638253 

6.506295472 5.252664892 
6.658477797 5.655732936 

0.4466400052 8.17314777 
0.6733982093 7.574252916 

4.391123013 2.671092491 
4.905035858 2.513149228 

2.036282133 8.447064316 
1.875336449 8.826064753 

2.211853544 6.370955065 
2.060034182 6.741834884 

6.055299553 7.086332526 
5.889520793 6.798298003 

7.594077636 6.554721948 
6.961455816 6.292863364 

6.620285424 6.241638284 
6.961455816 6.292863364 

3.299924242 2.207182848 
3.080604565 2.295506809 

3.783386504 1.838638253 
3.567357175 1.732140775 

2.774831509 8.875830214 
2.620149969 8.540219163 

4.20291364 4.161756648 
4.037058082 3.810227455 

4.76040666 6.787130233 
4.678177926 6.468778219 

2.620149969 8.540219163 
2.036282133 8.447064316 

7.2358453 7.306592832 
6.805826085 7.402259847 

2.916399378 7.16705742 
2.526985744 7.13824142 

1.337682738 9.244444718 
1.241100895 8.76118757 

5.439749243 6.038398551 
5.837929985 6.092179021 

3.758782801 7.546522503 
3.415978362 7.404773554 

4.471534652 4.504793822 
4.340947333 4.341108605 

4.20291364 4.161756648 
4.340947333 4.341108605 

2.605274216 2.698244575 
2.86932893 2.465975144 

2.408151355 7.679960751 
2.584161564 7.566708362 

6.932699556 5.944196666 
7.299236852 6.140755989 

1.638820445 7.113732505 
1.56469746 6.756327236 

5.183663971 7.317261085 
4.790118729 7.49984711 

6.055299553 7.086332526 
5.73706607 7.387549716 

3.13593346 3.312288828 
3.220172723 2.738173851 

1.843385319 2.809187906 
2.444908566 3.232562991 

2.487597566 1.889473059 
2.697322569 2.146163706 

4.678177926 6.468778219 
4.378057154 6.642577679 

1.68091223 8.553196043 
1.525459284 8.94414053 

2.802487651 8.246407456 
2.961920639 7.72574367 

6.932699556 5.944196666 
6.961455816 6.292863364 

6.506295472 5.252664892 
6.274035454 4.815155319 

2.697322569 2.146163706 
2.150764146 2.350213144 

2.150764146 2.350213144 
2.408333702 2.404445901 

5.73706607 7.387549716 
5.750113285 7.079140721 

0.6733982093 7.574252916 
1.017831902 7.698324983 

1.298321236 7.776937591 
1.017831902 7.698324983 

6.805826085 7.402259847 
6.933902556 7.01236621 

2.166985593 9.194848733 
1.875336449 8.826064753 

4.230721814 2.331105243 
4.55587318 2.38369315 

1.68091223 8.553196043 
1.875336449 8.826064753 

1.638820445 7.113732505 
1.148080759 6.935401269 

2.113703836 7.23472044 
2.15549926 7.425015651 

1.721757638 1.916242512 
2.150764146 2.350213144 

7.594077636 6.554721948 
7.2358453 7.306592832 

6.537234743 6.868491119 
7.185008586 6.653007901 

1.148080759 6.935401269 
0.7705970328 7.225888183 

6.805826085 7.402259847 
6.899039783 7.769953856 

2.526985744 7.13824142 
2.15549926 7.425015651 

5.091196646 6.608421538 
5.171020317 6.260014296 

5.439749243 6.038398551 
5.171020317 6.260014296 

5.565648492 7.701952195 
5.741437165 7.776140426 

6.061661382 7.832995126 
5.741437165 7.776140426 

7.185008586 6.653007901 
6.933902556 7.01236621 

3.13593346 3.312288828 
2.99482825 3.450652207 

2.620149969 8.540219163 
2.802487651 8.246407456 

1.660217812 7.929024682 
1.11565041 8.035065128 

1.862315435 7.685877637 
1.878869966 7.460421156 

2.15549926 7.425015651 
1.878869966 7.460421156 

2.961920639 7.72574367 
3.415978362 7.404773554 

3.576609388 2.136182429 
3.783386504 1.838638253 

2.627332216 3.662336797 
2.444908566 3.232562991 

1.721757638 1.916242512 
2.088579665 2.075682958 

2.408333702 2.404445901 
2.088579665 2.075682958 

6.658477797 5.655732936 
6.932699556 5.944196666 

4.063051156 3.038163781 
4.35266929 3.074562942 

3.193693722 1.910961141 
3.389767945 1.823093966 

3.699890837 8.485811378 
3.105914168 8.363119154 

2.802487651 8.246407456 
3.105914168 8.363119154 

5.73706607 7.387549716 
6.061661382 7.832995126 

3.097317975 6.200985764 
2.734012735 6.299103672 

1.241100895 8.76118757 
1.525459284 8.94414053 

1.431903451 8.176209187 
1.636582255 8.334997047 

4.678177926 6.468778219 
5.171020317 6.260014296 

3.195736021 0.8817918196 
3.458838421 1.016104734 

4.391123013 2.671092491 
4.55587318 2.38369315 

2.017484721 8.019955587 
2.364366327 8.361196907 

2.620149969 8.540219163 
2.364366327 8.361196907 

4.811867557 1.836599376 
4.14841103 1.967640588 

3.576609388 2.136182429 
4.14841103 1.967640588 

3.200538679 8.822039843 
3.105914168 8.363119154 

6.312790293 8.014580811 
6.194989303 7.409382785 

6.055299553 7.086332526 
6.194989303 7.409382785 

6.705133178 6.571646455 
6.923259323 6.608256294 

3.195736021 0.8817918196 
3.217537221 0.3447760145 

2.444908566 3.232562991 
2.371033349 3.411615701 

7.185008586 6.653007901 
6.923259323 6.608256294 

4.905035858 2.513149228 
4.702030462 2.474195175 

4.55587318 2.38369315 
4.702030462 2.474195175 

5.608615087 6.486745326 
5.762672436 6.495273972 

0.7705970328 7.225888183 
1.103872097 7.422853893 

2.926436046 1.761132786 
2.784042992 1.501225994 

1.148080759 6.935401269 
1.218127875 6.262351002 

5.022059983 8.052123451 
4.405587316 7.645374795 

2.113703836 7.23472044 
2.025599524 7.039081928 

1.017831902 7.698324983 
1.11565041 8.035065128 

3.105914168 8.363119154 
3.068948399 8.056790756 

4.291859744 5.916871132 
4.173443729 6.31952204 

3.902851376 6.820423578 
4.173443729 6.31952204 

3.783386504 1.838638253 
3.910877422 1.540571253 

3.749729695 1.432597347 
3.910877422 1.540571253 

2.408333702 2.404445901 
2.605274216 2.698244575 

1.638820445 7.113732505 
1.878869966 7.460421156 

0.4466400052 8.17314777 
0.7195990083 8.347612645 

5.618714868 5.515510918 
5.335937163 5.64368247 

3.576609388 2.136182429 
3.575566542 2.278215451 

7.39603226 5.553441606 
6.953643953 5.637687042 

3.780252081 2.600840542 
3.744607577 3.027098093 

1.875336449 8.826064753 
1.609206075 9.061113803 

1.337682738 9.244444718 
1.609206075 9.061113803 

3.342213385 3.855012468 
3.534534911 3.289465484 

2.584161564 7.566708362 
2.15549926 7.425015651 

6.923259323 6.608256294 
6.537234743 6.868491119 

5.837929985 6.092179021 
6.171811431 5.943817616 

3.195736021 0.8817918196 
3.140586405 1.305303818 

3.567357175 1.732140775 
3.140586405 1.305303818 

1.636582255 8.334997047 
1.68091223 8.553196043 

6.214884664 5.698452409 
6.127037883 5.293092218 

0.4352754065 6.737918659 
0.9942909853 6.75342948 

1.148080759 6.935401269 
0.9942909853 6.75342948 

5.183663971 7.317261085 
5.750113285 7.079140721 

4.76040666 6.787130233 
4.907977005 6.904071766 

3.200538679 8.822039843 
3.229204417 8.563015768 

6.961455816 6.292863364 
6.705133178 6.571646455 

1.814571278 1.330295124 
1.92516152 1.522410844 

2.335177503 1.405503889 
2.364759055 1.652776962 

2.487597566 1.889473059 
2.364759055 1.652776962 

2.150764146 2.350213144 
2.088579665 2.075682958 

1.390503929 2.277308247 
1.657209628 2.295680038 

6.055299553 7.086332526 
6.304371295 6.854573334 

5.889520793 6.798298003 
6.304371295 6.854573334 

2.584161564 7.566708362 
2.329688916 7.320377863 

2.166985593 9.194848733 
2.113675781 8.784936391 

2.036282133 8.447064316 
2.113675781 8.784936391 

6.933902556 7.01236621 
6.816684057 6.818661158 

6.537234743 6.868491119 
6.816684057 6.818661158 

2.408151355 7.679960751 
2.411599626 8.074480769 

2.364366327 8.361196907 
2.411599626 8.074480769 

7.24121462 7.752003171 
6.899039783 7.769953856 

3.831770098 0.8801240355 
3.587292562 0.7664671569 

4.718519458 5.636163646 
4.911895907 5.790587883 

2.935339216 2.065706096 
3.080604565 2.295506809 

3.780252081 2.600840542 
3.410066141 2.561487691 

3.080604565 2.295506809 
3.410066141 2.561487691 

2.15549926 7.425015651 
2.329688916 7.320377863 

2.364013561 0.8557423344 
2.245999084 0.684218942 

6.961455816 6.292863364 
7.168420839 6.250905623 

7.299236852 6.140755989 
7.168420839 6.250905623 

4.405587316 7.645374795 
4.267099605 7.199889711 

4.267099605 7.199889711 
4.60377743 7.322925944 

4.790118729 7.49984711 
4.60377743 7.322925944 

1.875336449 8.826064753 
2.113675781 8.784936391 

6.312790293 8.014580811 
5.579140443 7.960002121 

7.054890702 5.16995357 
7.093845065 5.405282329 

2.961920639 7.72574367 
2.584161564 7.566708362 

5.579140443 7.960002121 
5.565648492 7.701952195 

1.11565041 8.035065128 
1.298321236 7.776937591 

0.4466400052 8.17314777 
0.654527486 7.989461606 

1.843385319 2.809187906 
2.02643282 2.537545054 

2.150764146 2.350213144 
2.02643282 2.537545054 

2.961920639 7.72574367 
2.411599626 8.074480769 

4.468274724 1.282649061 
3.910877422 1.540571253 

2.961920639 7.72574367 
2.701147256 7.960694579 

5.654301692 4.933524468 
5.504234314 4.770969456 

5.175806871 4.821156685 
5.504234314 4.770969456 

5.750113285 7.079140721 
5.540145536 6.987547976 

5.889520793 6.798298003 
5.540145536 6.987547976 

3.105914168 8.363119154 
3.229204417 8.563015768 

6.036721604 6.578388584 
6.014959429 6.342971198 

5.837929985 6.092179021 
6.014959429 6.342971198 

4.586808487 1.785713933 
4.14841103 1.967640588 

4.037058082 3.810227455 
3.749511419 3.901936801 

2.620149969 8.540219163 
2.583546953 8.909225958 

3.217537221 0.3447760145 
3.350435663 0.6946914971 

3.458838421 1.016104734 
3.350435663 0.6946914971 

3.744607577 3.027098093 
3.745134465 3.263259603 

2.627332216 3.662336797 
2.371033349 3.411615701 

2.605274216 2.698244575 
2.669887796 3.219952592 

2.088579665 2.075682958 
2.697322569 2.146163706 

4.291859744 5.916871132 
4.735093186 6.300501238 

5.091196646 6.608421538 
4.735093186 6.300501238 

1.854349067 6.320415982 
1.56469746 6.756327236 

1.854349067 6.320415982 
1.927415431 6.162832527 

6.194989303 7.409382785 
5.73706607 7.387549716 

2.128280207 7.760501724 
2.266523937 7.497845945 

2.526985744 7.13824142 
2.266523937 7.497845945 

3.229204417 8.563015768 
3.349495777 8.412316705 

2.697322569 2.146163706 
2.478333397 2.175034469 

2.088579665 2.075682958 
1.826836847 2.173715389 

3.780252081 2.600840542 
3.614649365 2.519342544 

3.575566542 2.278215451 
3.614649365 2.519342544 

2.15549926 7.425015651 
2.266523937 7.497845945 

2.834965578 6.647440521 
3.12208305 6.427201772 

4.905035858 2.513149228 
5.042866594 2.149250898 

6.923259323 6.608256294 
7.271957747 6.578654561 

7.594077636 6.554721948 
7.271957747 6.578654561 

6.805826085 7.402259847 
6.546339951 7.431412079 

1.660217812 7.929024682 
1.433014321 7.969972466 

6.214884664 5.698452409 
5.852227019 5.612906137 

7.547522571 6.905412867 
7.384805755 6.669411113 

7.185008586 6.653007901 
7.384805755 6.669411113 

4.468274724 1.282649061 
4.133731274 1.460635718 

3.783386504 1.838638253 
4.133731274 1.460635718 

6.014959429 6.342971198 
6.171811431 5.943817616 

1.433014321 7.969972466 
1.431903451 8.176209187 

1.56469746 6.756327236 
1.664854232 6.413555735 

1.103872097 7.422853893 
0.4922620716 7.499804678 

2.529111614 5.965139236 
2.68900975 6.124845035 

2.734012735 6.299103672 
2.68900975 6.124845035 

2.802487651 8.246407456 
2.364366327 8.361196907 

2.86932893 2.465975144 
2.889039211 2.267209389 

2.935339216 2.065706096 
2.889039211 2.267209389 

1.148080759 6.935401269 
1.343113898 7.32265222 

2.371033349 3.411615701 
2.180979824 3.358542345 

2.329688916 7.320377863 
2.266523937 7.497845945 

1.103872097 7.422853893 
1.298321236 7.776937591 

1.103872097 7.422853893 
1.110243187 7.150189037 

1.148080759 6.935401269 
1.110243187 7.150189037 

4.735093186 6.300501238 
4.678177926 6.468778219 

3.902851376 6.820423578 
3.862400802 7.197004873 

3.758782801 7.546522503 
3.862400802 7.197004873 

2.669887796 3.219952592 
2.444908566 3.232562991 

2.060034182 6.741834884 
1.937597267 6.901430782 

2.025599524 7.039081928 
1.937597267 6.901430782 

3.13593346 3.312288828 
3.25664204 3.564439909 

5.175806871 4.821156685 
4.919323577 4.93286406 

4.753517538 4.758921569 
4.919323577 4.93286406 

5.654301692 4.933524468 
5.89178883 4.818550659 

1.017831902 7.698324983 
1.103872097 7.422853893 

2.335177503 1.405503889 
2.054269311 1.350712116 

3.195736021 0.8817918196 
2.885479555 0.8669107249 

2.774831509 8.875830214 
2.583546953 8.909225958 

5.608615087 6.486745326 
5.63994521 6.741758411 

0.7195990083 8.347612645 
0.654527486 7.989461606 

7.594077636 6.554721948 
7.587055766 6.231210424 

4.267099605 7.199889711 
3.902851376 6.820423578 

2.211853544 6.370955065 
1.927415431 6.162832527 

6.653839633 8.240560234 
6.812742473 7.964482722 

6.899039783 7.769953856 
6.812742473 7.964482722 

1.657209628 2.295680038 
1.617499365 2.424687594 

1.721757638 1.916242512 
1.826836847 2.173715389 

2.802487651 8.246407456 
3.068948399 8.056790756 

1.721757638 1.916242512 
1.875765257 1.74492637 

1.92516152 1.522410844 
1.875765257 1.74492637 

5.63994521 6.741758411 
5.889520793 6.798298003 

2.926436046 1.761132786 
2.935339216 2.065706096 

4.468274724 1.282649061 
4.541883967 1.606484835 

4.586808487 1.785713933 
4.541883967 1.606484835 

2.411599626 8.074480769 
2.701147256 7.960694579 

3.587292562 0.7664671569 
3.484464661 0.5549695152 

4.76040666 6.787130233 
4.497565111 6.954581343 

1.337682738 9.244444718 
1.743217548 9.29492678 

2.166985593 9.194848733 
1.743217548 9.29492678 

0.7705970328 7.225888183 
1.110243187 7.150189037 

3.614649365 2.519342544 
3.410066141 2.561487691 

3.193693722 1.910961141 
3.235097825 2.116706882 

3.299924242 2.207182848 
3.235097825 2.116706882 

1.390503929 2.277308247 
1.617499365 2.424687594 

1.968374286 8.20968024 
1.750157664 8.240638001 

1.636582255 8.334997047 
1.750157664 8.240638001 

2.589394502 0.4941541615 
2.749094995 0.7952645933 

3.080604565 2.295506809 
2.889039211 2.267209389 

4.391123013 2.671092491 
4.334232297 2.847175676 

2.961920639 7.72574367 
3.292223853 8.07056786 

3.699890837 8.485811378 
3.292223853 8.07056786 

1.826836847 2.173715389 
1.657209628 2.295680038 

3.350435663 0.6946914971 
3.484464661 0.5549695152 

2.526985744 7.13824142 
2.722068679 7.339960274 

4.35266929 3.074562942 
4.334232297 2.847175676 

2.916399378 7.16705742 
2.938828155 6.816395795 

2.834965578 6.647440521 
2.938828155 6.816395795 

2.088579665 2.075682958 
2.478333397 2.175034469 

3.220172723 2.738173851 
3.002686196 2.740984514 

2.899841662 2.913880643 
3.002686196 2.740984514 

2.408151355 7.679960751 
2.701147256 7.960694579 

2.701147256 7.960694579 
2.802487651 8.246407456 

5.565648492 7.701952195 
5.245003735 7.741557837 

1.660217812 7.929024682 
2.017484721 8.019955587 

0.7705970328 7.225888183 
0.9942909853 6.75342948 

0.4922620716 7.499804678 
0.6805227388 7.35265387 

0.7705970328 7.225888183 
0.6805227388 7.35265387 

4.530669786 3.320672607 
4.534429585 3.135012395 

4.35266929 3.074562942 
4.534429585 3.135012395 

4.911895907 5.790587883 
5.077286036 5.942561988 

2.610609624 9.448408531 
2.681468107 9.12185608 

2.774831509 8.875830214 
2.681468107 9.12185608 

6.816684057 6.818661158 
6.705133178 6.571646455 

3.758782801 7.546522503 
4.12815785 7.585850791 

4.405587316 7.645374795 
4.12815785 7.585850791 

3.389767945 1.823093966 
3.418484008 1.63352924 

3.567357175 1.732140775 
3.418484008 1.63352924 

1.92516152 1.522410844 
2.054269311 1.350712116 

3.458838421 1.016104734 
3.587292562 0.7664671569 

6.127037883 5.293092218 
6.295839907 5.356554779 

6.506295472 5.252664892 
6.295839907 5.356554779 

0.7963141556 8.772488834 
0.6205613459 8.612303873 

2.926436046 1.761132786 
3.029829395 1.537877869 

5.73706607 7.387549716 
5.424848596 7.695916939 

5.022059983 8.052123451 
5.424848596 7.695916939 

7.168420839 6.250905623 
7.271957747 6.578654561 

2.211853544 6.370955065 
2.286033541 6.149303827 

6.932699556 5.944196666 
6.953643953 5.637687042 

2.128280207 7.760501724 
2.066064893 7.651247393 

1.878869966 7.460421156 
2.066064893 7.651247393 

1.343113898 7.32265222 
0.8957743418 6.985918784 

6.932699556 5.944196666 
7.128175827 5.840677333 

3.699890837 8.485811378 
3.567051734 8.381425219 

3.349495777 8.412316705 
3.567051734 8.381425219 

2.408151355 7.679960751 
2.266523937 7.497845945 

3.831770098 0.8801240355 
4.106833613 0.6404956517 

5.852227019 5.612906137 
6.127037883 5.293092218 

1.431903451 8.176209187 
1.527176411 8.412158714 

1.68091223 8.553196043 
1.527176411 8.412158714 

2.802487651 8.246407456 
2.827563468 8.50347882 

5.183663971 7.317261085 
5.245003735 7.741557837 

4.327173091 0.9346819505 
4.108756802 0.9322129978 

2.827563468 8.50347882 
2.620149969 8.540219163 

6.705133178 6.571646455 
6.638800429 6.666477833 

6.537234743 6.868491119 
6.638800429 6.666477833 

5.335937163 5.64368247 
5.077286036 5.942561988 

2.697322569 2.146163706 
2.935339216 2.065706096 

0.654527486 7.989461606 
0.6733982093 7.574252916 

6.653839633 8.240560234 
6.9667632 7.964854242 

6.9667632 7.964854242 
6.812742473 7.964482722 

5.762672436 6.495273972 
5.896151285 6.505825313 

0.654527486 7.989461606 
0.8535367865 7.881028111 

1.017831902 7.698324983 
0.8535367865 7.881028111 

0.8957743418 6.985918784 
1.148080759 6.935401269 

4.541883967 1.606484835 
4.317456728 1.566414852 

4.133731274 1.460635718 
4.317456728 1.566414852 

4.14841103 1.967640588 
3.993217667 2.056590708 

1.617499365 2.424687594 
1.550096286 2.49341828 

3.342213385 3.855012468 
3.198561272 3.634614736 

2.99482825 3.450652207 
3.198561272 3.634614736 

2.697322569 2.146163706 
2.889039211 2.267209389 

5.171020317 6.260014296 
4.951983143 6.317252951 

4.735093186 6.300501238 
4.951983143 6.317252951 

4.718519458 5.636163646 
5.140663624 5.518773864 

5.335937163 5.64368247 
5.140663624 5.518773864 

1.664854232 6.413555735 
1.854349067 6.320415982 

3.029829395 1.537877869 
2.784042992 1.501225994 

2.916399378 7.16705742 
2.722068679 7.339960274 

2.834965578 6.647440521 
2.754406927 6.469740088 

2.734012735 6.299103672 
2.754406927 6.469740088 

4.267099605 7.199889711 
3.862400802 7.197004873 

1.218127875 6.262351002 
1.105213289 6.570963636 

0.9942909853 6.75342948 
1.105213289 6.570963636 

1.56469746 6.756327236 
1.148080759 6.935401269 

3.140586405 1.305303818 
3.012006194 1.357683163 

3.029829395 1.537877869 
3.012006194 1.357683163 

1.218127875 6.262351002 
1.348965239 6.524852859 

1.56469746 6.756327236 
1.348965239 6.524852859 

0.6733982093 7.574252916 
0.5416489673 7.628666639 

5.140663624 5.518773864 
4.911895907 5.790587883 

6.171811431 5.943817616 
6.347614193 6.143413218 

6.620285424 6.241638284 
6.347614193 6.143413218 

7.384805755 6.669411113 
7.271957747 6.578654561 

4.530669786 3.320672607 
4.746822965 2.914812947 

4.905035858 2.513149228 
4.746822965 2.914812947 

4.678177926 6.468778219 
4.951983143 6.317252951 

4.678177926 6.468778219 
4.449124989 6.201127159 

4.291859744 5.916871132 
4.449124989 6.201127159 

2.211853544 6.370955065 
2.734012735 6.299103672 

6.274035454 4.815155319 
6.041537138 4.856632013 

5.89178883 4.818550659 
6.041537138 4.856632013 

3.195736021 0.8817918196 
3.350435663 0.6946914971 

1.814571278 1.330295124 
1.923310569 1.042943562 

1.927750836 0.7774849927 
1.923310569 1.042943562 

6.816684057 6.818661158 
6.638800429 6.666477833 

0.4466400052 8.17314777 
0.7575870278 8.122367952 

1.11565041 8.035065128 
0.7575870278 8.122367952 

2.605274216 2.698244575 
3.002686196 2.740984514 

5.540145536 6.987547976 
5.677122332 6.884451332 

5.63994521 6.741758411 
5.677122332 6.884451332 

4.586808487 1.785713933 
4.707289712 1.838205596 

4.811867557 1.836599376 
4.707289712 1.838205596 

1.525459284 8.94414053 
1.399956018 9.083636383 

4.907977005 6.904071766 
4.999595339 7.185936479 

5.183663971 7.317261085 
4.999595339 7.185936479 

2.583546953 8.909225958 
2.681468107 9.12185608 

4.919323577 4.93286406 
4.84676097 5.18508004 

7.054890702 5.16995357 
6.865940073 5.401112434 

6.658477797 5.655732936 
6.865940073 5.401112434 

4.84676097 5.18508004 
4.709484048 5.324890181 

1.241100895 8.76118757 
1.527176411 8.412158714 

6.953643953 5.637687042 
6.865940073 5.401112434 

4.108756802 0.9322129978 
4.101695771 0.8292629711 

2.478333397 2.175034469 
2.487597566 1.889473059 

2.784042992 1.501225994 
2.599913463 1.616593569 

2.364759055 1.652776962 
2.599913463 1.616593569 

3.758782801 7.546522503 
3.292223853 8.07056786 

3.758782801 7.546522503 
3.74033445 7.999379887 

3.299924242 2.207182848 
3.122631781 2.086058835 

2.935339216 2.065706096 
3.122631781 2.086058835 

3.122631781 2.086058835 
3.193693722 1.910961141 

5.022059983 8.052123451 
4.958023092 7.676485282 

4.790118729 7.49984711 
4.958023092 7.676485282 

4.60377743 7.322925944 
4.497565111 6.954581343 

2.487597566 1.889473059 
2.599913463 1.616593569 

3.534534911 3.289465484 
3.633584862 3.265550929 

3.745134465 3.263259603 
3.633584862 3.265550929 

3.576609388 2.136182429 
3.235097825 2.116706882 

1.632960551 7.496836573 
1.878869966 7.460421156 

2.017484721 8.019955587 
2.245686308 8.065259709 

2.411599626 8.074480769 
2.245686308 8.065259709 

6.953643953 5.637687042 
7.128175827 5.840677333 

3.305678008 7.056886533 
3.115918747 7.071567878 

2.916399378 7.16705742 
3.115918747 7.071567878 

1.862315435 7.685877637 
2.066064893 7.651247393 

3.097317975 6.200985764 
2.68900975 6.124845035 

5.042866594 2.149250898 
4.926724385 2.000857983 

4.811867557 1.836599376 
4.926724385 2.000857983 

4.735093186 6.300501238 
4.449124989 6.201127159 

1.638820445 7.113732505 
1.937597267 6.901430782 

2.166985593 9.194848733 
2.350910814 8.918561467 

2.620149969 8.540219163 
2.350910814 8.918561467 

1.638820445 7.113732505 
1.720288898 7.342349912 

1.632960551 7.496836573 
1.720288898 7.342349912 

4.133731274 1.460635718 
4.327173091 0.9346819505 

7.2358453 7.306592832 
7.183019206 7.081206807 

3.105914168 8.363119154 
2.827563468 8.50347882 

2.827563468 8.50347882 
2.995251814 8.637104973 

5.091196646 6.608421538 
4.951983143 6.317252951 

1.343113898 7.32265222 
1.720288898 7.342349912 

2.627332216 3.662336797 
2.675396549 3.422888653 

2.669887796 3.219952592 
2.675396549 3.422888653 

6.865940073 5.401112434 
7.093845065 5.405282329 

4.702030462 2.474195175 
4.564911541 2.593190222 

4.391123013 2.671092491 
4.564911541 2.593190222 

3.122631781 2.086058835 
3.235097825 2.116706882 

4.709484048 5.324890181 
4.83813849 5.424631794 

4.718519458 5.636163646 
4.83813849 5.424631794 

4.327173091 0.9346819505 
4.101695771 0.8292629711 

1.431903451 8.176209187 
1.750157664 8.240638001 

3.576609388 2.136182429 
3.429283343 2.048281195 

3.193693722 1.910961141 
3.429283343 2.048281195 

6.061661382 7.832995126 
6.119904474 8.03889898 

2.017484721 8.019955587 
1.862315435 7.685877637 

6.263669297 6.551235823 
6.267722841 6.740178355 

6.304371295 6.854573334 
6.267722841 6.740178355 

3.080604565 2.295506809 
3.122631781 2.086058835 

3.068948399 8.056790756 
3.292223853 8.07056786 

3.200538679 8.822039843 
3.068790054 8.700311076 

2.995251814 8.637104973 
3.068790054 8.700311076 

5.424848596 7.695916939 
5.565648492 7.701952195 

2.605274216 2.698244575 
2.737517721 2.868978432 

2.899841662 2.913880643 
2.737517721 2.868978432 

7.594077636 6.554721948 
7.623721741 6.728853663 

3.220172723 2.738173851 
3.410066141 2.561487691 

3.220172723 2.738173851 
3.091823634 2.502846446 

3.080604565 2.295506809 
3.091823634 2.502846446 

2.589394502 0.4941541615 
2.391049277 0.6901849904 

2.245999084 0.684218942 
2.391049277 0.6901849904 

1.67140122 5.987326608 
1.718359617 6.174189097 

1.664854232 6.413555735 
1.718359617 6.174189097 

3.12208305 6.427201772 
3.091216325 6.318327285 

3.097317975 6.200985764 
3.091216325 6.318327285 

3.091823634 2.502846446 
2.86932893 2.465975144 

5.022059983 8.052123451 
5.148292337 7.889218981 

5.245003735 7.741557837 
5.148292337 7.889218981 

2.364013561 0.8557423344 
2.469163702 0.6982501294 

2.610609624 9.448408531 
2.567636671 9.153520633 

2.583546953 8.909225958 
2.567636671 9.153520633 

3.458838421 1.016104734 
3.256571414 1.133737731 

3.140586405 1.305303818 
3.256571414 1.133737731 

2.180979824 3.358542345 
2.096307532 3.494666359 

3.002686196 2.740984514 
3.091823634 2.502846446 

4.133731274 1.460635718 
4.028313155 1.494835556 

3.910877422 1.540571253 
4.028313155 1.494835556 

1.390503929 2.277308247 
1.550096286 2.49341828 

1.390503929 2.277308247 
1.595012929 2.060688032 

1.721757638 1.916242512 
1.595012929 2.060688032 

0.7575870278 8.122367952 
0.654527486 7.989461606 

7.299236852 6.140755989 
7.398071648 6.194171972 

4.230721814 2.331105243 
4.391123013 2.671092491 

4.14841103 1.967640588 
4.273218913 2.131591366 

2.589394502 0.4941541615 
2.508328227 0.5815368319 

2.469163702 0.6982501294 
2.508328227 0.5815368319 

1.343113898 7.32265222 
1.2369215 7.404310896 

1.103872097 7.422853893 
1.2369215 7.404310896 

5.091196646 6.608421538 
4.907977005 6.904071766 

5.608615087 6.486745326 
5.372460832 6.676570151 

1.337682738 9.244444718 
1.390082272 8.655628625 

3.484464661 0.5549695152 
3.384009149 0.4779887406 

4.497565111 6.954581343 
4.378057154 6.642577679 

0.8957743418 6.985918784 
0.7705970328 7.225888183 

2.584161564 7.566708362 
2.732005018 7.550369964 

7.168420839 6.250905623 
7.398071648 6.194171972 

2.364366327 8.361196907 
2.18764749 8.367359075 

2.036282133 8.447064316 
2.18764749 8.367359075 

6.9667632 7.964854242 
6.899039783 7.769953856 

0.4352754065 6.737918659 
0.7273879068 6.619593637 

0.7575870278 8.122367952 
0.7195990083 8.347612645 

0.7195990083 8.347612645 
0.7002555788 8.497463795 

6.214884664 5.698452409 
6.658477797 5.655732936 

7.2358453 7.306592832 
7.182340486 7.502840986 

7.24121462 7.752003171 
7.182340486 7.502840986 

4.267099605 7.199889711 
4.12815785 7.585850791 

1.241100895 8.76118757 
1.390082272 8.655628625 

3.342213385 3.855012468 
3.567960194 3.861477467 

3.749511419 3.901936801 
3.567960194 3.861477467 

5.73706607 7.387549716 
5.746897438 7.602523878 

5.741437165 7.776140426 
5.746897438 7.602523878 

1.11565041 8.035065128 
0.8535367865 7.881028111 

1.241100895 8.76118757 
1.0573463 8.686500786 

0.7963141556 8.772488834 
1.0573463 8.686500786 

2.128280207 7.760501724 
2.245686308 8.065259709 

4.267099605 7.199889711 
4.021772252 7.41473151 

3.758782801 7.546522503 
4.021772252 7.41473151 

2.487597566 1.889473059 
2.631797675 1.729084863 

2.784042992 1.501225994 
2.631797675 1.729084863 

2.128280207 7.760501724 
2.270909997 7.743596269 

2.408151355 7.679960751 
2.270909997 7.743596269 

3.195736021 0.8817918196 
3.256571414 1.133737731 

6.312790293 8.014580811 
6.482470638 8.124724083 

6.653839633 8.240560234 
6.482470638 8.124724083 

2.017484721 8.019955587 
2.343821546 7.901869813 

6.274035454 4.815155319 
6.195595761 5.072374792 

6.127037883 5.293092218 
6.195595761 5.072374792 

2.961920639 7.72574367 
3.021039465 7.906415326 

3.068948399 8.056790756 
3.021039465 7.906415326 

2.343821546 7.901869813 
2.270909997 7.743596269 

6.620285424 6.241638284 
6.616029801 6.454123171 

6.705133178 6.571646455 
6.616029801 6.454123171 

4.12815785 7.585850791 
4.021772252 7.41473151 

6.616029801 6.454123171 
6.638800429 6.666477833 

6.214884664 5.698452409 
6.027687349 5.903356297 

5.837929985 6.092179021 
6.027687349 5.903356297 

2.343821546 7.901869813 
2.408151355 7.679960751 

1.218127875 6.262351002 
1.04935924 6.378237006 

0.8534672612 6.456422818 
1.04935924 6.378237006 

2.408333702 2.404445901 
2.462381672 2.319736263 

2.478333397 2.175034469 
2.462381672 2.319736263 

5.372460832 6.676570151 
5.63994521 6.741758411 

2.529111614 5.965139236 
2.436037939 5.900666993 

2.732005018 7.550369964 
2.961920639 7.72574367 

2.701147256 7.960694579 
3.021039465 7.906415326 

4.173443729 6.31952204 
4.449124989 6.201127159 

6.816684057 6.818661158 
6.865738551 6.701660617 

6.923259323 6.608256294 
6.865738551 6.701660617 

4.173443729 6.31952204 
4.250569023 6.480609904 

4.378057154 6.642577679 
4.250569023 6.480609904 

5.750113285 7.079140721 
5.677122332 6.884451332 

5.889520793 6.798298003 
5.677122332 6.884451332 

7.398071648 6.194171972 
7.471747972 6.222283702 

7.093845065 5.405282329 
7.39603226 5.553441606 

2.605274216 2.698244575 
2.454162979 2.971556043 

2.444908566 3.232562991 
2.454162979 2.971556043 

3.350435663 0.6946914971 
3.587292562 0.7664671569 

4.83813849 5.424631794 
5.140663624 5.518773864 

5.022059983 8.052123451 
5.147665934 7.619003007 

5.183663971 7.317261085 
5.147665934 7.619003007 

4.230721814 2.331105243 
4.302208258 2.217757566 

4.273218913 2.131591366 
4.302208258 2.217757566 

2.329688916 7.320377863 
2.113703836 7.23472044 

5.439749243 6.038398551 
5.233913187 5.99212921 

5.077286036 5.942561988 
5.233913187 5.99212921 

7.093845065 5.405282329 
7.035431111 5.518113321 

6.953643953 5.637687042 
7.035431111 5.518113321 

2.737517721 2.868978432 
2.454162979 2.971556043 

4.063051156 3.038163781 
4.197673718 2.93059794 

4.334232297 2.847175676 
4.197673718 2.93059794 

6.537234743 6.868491119 
6.267722841 6.740178355 

7.271957747 6.578654561 
7.185008586 6.653007901 

6.014959429 6.342971198 
5.853984697 6.372751672 

5.762672436 6.495273972 
5.853984697 6.372751672 

6.171811431 5.943817616 
6.027687349 5.903356297 

1.67140122 5.987326608 
1.799014963 6.07412337 

1.927415431 6.162832527 
1.799014963 6.07412337 

2.343821546 7.901869813 
2.411599626 8.074480769 

1.298321236 7.776937591 
1.357180959 7.900673131 

1.433014321 7.969972466 
1.357180959 7.900673131 

4.718519458 5.636163646 
4.291859744 5.916871132 

4.327173091 0.9346819505 
4.391284422 1.11586499 

4.468274724 1.282649061 
4.391284422 1.11586499 

4.718519458 5.636163646 
4.946567197 5.225871562 

5.175806871 4.821156685 
4.946567197 5.225871562 

5.896151285 6.505825313 
5.853984697 6.372751672 

1.826836847 2.173715389 
1.595012929 2.060688032 

0.4352754065 6.737918659 
0.6763244954 6.859846516 

0.8957743418 6.985918784 
0.6763244954 6.859846516 

6.961455816 6.292863364 
6.616029801 6.454123171 

0.6205613459 8.612303873 
0.6597285469 8.554414411 

0.7002555788 8.497463795 
0.6597285469 8.554414411 

1.632960551 7.496836573 
1.343113898 7.32265222 

1.743217548 9.29492678 
1.683933323 9.160837025 

1.609206075 9.061113803 
1.683933323 9.160837025 

3.74033445 7.999379887 
3.567051734 8.381425219 

1.632960551 7.496836573 
1.760500641 7.584287446 

1.862315435 7.685877637 
1.760500641 7.584287446 

2.002940809 3.432195422 
1.950321089 3.431754346 

1.739926057 3.344050519 
1.950321089 3.431754346 

1.348965239 6.524852859 
1.105213289 6.570963636 

1.527176411 8.412158714 
1.636582255 8.334997047 

2.14994748 5.8953544 
2.224453597 6.000078704 

2.286033541 6.149303827 
2.224453597 6.000078704 

4.83813849 5.424631794 
4.946567197 5.225871562 

3.217537221 0.3447760145 
3.338600473 0.3913342235 

3.384009149 0.4779887406 
3.338600473 0.3913342235 

1.814571278 1.330295124 
1.937892464 1.319697278 

2.054269311 1.350712116 
1.937892464 1.319697278 

2.18764749 8.367359075 
2.245686308 8.065259709 

3.993217667 2.056590708 
3.939391832 1.907237112 

3.783386504 1.838638253 
3.939391832 1.907237112 

2.036282133 8.447064316 
1.68091223 8.553196043 

1.11565041 8.035065128 
1.357180959 7.900673131 

2.211853544 6.370955065 
2.027825661 6.367438257 

1.854349067 6.320415982 
2.027825661 6.367438257 

1.92516152 1.522410844 
1.937892464 1.319697278 

5.750113285 7.079140721 
5.884264328 7.092669416 

6.055299553 7.086332526 
5.884264328 7.092669416 

1.390503929 2.277308247 
1.625500227 2.206446273 

1.826836847 2.173715389 
1.625500227 2.206446273 

4.106833613 0.6404956517 
4.095302867 0.7455528844 

4.101695771 0.8292629711 
4.095302867 0.7455528844 

3.342213385 3.855012468 
3.358933582 3.725400217 

3.25664204 3.564439909 
3.358933582 3.725400217 

5.579140443 7.960002121 
5.389122596 8.131986289 

0.8534672612 6.456422818 
0.7912627891 6.537689607 

0.7273879068 6.619593637 
0.7912627891 6.537689607 

2.926436046 1.761132786 
2.631797675 1.729084863 

7.128175827 5.840677333 
7.23727155 5.714412835 

2.096307532 3.494666359 
2.04962417 3.46343089 

2.002940809 3.432195422 
2.04962417 3.46343089 

2.627332216 3.662336797 
2.809871815 3.552022386 

2.99482825 3.450652207 
2.809871815 3.552022386 

5.022059983 8.052123451 
5.195670181 8.101909045 

5.171020317 6.260014296 
5.233913187 5.99212921 

3.350435663 0.6946914971 
3.384009149 0.4779887406 

6.537234743 6.868491119 
6.377786308 6.690916515 

6.263669297 6.551235823 
6.377786308 6.690916515 

3.410066141 2.561487691 
3.321474647 2.355874766 

3.299924242 2.207182848 
3.321474647 2.355874766 

3.200538679 8.822039843 
2.876674784 8.68806334 

2.620149969 8.540219163 
2.876674784 8.68806334 

3.749729695 1.432597347 
3.66432246 1.574084507 

3.567357175 1.732140775 
3.66432246 1.574084507 

5.195670181 8.101909045 
5.148292337 7.889218981 

2.066064893 7.651247393 
2.110057715 7.549233371 

2.15549926 7.425015651 
2.110057715 7.549233371 

1.440379614 2.699026124 
1.686002128 2.707434107 

1.843385319 2.809187906 
1.686002128 2.707434107 

2.784042992 1.501225994 
2.89860077 1.419551886 

3.012006194 1.357683163 
2.89860077 1.419551886 

6.537234743 6.868491119 
6.424660209 6.860470438 

6.304371295 6.854573334 
6.424660209 6.860470438 

3.780252081 2.600840542 
4.230721814 2.331105243 

3.780252081 2.600840542 
3.687712316 2.351310698 

3.576609388 2.136182429 
3.687712316 2.351310698 

2.364013561 0.8557423344 
2.391049277 0.6901849904 

3.25664204 3.564439909 
3.198561272 3.634614736 

2.627332216 3.662336797 
2.231283763 3.536023504 

6.171811431 5.943817616 
6.212970619 5.813675105 

6.214884664 5.698452409 
6.212970619 5.813675105 

2.508328227 0.5815368319 
2.391049277 0.6901849904 

1.664854232 6.413555735 
1.348965239 6.524852859 

2.060034182 6.741834884 
1.808405857 6.742421564 

1.56469746 6.756327236 
1.808405857 6.742421564 

2.567636671 9.153520633 
2.681468107 9.12185608 

1.878869966 7.460421156 
1.720288898 7.342349912 

5.147665934 7.619003007 
4.958023092 7.676485282 

7.23727155 5.714412835 
7.303889201 5.622867131 

5.852227019 5.612906137 
6.027687349 5.903356297 

3.699890837 8.485811378 
3.728171812 8.246677404 

3.74033445 7.999379887 
3.728171812 8.246677404 

1.625500227 2.206446273 
1.657209628 2.295680038 

5.852227019 5.612906137 
5.73509586 5.566605015 

5.618714868 5.515510918 
5.73509586 5.566605015 

3.299924242 2.207182848 
3.429283343 2.048281195 

7.587055766 6.231210424 
7.52958391 6.216056865 

7.471747972 6.222283702 
7.52958391 6.216056865 

2.697322569 2.146163706 
2.766868644 2.314963868 

2.86932893 2.465975144 
2.766868644 2.314963868 

5.889520793 6.798298003 
5.728715124 6.639583545 

5.608615087 6.486745326 
5.728715124 6.639583545 

4.291859744 5.916871132 
4.838362543 6.006904248 

5.439749243 6.038398551 
4.838362543 6.006904248 

2.526985744 7.13824142 
2.407771879 7.253369398 

2.329688916 7.320377863 
2.407771879 7.253369398 

3.305678008 7.056886533 
3.362990941 7.23052632 

4.718519458 5.636163646 
4.838362543 6.006904248 

6.119904474 8.03889898 
6.221681848 8.027140051 

6.312790293 8.014580811 
6.221681848 8.027140051 

2.231283763 3.536023504 
2.005824881 3.452927339 

5.837929985 6.092179021 
5.853984697 6.372751672 

4.037058082 3.810227455 
4.283368907 3.565983883 

4.530669786 3.320672607 
4.283368907 3.565983883 

3.744607577 3.027098093 
3.633584862 3.265550929 

4.911895907 5.790587883 
4.838362543 6.006904248 

6.933902556 7.01236621 
7.051632061 6.995906961 

7.183019206 7.081206807 
7.051632061 6.995906961 

5.762672436 6.495273972 
5.728715124 6.639583545 

1.337682738 9.244444718 
1.3690074 9.166306391 

1.399956018 9.083636383 
1.3690074 9.166306391 

3.429283343 2.048281195 
3.235097825 2.116706882 

1.440379614 2.699026124 
1.509563467 2.607429788 

1.550096286 2.49341828 
1.509563467 2.607429788 

3.575566542 2.278215451 
3.687712316 2.351310698 

6.506295472 5.252664892 
6.778787154 5.206562132 

7.054890702 5.16995357 
6.778787154 5.206562132 

2.701147256 7.960694579 
2.524236976 7.931854583 

2.343821546 7.901869813 
2.524236976 7.931854583 

6.036721604 6.578388584 
5.97105065 6.544079992 

5.896151285 6.505825313 
5.97105065 6.544079992 

4.14841103 1.967640588 
3.939391832 1.907237112 

7.39603226 5.553441606 
7.352165355 5.586307305 

7.303889201 5.622867131 
7.352165355 5.586307305 

7.24121462 7.752003171 
7.092150945 7.841953079 

6.9667632 7.964854242 
7.092150945 7.841953079 

3.418484008 1.63352924 
3.282349297 1.457145609 

3.140586405 1.305303818 
3.282349297 1.457145609 

6.194989303 7.409382785 
6.061661382 7.832995126 

2.774831509 8.875830214 
2.876674784 8.68806334 

5.389122596 8.131986289 
5.292396389 8.116947667 

5.195670181 8.101909045 
5.292396389 8.116947667 

4.497565111 6.954581343 
4.382542769 7.076066079 

4.267099605 7.199889711 
4.382542769 7.076066079 

5.853984697 6.372751672 
5.608615087 6.486745326 

6.194989303 7.409382785 
6.373937579 7.377819102 

6.546339951 7.431412079 
6.373937579 7.377819102 

2.827563468 8.50347882 
2.876674784 8.68806334 

1.968374286 8.20968024 
2.18764749 8.367359075 

7.547522571 6.905412867 
7.585622156 6.817133265 

7.623721741 6.728853663 
7.585622156 6.817133265 

1.390082272 8.655628625 
1.527176411 8.412158714 

3.389767945 1.823093966 
3.429283343 2.048281195 

1.968374286 8.20968024 
2.001661693 8.338939065 

2.036282133 8.447064316 
2.001661693 8.338939065 

2.732005018 7.550369964 
2.725449462 7.448173692 

2.722068679 7.339960274 
2.725449462 7.448173692 

5.73706607 7.387549716 
5.648236905 7.545691301 

5.565648492 7.701952195 
5.648236905 7.545691301 

3.902851376 6.820423578 
4.140454265 6.731500628 

4.378057154 6.642577679 
4.140454265 6.731500628 

7.183019206 7.081206807 
7.547522571 6.905412867 

2.885479555 0.8669107249 
2.817287275 0.8310876591 

2.749094995 0.7952645933 
2.817287275 0.8310876591 

1.431903451 8.176209187 
1.410992862 8.415918906 

1.390082272 8.655628625 
1.410992862 8.415918906 

0.6733982093 7.574252916 
0.4922620716 7.499804678 

1.878869966 7.460421156 
1.760500641 7.584287446 

2.166985593 9.194848733 
2.388797608 9.321628632 

2.610609624 9.448408531 
2.388797608 9.321628632 

2.335177503 1.405503889 
2.630380459 1.581753785 

2.926436046 1.761132786 
2.630380459 1.581753785 

6.267722841 6.740178355 
6.377786308 6.690916515 

5.091196646 6.608421538 
5.230984897 6.643047243 

5.372460832 6.676570151 
5.230984897 6.643047243 

5.245003735 7.741557837 
5.147665934 7.619003007 

1.927750836 0.7774849927 
2.082549477 0.7247550909 

2.245999084 0.684218942 
2.082549477 0.7247550909 

1.937597267 6.901430782 
1.808405857 6.742421564 

4.534429585 3.135012395 
4.746822965 2.914812947 

0.5416489673 7.628666639 
0.5158193048 7.564277851 

0.4922620716 7.499804678 
0.5158193048 7.564277851 

2.526985744 7.13824142 
2.938828155 6.816395795 

2.14994748 5.8953544 
2.292992709 5.898010697 

2.436037939 5.900666993 
2.292992709 5.898010697 

1.739926057 3.344050519 
1.872875469 3.398488929 

2.005824881 3.452927339 
1.872875469 3.398488929 

3.415978362 7.404773554 
3.389484652 7.317649937 

3.362990941 7.23052632 
3.389484652 7.317649937 

