1.44181417 8.162340671 
1.696683053 7.921951993 

3.195736021 0.8817918196 
2.92847953 1.761756488 

6.052456376 6.577092547 
6.288294302 6.538391735 

7.39603226 5.553441606 
7.594077636 6.554721948 

2.92847953 1.761756488 
3.566905453 1.7332395 

2.415500278 7.679919178 
2.958969718 7.726656954 

6.288294302 6.538391735 
5.893519104 6.797192599 

3.758782801 7.546522503 
2.958969718 7.726656954 

1.814571278 1.330295124 
2.487978668 1.891365083 

4.386061045 2.669914311 
4.536193253 3.315917301 

2.020144739 8.015450271 
2.123259782 7.767636104 

5.091690571 6.60892986 
4.76040666 6.787130233 

2.769724253 8.873248401 
3.20009025 8.818657402 

3.578284275 2.12580433 
3.566905453 1.7332395 

2.020144739 8.015450271 
1.967703103 8.207767864 

4.753517538 4.758921569 
4.471534652 4.504793822 

2.487978668 1.891365083 
2.408865945 2.404287735 

4.76040666 6.787130233 
3.758782801 7.546522503 

3.578284275 2.12580433 
3.745996296 3.021372587 

5.654301692 4.933524468 
5.618714868 5.515510918 

4.386061045 2.669914311 
3.578284275 2.12580433 

2.92847953 1.761756488 
3.203900643 1.900979202 

7.39603226 5.553441606 
6.61893895 6.243103381 

6.288294302 6.538391735 
6.61893895 6.243103381 

1.696683053 7.921951993 
1.641163671 7.119017082 

2.020144739 8.015450271 
2.012380624 8.448987377 

5.893519104 6.797192599 
6.052456376 6.577092547 

4.846767825 1.811646516 
4.235255697 2.327389622 

6.506295472 5.252664892 
6.932699556 5.944196666 

6.506295472 5.252664892 
6.61893895 6.243103381 

2.870293468 2.463384907 
3.076893204 2.284649812 

6.932699556 5.944196666 
6.61893895 6.243103381 

2.769724253 8.873248401 
2.012380624 8.448987377 

2.020144739 8.015450271 
2.415500278 7.679919178 

2.92847953 1.761756488 
2.699208709 2.146042523 

0.7725174519 7.223087121 
0.4392077554 6.738045414 

1.641163671 7.119017082 
1.337839561 7.294107548 

2.911647957 7.167631685 
2.415500278 7.679919178 

1.739926057 3.344050519 
1.84410756 2.807519813 

1.967703103 8.207767864 
1.682786304 8.554688251 

2.119361564 7.221448167 
1.641163671 7.119017082 

3.831770098 0.8801240355 
3.749288701 1.433631982 

7.594077636 6.554721948 
6.933501244 7.011482429 

6.288294302 6.538391735 
6.704243095 6.572881477 

3.745996296 3.021372587 
4.073606073 3.032539099 

1.44181417 8.162340671 
1.278444974 7.787813264 

1.967703103 8.207767864 
1.696683053 7.921951993 

3.13593346 3.312288828 
2.603458353 2.703052237 

2.408865945 2.404287735 
2.870293468 2.463384907 

1.696683053 7.921951993 
1.867345251 7.684045555 

2.119361564 7.221448167 
1.568155642 6.758726788 

3.831770098 0.8801240355 
3.782310178 1.840111909 

6.506295472 5.252664892 
6.65412488 5.656033683 

0.3672457974 8.20492449 
0.6680915778 7.586362681 

4.386061045 2.669914311 
4.90608041 2.518055133 

2.012380624 8.448987377 
1.85090178 8.840809134 

2.211853544 6.370955065 
2.060034182 6.741834884 

6.050238198 7.101389635 
5.893519104 6.797192599 

7.594077636 6.554721948 
6.961455816 6.292863364 

6.61893895 6.243103381 
6.961455816 6.292863364 

3.297075538 2.212261264 
3.076893204 2.284649812 

3.782310178 1.840111909 
3.566905453 1.7332395 

2.769724253 8.873248401 
2.615970802 8.539651016 

4.20291364 4.161756648 
4.037058082 3.810227455 

4.76040666 6.787130233 
4.678177926 6.468778219 

2.615970802 8.539651016 
2.012380624 8.448987377 

7.2358453 7.306592832 
6.805826085 7.402259847 

2.911647957 7.167631685 
2.505312348 7.1265137 

1.337682738 9.244444718 
1.241100895 8.76118757 

5.443125232 6.038659974 
5.87017423 6.091744912 

3.758782801 7.546522503 
3.415978362 7.404773554 

4.471534652 4.504793822 
4.340947333 4.341108605 

4.20291364 4.161756648 
4.340947333 4.341108605 

2.603458353 2.703052237 
2.870293468 2.463384907 

2.415500278 7.679919178 
2.577967323 7.565614437 

6.932699556 5.944196666 
7.299236852 6.140755989 

1.641163671 7.119017082 
1.568155642 6.758726788 

5.190371693 7.31436672 
4.789011493 7.498153794 

6.050238198 7.101389635 
5.707904888 7.372990833 

3.13593346 3.312288828 
3.220172723 2.738173851 

1.84410756 2.807519813 
2.445011317 3.230978067 

2.487978668 1.891365083 
2.699208709 2.146042523 

4.678177926 6.468778219 
4.378057154 6.642577679 

1.682786304 8.554688251 
1.524126986 8.944819688 

2.804427529 8.246478809 
2.958969718 7.726656954 

6.932699556 5.944196666 
6.961455816 6.292863364 

6.506295472 5.252664892 
6.274035454 4.815155319 

2.699208709 2.146042523 
2.149642114 2.351298901 

2.149642114 2.351298901 
2.408865945 2.404287735 

5.707904888 7.372990833 
5.746719316 7.076210612 

0.6680915778 7.586362681 
1.002762425 7.691287156 

1.278444974 7.787813264 
1.002762425 7.691287156 

6.805826085 7.402259847 
6.933501244 7.011482429 

2.164489489 9.19314994 
1.85090178 8.840809134 

4.235255697 2.327389622 
4.55587318 2.38369315 

1.682786304 8.554688251 
1.85090178 8.840809134 

1.641163671 7.119017082 
1.148750312 6.935816643 

2.119361564 7.221448167 
2.148411611 7.420217025 

1.722788294 1.914633338 
2.149642114 2.351298901 

7.594077636 6.554721948 
7.2358453 7.306592832 

6.539213438 6.868470588 
7.185008586 6.653007901 

1.148750312 6.935816643 
0.7725174519 7.223087121 

6.805826085 7.402259847 
6.899601259 7.771719755 

2.505312348 7.1265137 
2.148411611 7.420217025 

5.091690571 6.60892986 
5.171020317 6.260014296 

5.443125232 6.038659974 
5.171020317 6.260014296 

5.565648492 7.701952195 
5.743527083 7.775891015 

6.041841115 7.850414075 
5.743527083 7.775891015 

7.185008586 6.653007901 
6.933501244 7.011482429 

3.13593346 3.312288828 
2.99482825 3.450652207 

2.615970802 8.539651016 
2.804427529 8.246478809 

1.696683053 7.921951993 
1.123894428 8.035692879 

1.867345251 7.684045555 
1.884894069 7.475809722 

2.148411611 7.420217025 
1.884894069 7.475809722 

2.958969718 7.726656954 
3.415978362 7.404773554 

3.578284275 2.12580433 
3.782310178 1.840111909 

2.627332216 3.662336797 
2.445011317 3.230978067 

1.722788294 1.914633338 
2.091354874 2.076457722 

2.408865945 2.404287735 
2.091354874 2.076457722 

6.65412488 5.656033683 
6.932699556 5.944196666 

4.073606073 3.032539099 
4.351329565 3.07165408 

3.203900643 1.900979202 
3.388629637 1.822419466 

3.705271107 8.506009026 
3.112968588 8.343290827 

2.804427529 8.246478809 
3.112968588 8.343290827 

5.707904888 7.372990833 
6.041841115 7.850414075 

3.097317975 6.200985764 
2.734012735 6.299103672 

1.241100895 8.76118757 
1.524126986 8.944819688 

1.44181417 8.162340671 
1.63559036 8.333669341 

4.678177926 6.468778219 
5.171020317 6.260014296 

3.195736021 0.8817918196 
3.458838421 1.016104734 

4.386061045 2.669914311 
4.55587318 2.38369315 

2.020144739 8.015450271 
2.364366327 8.361196907 

2.615970802 8.539651016 
2.364366327 8.361196907 

4.846767825 1.811646516 
4.150142137 1.966814606 

3.578284275 2.12580433 
4.150142137 1.966814606 

3.20009025 8.818657402 
3.112968588 8.343290827 

6.31437618 8.015351623 
6.189026246 7.410431376 

6.050238198 7.101389635 
6.189026246 7.410431376 

6.704243095 6.572881477 
6.923259323 6.608256294 

3.195736021 0.8817918196 
3.217537221 0.3447760145 

2.445011317 3.230978067 
2.371033349 3.411615701 

7.185008586 6.653007901 
6.923259323 6.608256294 

4.90608041 2.518055133 
4.702030462 2.474195175 

4.55587318 2.38369315 
4.702030462 2.474195175 

5.610323863 6.486235394 
5.761658706 6.501783532 

0.7725174519 7.223087121 
1.102877372 7.42423044 

2.92847953 1.761756488 
2.80442582 1.519801659 

1.148750312 6.935816643 
1.218127875 6.262351002 

5.022059983 8.052123451 
4.405587316 7.645374795 

2.119361564 7.221448167 
2.026292294 7.039784952 

1.002762425 7.691287156 
1.123894428 8.035692879 

3.112968588 8.343290827 
3.068794139 8.057240678 

4.306540757 5.88776795 
4.174594655 6.316233039 

3.902851376 6.820423578 
4.174594655 6.316233039 

3.782310178 1.840111909 
3.910877422 1.540571253 

3.749288701 1.433631982 
3.910877422 1.540571253 

2.408865945 2.404287735 
2.603458353 2.703052237 

0.3672457974 8.20492449 
0.7216736696 8.343862569 

5.618714868 5.515510918 
5.335937163 5.64368247 

3.578284275 2.12580433 
3.575737136 2.277051644 

7.39603226 5.553441606 
6.953643953 5.637687042 

3.777247094 2.601421657 
3.745996296 3.021372587 

1.85090178 8.840809134 
1.610056648 9.06021742 

1.337682738 9.244444718 
1.610056648 9.06021742 

3.342213385 3.855012468 
3.534534911 3.289465484 

2.577967323 7.565614437 
2.148411611 7.420217025 

6.923259323 6.608256294 
6.539213438 6.868470588 

5.87017423 6.091744912 
6.170795047 5.944646525 

3.195736021 0.8817918196 
3.140586405 1.305303818 

3.566905453 1.7332395 
3.140586405 1.305303818 

1.63559036 8.333669341 
1.682786304 8.554688251 

6.246622844 5.690326251 
6.129043113 5.297731599 

0.4392077554 6.738045414 
1.013566167 6.754552492 

1.148750312 6.935816643 
1.013566167 6.754552492 

5.190371693 7.31436672 
5.746719316 7.076210612 

4.76040666 6.787130233 
4.907977005 6.904071766 

3.20009025 8.818657402 
3.228583994 8.561187471 

6.961455816 6.292863364 
6.704243095 6.572881477 

1.814571278 1.330295124 
1.924971753 1.52316466 

2.335177503 1.405503889 
2.364759055 1.652776962 

2.487978668 1.891365083 
2.364759055 1.652776962 

2.149642114 2.351298901 
2.091354874 2.076457722 

1.391255406 2.278365403 
1.657209628 2.295680038 

6.050238198 7.101389635 
6.30279547 6.85638248 

5.893519104 6.797192599 
6.30279547 6.85638248 

2.577967323 7.565614437 
2.326976574 7.320035565 

2.164489489 9.19314994 
2.110372272 8.783656058 

2.012380624 8.448987377 
2.110372272 8.783656058 

6.933501244 7.011482429 
6.826750694 6.827942801 

6.539213438 6.868470588 
6.826750694 6.827942801 

2.415500278 7.679919178 
2.411443936 8.070810522 

2.364366327 8.361196907 
2.411443936 8.070810522 

7.24121462 7.752003171 
6.899601259 7.771719755 

3.831770098 0.8801240355 
3.587292562 0.7664671569 

4.717359415 5.639217286 
4.871044347 5.802238703 

2.94794407 2.046547697 
3.076893204 2.284649812 

3.777247094 2.601421657 
3.450525375 2.589494008 

3.076893204 2.284649812 
3.450525375 2.589494008 

2.148411611 7.420217025 
2.326976574 7.320035565 

2.360604034 0.8720519979 
2.246224399 0.6868036198 

6.961455816 6.292863364 
7.168420839 6.250905623 

7.299236852 6.140755989 
7.168420839 6.250905623 

4.405587316 7.645374795 
4.271241829 7.20075073 

4.271241829 7.20075073 
4.607514516 7.306645279 

1.85090178 8.840809134 
2.110372272 8.783656058 

6.31437618 8.015351623 
5.579140443 7.960002121 

7.054890702 5.16995357 
7.093845065 5.405282329 

2.958969718 7.726656954 
2.577967323 7.565614437 

5.579140443 7.960002121 
5.565648492 7.701952195 

1.123894428 8.035692879 
1.278444974 7.787813264 

0.3672457974 8.20492449 
0.6490455366 7.99621809 

1.84410756 2.807519813 
2.01389802 2.536270549 

2.149642114 2.351298901 
2.01389802 2.536270549 

2.958969718 7.726656954 
2.411443936 8.070810522 

4.467508063 1.282241972 
3.910877422 1.540571253 

2.958969718 7.726656954 
2.701316227 7.95879691 

5.654301692 4.933524468 
5.501828606 4.770951714 

5.161302112 4.810527838 
5.501828606 4.770951714 

5.746719316 7.076210612 
5.539794675 6.994442791 

5.893519104 6.797192599 
5.539794675 6.994442791 

3.112968588 8.343290827 
3.228583994 8.561187471 

6.052456376 6.577092547 
6.014069756 6.344297585 

5.87017423 6.091744912 
6.014069756 6.344297585 

4.586808487 1.785713933 
4.150142137 1.966814606 

4.037058082 3.810227455 
3.749511419 3.901936801 

2.615970802 8.539651016 
2.582972893 8.910019759 

3.217537221 0.3447760145 
3.350435663 0.6946914971 

3.458838421 1.016104734 
3.350435663 0.6946914971 

3.745996296 3.021372587 
3.745134465 3.263259603 

2.627332216 3.662336797 
2.371033349 3.411615701 

2.603458353 2.703052237 
2.656972654 3.217663581 

2.091354874 2.076457722 
2.699208709 2.146042523 

4.306540757 5.88776795 
4.732874216 6.297326362 

5.091690571 6.60892986 
4.732874216 6.297326362 

1.854349067 6.320415982 
1.568155642 6.758726788 

1.854349067 6.320415982 
1.927415431 6.162832527 

6.189026246 7.410431376 
5.707904888 7.372990833 

2.123259782 7.767636104 
2.266099043 7.497271992 

2.505312348 7.1265137 
2.266099043 7.497271992 

3.228583994 8.561187471 
3.351113677 8.411809956 

2.699208709 2.146042523 
2.492914539 2.182172198 

2.091354874 2.076457722 
1.826836847 2.173715389 

3.777247094 2.601421657 
3.613625649 2.5208987 

3.575737136 2.277051644 
3.613625649 2.5208987 

2.148411611 7.420217025 
2.266099043 7.497271992 

2.84030645 6.648701131 
3.195390252 6.472543479 

4.90608041 2.518055133 
5.042866594 2.149250898 

6.923259323 6.608256294 
7.271957747 6.578654561 

7.594077636 6.554721948 
7.271957747 6.578654561 

6.805826085 7.402259847 
6.546339951 7.431412079 

1.696683053 7.921951993 
1.435769565 7.970363623 

6.246622844 5.690326251 
5.857520086 5.613719264 

7.547522571 6.905412867 
7.384805755 6.669411113 

7.185008586 6.653007901 
7.384805755 6.669411113 

4.467508063 1.282241972 
4.133731274 1.460635718 

3.782310178 1.840111909 
4.133731274 1.460635718 

6.014069756 6.344297585 
6.170795047 5.944646525 

1.435769565 7.970363623 
1.44181417 8.162340671 

1.568155642 6.758726788 
1.664854232 6.413555735 

1.102877372 7.42423044 
0.4922620716 7.499804678 

2.529111614 5.965139236 
2.68900975 6.124845035 

2.734012735 6.299103672 
2.68900975 6.124845035 

2.804427529 8.246478809 
2.364366327 8.361196907 

2.870293468 2.463384907 
2.885150072 2.263876256 

2.94794407 2.046547697 
2.885150072 2.263876256 

1.148750312 6.935816643 
1.337839561 7.294107548 

2.371033349 3.411615701 
2.180979824 3.358542345 

2.326976574 7.320035565 
2.266099043 7.497271992 

1.102877372 7.42423044 
1.278444974 7.787813264 

1.102877372 7.42423044 
1.110243187 7.150189037 

1.148750312 6.935816643 
1.110243187 7.150189037 

4.732874216 6.297326362 
4.678177926 6.468778219 

3.902851376 6.820423578 
3.862400802 7.197004873 

3.758782801 7.546522503 
3.862400802 7.197004873 

2.656972654 3.217663581 
2.445011317 3.230978067 

2.060034182 6.741834884 
1.937597267 6.901430782 

2.026292294 7.039784952 
1.937597267 6.901430782 

3.13593346 3.312288828 
3.25664204 3.564439909 

5.161302112 4.810527838 
4.920427334 4.93187495 

4.753517538 4.758921569 
4.920427334 4.93187495 

5.654301692 4.933524468 
5.89178883 4.818550659 

1.002762425 7.691287156 
1.102877372 7.42423044 

2.335177503 1.405503889 
2.054269311 1.350712116 

3.195736021 0.8817918196 
2.884381475 0.8678769246 

2.769724253 8.873248401 
2.582972893 8.910019759 

5.610323863 6.486235394 
5.63994521 6.741758411 

0.7216736696 8.343862569 
0.6490455366 7.99621809 

7.594077636 6.554721948 
7.587055766 6.231210424 

4.271241829 7.20075073 
3.902851376 6.820423578 

2.211853544 6.370955065 
1.927415431 6.162832527 

6.661509204 8.24999291 
6.813054127 7.967056644 

6.899601259 7.771719755 
6.813054127 7.967056644 

1.657209628 2.295680038 
1.616888869 2.424860474 

1.722788294 1.914633338 
1.826836847 2.173715389 

2.804427529 8.246478809 
3.068794139 8.057240678 

1.722788294 1.914633338 
1.879318932 1.725550463 

1.924971753 1.52316466 
1.879318932 1.725550463 

5.63994521 6.741758411 
5.893519104 6.797192599 

2.92847953 1.761756488 
2.94794407 2.046547697 

4.467508063 1.282241972 
4.541883967 1.606484835 

4.586808487 1.785713933 
4.541883967 1.606484835 

2.411443936 8.070810522 
2.701316227 7.95879691 

3.587292562 0.7664671569 
3.484464661 0.5549695152 

4.76040666 6.787130233 
4.498950045 6.958377231 

1.337682738 9.244444718 
1.743217548 9.29492678 

2.164489489 9.19314994 
1.743217548 9.29492678 

0.7725174519 7.223087121 
1.110243187 7.150189037 

3.613625649 2.5208987 
3.450525375 2.589494008 

3.203900643 1.900979202 
3.233926194 2.121551739 

3.297075538 2.212261264 
3.233926194 2.121551739 

1.391255406 2.278365403 
1.616888869 2.424860474 

1.967703103 8.207767864 
1.748484316 8.23987645 

1.63559036 8.333669341 
1.748484316 8.23987645 

2.630875525 0.4976376239 
2.749099732 0.794968724 

3.076893204 2.284649812 
2.885150072 2.263876256 

4.386061045 2.669914311 
4.340249442 2.853222357 

2.958969718 7.726656954 
3.294952427 8.073742639 

3.705271107 8.506009026 
3.294952427 8.073742639 

1.826836847 2.173715389 
1.657209628 2.295680038 

3.350435663 0.6946914971 
3.484464661 0.5549695152 

2.505312348 7.1265137 
2.721142587 7.339123997 

4.351329565 3.07165408 
4.340249442 2.853222357 

2.911647957 7.167631685 
2.962468763 6.82504616 

2.84030645 6.648701131 
2.962468763 6.82504616 

2.091354874 2.076457722 
2.492914539 2.182172198 

3.220172723 2.738173851 
3.002686196 2.740984514 

2.899841662 2.913880643 
3.002686196 2.740984514 

2.415500278 7.679919178 
2.701316227 7.95879691 

2.701316227 7.95879691 
2.804427529 8.246478809 

5.565648492 7.701952195 
5.245003735 7.741557837 

1.696683053 7.921951993 
2.020144739 8.015450271 

0.7725174519 7.223087121 
1.013566167 6.754552492 

0.4922620716 7.499804678 
0.6805227388 7.35265387 

0.7725174519 7.223087121 
0.6805227388 7.35265387 

4.536193253 3.315917301 
4.53990807 3.132478328 

4.351329565 3.07165408 
4.53990807 3.132478328 

4.871044347 5.802238703 
5.07392788 5.941148433 

2.609873188 9.445967237 
2.68030652 9.121374101 

2.769724253 8.873248401 
2.68030652 9.121374101 

6.826750694 6.827942801 
6.704243095 6.572881477 

3.758782801 7.546522503 
4.12815785 7.585850791 

4.405587316 7.645374795 
4.12815785 7.585850791 

3.388629637 1.822419466 
3.40360793 1.645201414 

3.566905453 1.7332395 
3.40360793 1.645201414 

1.924971753 1.52316466 
2.054269311 1.350712116 

3.458838421 1.016104734 
3.587292562 0.7664671569 

6.129043113 5.297731599 
6.295839907 5.356554779 

6.506295472 5.252664892 
6.295839907 5.356554779 

0.7963141556 8.772488834 
0.6205613459 8.612303873 

2.92847953 1.761756488 
3.028966162 1.538215227 

5.707904888 7.372990833 
5.425696046 7.69363955 

5.022059983 8.052123451 
5.425696046 7.69363955 

7.168420839 6.250905623 
7.271957747 6.578654561 

2.211853544 6.370955065 
2.286033541 6.149303827 

6.932699556 5.944196666 
6.953643953 5.637687042 

2.123259782 7.767636104 
2.06792112 7.650272235 

1.884894069 7.475809722 
2.06792112 7.650272235 

1.337839561 7.294107548 
0.8983001491 6.987082845 

6.932699556 5.944196666 
7.128175827 5.840677333 

3.705271107 8.506009026 
3.578334228 8.371759589 

3.351113677 8.411809956 
3.578334228 8.371759589 

2.415500278 7.679919178 
2.266099043 7.497271992 

3.831770098 0.8801240355 
4.106833613 0.6404956517 

5.857520086 5.613719264 
6.129043113 5.297731599 

1.44181417 8.162340671 
1.526840951 8.410368038 

1.682786304 8.554688251 
1.526840951 8.410368038 

2.804427529 8.246478809 
2.82935289 8.502007745 

5.190371693 7.31436672 
5.245003735 7.741557837 

4.32725304 0.9363626643 
4.108756802 0.9322129978 

2.82935289 8.502007745 
2.615970802 8.539651016 

6.704243095 6.572881477 
6.64016973 6.667669382 

6.539213438 6.868470588 
6.64016973 6.667669382 

5.335937163 5.64368247 
5.07392788 5.941148433 

2.699208709 2.146042523 
2.94794407 2.046547697 

0.6490455366 7.99621809 
0.6680915778 7.586362681 

6.661509204 8.24999291 
6.97021811 7.986594745 

6.97021811 7.986594745 
6.813054127 7.967056644 

5.761658706 6.501783532 
5.893676035 6.510563015 

0.6490455366 7.99621809 
0.8558110864 7.880683858 

1.002762425 7.691287156 
0.8558110864 7.880683858 

0.8983001491 6.987082845 
1.148750312 6.935816643 

4.541883967 1.606484835 
4.317456728 1.566414852 

4.133731274 1.460635718 
4.317456728 1.566414852 

4.150142137 1.966814606 
3.993217667 2.056590708 

1.616888869 2.424860474 
1.543227046 2.485434802 

3.342213385 3.855012468 
3.198561272 3.634614736 

2.99482825 3.450652207 
3.198561272 3.634614736 

2.699208709 2.146042523 
2.885150072 2.263876256 

5.171020317 6.260014296 
4.951983143 6.317252951 

4.732874216 6.297326362 
4.951983143 6.317252951 

4.717359415 5.639217286 
5.138497812 5.52068897 

5.335937163 5.64368247 
5.138497812 5.52068897 

1.664854232 6.413555735 
1.854349067 6.320415982 

3.028966162 1.538215227 
2.80442582 1.519801659 

2.911647957 7.167631685 
2.721142587 7.339123997 

2.84030645 6.648701131 
2.754406927 6.469740088 

2.734012735 6.299103672 
2.754406927 6.469740088 

4.271241829 7.20075073 
3.862400802 7.197004873 

1.218127875 6.262351002 
1.105126011 6.572092121 

1.013566167 6.754552492 
1.105126011 6.572092121 

1.568155642 6.758726788 
1.148750312 6.935816643 

3.140586405 1.305303818 
3.012006194 1.357683163 

3.028966162 1.538215227 
3.012006194 1.357683163 

1.218127875 6.262351002 
1.348965239 6.524852859 

1.568155642 6.758726788 
1.348965239 6.524852859 

0.6680915778 7.586362681 
0.5416489673 7.628666639 

6.170795047 5.944646525 
6.347614193 6.143413218 

6.61893895 6.243103381 
6.347614193 6.143413218 

7.384805755 6.669411113 
7.271957747 6.578654561 

4.536193253 3.315917301 
4.835210446 2.917833997 

4.90608041 2.518055133 
4.835210446 2.917833997 

4.678177926 6.468778219 
4.951983143 6.317252951 

4.678177926 6.468778219 
4.448621828 6.198548528 

4.306540757 5.88776795 
4.448621828 6.198548528 

2.211853544 6.370955065 
2.734012735 6.299103672 

6.274035454 4.815155319 
6.041537138 4.856632013 

5.89178883 4.818550659 
6.041537138 4.856632013 

3.195736021 0.8817918196 
3.350435663 0.6946914971 

1.814571278 1.330295124 
1.923976956 1.041992975 

1.949733104 0.7985166931 
1.923976956 1.041992975 

6.826750694 6.827942801 
6.64016973 6.667669382 

0.3672457974 8.20492449 
0.7438323552 8.113624126 

1.123894428 8.035692879 
0.7438323552 8.113624126 

2.603458353 2.703052237 
3.002686196 2.740984514 

5.539794675 6.994442791 
5.677030481 6.887521617 

5.63994521 6.741758411 
5.677030481 6.887521617 

4.586808487 1.785713933 
4.708964188 1.837447372 

4.846767825 1.811646516 
4.708964188 1.837447372 

1.524126986 8.944819688 
1.380646729 9.078375802 

4.907977005 6.904071766 
4.999595339 7.185936479 

5.190371693 7.31436672 
4.999595339 7.185936479 

2.582972893 8.910019759 
2.68030652 9.121374101 

4.920427334 4.93187495 
4.84676097 5.18508004 

7.054890702 5.16995357 
6.865940073 5.401112434 

6.65412488 5.656033683 
6.865940073 5.401112434 

4.84676097 5.18508004 
4.709484048 5.324890181 

1.241100895 8.76118757 
1.526840951 8.410368038 

6.953643953 5.637687042 
6.865940073 5.401112434 

4.108756802 0.9322129978 
4.101695771 0.8292629711 

2.492914539 2.182172198 
2.487978668 1.891365083 

2.80442582 1.519801659 
2.601629725 1.616458634 

2.364759055 1.652776962 
2.601629725 1.616458634 

3.758782801 7.546522503 
3.294952427 8.073742639 

3.758782801 7.546522503 
3.739607318 8.001350759 

3.297075538 2.212261264 
3.126543222 2.10067041 

2.94794407 2.046547697 
3.126543222 2.10067041 

3.126543222 2.10067041 
3.203900643 1.900979202 

5.022059983 8.052123451 
4.958023092 7.676485282 

4.789011493 7.498153794 
4.958023092 7.676485282 

4.607514516 7.306645279 
4.498950045 6.958377231 

2.487978668 1.891365083 
2.601629725 1.616458634 

3.534534911 3.289465484 
3.633584862 3.265550929 

3.745134465 3.263259603 
3.633584862 3.265550929 

3.578284275 2.12580433 
3.233926194 2.121551739 

1.632557021 7.495106832 
1.884894069 7.475809722 

2.020144739 8.015450271 
2.244883858 8.063694378 

2.411443936 8.070810522 
2.244883858 8.063694378 

6.953643953 5.637687042 
7.128175827 5.840677333 

3.305678008 7.056886533 
3.115918747 7.071567878 

2.911647957 7.167631685 
3.115918747 7.071567878 

1.867345251 7.684045555 
2.06792112 7.650272235 

3.097317975 6.200985764 
2.68900975 6.124845035 

5.042866594 2.149250898 
4.927082252 1.999123845 

4.846767825 1.811646516 
4.927082252 1.999123845 

4.732874216 6.297326362 
4.448621828 6.198548528 

1.641163671 7.119017082 
1.937597267 6.901430782 

2.164489489 9.19314994 
2.350910814 8.918561467 

2.615970802 8.539651016 
2.350910814 8.918561467 

1.641163671 7.119017082 
1.71884057 7.342468449 

1.632557021 7.495106832 
1.71884057 7.342468449 

4.133731274 1.460635718 
4.32725304 0.9363626643 

7.2358453 7.306592832 
7.183019206 7.081206807 

3.112968588 8.343290827 
2.82935289 8.502007745 

2.82935289 8.502007745 
2.995251814 8.637104973 

5.091690571 6.60892986 
4.951983143 6.317252951 

1.337839561 7.294107548 
1.71884057 7.342468449 

2.627332216 3.662336797 
2.674976042 3.421602366 

2.656972654 3.217663581 
2.674976042 3.421602366 

6.865940073 5.401112434 
7.093845065 5.405282329 

4.702030462 2.474195175 
4.564911541 2.593190222 

4.386061045 2.669914311 
4.564911541 2.593190222 

3.126543222 2.10067041 
3.233926194 2.121551739 

4.709484048 5.324890181 
4.83813849 5.424631794 

4.717359415 5.639217286 
4.83813849 5.424631794 

4.32725304 0.9363626643 
4.101695771 0.8292629711 

1.44181417 8.162340671 
1.748484316 8.23987645 

3.578284275 2.12580433 
3.425267922 2.050294649 

3.203900643 1.900979202 
3.425267922 2.050294649 

6.041841115 7.850414075 
6.119031769 8.038260522 

2.020144739 8.015450271 
1.867345251 7.684045555 

6.288294302 6.538391735 
6.268491743 6.738652211 

6.30279547 6.85638248 
6.268491743 6.738652211 

3.076893204 2.284649812 
3.126543222 2.10067041 

3.068794139 8.057240678 
3.294952427 8.073742639 

3.20009025 8.818657402 
3.068790054 8.700311076 

2.995251814 8.637104973 
3.068790054 8.700311076 

5.425696046 7.69363955 
5.565648492 7.701952195 

2.603458353 2.703052237 
2.734897207 2.869710653 

2.899841662 2.913880643 
2.734897207 2.869710653 

7.594077636 6.554721948 
7.623721741 6.728853663 

3.220172723 2.738173851 
3.09149377 2.501270764 

3.076893204 2.284649812 
3.09149377 2.501270764 

2.630875525 0.4976376239 
2.39304549 0.6915414408 

2.246224399 0.6868036198 
2.39304549 0.6915414408 

1.67140122 5.987326608 
1.718359617 6.174189097 

1.664854232 6.413555735 
1.718359617 6.174189097 

3.097317975 6.200985764 
3.093600741 6.320340783 

3.09149377 2.501270764 
2.870293468 2.463384907 

5.022059983 8.052123451 
5.148292337 7.889218981 

5.245003735 7.741557837 
5.148292337 7.889218981 

2.360604034 0.8720519979 
2.467804527 0.7005799193 

2.609873188 9.445967237 
2.551683396 9.131121745 

2.582972893 8.910019759 
2.551683396 9.131121745 

3.458838421 1.016104734 
3.256571414 1.133737731 

3.140586405 1.305303818 
3.256571414 1.133737731 

2.180979824 3.358542345 
2.096307532 3.494666359 

3.002686196 2.740984514 
3.09149377 2.501270764 

4.133731274 1.460635718 
4.028313155 1.494835556 

3.910877422 1.540571253 
4.028313155 1.494835556 

1.391255406 2.278365403 
1.543227046 2.485434802 

1.391255406 2.278365403 
1.595012929 2.060688032 

1.722788294 1.914633338 
1.595012929 2.060688032 

0.7438323552 8.113624126 
0.6490455366 7.99621809 

7.299236852 6.140755989 
7.398071648 6.194171972 

4.235255697 2.327389622 
4.386061045 2.669914311 

4.150142137 1.966814606 
4.273218913 2.131591366 

2.630875525 0.4976376239 
2.510059055 0.5811170397 

2.467804527 0.7005799193 
2.510059055 0.5811170397 

1.337839561 7.294107548 
1.237400424 7.402964604 

1.102877372 7.42423044 
1.237400424 7.402964604 

5.091690571 6.60892986 
4.907977005 6.904071766 

5.610323863 6.486235394 
5.371267173 6.676669582 

1.337682738 9.244444718 
1.390082272 8.655628625 

3.484464661 0.5549695152 
3.384009149 0.4779887406 

4.498950045 6.958377231 
4.378057154 6.642577679 

0.8983001491 6.987082845 
0.7725174519 7.223087121 

2.577967323 7.565614437 
2.732733343 7.549905093 

7.168420839 6.250905623 
7.398071648 6.194171972 

2.364366327 8.361196907 
2.186063338 8.367828088 

2.012380624 8.448987377 
2.186063338 8.367828088 

6.97021811 7.986594745 
6.899601259 7.771719755 

0.4392077554 6.738045414 
0.7273879068 6.619593637 

0.7438323552 8.113624126 
0.7216736696 8.343862569 

0.7216736696 8.343862569 
0.7006187794 8.496544904 

6.246622844 5.690326251 
6.65412488 5.656033683 

7.2358453 7.306592832 
7.182340486 7.502840986 

7.24121462 7.752003171 
7.182340486 7.502840986 

4.271241829 7.20075073 
4.12815785 7.585850791 

1.241100895 8.76118757 
1.390082272 8.655628625 

3.342213385 3.855012468 
3.567960194 3.861477467 

3.749511419 3.901936801 
3.567960194 3.861477467 

5.707904888 7.372990833 
5.768277725 7.596477709 

5.743527083 7.775891015 
5.768277725 7.596477709 

1.123894428 8.035692879 
0.8558110864 7.880683858 

1.241100895 8.76118757 
1.0573463 8.686500786 

0.7963141556 8.772488834 
1.0573463 8.686500786 

2.123259782 7.767636104 
2.244883858 8.063694378 

4.271241829 7.20075073 
4.021772252 7.41473151 

3.758782801 7.546522503 
4.021772252 7.41473151 

2.487978668 1.891365083 
2.633322632 1.728274979 

2.80442582 1.519801659 
2.633322632 1.728274979 

2.123259782 7.767636104 
2.27147456 7.744247644 

2.415500278 7.679919178 
2.27147456 7.744247644 

3.195736021 0.8817918196 
3.256571414 1.133737731 

6.31437618 8.015351623 
6.502504402 8.129384535 

6.661509204 8.24999291 
6.502504402 8.129384535 

2.020144739 8.015450271 
2.345785425 7.892297034 

6.274035454 4.815155319 
6.195595761 5.072374792 

6.129043113 5.297731599 
6.195595761 5.072374792 

2.958969718 7.726656954 
3.014009132 7.91103329 

3.068794139 8.057240678 
3.014009132 7.91103329 

2.345785425 7.892297034 
2.27147456 7.744247644 

6.61893895 6.243103381 
6.616029801 6.454123171 

6.704243095 6.572881477 
6.616029801 6.454123171 

4.12815785 7.585850791 
4.021772252 7.41473151 

6.616029801 6.454123171 
6.64016973 6.667669382 

6.246622844 5.690326251 
6.030731384 5.901753334 

5.87017423 6.091744912 
6.030731384 5.901753334 

2.345785425 7.892297034 
2.415500278 7.679919178 

1.218127875 6.262351002 
1.04935924 6.378237006 

0.8534672612 6.456422818 
1.04935924 6.378237006 

2.408865945 2.404287735 
2.469739426 2.330854351 

2.492914539 2.182172198 
2.469739426 2.330854351 

5.371267173 6.676669582 
5.63994521 6.741758411 

2.529111614 5.965139236 
2.436037939 5.900666993 

2.732733343 7.549905093 
2.958969718 7.726656954 

2.701316227 7.95879691 
3.014009132 7.91103329 

4.174594655 6.316233039 
4.448621828 6.198548528 

6.826750694 6.827942801 
6.865746223 6.70264107 

6.923259323 6.608256294 
6.865746223 6.70264107 

4.174594655 6.316233039 
4.250569023 6.480609904 

4.378057154 6.642577679 
4.250569023 6.480609904 

5.746719316 7.076210612 
5.677030481 6.887521617 

5.893519104 6.797192599 
5.677030481 6.887521617 

7.398071648 6.194171972 
7.471747972 6.222283702 

7.093845065 5.405282329 
7.39603226 5.553441606 

2.603458353 2.703052237 
2.42348346 2.97544787 

2.445011317 3.230978067 
2.42348346 2.97544787 

3.350435663 0.6946914971 
3.587292562 0.7664671569 

4.83813849 5.424631794 
5.138497812 5.52068897 

5.022059983 8.052123451 
5.147665934 7.619003007 

5.190371693 7.31436672 
5.147665934 7.619003007 

4.235255697 2.327389622 
4.302208258 2.217757566 

4.273218913 2.131591366 
4.302208258 2.217757566 

2.326976574 7.320035565 
2.119361564 7.221448167 

5.443125232 6.038659974 
5.233913187 5.99212921 

5.07392788 5.941148433 
5.233913187 5.99212921 

7.093845065 5.405282329 
7.035431111 5.518113321 

6.953643953 5.637687042 
7.035431111 5.518113321 

4.073606073 3.032539099 
4.199107207 2.930264931 

4.340249442 2.853222357 
4.199107207 2.930264931 

6.539213438 6.868470588 
6.268491743 6.738652211 

7.271957747 6.578654561 
7.185008586 6.653007901 

6.014069756 6.344297585 
5.836951904 6.372243483 

5.761658706 6.501783532 
5.836951904 6.372243483 

6.170795047 5.944646525 
6.030731384 5.901753334 

1.67140122 5.987326608 
1.799014963 6.07412337 

1.927415431 6.162832527 
1.799014963 6.07412337 

2.345785425 7.892297034 
2.411443936 8.070810522 

1.278444974 7.787813264 
1.35592915 7.901575271 

1.435769565 7.970363623 
1.35592915 7.901575271 

4.717359415 5.639217286 
4.306540757 5.88776795 

4.32725304 0.9363626643 
4.381127116 1.135652177 

4.467508063 1.282241972 
4.381127116 1.135652177 

4.717359415 5.639217286 
4.947507492 5.223124407 

5.161302112 4.810527838 
4.947507492 5.223124407 

5.893676035 6.510563015 
5.836951904 6.372243483 

1.826836847 2.173715389 
1.595012929 2.060688032 

0.4392077554 6.738045414 
0.6763244954 6.859846516 

0.8983001491 6.987082845 
0.6763244954 6.859846516 

6.961455816 6.292863364 
6.616029801 6.454123171 

0.6205613459 8.612303873 
0.6597285469 8.554414411 

0.7006187794 8.496544904 
0.6597285469 8.554414411 

1.632557021 7.495106832 
1.337839561 7.294107548 

1.743217548 9.29492678 
1.683933323 9.160837025 

1.610056648 9.06021742 
1.683933323 9.160837025 

3.739607318 8.001350759 
3.578334228 8.371759589 

1.632557021 7.495106832 
1.761919355 7.584490173 

1.867345251 7.684045555 
1.761919355 7.584490173 

2.002940809 3.432195422 
1.950321089 3.431754346 

1.739926057 3.344050519 
1.950321089 3.431754346 

1.348965239 6.524852859 
1.105126011 6.572092121 

1.526840951 8.410368038 
1.63559036 8.333669341 

2.14994748 5.8953544 
2.224453597 6.000078704 

2.286033541 6.149303827 
2.224453597 6.000078704 

4.83813849 5.424631794 
4.947507492 5.223124407 

3.217537221 0.3447760145 
3.338600473 0.3913342235 

3.384009149 0.4779887406 
3.338600473 0.3913342235 

1.814571278 1.330295124 
1.937892464 1.319697278 

2.054269311 1.350712116 
1.937892464 1.319697278 

2.186063338 8.367828088 
2.244883858 8.063694378 

3.993217667 2.056590708 
3.939391832 1.907237112 

3.782310178 1.840111909 
3.939391832 1.907237112 

2.012380624 8.448987377 
1.682786304 8.554688251 

1.123894428 8.035692879 
1.35592915 7.901575271 

2.211853544 6.370955065 
2.027825661 6.367438257 

1.854349067 6.320415982 
2.027825661 6.367438257 

1.924971753 1.52316466 
1.937892464 1.319697278 

5.746719316 7.076210612 
5.883534456 7.09283891 

6.050238198 7.101389635 
5.883534456 7.09283891 

1.391255406 2.278365403 
1.625500227 2.206446273 

1.826836847 2.173715389 
1.625500227 2.206446273 

4.106833613 0.6404956517 
4.095302867 0.7455528844 

4.101695771 0.8292629711 
4.095302867 0.7455528844 

3.342213385 3.855012468 
3.358933582 3.725400217 

3.25664204 3.564439909 
3.358933582 3.725400217 

5.579140443 7.960002121 
5.389122596 8.131986289 

0.8534672612 6.456422818 
0.7912627891 6.537689607 

0.7273879068 6.619593637 
0.7912627891 6.537689607 

2.92847953 1.761756488 
2.633322632 1.728274979 

7.128175827 5.840677333 
7.23727155 5.714412835 

2.096307532 3.494666359 
2.04962417 3.46343089 

2.002940809 3.432195422 
2.04962417 3.46343089 

2.627332216 3.662336797 
2.809871815 3.552022386 

2.99482825 3.450652207 
2.809871815 3.552022386 

5.022059983 8.052123451 
5.195670181 8.101909045 

5.171020317 6.260014296 
5.233913187 5.99212921 

3.350435663 0.6946914971 
3.384009149 0.4779887406 

6.539213438 6.868470588 
6.377894829 6.689685943 

6.288294302 6.538391735 
6.377894829 6.689685943 

3.450525375 2.589494008 
3.323676672 2.357774993 

3.297075538 2.212261264 
3.323676672 2.357774993 

3.20009025 8.818657402 
2.876674784 8.68806334 

2.615970802 8.539651016 
2.876674784 8.68806334 

3.749288701 1.433631982 
3.666704115 1.580274882 

3.566905453 1.7332395 
3.666704115 1.580274882 

5.195670181 8.101909045 
5.148292337 7.889218981 

2.06792112 7.650272235 
2.096777627 7.540889696 

2.148411611 7.420217025 
2.096777627 7.540889696 

1.440379614 2.699026124 
1.686002128 2.707434107 

1.84410756 2.807519813 
1.686002128 2.707434107 

2.80442582 1.519801659 
2.898524909 1.420599201 

3.012006194 1.357683163 
2.898524909 1.420599201 

6.539213438 6.868470588 
6.424660209 6.860470438 

6.30279547 6.85638248 
6.424660209 6.860470438 

3.777247094 2.601421657 
4.235255697 2.327389622 

3.777247094 2.601421657 
3.687210035 2.34970832 

3.578284275 2.12580433 
3.687210035 2.34970832 

2.360604034 0.8720519979 
2.39304549 0.6915414408 

3.25664204 3.564439909 
3.198561272 3.634614736 

2.627332216 3.662336797 
2.231283763 3.536023504 

6.170795047 5.944646525 
6.213947749 5.812086232 

6.246622844 5.690326251 
6.213947749 5.812086232 

2.510059055 0.5811170397 
2.39304549 0.6915414408 

1.664854232 6.413555735 
1.348965239 6.524852859 

2.060034182 6.741834884 
1.808405857 6.742421564 

1.568155642 6.758726788 
1.808405857 6.742421564 

2.551683396 9.131121745 
2.68030652 9.121374101 

1.884894069 7.475809722 
1.71884057 7.342468449 

5.147665934 7.619003007 
4.958023092 7.676485282 

7.23727155 5.714412835 
7.303889201 5.622867131 

5.857520086 5.613719264 
6.030731384 5.901753334 

3.705271107 8.506009026 
3.728284698 8.248795526 

3.739607318 8.001350759 
3.728284698 8.248795526 

1.625500227 2.206446273 
1.657209628 2.295680038 

5.857520086 5.613719264 
5.73509586 5.566605015 

5.618714868 5.515510918 
5.73509586 5.566605015 

3.297075538 2.212261264 
3.425267922 2.050294649 

7.587055766 6.231210424 
7.52958391 6.216056865 

7.471747972 6.222283702 
7.52958391 6.216056865 

2.699208709 2.146042523 
2.766868644 2.314963868 

2.870293468 2.463384907 
2.766868644 2.314963868 

5.893519104 6.797192599 
5.728787364 6.638929948 

5.610323863 6.486235394 
5.728787364 6.638929948 

4.306540757 5.88776795 
4.835058242 6.003324517 

5.443125232 6.038659974 
4.835058242 6.003324517 

2.505312348 7.1265137 
2.416955853 7.246000971 

2.326976574 7.320035565 
2.416955853 7.246000971 

3.305678008 7.056886533 
3.362990941 7.23052632 

4.717359415 5.639217286 
4.835058242 6.003324517 

6.119031769 8.038260522 
6.221681848 8.027140051 

6.31437618 8.015351623 
6.221681848 8.027140051 

2.231283763 3.536023504 
2.005824881 3.452927339 

5.87017423 6.091744912 
5.836951904 6.372243483 

4.037058082 3.810227455 
4.283368907 3.565983883 

4.536193253 3.315917301 
4.283368907 3.565983883 

3.745996296 3.021372587 
3.633584862 3.265550929 

4.871044347 5.802238703 
4.835058242 6.003324517 

6.933501244 7.011482429 
7.051632061 6.995906961 

7.183019206 7.081206807 
7.051632061 6.995906961 

5.761658706 6.501783532 
5.728787364 6.638929948 

1.337682738 9.244444718 
1.368613813 9.165652553 

1.380646729 9.078375802 
1.368613813 9.165652553 

3.425267922 2.050294649 
3.233926194 2.121551739 

1.440379614 2.699026124 
1.509600586 2.606506215 

1.543227046 2.485434802 
1.509600586 2.606506215 

3.575737136 2.277051644 
3.687210035 2.34970832 

6.506295472 5.252664892 
6.778787154 5.206562132 

7.054890702 5.16995357 
6.778787154 5.206562132 

2.701316227 7.95879691 
2.523195202 7.931426764 

2.345785425 7.892297034 
2.523195202 7.931426764 

6.052456376 6.577092547 
5.970573758 6.543760557 

5.893676035 6.510563015 
5.970573758 6.543760557 

4.150142137 1.966814606 
3.939391832 1.907237112 

7.39603226 5.553441606 
7.352165355 5.586307305 

7.303889201 5.622867131 
7.352165355 5.586307305 

7.24121462 7.752003171 
7.091553754 7.843286983 

6.97021811 7.986594745 
7.091553754 7.843286983 

3.40360793 1.645201414 
3.282719823 1.458554076 

3.140586405 1.305303818 
3.282719823 1.458554076 

6.189026246 7.410431376 
6.041841115 7.850414075 

2.769724253 8.873248401 
2.876674784 8.68806334 

5.389122596 8.131986289 
5.292396389 8.116947667 

5.195670181 8.101909045 
5.292396389 8.116947667 

4.498950045 6.958377231 
4.38397364 7.077564249 

4.271241829 7.20075073 
4.38397364 7.077564249 

5.836951904 6.372243483 
5.610323863 6.486235394 

6.189026246 7.410431376 
6.373937579 7.377819102 

6.546339951 7.431412079 
6.373937579 7.377819102 

2.82935289 8.502007745 
2.876674784 8.68806334 

1.967703103 8.207767864 
2.186063338 8.367828088 

7.547522571 6.905412867 
7.585622156 6.817133265 

7.623721741 6.728853663 
7.585622156 6.817133265 

1.390082272 8.655628625 
1.526840951 8.410368038 

3.388629637 1.822419466 
3.425267922 2.050294649 

1.967703103 8.207767864 
2.001193455 8.339578598 

2.012380624 8.448987377 
2.001193455 8.339578598 

2.732733343 7.549905093 
2.751038083 7.453117232 

2.721142587 7.339123997 
2.751038083 7.453117232 

5.707904888 7.372990833 
5.647744025 7.544315266 

5.565648492 7.701952195 
5.647744025 7.544315266 

3.902851376 6.820423578 
4.140454265 6.731500628 

4.378057154 6.642577679 
4.140454265 6.731500628 

7.183019206 7.081206807 
7.547522571 6.905412867 

2.749099732 0.794968724 
2.794323049 0.870458928 

1.44181417 8.162340671 
1.411354504 8.414105669 

1.390082272 8.655628625 
1.411354504 8.414105669 

0.6680915778 7.586362681 
0.4922620716 7.499804678 

1.884894069 7.475809722 
1.761919355 7.584490173 

2.164489489 9.19314994 
2.388797608 9.321628632 

2.609873188 9.445967237 
2.388797608 9.321628632 

2.335177503 1.405503889 
2.630380459 1.581753785 

2.92847953 1.761756488 
2.630380459 1.581753785 

6.268491743 6.738652211 
6.377894829 6.689685943 

5.091690571 6.60892986 
5.219491436 6.653066174 

5.371267173 6.676669582 
5.219491436 6.653066174 

5.245003735 7.741557837 
5.147665934 7.619003007 

1.949733104 0.7985166931 
2.078714426 0.7207154533 

2.246224399 0.6868036198 
2.078714426 0.7207154533 

1.937597267 6.901430782 
1.808405857 6.742421564 

0.5416489673 7.628666639 
0.5158193048 7.564277851 

0.4922620716 7.499804678 
0.5158193048 7.564277851 

2.505312348 7.1265137 
2.962468763 6.82504616 

2.14994748 5.8953544 
2.292992709 5.898010697 

2.436037939 5.900666993 
2.292992709 5.898010697 

1.739926057 3.344050519 
1.872875469 3.398488929 

2.005824881 3.452927339 
1.872875469 3.398488929 

3.415978362 7.404773554 
3.389484652 7.317649937 

3.362990941 7.23052632 
3.389484652 7.317649937 

2.962468763 6.82504616 
3.115918747 7.071567878 

3.220172723 2.738173851 
3.317679292 2.649825766 

3.450525375 2.589494008 
3.317679292 2.649825766 

3.195390252 6.472543479 
3.305678008 7.056886533 

3.578334228 8.371759589 
3.728284698 8.248795526 

3.195390252 6.472543479 
3.144495497 6.396442131 

3.093600741 6.320340783 
3.144495497 6.396442131 

2.42348346 2.97544787 
2.579190334 2.922579261 

2.734897207 2.869710653 
2.579190334 2.922579261 

4.607514516 7.306645279 
4.38397364 7.077564249 

4.607514516 7.306645279 
4.696121337 7.399564558 

4.789011493 7.498153794 
4.696121337 7.399564558 

1.641163671 7.119017082 
1.761622955 7.289876425 

1.884894069 7.475809722 
1.761622955 7.289876425 

4.871044347 5.802238703 
5.010785289 5.661278877 

5.138497812 5.52068897 
5.010785289 5.661278877 

2.885150072 2.263876256 
2.766868644 2.314963868 

0.3672457974 8.20492449 
0.8210756731 7.99496458 

1.278444974 7.787813264 
0.8210756731 7.99496458 

5.768277725 7.596477709 
5.647744025 7.544315266 

2.505312348 7.1265137 
2.322805187 7.179106552 

2.119361564 7.221448167 
2.322805187 7.179106552 

1.337839561 7.294107548 
1.110243187 7.150189037 

4.835210446 2.917833997 
4.687559258 3.025156163 

4.53990807 3.132478328 
4.687559258 3.025156163 

2.794323049 0.870458928 
2.839352262 0.8691679263 

2.884381475 0.8678769246 
2.839352262 0.8691679263 

