1.461910978 8.163020311 
1.70855172 7.860723188 

3.194707471 0.8707021633 
2.936060825 1.771030703 

7.428827444 5.46358052 
7.554119719 6.530779267 

2.936060825 1.771030703 
3.571032801 1.766070107 

2.417628117 7.692585095 
2.979965635 7.72088437 

6.288286652 6.530565013 
5.888964369 6.788435451 

3.743548381 7.539608931 
2.979965635 7.72088437 

4.435052676 2.69678931 
4.53525069 3.305493337 

2.023151325 8.028269679 
2.134612313 7.76531215 

5.092768803 6.605577616 
4.730578976 6.803088475 

2.756663686 8.866398273 
3.220654187 8.85921489 

3.578826353 2.128062781 
3.571032801 1.766070107 

2.023151325 8.028269679 
1.952410394 8.215459328 

4.753517538 4.758921569 
4.471534652 4.504793822 

3.578826353 2.128062781 
3.747331895 3.019335861 

5.655589989 4.940095831 
5.61697709 5.515311906 

2.936060825 1.771030703 
3.197369127 1.882199677 

6.288286652 6.530565013 
6.619214005 6.180697455 

1.70855172 7.860723188 
1.655839898 7.097870967 

5.888964369 6.788435451 
6.069825871 6.553610696 

6.498972876 5.215974651 
6.924275494 5.923829748 

2.862022107 2.456483695 
3.067470982 2.311903941 

6.924275494 5.923829748 
6.619214005 6.180697455 

2.756663686 8.866398273 
2.042191342 8.471067268 

2.023151325 8.028269679 
2.417628117 7.692585095 

2.936060825 1.771030703 
2.697372082 2.13993658 

0.7803268003 7.220877545 
0.4392077554 6.738045414 

1.655839898 7.097870967 
1.358023672 7.258760633 

2.919114315 7.158897261 
2.417628117 7.692585095 

1.708230525 3.321095734 
1.868251517 2.836273469 

1.952410394 8.215459328 
1.662609618 8.568417173 

2.092972944 7.214841037 
1.655839898 7.097870967 

3.79820329 0.9110125909 
3.753246013 1.435216215 

7.554119719 6.530779267 
6.935929952 7.056176737 

6.288286652 6.530565013 
6.716264507 6.587689057 

3.747331895 3.019335861 
4.044015745 3.039391048 

1.461910978 8.163020311 
1.268547449 7.786066648 

1.952410394 8.215459328 
1.70855172 7.860723188 

3.15309752 3.305618774 
2.635660165 2.684444959 

1.70855172 7.860723188 
1.875850263 7.680292118 

2.092972944 7.214841037 
1.575328603 6.753895011 

3.79820329 0.9110125909 
3.796755751 1.837524135 

6.498972876 5.215974651 
6.630999751 5.647034043 

4.435052676 2.69678931 
4.949315666 2.526829786 

2.042191342 8.471067268 
1.83421534 8.847889391 

2.223442462 6.391354948 
2.088470663 6.710955622 

6.03773725 7.081097971 
5.888964369 6.788435451 

7.554119719 6.530779267 
6.96432054 6.310286957 

6.619214005 6.180697455 
6.96432054 6.310286957 

3.287862779 2.208940837 
3.067470982 2.311903941 

3.796755751 1.837524135 
3.571032801 1.766070107 

4.202299101 4.159990815 
4.047437251 3.822949398 

4.730578976 6.803088475 
4.672182021 6.469262502 

7.290662681 7.296813056 
6.80700926 7.3829221 

2.919114315 7.158897261 
2.513856217 7.130189162 

1.234270232 9.263848914 
1.25346091 8.766468156 

5.4783691 6.034076119 
5.7919236 6.120398679 

4.471534652 4.504793822 
4.340947333 4.341108605 

4.202299101 4.159990815 
4.340947333 4.341108605 

2.635660165 2.684444959 
2.862022107 2.456483695 

2.417628117 7.692585095 
2.602075459 7.618249555 

6.924275494 5.923829748 
7.297097965 6.13936429 

1.655839898 7.097870967 
1.575328603 6.753895011 

5.191169309 7.315372264 
4.799916388 7.451323787 

6.03773725 7.081097971 
5.718117813 7.378626054 

3.15309752 3.305618774 
3.208289592 2.746976668 

1.868251517 2.836273469 
2.446345944 3.239638586 

2.475162249 1.906236968 
2.697372082 2.13993658 

4.672182021 6.469262502 
4.379491438 6.640875593 

1.662609618 8.568417173 
1.521903858 8.936715316 

2.793209027 8.260105229 
2.979965635 7.72088437 

6.924275494 5.923829748 
6.96432054 6.310286957 

6.498972876 5.215974651 
6.277582025 4.812982899 

2.697372082 2.13993658 
2.145774708 2.337908567 

2.145774708 2.337908567 
2.334970336 2.457829993 

5.718117813 7.378626054 
5.725824026 7.082567705 

0.6947964706 7.61667753 
1.023487167 7.660107592 

1.268547449 7.786066648 
1.023487167 7.660107592 

6.80700926 7.3829221 
6.935929952 7.056176737 

4.240953328 2.345020607 
4.538992384 2.391509707 

1.662609618 8.568417173 
1.83421534 8.847889391 

1.655839898 7.097870967 
1.159173703 6.93380123 

2.092972944 7.214841037 
2.151313429 7.427538959 

1.635217433 1.831422642 
2.145774708 2.337908567 

7.554119719 6.530779267 
7.290662681 7.296813056 

6.546421038 6.88592558 
7.175924207 6.659943347 

1.159173703 6.93380123 
0.7803268003 7.220877545 

6.80700926 7.3829221 
6.898380558 7.772152561 

5.092768803 6.605577616 
5.215169679 6.247760322 

5.4783691 6.034076119 
5.215169679 6.247760322 

5.563996093 7.690062591 
5.748135953 7.775862629 

6.032051543 7.86926637 
5.748135953 7.775862629 

7.175924207 6.659943347 
6.935929952 7.056176737 

3.15309752 3.305618774 
2.98029008 3.409030062 

2.569114184 8.609058889 
2.793209027 8.260105229 

1.70855172 7.860723188 
1.094380912 8.040800683 

1.875850263 7.680292118 
1.896632366 7.469015661 

2.151313429 7.427538959 
1.896632366 7.469015661 

2.979965635 7.72088437 
3.377013634 7.462716185 

3.578826353 2.128062781 
3.796755751 1.837524135 

2.606535521 3.695088589 
2.446345944 3.239638586 

2.334970336 2.457829993 
2.102980841 2.092650193 

6.630999751 5.647034043 
6.924275494 5.923829748 

4.044015745 3.039391048 
4.332784463 3.086384303 

3.197369127 1.882199677 
3.39803054 1.830421088 

3.725411796 8.528392277 
3.105716065 8.361472683 

2.793209027 8.260105229 
3.105716065 8.361472683 

5.718117813 7.378626054 
6.032051543 7.86926637 

3.099437569 6.180638165 
2.736288005 6.29763631 

1.25346091 8.766468156 
1.521903858 8.936715316 

1.461910978 8.163020311 
1.633985832 8.355905205 

4.672182021 6.469262502 
5.215169679 6.247760322 

3.194707471 0.8707021633 
3.449159195 1.021564732 

4.435052676 2.69678931 
4.538992384 2.391509707 

2.023151325 8.028269679 
2.357401792 8.362358582 

2.569114184 8.609058889 
2.357401792 8.362358582 

4.879464324 1.782887748 
4.152235598 1.949338786 

3.578826353 2.128062781 
4.152235598 1.949338786 

6.306053056 8.021876421 
6.181778496 7.385352877 

6.03773725 7.081097971 
6.181778496 7.385352877 

6.716264507 6.587689057 
6.937224109 6.593493699 

3.194707471 0.8707021633 
3.169944205 0.2872664938 

2.446345944 3.239638586 
2.376213797 3.418343404 

7.175924207 6.659943347 
6.937224109 6.593493699 

4.949315666 2.526829786 
4.785903057 2.431865116 

4.538992384 2.391509707 
4.785903057 2.431865116 

5.586627077 6.503290673 
5.769357151 6.507924858 

0.7803268003 7.220877545 
1.079800671 7.437359954 

2.936060825 1.771030703 
2.802420136 1.546505976 

1.159173703 6.93380123 
1.174939502 6.213704747 

5.023871425 8.037379899 
4.389384545 7.60964882 

2.092972944 7.214841037 
2.026968873 7.041653487 

1.023487167 7.660107592 
1.094380912 8.040800683 

3.105716065 8.361472683 
3.069197264 8.058549835 

4.270351297 5.898165364 
4.183079788 6.293643645 

3.914717415 6.829260982 
4.183079788 6.293643645 

3.796755751 1.837524135 
3.90557871 1.558690073 

3.753246013 1.435216215 
3.90557871 1.558690073 

0.3553840704 8.134788826 
0.7147871689 8.337488879 

5.61697709 5.515311906 
5.353372835 5.663152743 

3.578826353 2.128062781 
3.551991814 2.297299873 

7.428827444 5.46358052 
6.959287965 5.635150749 

1.83421534 8.847889391 
1.602997224 9.063973676 

1.234270232 9.263848914 
1.602997224 9.063973676 

2.602075459 7.618249555 
2.151313429 7.427538959 

6.937224109 6.593493699 
6.546421038 6.88592558 

5.7919236 6.120398679 
6.141531438 5.955933328 

3.194707471 0.8707021633 
3.147392675 1.31431254 

3.571032801 1.766070107 
3.147392675 1.31431254 

1.633985832 8.355905205 
1.662609618 8.568417173 

6.259893218 5.658035581 
6.136157416 5.327392209 

0.4392077554 6.738045414 
1.013081203 6.757181676 

1.159173703 6.93380123 
1.013081203 6.757181676 

5.191169309 7.315372264 
5.725824026 7.082567705 

4.730578976 6.803088475 
4.90723632 6.903189482 

3.220654187 8.85921489 
3.22787713 8.563113491 

6.96432054 6.310286957 
6.716264507 6.587689057 

2.307314067 1.42336247 
2.363745662 1.651829081 

2.475162249 1.906236968 
2.363745662 1.651829081 

2.145774708 2.337908567 
2.102980841 2.092650193 

1.36827122 2.291915589 
1.653382108 2.295952375 

6.03773725 7.081097971 
6.290538889 6.855441913 

5.888964369 6.788435451 
6.290538889 6.855441913 

2.602075459 7.618249555 
2.32763468 7.336048346 

2.165585422 9.171560854 
2.107736847 8.782960208 

2.042191342 8.471067268 
2.107736847 8.782960208 

6.935929952 7.056176737 
6.825867864 6.828620677 

6.546421038 6.88592558 
6.825867864 6.828620677 

2.417628117 7.692585095 
2.412053038 8.073145535 

2.357401792 8.362358582 
2.412053038 8.073145535 

7.240105077 7.747556696 
6.898380558 7.772152561 

3.79820329 0.9110125909 
3.586414029 0.7654740628 

4.764674286 5.635078787 
4.892543532 5.814442014 

2.917797989 2.066484573 
3.067470982 2.311903941 

3.067470982 2.311903941 
3.481206913 2.606090664 

2.151313429 7.427538959 
2.32763468 7.336048346 

2.354979358 0.9051412205 
2.251403936 0.6799891024 

6.96432054 6.310286957 
7.168127072 6.254616079 

7.297097965 6.13936429 
7.168127072 6.254616079 

4.389384545 7.60964882 
4.289043437 7.219204923 

4.289043437 7.219204923 
4.591157023 7.296818525 

1.83421534 8.847889391 
2.107736847 8.782960208 

6.306053056 8.021876421 
5.578317418 7.962876311 

7.064534399 5.158836042 
7.083238787 5.388414066 

2.979965635 7.72088437 
2.602075459 7.618249555 

5.578317418 7.962876311 
5.563996093 7.690062591 

1.094380912 8.040800683 
1.268547449 7.786066648 

0.3553840704 8.134788826 
0.6451965124 7.991517862 

1.868251517 2.836273469 
2.003678346 2.537726589 

2.145774708 2.337908567 
2.003678346 2.537726589 

2.979965635 7.72088437 
2.412053038 8.073145535 

4.461966133 1.28608414 
3.90557871 1.558690073 

2.979965635 7.72088437 
2.715117025 8.014552648 

5.655589989 4.940095831 
5.501756462 4.771447618 

5.149698305 4.802024761 
5.501756462 4.771447618 

5.725824026 7.082567705 
5.502224626 7.017674963 

3.105716065 8.361472683 
3.22787713 8.563113491 

6.069825871 6.553610696 
6.020477623 6.327475935 

5.7919236 6.120398679 
6.020477623 6.327475935 

4.588821693 1.774565363 
4.152235598 1.949338786 

4.047437251 3.822949398 
3.734332536 3.928291475 

2.569114184 8.609058889 
2.591770371 8.917223423 

3.169944205 0.2872664938 
3.348759145 0.6848829616 

3.449159195 1.021564732 
3.348759145 0.6848829616 

3.747331895 3.019335861 
3.744395209 3.263377102 

2.606535521 3.695088589 
2.376213797 3.418343404 

2.635660165 2.684444959 
2.64117877 3.193372417 

2.102980841 2.092650193 
2.697372082 2.13993658 

4.270351297 5.898165364 
4.72737978 6.295927361 

5.092768803 6.605577616 
4.72737978 6.295927361 

1.850399721 6.327869004 
1.575328603 6.753895011 

1.850399721 6.327869004 
1.929344879 6.164690591 

6.181778496 7.385352877 
5.718117813 7.378626054 

2.134612313 7.76531215 
2.258755175 7.503026219 

2.513856217 7.130189162 
2.258755175 7.503026219 

3.22787713 8.563113491 
3.353349633 8.410888638 

2.697372082 2.13993658 
2.468303346 2.167173666 

2.102980841 2.092650193 
1.82246116 2.161144296 

3.832361467 2.571156472 
3.611728016 2.516145365 

3.551991814 2.297299873 
3.611728016 2.516145365 

2.151313429 7.427538959 
2.258755175 7.503026219 

2.848704488 6.648809485 
3.299659906 6.449015554 

4.949315666 2.526829786 
5.059625422 2.177685935 

6.937224109 6.593493699 
7.255722657 6.548245432 

7.554119719 6.530779267 
7.255722657 6.548245432 

6.80700926 7.3829221 
6.562237242 7.394703883 

1.70855172 7.860723188 
1.459212427 7.980211805 

6.259893218 5.658035581 
5.886735946 5.600250654 

7.472666562 6.915109056 
7.394037667 6.664834387 

7.175924207 6.659943347 
7.394037667 6.664834387 

4.461966133 1.28608414 
4.127071028 1.435076716 

3.796755751 1.837524135 
4.127071028 1.435076716 

6.020477623 6.327475935 
6.141531438 5.955933328 

1.459212427 7.980211805 
1.461910978 8.163020311 

1.575328603 6.753895011 
1.663147785 6.419328191 

1.079800671 7.437359954 
0.483178409 7.478660829 

2.502309535 5.985420792 
2.694192398 6.126190676 

2.736288005 6.29763631 
2.694192398 6.126190676 

2.793209027 8.260105229 
2.357401792 8.362358582 

2.862022107 2.456483695 
2.877006184 2.255469334 

2.917797989 2.066484573 
2.877006184 2.255469334 

1.159173703 6.93380123 
1.358023672 7.258760633 

2.376213797 3.418343404 
2.180979824 3.358542345 

2.32763468 7.336048346 
2.258755175 7.503026219 

1.079800671 7.437359954 
1.268547449 7.786066648 

1.079800671 7.437359954 
1.127112626 7.151894702 

1.159173703 6.93380123 
1.127112626 7.151894702 

4.72737978 6.295927361 
4.672182021 6.469262502 

3.914717415 6.829260982 
3.86961295 7.205549687 

3.743548381 7.539608931 
3.86961295 7.205549687 

2.64117877 3.193372417 
2.446345944 3.239638586 

2.088470663 6.710955622 
1.940570474 6.887195819 

2.026968873 7.041653487 
1.940570474 6.887195819 

3.15309752 3.305618774 
3.242839287 3.547009357 

5.149698305 4.802024761 
4.921524469 4.930891775 

4.753517538 4.758921569 
4.921524469 4.930891775 

5.655589989 4.940095831 
5.882662864 4.759908855 

1.023487167 7.660107592 
1.079800671 7.437359954 

2.307314067 1.42336247 
2.055118857 1.351576625 

3.194707471 0.8707021633 
2.915635914 0.8546085296 

2.756663686 8.866398273 
2.591770371 8.917223423 

5.586627077 6.503290673 
5.619574225 6.722599 

0.7147871689 8.337488879 
0.6451965124 7.991517862 

7.554119719 6.530779267 
7.586494308 6.232478115 

4.289043437 7.219204923 
3.914717415 6.829260982 

2.223442462 6.391354948 
1.929344879 6.164690591 

6.649508792 8.239379664 
6.774867992 7.967854336 

6.898380558 7.772152561 
6.774867992 7.967854336 

1.653382108 2.295952375 
1.613543746 2.423587297 

1.635217433 1.831422642 
1.82246116 2.161144296 

2.793209027 8.260105229 
3.069197264 8.058549835 

1.923731454 1.527250231 
1.904101515 1.702489912 

5.619574225 6.722599 
5.888964369 6.788435451 

2.936060825 1.771030703 
2.917797989 2.066484573 

4.461966133 1.28608414 
4.550798568 1.614474756 

2.412053038 8.073145535 
2.715117025 8.014552648 

3.586414029 0.7654740628 
3.51540443 0.5155835124 

4.730578976 6.803088475 
4.501001806 6.962975004 

2.165585422 9.171560854 
1.769938127 9.28181967 

0.7803268003 7.220877545 
1.127112626 7.151894702 

3.611728016 2.516145365 
3.481206913 2.606090664 

3.197369127 1.882199677 
3.204116594 2.126757759 

3.287862779 2.208940837 
3.204116594 2.126757759 

1.36827122 2.291915589 
1.613543746 2.423587297 

1.952410394 8.215459328 
1.718560453 8.204131988 

1.633985832 8.355905205 
1.718560453 8.204131988 

2.630875525 0.4976376239 
2.749197563 0.7953227482 

3.067470982 2.311903941 
2.877006184 2.255469334 

4.435052676 2.69678931 
4.339661671 2.852545898 

2.979965635 7.72088437 
3.319947396 8.060391357 

3.725411796 8.528392277 
3.319947396 8.060391357 

1.82246116 2.161144296 
1.653382108 2.295952375 

2.513856217 7.130189162 
2.71060354 7.315569107 

4.332784463 3.086384303 
4.339661671 2.852545898 

2.848704488 6.648809485 
2.960444459 6.832412055 

2.102980841 2.092650193 
2.468303346 2.167173666 

3.208289592 2.746976668 
3.011053217 2.740011107 

2.92920398 2.935372351 
3.011053217 2.740011107 

2.417628117 7.692585095 
2.715117025 8.014552648 

2.715117025 8.014552648 
2.793209027 8.260105229 

5.563996093 7.690062591 
5.245102741 7.728277401 

0.7803268003 7.220877545 
1.013081203 6.757181676 

0.483178409 7.478660829 
0.6345670062 7.335912899 

4.53525069 3.305493337 
4.538989639 3.132569523 

4.332784463 3.086384303 
4.538989639 3.132569523 

4.892543532 5.814442014 
5.073429392 5.941774622 

2.639025717 9.457079526 
2.749512001 9.133776133 

2.756663686 8.866398273 
2.749512001 9.133776133 

6.825867864 6.828620677 
6.716264507 6.587689057 

3.743548381 7.539608931 
4.085880823 7.625242614 

4.389384545 7.60964882 
4.085880823 7.625242614 

3.39803054 1.830421088 
3.420986346 1.650294781 

3.571032801 1.766070107 
3.420986346 1.650294781 

1.923731454 1.527250231 
2.055118857 1.351576625 

3.449159195 1.021564732 
3.586414029 0.7654740628 

6.136157416 5.327392209 
6.299427668 5.406433411 

6.498972876 5.215974651 
6.299427668 5.406433411 

0.7953084712 8.771321222 
0.5889346048 8.615975502 

2.936060825 1.771030703 
3.022416782 1.562512071 

5.718117813 7.378626054 
5.433232249 7.675522302 

5.023871425 8.037379899 
5.433232249 7.675522302 

7.168127072 6.254616079 
7.255722657 6.548245432 

2.223442462 6.391354948 
2.285811281 6.151243063 

6.924275494 5.923829748 
6.959287965 5.635150749 

2.134612313 7.76531215 
2.072508465 7.643767205 

1.896632366 7.469015661 
2.072508465 7.643767205 

1.358023672 7.258760633 
0.9391845041 6.981070291 

6.924275494 5.923829748 
7.156425705 5.847573503 

3.353349633 8.410888638 
3.56700938 8.359316361 

2.417628117 7.692585095 
2.258755175 7.503026219 

3.79820329 0.9110125909 
4.10418537 0.6422994595 

5.886735946 5.600250654 
6.136157416 5.327392209 

1.461910978 8.163020311 
1.524150311 8.409272733 

1.662609618 8.568417173 
1.524150311 8.409272733 

2.793209027 8.260105229 
2.81933704 8.507331924 

5.191169309 7.315372264 
5.245102741 7.728277401 

4.325398815 0.9399459948 
4.12794331 0.9229899595 

2.81933704 8.507331924 
2.569114184 8.609058889 

6.716264507 6.587689057 
6.609787213 6.690506816 

6.546421038 6.88592558 
6.609787213 6.690506816 

5.353372835 5.663152743 
5.073429392 5.941774622 

2.697372082 2.13993658 
2.917797989 2.066484573 

0.6451965124 7.991517862 
0.6947964706 7.61667753 

6.649508792 8.239379664 
6.984608965 8.012332339 

5.769357151 6.507924858 
5.902653929 6.515508816 

0.6451965124 7.991517862 
0.8621503424 7.877411695 

1.023487167 7.660107592 
0.8621503424 7.877411695 

0.9391845041 6.981070291 
1.159173703 6.93380123 

4.550798568 1.614474756 
4.317887617 1.565282137 

4.127071028 1.435076716 
4.317887617 1.565282137 

4.152235598 1.949338786 
3.950109905 2.106084065 

1.613543746 2.423587297 
1.540763213 2.483436914 

3.320528307 3.868101983 
3.195601988 3.63220216 

2.98029008 3.409030062 
3.195601988 3.63220216 

2.697372082 2.13993658 
2.877006184 2.255469334 

5.215169679 6.247760322 
4.952237003 6.31805462 

4.72737978 6.295927361 
4.952237003 6.31805462 

4.764674286 5.635078787 
5.155524104 5.467720686 

1.663147785 6.419328191 
1.850399721 6.327869004 

3.022416782 1.562512071 
2.802420136 1.546505976 

2.919114315 7.158897261 
2.71060354 7.315569107 

2.736288005 6.29763631 
2.73096284 6.492980125 

4.289043437 7.219204923 
3.86961295 7.205549687 

1.174939502 6.213704747 
1.104508371 6.568774287 

1.013081203 6.757181676 
1.104508371 6.568774287 

1.575328603 6.753895011 
1.159173703 6.93380123 

3.147392675 1.31431254 
3.005419689 1.349144371 

3.022416782 1.562512071 
3.005419689 1.349144371 

1.174939502 6.213704747 
1.350867298 6.525653856 

1.575328603 6.753895011 
1.350867298 6.525653856 

0.6947964706 7.61667753 
0.5448785918 7.628539852 

6.619214005 6.180697455 
6.347360217 6.173696792 

7.394037667 6.664834387 
7.255722657 6.548245432 

4.53525069 3.305493337 
4.836118972 2.91710471 

4.949315666 2.526829786 
4.836118972 2.91710471 

4.672182021 6.469262502 
4.952237003 6.31805462 

4.270351297 5.898165364 
4.481494755 6.174384625 

2.223442462 6.391354948 
2.736288005 6.29763631 

6.277582025 4.812982899 
6.02314824 4.820773107 

5.882662864 4.759908855 
6.02314824 4.820773107 

3.194707471 0.8707021633 
3.348759145 0.6848829616 

1.649803231 1.359371887 
1.876432019 1.062046531 

1.965147007 0.8175418949 
1.876432019 1.062046531 

6.825867864 6.828620677 
6.609787213 6.690506816 

0.3553840704 8.134788826 
0.7354943828 8.102746973 

1.094380912 8.040800683 
0.7354943828 8.102746973 

2.635660165 2.684444959 
3.011053217 2.740011107 

5.502224626 7.017674963 
5.667050057 6.893416121 

5.619574225 6.722599 
5.667050057 6.893416121 

4.588821693 1.774565363 
4.710066778 1.834097252 

4.879464324 1.782887748 
4.710066778 1.834097252 

1.521903858 8.936715316 
1.365199298 9.074167336 

4.90723632 6.903189482 
4.999595339 7.185936479 

5.191169309 7.315372264 
4.999595339 7.185936479 

2.591770371 8.917223423 
2.749512001 9.133776133 

4.921524469 4.930891775 
4.84676097 5.18508004 

7.064534399 5.158836042 
6.871554306 5.399857501 

6.630999751 5.647034043 
6.871554306 5.399857501 

4.84676097 5.18508004 
4.709484048 5.324890181 

1.25346091 8.766468156 
1.524150311 8.409272733 

6.959287965 5.635150749 
6.871554306 5.399857501 

4.12794331 0.9229899595 
4.102313732 0.8296039801 

2.468303346 2.167173666 
2.475162249 1.906236968 

2.802420136 1.546505976 
2.60278055 1.616618915 

2.363745662 1.651829081 
2.60278055 1.616618915 

3.743548381 7.539608931 
3.319947396 8.060391357 

3.743548381 7.539608931 
3.737406351 7.986402103 

3.287862779 2.208940837 
3.113782119 2.12256719 

2.917797989 2.066484573 
3.113782119 2.12256719 

5.023871425 8.037379899 
4.956659752 7.670894235 

4.799916388 7.451323787 
4.956659752 7.670894235 

4.591157023 7.296818525 
4.501001806 6.962975004 

2.475162249 1.906236968 
2.60278055 1.616618915 

3.503257811 3.256926932 
3.62834523 3.267822021 

3.744395209 3.263377102 
3.62834523 3.267822021 

3.578826353 2.128062781 
3.204116594 2.126757759 

1.625021593 7.499467294 
1.896632366 7.469015661 

2.023151325 8.028269679 
2.242542875 8.072934434 

2.412053038 8.073145535 
2.242542875 8.072934434 

6.959287965 5.635150749 
7.156425705 5.847573503 

3.33277846 7.029838022 
3.1139782 7.067072088 

2.919114315 7.158897261 
3.1139782 7.067072088 

1.875850263 7.680292118 
2.072508465 7.643767205 

3.099437569 6.180638165 
2.694192398 6.126190676 

5.059625422 2.177685935 
4.971880219 1.985926586 

4.879464324 1.782887748 
4.971880219 1.985926586 

4.72737978 6.295927361 
4.481494755 6.174384625 

1.655839898 7.097870967 
1.940570474 6.887195819 

2.165585422 9.171560854 
2.367157189 8.883734613 

2.569114184 8.609058889 
2.367157189 8.883734613 

1.655839898 7.097870967 
1.710957284 7.349749368 

1.625021593 7.499467294 
1.710957284 7.349749368 

4.127071028 1.435076716 
4.325398815 0.9399459948 

7.290662681 7.296813056 
7.193912949 7.09602718 

3.105716065 8.361472683 
2.81933704 8.507331924 

2.81933704 8.507331924 
2.995596377 8.637248593 

5.092768803 6.605577616 
4.952237003 6.31805462 

1.358023672 7.258760633 
1.710957284 7.349749368 

2.606535521 3.695088589 
2.672357891 3.42637362 

2.64117877 3.193372417 
2.672357891 3.42637362 

6.871554306 5.399857501 
7.083238787 5.388414066 

4.785903057 2.431865116 
4.576424832 2.596148539 

4.435052676 2.69678931 
4.576424832 2.596148539 

3.113782119 2.12256719 
3.204116594 2.126757759 

4.709484048 5.324890181 
4.843994098 5.426379014 

4.764674286 5.635078787 
4.843994098 5.426379014 

4.325398815 0.9399459948 
4.102313732 0.8296039801 

1.461910978 8.163020311 
1.718560453 8.204131988 

3.578826353 2.128062781 
3.418520232 2.040464747 

3.197369127 1.882199677 
3.418520232 2.040464747 

6.032051543 7.86926637 
6.081249995 8.139082911 

2.023151325 8.028269679 
1.875850263 7.680292118 

6.288286652 6.530565013 
6.222489606 6.728918042 

6.290538889 6.855441913 
6.222489606 6.728918042 

3.067470982 2.311903941 
3.113782119 2.12256719 

3.069197264 8.058549835 
3.319947396 8.060391357 

3.220654187 8.85921489 
3.06673601 8.694074984 

2.995596377 8.637248593 
3.06673601 8.694074984 

5.433232249 7.675522302 
5.563996093 7.690062591 

2.635660165 2.684444959 
2.736033014 2.867412614 

2.92920398 2.935372351 
2.736033014 2.867412614 

7.554119719 6.530779267 
7.622940287 6.727135495 

3.208289592 2.746976668 
3.084538489 2.510233071 

3.067470982 2.311903941 
3.084538489 2.510233071 

2.630875525 0.4976376239 
2.391734047 0.6945080022 

2.251403936 0.6799891024 
2.391734047 0.6945080022 

1.601249928 5.986631112 
1.714948333 6.170809427 

1.663147785 6.419328191 
1.714948333 6.170809427 

3.099437569 6.180638165 
3.093860104 6.31741273 

3.084538489 2.510233071 
2.862022107 2.456483695 

5.023871425 8.037379899 
5.149134108 7.889914582 

5.245102741 7.728277401 
5.149134108 7.889914582 

2.354979358 0.9051412205 
2.466349547 0.7037715604 

2.639025717 9.457079526 
2.548465261 9.136217957 

2.591770371 8.917223423 
2.548465261 9.136217957 

3.449159195 1.021564732 
3.257494639 1.133195733 

3.147392675 1.31431254 
3.257494639 1.133195733 

2.180979824 3.358542345 
2.096307532 3.494666359 

4.127071028 1.435076716 
4.022141461 1.461331238 

3.90557871 1.558690073 
4.022141461 1.461331238 

1.36827122 2.291915589 
1.540763213 2.483436914 

1.36827122 2.291915589 
1.59150578 2.055724793 

1.635217433 1.831422642 
1.59150578 2.055724793 

0.7354943828 8.102746973 
0.6451965124 7.991517862 

7.297097965 6.13936429 
7.398071648 6.194171972 

4.240953328 2.345020607 
4.435052676 2.69678931 

4.152235598 1.949338786 
4.272239051 2.130579476 

2.630875525 0.4976376239 
2.510059055 0.5811170397 

2.466349547 0.7037715604 
2.510059055 0.5811170397 

1.079800671 7.437359954 
1.258241347 7.421711923 

5.092768803 6.605577616 
4.90723632 6.903189482 

5.586627077 6.503290673 
5.3512934 6.633799654 

1.234270232 9.263848914 
1.384527849 8.664299373 

3.51540443 0.5155835124 
3.364476584 0.4908314279 

4.501001806 6.962975004 
4.379491438 6.640875593 

0.9391845041 6.981070291 
0.7803268003 7.220877545 

2.602075459 7.618249555 
2.729174288 7.552010389 

7.168127072 6.254616079 
7.398071648 6.194171972 

2.357401792 8.362358582 
2.180497714 8.382491488 

2.042191342 8.471067268 
2.180497714 8.382491488 

6.984608965 8.012332339 
6.898380558 7.772152561 

0.4392077554 6.738045414 
0.7273879068 6.619593637 

0.7354943828 8.102746973 
0.7147871689 8.337488879 

0.7147871689 8.337488879 
0.7006187794 8.496544904 

6.259893218 5.658035581 
6.630999751 5.647034043 

7.240105077 7.747556696 
7.190057739 7.537655574 

1.25346091 8.766468156 
1.384527849 8.664299373 

3.320528307 3.868101983 
3.56644825 3.863107743 

3.734332536 3.928291475 
3.56644825 3.863107743 

5.718117813 7.378626054 
5.78624983 7.593014399 

5.748135953 7.775862629 
5.78624983 7.593014399 

1.094380912 8.040800683 
0.8621503424 7.877411695 

1.25346091 8.766468156 
1.04014962 8.693649304 

0.7953084712 8.771321222 
1.04014962 8.693649304 

2.134612313 7.76531215 
2.242542875 8.072934434 

4.289043437 7.219204923 
4.017564683 7.419475677 

3.743548381 7.539608931 
4.017564683 7.419475677 

2.475162249 1.906236968 
2.669646225 1.703007383 

2.802420136 1.546505976 
2.669646225 1.703007383 

2.134612313 7.76531215 
2.240924903 7.729875897 

2.417628117 7.692585095 
2.240924903 7.729875897 

3.194707471 0.8707021633 
3.257494639 1.133195733 

6.306053056 8.021876421 
6.467887385 8.21371385 

2.023151325 8.028269679 
2.336838354 7.894890301 

6.277582025 4.812982899 
6.196072764 5.07258786 

6.136157416 5.327392209 
6.196072764 5.07258786 

2.979965635 7.72088437 
3.009347235 7.914745507 

3.069197264 8.058549835 
3.009347235 7.914745507 

2.336838354 7.894890301 
2.240924903 7.729875897 

6.716264507 6.587689057 
6.583759171 6.438565115 

4.085880823 7.625242614 
4.017564683 7.419475677 

6.583759171 6.438565115 
6.609787213 6.690506816 

6.259893218 5.658035581 
6.014500753 5.863031054 

5.7919236 6.120398679 
6.014500753 5.863031054 

2.336838354 7.894890301 
2.417628117 7.692585095 

0.8534672612 6.456422818 
1.049076201 6.376082302 

2.334970336 2.457829993 
2.435581987 2.336199834 

2.468303346 2.167173666 
2.435581987 2.336199834 

5.3512934 6.633799654 
5.619574225 6.722599 

2.502309535 5.985420792 
2.436260751 5.902112363 

2.729174288 7.552010389 
2.979965635 7.72088437 

2.715117025 8.014552648 
3.009347235 7.914745507 

4.183079788 6.293643645 
4.481494755 6.174384625 

6.825867864 6.828620677 
6.866166563 6.703185656 

6.937224109 6.593493699 
6.866166563 6.703185656 

4.183079788 6.293643645 
4.250297298 6.479042758 

4.379491438 6.640875593 
4.250297298 6.479042758 

5.725824026 7.082567705 
5.667050057 6.893416121 

5.888964369 6.788435451 
5.667050057 6.893416121 

7.398071648 6.194171972 
7.471747972 6.222283702 

7.083238787 5.388414066 
7.428827444 5.46358052 

2.635660165 2.684444959 
2.427401439 2.969980779 

2.446345944 3.239638586 
2.427401439 2.969980779 

3.348759145 0.6848829616 
3.586414029 0.7654740628 

4.843994098 5.426379014 
5.155524104 5.467720686 

5.023871425 8.037379899 
5.153707773 7.603078191 

5.191169309 7.315372264 
5.153707773 7.603078191 

4.240953328 2.345020607 
4.300243637 2.213889212 

4.272239051 2.130579476 
4.300243637 2.213889212 

2.32763468 7.336048346 
2.092972944 7.214841037 

5.4783691 6.034076119 
5.236389639 5.994754652 

5.073429392 5.941774622 
5.236389639 5.994754652 

7.083238787 5.388414066 
7.035339687 5.517051303 

6.959287965 5.635150749 
7.035339687 5.517051303 

4.044015745 3.039391048 
4.164127833 2.895316683 

4.339661671 2.852545898 
4.164127833 2.895316683 

6.546421038 6.88592558 
6.222489606 6.728918042 

7.255722657 6.548245432 
7.175924207 6.659943347 

6.020477623 6.327475935 
5.840068081 6.381429265 

5.769357151 6.507924858 
5.840068081 6.381429265 

6.141531438 5.955933328 
6.014500753 5.863031054 

1.601249928 5.986631112 
1.794160577 6.072534098 

1.929344879 6.164690591 
1.794160577 6.072534098 

2.336838354 7.894890301 
2.412053038 8.073145535 

1.268547449 7.786066648 
1.353133181 7.904469729 

1.459212427 7.980211805 
1.353133181 7.904469729 

4.461966133 1.28608414 
4.37300127 1.151481927 

4.764674286 5.635078787 
4.949655314 5.227229455 

5.149698305 4.802024761 
4.949655314 5.227229455 

5.902653929 6.515508816 
5.840068081 6.381429265 

1.82246116 2.161144296 
1.59150578 2.055724793 

0.4392077554 6.738045414 
0.6814634394 6.861654559 

0.9391845041 6.981070291 
0.6814634394 6.861654559 

6.96432054 6.310286957 
6.583759171 6.438565115 

0.5889346048 8.615975502 
0.6585447414 8.554871897 

0.7006187794 8.496544904 
0.6585447414 8.554871897 

1.625021593 7.499467294 
1.358023672 7.258760633 

1.769938127 9.28181967 
1.694917333 9.16488737 

1.602997224 9.063973676 
1.694917333 9.16488737 

3.737406351 7.986402103 
3.56700938 8.359316361 

1.625021593 7.499467294 
1.765065699 7.582561059 

1.875850263 7.680292118 
1.765065699 7.582561059 

1.998251151 3.408278363 
1.945222961 3.44927655 

1.708230525 3.321095734 
1.945222961 3.44927655 

1.350867298 6.525653856 
1.104508371 6.568774287 

1.524150311 8.409272733 
1.633985832 8.355905205 

2.14994748 5.8953544 
2.224453597 6.000078704 

2.285811281 6.151243063 
2.224453597 6.000078704 

4.843994098 5.426379014 
4.949655314 5.227229455 

3.364476584 0.4908314279 
3.348538916 0.3960153049 

1.649803231 1.359371887 
1.929982278 1.321229848 

2.055118857 1.351576625 
1.929982278 1.321229848 

2.180497714 8.382491488 
2.242542875 8.072934434 

3.950109905 2.106084065 
3.955738915 1.905681156 

3.796755751 1.837524135 
3.955738915 1.905681156 

2.042191342 8.471067268 
1.662609618 8.568417173 

1.094380912 8.040800683 
1.353133181 7.904469729 

2.223442462 6.391354948 
2.032851419 6.359752742 

1.850399721 6.327869004 
2.032851419 6.359752742 

1.923731454 1.527250231 
1.929982278 1.321229848 

5.725824026 7.082567705 
5.873302517 7.09418777 

6.03773725 7.081097971 
5.873302517 7.09418777 

1.36827122 2.291915589 
1.622052078 2.207786203 

1.82246116 2.161144296 
1.622052078 2.207786203 

4.10418537 0.6422994595 
4.095302867 0.7455528844 

4.102313732 0.8296039801 
4.095302867 0.7455528844 

3.320528307 3.868101983 
3.368439748 3.719529144 

3.242839287 3.547009357 
3.368439748 3.719529144 

5.578317418 7.962876311 
5.41641642 8.170940485 

0.8534672612 6.456422818 
0.7912627891 6.537689607 

0.7273879068 6.619593637 
0.7912627891 6.537689607 

2.936060825 1.771030703 
2.669646225 1.703007383 

7.156425705 5.847573503 
7.237491172 5.715367497 

2.096307532 3.494666359 
2.049230442 3.462494678 

1.998251151 3.408278363 
2.049230442 3.462494678 

2.98029008 3.409030062 
2.806260596 3.552870853 

5.023871425 8.037379899 
5.196483035 8.123433542 

5.215169679 6.247760322 
5.236389639 5.994754652 

3.348759145 0.6848829616 
3.364476584 0.4908314279 

6.546421038 6.88592558 
6.380987249 6.687299995 

6.288286652 6.530565013 
6.380987249 6.687299995 

3.481206913 2.606090664 
3.326888022 2.361097387 

3.287862779 2.208940837 
3.326888022 2.361097387 

3.220654187 8.85921489 
2.866131119 8.688390343 

2.569114184 8.609058889 
2.866131119 8.688390343 

3.753246013 1.435216215 
3.643207355 1.586911459 

3.571032801 1.766070107 
3.643207355 1.586911459 

5.196483035 8.123433542 
5.149134108 7.889914582 

2.072508465 7.643767205 
2.098609132 7.555859418 

2.151313429 7.427538959 
2.098609132 7.555859418 

1.868251517 2.836273469 
1.69211901 2.727481037 

2.802420136 1.546505976 
2.898374953 1.421248314 

3.005419689 1.349144371 
2.898374953 1.421248314 

6.546421038 6.88592558 
6.422106167 6.856913605 

6.290538889 6.855441913 
6.422106167 6.856913605 

3.832361467 2.571156472 
4.240953328 2.345020607 

3.832361467 2.571156472 
3.688424213 2.351156934 

3.578826353 2.128062781 
3.688424213 2.351156934 

2.354979358 0.9051412205 
2.391734047 0.6945080022 

3.242839287 3.547009357 
3.195601988 3.63220216 

2.606535521 3.695088589 
2.265137814 3.551580725 

6.141531438 5.955933328 
6.213666876 5.811454968 

6.259893218 5.658035581 
6.213666876 5.811454968 

2.510059055 0.5811170397 
2.391734047 0.6945080022 

1.663147785 6.419328191 
1.350867298 6.525653856 

2.088470663 6.710955622 
1.807292665 6.741976962 

1.575328603 6.753895011 
1.807292665 6.741976962 

1.896632366 7.469015661 
1.710957284 7.349749368 

5.153707773 7.603078191 
4.956659752 7.670894235 

7.237491172 5.715367497 
7.303889201 5.622867131 

3.725411796 8.528392277 
3.726389358 8.255358337 

3.737406351 7.986402103 
3.726389358 8.255358337 

1.622052078 2.207786203 
1.653382108 2.295952375 

5.886735946 5.600250654 
5.73754299 5.58368938 

5.61697709 5.515311906 
5.73754299 5.58368938 

3.287862779 2.208940837 
3.418520232 2.040464747 

7.586494308 6.232478115 
7.52958391 6.216056865 

7.471747972 6.222283702 
7.52958391 6.216056865 

2.697372082 2.13993658 
2.767972363 2.314930583 

2.862022107 2.456483695 
2.767972363 2.314930583 

5.888964369 6.788435451 
5.719750014 6.638906933 

5.586627077 6.503290673 
5.719750014 6.638906933 

4.270351297 5.898165364 
4.841035914 5.990830611 

5.4783691 6.034076119 
4.841035914 5.990830611 

2.513856217 7.130189162 
2.41942402 7.237626625 

2.32763468 7.336048346 
2.41942402 7.237626625 

3.33277846 7.029838022 
3.363405687 7.228901101 

4.764674286 5.635078787 
4.841035914 5.990830611 

6.306053056 8.021876421 
6.198494731 8.002228513 

2.265137814 3.551580725 
2.007157643 3.454079746 

4.047437251 3.822949398 
4.282271636 3.567792687 

4.53525069 3.305493337 
4.282271636 3.567792687 

3.747331895 3.019335861 
3.62834523 3.267822021 

4.892543532 5.814442014 
4.841035914 5.990830611 

6.935929952 7.056176737 
7.058512404 6.962388621 

5.769357151 6.507924858 
5.719750014 6.638906933 

1.234270232 9.263848914 
1.36390317 9.167078447 

1.365199298 9.074167336 
1.36390317 9.167078447 

1.414079083 2.681228455 
1.508396245 2.606527404 

1.540763213 2.483436914 
1.508396245 2.606527404 

3.551991814 2.297299873 
3.688424213 2.351156934 

6.498972876 5.215974651 
6.754967901 5.160262665 

7.064534399 5.158836042 
6.754967901 5.160262665 

2.715117025 8.014552648 
2.526958895 7.933937382 

2.336838354 7.894890301 
2.526958895 7.933937382 

6.069825871 6.553610696 
5.979133466 6.529089 

5.902653929 6.515508816 
5.979133466 6.529089 

4.152235598 1.949338786 
3.955738915 1.905681156 

7.428827444 5.46358052 
7.353914112 5.582789616 

7.303889201 5.622867131 
7.353914112 5.582789616 

7.240105077 7.747556696 
7.091436414 7.844856808 

6.984608965 8.012332339 
7.091436414 7.844856808 

3.420986346 1.650294781 
3.284525603 1.460902182 

3.147392675 1.31431254 
3.284525603 1.460902182 

6.181778496 7.385352877 
6.032051543 7.86926637 

2.756663686 8.866398273 
2.866131119 8.688390343 

5.196483035 8.123433542 
5.293207468 8.118777619 

4.501001806 6.962975004 
4.362526287 7.049755779 

4.289043437 7.219204923 
4.362526287 7.049755779 

5.840068081 6.381429265 
5.586627077 6.503290673 

6.181778496 7.385352877 
6.375288181 7.376489877 

6.562237242 7.394703883 
6.375288181 7.376489877 

2.81933704 8.507331924 
2.866131119 8.688390343 

1.952410394 8.215459328 
2.180497714 8.382491488 

7.472666562 6.915109056 
7.582972767 6.818425634 

7.622940287 6.727135495 
7.582972767 6.818425634 

1.384527849 8.664299373 
1.524150311 8.409272733 

3.39803054 1.830421088 
3.418520232 2.040464747 

1.952410394 8.215459328 
2.001543801 8.341327969 

2.042191342 8.471067268 
2.001543801 8.341327969 

2.729174288 7.552010389 
2.737697878 7.443616927 

2.71060354 7.315569107 
2.737697878 7.443616927 

5.718117813 7.378626054 
5.648566069 7.545094313 

5.563996093 7.690062591 
5.648566069 7.545094313 

3.914717415 6.829260982 
4.134299994 6.721911876 

4.379491438 6.640875593 
4.134299994 6.721911876 

2.749197563 0.7953227482 
2.788539409 0.8671616917 

1.461910978 8.163020311 
1.396254522 8.391415783 

1.384527849 8.664299373 
1.396254522 8.391415783 

0.6947964706 7.61667753 
0.483178409 7.478660829 

1.896632366 7.469015661 
1.765065699 7.582561059 

2.165585422 9.171560854 
2.389757669 9.321366445 

2.639025717 9.457079526 
2.389757669 9.321366445 

2.307314067 1.42336247 
2.628400802 1.581698875 

2.936060825 1.771030703 
2.628400802 1.581698875 

6.222489606 6.728918042 
6.380987249 6.687299995 

5.092768803 6.605577616 
5.215166761 6.654371791 

5.3512934 6.633799654 
5.215166761 6.654371791 

5.245102741 7.728277401 
5.153707773 7.603078191 

1.965147007 0.8175418949 
2.079578873 0.7211919958 

2.251403936 0.6799891024 
2.079578873 0.7211919958 

1.940570474 6.887195819 
1.807292665 6.741976962 

0.5448785918 7.628539852 
0.5150536082 7.563326464 

0.483178409 7.478660829 
0.5150536082 7.563326464 

2.513856217 7.130189162 
2.960444459 6.832412055 

2.14994748 5.8953544 
2.292992709 5.898010697 

2.436260751 5.902112363 
2.292992709 5.898010697 

1.708230525 3.321095734 
1.870977017 3.397479022 

2.007157643 3.454079746 
1.870977017 3.397479022 

3.377013634 7.462716185 
3.388409016 7.320997695 

3.363405687 7.228901101 
3.388409016 7.320997695 

2.960444459 6.832412055 
3.1139782 7.067072088 

3.208289592 2.746976668 
3.344183079 2.676935802 

3.481206913 2.606090664 
3.344183079 2.676935802 

3.299659906 6.449015554 
3.33277846 7.029838022 

3.56700938 8.359316361 
3.726389358 8.255358337 

3.093860104 6.31741273 
3.146523542 6.396475432 

2.427401439 2.969980779 
2.580185038 2.919004682 

2.736033014 2.867412614 
2.580185038 2.919004682 

4.591157023 7.296818525 
4.362526287 7.049755779 

4.591157023 7.296818525 
4.696293893 7.397940429 

4.799916388 7.451323787 
4.696293893 7.397940429 

1.655839898 7.097870967 
1.757083988 7.274564504 

1.896632366 7.469015661 
1.757083988 7.274564504 

4.892543532 5.814442014 
5.041728639 5.671435032 

5.155524104 5.467720686 
5.041728639 5.671435032 

2.877006184 2.255469334 
2.767972363 2.314930583 

0.3553840704 8.134788826 
0.8136489402 7.996996299 

1.268547449 7.786066648 
0.8136489402 7.996996299 

5.78624983 7.593014399 
5.648566069 7.545094313 

2.513856217 7.130189162 
2.296655271 7.143777006 

2.092972944 7.214841037 
2.296655271 7.143777006 

1.358023672 7.258760633 
1.127112626 7.151894702 

4.836118972 2.91710471 
4.68085744 3.047034389 

4.538989639 3.132569523 
4.68085744 3.047034389 

2.788539409 0.8671616917 
2.840119048 0.8686715044 

2.915635914 0.8546085296 
2.840119048 0.8686715044 

3.169944205 0.2872664938 
3.265646188 0.3563297652 

3.348538916 0.3960153049 
3.265646188 0.3563297652 

0.9391845041 6.981070291 
1.013081203 6.757181676 

1.904101515 1.702489912 
1.787068414 1.831870883 

1.635217433 1.831422642 
1.787068414 1.831870883 

6.871554306 5.399857501 
7.035339687 5.517051303 

3.832361467 2.571156472 
3.771447665 2.803796071 

3.747331895 3.019335861 
3.771447665 2.803796071 

5.719750014 6.638906933 
5.619574225 6.722599 

6.222489606 6.728918042 
6.069825871 6.553610696 

1.70855172 7.860723188 
1.894108543 7.923676779 

2.023151325 8.028269679 
1.894108543 7.923676779 

4.270351297 5.898165364 
4.49549072 5.766734591 

4.764674286 5.635078787 
4.49549072 5.766734591 

0.6345670062 7.335912899 
0.7124983811 7.279932359 

0.7803268003 7.220877545 
0.7124983811 7.279932359 

1.649803231 1.359371887 
1.850774859 1.445157935 

1.923731454 1.527250231 
1.850774859 1.445157935 

1.710957284 7.349749368 
1.757083988 7.274564504 

3.197369127 1.882199677 
3.167018918 2.017764268 

3.113782119 2.12256719 
3.167018918 2.017764268 

4.362526287 7.049755779 
4.134299994 6.721911876 

1.174939502 6.213704747 
1.112007851 6.294893525 

1.049076201 6.376082302 
1.112007851 6.294893525 

3.084538489 2.510233071 
3.344183079 2.676935802 

1.094380912 8.040800683 
0.8136489402 7.996996299 

6.467887385 8.21371385 
6.285731145 8.115288542 

1.769938127 9.28181967 
1.500774051 9.249611055 

2.606535521 3.695088589 
2.707122401 3.624270527 

2.806260596 3.552870853 
2.707122401 3.624270527 

5.433232249 7.675522302 
5.245102741 7.728277401 

5.882662864 4.759908855 
5.695654466 4.751249728 

5.501756462 4.771447618 
5.695654466 4.751249728 

7.554119719 6.530779267 
7.471747972 6.222283702 

7.193912949 7.09602718 
6.935929952 7.056176737 

2.749512001 9.133776133 
3.220654187 8.85921489 

2.749512001 9.133776133 
2.65342666 9.14317927 

2.548465261 9.136217957 
2.65342666 9.14317927 

6.630999751 5.647034043 
6.959287965 5.635150749 

1.524150311 8.409272733 
1.396254522 8.391415783 

2.73096284 6.492980125 
2.784995077 6.571891357 

2.848704488 6.648809485 
2.784995077 6.571891357 

2.635660165 2.684444959 
2.580185038 2.919004682 

7.394037667 6.664834387 
7.554119719 6.530779267 

2.098609132 7.555859418 
2.258755175 7.503026219 

2.102980841 2.092650193 
1.877229004 1.980333098 

6.716264507 6.587689057 
6.866166563 6.703185656 

5.155524104 5.467720686 
4.949655314 5.227229455 

7.193912949 7.09602718 
7.111700498 7.039606451 

7.058512404 6.962388621 
7.111700498 7.039606451 

5.888964369 6.788435451 
5.979133466 6.529089 

5.41641642 8.170940485 
5.355094056 8.144585147 

5.293207468 8.118777619 
5.355094056 8.144585147 

7.290662681 7.296813056 
7.472666562 6.915109056 

7.290662681 7.296813056 
7.242840381 7.424919338 

7.190057739 7.537655574 
7.242840381 7.424919338 

1.945222961 3.44927655 
2.007157643 3.454079746 

2.334970336 2.457829993 
2.481447951 2.585484746 

2.635660165 2.684444959 
2.481447951 2.585484746 

5.979133466 6.529089 
6.020477623 6.327475935 

3.56700938 8.359316361 
3.616710684 8.469587935 

3.725411796 8.528392277 
3.616710684 8.469587935 

2.569114184 8.609058889 
2.660385168 8.73890504 

2.756663686 8.866398273 
2.660385168 8.73890504 

4.37300127 1.151481927 
4.35016689 1.04475761 

4.325398815 0.9399459948 
4.35016689 1.04475761 

5.502224626 7.017674963 
5.191169309 7.315372264 

5.502224626 7.017674963 
5.713215746 6.911034873 

5.888964369 6.788435451 
5.713215746 6.911034873 

3.146523542 6.396475432 
3.201929924 6.428463618 

6.774867992 7.967854336 
6.879738478 7.990093338 

6.984608965 8.012332339 
6.879738478 7.990093338 

1.500774051 9.249611055 
1.36390317 9.167078447 

3.503257811 3.256926932 
3.442948209 3.560269224 

3.320528307 3.868101983 
3.442948209 3.560269224 

6.96432054 6.310286957 
6.937224109 6.593493699 

4.240953328 2.345020607 
4.550338957 2.064012052 

4.879464324 1.782887748 
4.550338957 2.064012052 

4.588821693 1.774565363 
4.575569719 1.689157926 

4.550798568 1.614474756 
4.575569719 1.689157926 

5.041728639 5.671435032 
5.353372835 5.663152743 

6.619214005 6.180697455 
6.600441985 6.31010971 

6.583759171 6.438565115 
6.600441985 6.31010971 

3.832361467 2.571156472 
3.689378678 2.5982062 

3.481206913 2.606090664 
3.689378678 2.5982062 

3.420986346 1.650294781 
3.643207355 1.586911459 

3.011053217 2.740011107 
3.059641219 2.630702264 

3.084538489 2.510233071 
3.059641219 2.630702264 

2.669646225 1.703007383 
2.628400802 1.581698875 

1.83421534 8.847889391 
2.000328184 9.012504035 

2.165585422 9.171560854 
2.000328184 9.012504035 

2.296655271 7.143777006 
2.41942402 7.237626625 

1.414079083 2.681228455 
1.549918935 2.694694987 

1.69211901 2.727481037 
1.549918935 2.694694987 

3.204116594 2.126757759 
3.316999377 2.085981848 

3.418520232 2.040464747 
3.316999377 2.085981848 

6.288286652 6.530565013 
6.583759171 6.438565115 

2.475162249 1.906236968 
2.088730093 1.633736809 

3.299659906 6.449015554 
3.250794915 6.438739586 

3.201929924 6.428463618 
3.250794915 6.438739586 

6.619214005 6.180697455 
7.019050971 5.839812679 

5.713215746 6.911034873 
5.667050057 6.893416121 

3.86961295 7.205549687 
4.017564683 7.419475677 

6.288286652 6.530565013 
6.177403157 6.540579595 

6.069825871 6.553610696 
6.177403157 6.540579595 

6.347360217 6.173696792 
6.288286652 6.530565013 

1.649803231 1.359371887 
1.869072169 1.497276621 

2.088730093 1.633736809 
1.869072169 1.497276621 

6.081249995 8.139082911 
6.190831701 8.106802763 

6.285731145 8.115288542 
6.190831701 8.106802763 

3.167018918 2.017764268 
3.204116594 2.126757759 

3.220654187 8.85921489 
3.163692093 8.610941895 

3.105716065 8.361472683 
3.163692093 8.610941895 

4.481494755 6.174384625 
4.841035914 5.990830611 

3.442948209 3.560269224 
3.368439748 3.719529144 

2.265137814 3.551580725 
2.376213797 3.418343404 

6.347360217 6.173696792 
6.246114905 6.063077488 

6.141531438 5.955933328 
6.246114905 6.063077488 

1.945222961 3.44927655 
1.870977017 3.397479022 

6.081249995 8.139082911 
6.144924815 8.078216191 

6.198494731 8.002228513 
6.144924815 8.078216191 

3.51540443 0.5155835124 
3.348538916 0.3960153049 

3.51540443 0.5155835124 
3.433089405 0.6019968596 

3.348759145 0.6848829616 
3.433089405 0.6019968596 

6.467887385 8.21371385 
6.55921025 8.227028256 

6.649508792 8.239379664 
6.55921025 8.227028256 

5.353372835 5.663152743 
5.236389639 5.994754652 

2.569114184 8.609058889 
2.308722911 8.538560982 

2.042191342 8.471067268 
2.308722911 8.538560982 

3.197369127 1.882199677 
3.022416782 1.562512071 

6.299427668 5.406433411 
6.259893218 5.658035581 

5.7919236 6.120398679 
5.768044196 6.245347427 

5.840068081 6.381429265 
5.768044196 6.245347427 

7.428827444 5.46358052 
7.223939208 5.6516966 

7.019050971 5.839812679 
7.223939208 5.6516966 

6.032051543 7.86926637 
6.198494731 8.002228513 

2.960444459 6.832412055 
2.939779387 6.995654658 

2.919114315 7.158897261 
2.939779387 6.995654658 

3.689378678 2.5982062 
3.611728016 2.516145365 

6.306053056 8.021876421 
6.285731145 8.115288542 

4.481494755 6.174384625 
4.576499311 6.320955066 

4.672182021 6.469262502 
4.576499311 6.320955066 

6.380987249 6.687299995 
6.422106167 6.856913605 

0.3553840704 8.134788826 
0.5226900644 7.899383453 

0.6947964706 7.61667753 
0.5226900644 7.899383453 

3.689378678 2.5982062 
3.771447665 2.803796071 

4.085880823 7.625242614 
4.185914211 7.421758448 

4.289043437 7.219204923 
4.185914211 7.421758448 

0.5226900644 7.899383453 
0.6451965124 7.991517862 

5.886735946 5.600250654 
5.948950771 5.732549336 

6.014500753 5.863031054 
5.948950771 5.732549336 

2.92920398 2.935372351 
3.15309752 3.305618774 

1.662609618 8.568417173 
1.384527849 8.664299373 

1.896632366 7.469015661 
2.098609132 7.555859418 

1.635217433 1.831422642 
1.751076998 1.914882492 

1.877229004 1.980333098 
1.751076998 1.914882492 

3.39803054 1.830421088 
3.571032801 1.766070107 

7.193912949 7.09602718 
7.333289756 7.005568118 

7.472666562 6.915109056 
7.333289756 7.005568118 

5.353372835 5.663152743 
5.254448469 5.565436714 

5.155524104 5.467720686 
5.254448469 5.565436714 

6.032051543 7.86926637 
6.144924815 8.078216191 

1.358023672 7.258760633 
1.308132509 7.340236278 

1.258241347 7.421711923 
1.308132509 7.340236278 

3.950109905 2.106084065 
3.688424213 2.351156934 

2.367157189 8.883734613 
2.591770371 8.917223423 

1.234270232 9.263848914 
1.367522142 9.256729984 

1.500774051 9.249611055 
1.367522142 9.256729984 

3.377013634 7.462716185 
3.560281007 7.501162558 

3.743548381 7.539608931 
3.560281007 7.501162558 

