1.46132398 8.1624635 
1.707828537 7.860935753 

3.195144947 0.8726385059 
2.946363752 1.762743856 

7.428827444 5.46358052 
7.554119719 6.530779267 

2.946363752 1.762743856 
3.572504527 1.767300902 

2.418301075 7.696986912 
2.976201559 7.722840819 

6.289684278 6.526105552 
5.891839427 6.784359055 

3.743548381 7.539608931 
2.976201559 7.722840819 

4.434997861 2.700917478 
4.513383909 3.321358145 

2.032189225 7.999629062 
2.133608905 7.764920378 

5.092768803 6.605577616 
4.730578976 6.803088475 

2.763309622 8.868443558 
3.252167443 8.921498779 

3.573122009 2.130949884 
3.572504527 1.767300902 

2.032189225 7.999629062 
1.953066378 8.213552584 

4.753517538 4.758921569 
4.471534652 4.504793822 

3.573122009 2.130949884 
3.734558053 3.010643089 

5.655589989 4.940095831 
5.61697709 5.515311906 

2.946363752 1.762743856 
3.200025815 1.887957637 

6.289684278 6.526105552 
6.591910795 6.182276074 

1.707828537 7.860935753 
1.653805312 7.098363314 

5.891839427 6.784359055 
6.071542918 6.557118299 

6.498972876 5.215974651 
6.921669142 5.925426255 

2.867443697 2.458958261 
3.073815848 2.316606648 

6.921669142 5.925426255 
6.591910795 6.182276074 

2.763309622 8.868443558 
2.042191342 8.471067268 

2.032189225 7.999629062 
2.418301075 7.696986912 

2.946363752 1.762743856 
2.697940552 2.137509803 

0.7803268003 7.220877545 
0.4392077554 6.738045414 

1.653805312 7.098363314 
1.350643945 7.244345357 

2.919114315 7.158897261 
2.418301075 7.696986912 

1.708230525 3.321095734 
1.869205578 2.834867402 

1.953066378 8.213552584 
1.662609618 8.568417173 

2.095732897 7.215255665 
1.653805312 7.098363314 

3.771654587 0.9170361276 
3.752719296 1.432251699 

7.554119719 6.530779267 
6.935929952 7.056176737 

6.289684278 6.526105552 
6.715669089 6.588072236 

3.734558053 3.010643089 
4.041865621 3.038989182 

1.46132398 8.1624635 
1.266564672 7.785263919 

1.953066378 8.213552584 
1.707828537 7.860935753 

3.149822278 3.301190655 
2.631227254 2.660025204 

1.707828537 7.860935753 
1.890868464 7.682465042 

2.095732897 7.215255665 
1.575328603 6.753895011 

3.771654587 0.9170361276 
3.795394331 1.832698279 

6.498972876 5.215974651 
6.632569326 5.645531642 

4.434997861 2.700917478 
4.949315666 2.526829786 

2.042191342 8.471067268 
1.83421534 8.847889391 

2.225870123 6.39217756 
2.093784094 6.694150461 

6.03680657 7.082104788 
5.891839427 6.784359055 

7.554119719 6.530779267 
6.961473918 6.30956472 

6.591910795 6.182276074 
6.961473918 6.30956472 

3.28735321 2.207007656 
3.073815848 2.316606648 

3.795394331 1.832698279 
3.572504527 1.767300902 

4.202299101 4.159990815 
4.045564316 3.824345752 

4.730578976 6.803088475 
4.670087388 6.470296252 

7.290662681 7.296813056 
6.80700926 7.3829221 

2.919114315 7.158897261 
2.512500151 7.130088585 

1.234270232 9.263848914 
1.25346091 8.766468156 

5.4783691 6.034076119 
5.793206358 6.119614485 

4.471534652 4.504793822 
4.340947333 4.341108605 

4.202299101 4.159990815 
4.340947333 4.341108605 

2.631227254 2.660025204 
2.867443697 2.458958261 

2.418301075 7.696986912 
2.609597123 7.626347371 

6.921669142 5.925426255 
7.297097965 6.13936429 

1.653805312 7.098363314 
1.575328603 6.753895011 

5.192600915 7.313162155 
4.799916388 7.451323787 

6.03680657 7.082104788 
5.723209919 7.381542443 

3.149822278 3.301190655 
3.208289592 2.746976668 

1.869205578 2.834867402 
2.446345944 3.239638586 

2.474158089 1.908070117 
2.697940552 2.137509803 

4.670087388 6.470296252 
4.368208455 6.641011308 

1.662609618 8.568417173 
1.521903858 8.936715316 

2.790486661 8.260968418 
2.976201559 7.722840819 

6.921669142 5.925426255 
6.961473918 6.30956472 

6.498972876 5.215974651 
6.27434684 4.814443671 

2.697940552 2.137509803 
2.146874129 2.340013668 

2.146874129 2.340013668 
2.322388341 2.429250581 

5.723209919 7.381542443 
5.725902154 7.081320125 

0.6962561993 7.616891135 
1.006406654 7.658541759 

1.266564672 7.785263919 
1.006406654 7.658541759 

6.80700926 7.3829221 
6.935929952 7.056176737 

4.240953328 2.345020607 
4.538992384 2.391509707 

1.662609618 8.568417173 
1.83421534 8.847889391 

1.653805312 7.098363314 
1.160119114 6.935277996 

2.095732897 7.215255665 
2.155494052 7.429177331 

1.635681029 1.831259856 
2.146874129 2.340013668 

7.554119719 6.530779267 
7.290662681 7.296813056 

6.54684468 6.88451934 
7.175924207 6.659943347 

1.160119114 6.935277996 
0.7803268003 7.220877545 

6.80700926 7.3829221 
6.898380558 7.772152561 

5.092768803 6.605577616 
5.215169679 6.247760322 

5.4783691 6.034076119 
5.215169679 6.247760322 

5.579233908 7.700347183 
5.749566704 7.776541088 

6.045197485 7.877397902 
5.749566704 7.776541088 

7.175924207 6.659943347 
6.935929952 7.056176737 

3.149822278 3.301190655 
2.98029008 3.409030062 

2.544396657 8.599785114 
2.790486661 8.260968418 

1.707828537 7.860935753 
1.093443134 8.038469549 

1.890868464 7.682465042 
1.898480657 7.473265469 

2.155494052 7.429177331 
1.898480657 7.473265469 

2.976201559 7.722840819 
3.377729731 7.46153655 

3.573122009 2.130949884 
3.795394331 1.832698279 

2.60729898 3.694516716 
2.446345944 3.239638586 

2.322388341 2.429250581 
2.106529496 2.096807537 

6.632569326 5.645531642 
6.921669142 5.925426255 

4.041865621 3.038989182 
4.332784463 3.086384303 

3.200025815 1.887957637 
3.407886932 1.838319336 

3.724416372 8.528832033 
3.105716065 8.361472683 

2.790486661 8.260968418 
3.105716065 8.361472683 

5.723209919 7.381542443 
6.045197485 7.877397902 

3.119221354 6.148428993 
2.740411735 6.295068189 

1.25346091 8.766468156 
1.521903858 8.936715316 

1.46132398 8.1624635 
1.633985832 8.355905205 

4.670087388 6.470296252 
5.215169679 6.247760322 

3.195144947 0.8726385059 
3.441415813 1.02593273 

4.434997861 2.700917478 
4.538992384 2.391509707 

2.032189225 7.999629062 
2.356167219 8.36078916 

2.544396657 8.599785114 
2.356167219 8.36078916 

4.898114558 1.771683132 
4.154060592 1.94958618 

3.573122009 2.130949884 
4.154060592 1.94958618 

6.30538 8.017664289 
6.183656382 7.375558335 

6.03680657 7.082104788 
6.183656382 7.375558335 

6.715669089 6.588072236 
6.937224109 6.593493699 

3.195144947 0.8726385059 
3.191030792 0.2653787154 

2.446345944 3.239638586 
2.376213797 3.418343404 

7.175924207 6.659943347 
6.937224109 6.593493699 

4.538992384 2.391509707 
4.785903057 2.431865116 

5.59971239 6.50140724 
5.769581171 6.507839293 

0.7803268003 7.220877545 
1.078950375 7.438649465 

2.946363752 1.762743856 
2.803419611 1.547544521 

1.160119114 6.935277996 
1.174939502 6.213704747 

5.017287306 8.033462801 
4.384449475 7.614442075 

2.095732897 7.215255665 
2.026968873 7.041653487 

1.006406654 7.658541759 
1.093443134 8.038469549 

3.105716065 8.361472683 
3.069197264 8.058549835 

4.270351297 5.898165364 
4.183079788 6.293643645 

3.916123788 6.831552461 
4.183079788 6.293643645 

3.795394331 1.832698279 
3.906610424 1.558242386 

3.752719296 1.432251699 
3.906610424 1.558242386 

0.3553840704 8.134788826 
0.7147871689 8.337488879 

5.61697709 5.515311906 
5.353372835 5.663152743 

3.573122009 2.130949884 
3.551991814 2.297299873 

7.428827444 5.46358052 
6.958887812 5.633719647 

1.83421534 8.847889391 
1.602997224 9.063973676 

1.234270232 9.263848914 
1.602997224 9.063973676 

2.609597123 7.626347371 
2.155494052 7.429177331 

6.937224109 6.593493699 
6.54684468 6.88451934 

5.793206358 6.119614485 
6.139289288 5.945420304 

3.195144947 0.8726385059 
3.149089421 1.31702727 

3.572504527 1.767300902 
3.149089421 1.31702727 

1.633985832 8.355905205 
1.662609618 8.568417173 

6.259893218 5.658035581 
6.135290692 5.325931573 

0.4392077554 6.738045414 
1.013081203 6.757181676 

1.160119114 6.935277996 
1.013081203 6.757181676 

5.192600915 7.313162155 
5.725902154 7.081320125 

4.730578976 6.803088475 
4.90723632 6.903189482 

3.252167443 8.921498779 
3.228885469 8.568787275 

6.961473918 6.30956472 
6.715669089 6.588072236 

2.474158089 1.908070117 
2.362919505 1.648370739 

2.146874129 2.340013668 
2.106529496 2.096807537 

1.36827122 2.291915589 
1.653382108 2.295952375 

6.03680657 7.082104788 
6.290538889 6.855441913 

5.891839427 6.784359055 
6.290538889 6.855441913 

2.609597123 7.626347371 
2.335915092 7.348025747 

2.165585422 9.171560854 
2.107736847 8.782960208 

2.042191342 8.471067268 
2.107736847 8.782960208 

6.935929952 7.056176737 
6.824614825 6.827558266 

6.54684468 6.88451934 
6.824614825 6.827558266 

2.418301075 7.696986912 
2.413541246 8.071958008 

2.356167219 8.36078916 
2.413541246 8.071958008 

7.240105077 7.747556696 
6.898380558 7.772152561 

3.771654587 0.9170361276 
3.585829628 0.7681892604 

4.764674286 5.635078787 
4.892543532 5.814442014 

2.917695052 2.068069414 
3.073815848 2.316606648 

3.073815848 2.316606648 
3.499584015 2.622507621 

2.155494052 7.429177331 
2.335915092 7.348025747 

2.354979358 0.9051412205 
2.251403936 0.6799891024 

6.961473918 6.30956472 
7.168127072 6.254616079 

7.297097965 6.13936429 
7.168127072 6.254616079 

4.384449475 7.614442075 
4.261942187 7.221445801 

4.261942187 7.221445801 
4.588504758 7.296304659 

1.83421534 8.847889391 
2.107736847 8.782960208 

6.30538 8.017664289 
5.578688625 7.961547966 

7.063502767 5.160262829 
7.082094929 5.388463384 

2.976201559 7.722840819 
2.609597123 7.626347371 

5.578688625 7.961547966 
5.579233908 7.700347183 

1.093443134 8.038469549 
1.266564672 7.785263919 

0.3553840704 8.134788826 
0.6451965124 7.991517862 

1.869205578 2.834867402 
2.008394997 2.550567067 

2.146874129 2.340013668 
2.008394997 2.550567067 

2.976201559 7.722840819 
2.413541246 8.071958008 

4.461966133 1.28608414 
3.906610424 1.558242386 

2.976201559 7.722840819 
2.709109149 8.032282264 

5.655589989 4.940095831 
5.501756462 4.771447618 

5.149698305 4.802024761 
5.501756462 4.771447618 

5.725902154 7.081320125 
5.48773378 7.003544141 

3.105716065 8.361472683 
3.228885469 8.568787275 

6.071542918 6.557118299 
6.02164714 6.329122918 

5.793206358 6.119614485 
6.02164714 6.329122918 

4.589947505 1.773632581 
4.154060592 1.94958618 

4.045564316 3.824345752 
3.734522315 3.953768183 

2.544396657 8.599785114 
2.590892908 8.915096222 

3.191030792 0.2653787154 
3.348691594 0.684010014 

3.441415813 1.02593273 
3.348691594 0.684010014 

3.734558053 3.010643089 
3.743513846 3.261035344 

2.60729898 3.694516716 
2.376213797 3.418343404 

2.631227254 2.660025204 
2.64097504 3.189617776 

2.106529496 2.096807537 
2.697940552 2.137509803 

4.270351297 5.898165364 
4.72737978 6.295927361 

5.092768803 6.605577616 
4.72737978 6.295927361 

1.850399721 6.327869004 
1.575328603 6.753895011 

1.850399721 6.327869004 
1.929344879 6.164690591 

6.183656382 7.375558335 
5.723209919 7.381542443 

2.133608905 7.764920378 
2.258692577 7.502342191 

2.512500151 7.130088585 
2.258692577 7.502342191 

3.228885469 8.568787275 
3.355457157 8.410475242 

2.697940552 2.137509803 
2.436203132 2.176091281 

2.106529496 2.096807537 
1.82246116 2.161144296 

3.832361467 2.571156472 
3.610013266 2.518382265 

3.551991814 2.297299873 
3.610013266 2.518382265 

2.155494052 7.429177331 
2.258692577 7.502342191 

2.848704488 6.648809485 
3.299659906 6.449015554 

4.949315666 2.526829786 
5.059625422 2.177685935 

6.937224109 6.593493699 
7.255722657 6.548245432 

7.554119719 6.530779267 
7.255722657 6.548245432 

6.80700926 7.3829221 
6.562237242 7.394703883 

1.707828537 7.860935753 
1.440185531 7.998213163 

6.259893218 5.658035581 
5.886735946 5.600250654 

7.472666562 6.915109056 
7.394037667 6.664834387 

7.175924207 6.659943347 
7.394037667 6.664834387 

4.461966133 1.28608414 
4.126773788 1.435370709 

3.795394331 1.832698279 
4.126773788 1.435370709 

6.02164714 6.329122918 
6.139289288 5.945420304 

1.440185531 7.998213163 
1.46132398 8.1624635 

1.575328603 6.753895011 
1.663147785 6.419328191 

1.078950375 7.438649465 
0.483178409 7.478660829 

2.502416712 5.984455948 
2.700185996 6.126877491 

2.740411735 6.295068189 
2.700185996 6.126877491 

2.790486661 8.260968418 
2.356167219 8.36078916 

2.867443697 2.458958261 
2.877329125 2.255665946 

2.917695052 2.068069414 
2.877329125 2.255665946 

1.160119114 6.935277996 
1.350643945 7.244345357 

2.376213797 3.418343404 
2.180979824 3.358542345 

2.335915092 7.348025747 
2.258692577 7.502342191 

1.078950375 7.438649465 
1.266564672 7.785263919 

1.078950375 7.438649465 
1.128250403 7.152062907 

1.160119114 6.935277996 
1.128250403 7.152062907 

4.72737978 6.295927361 
4.670087388 6.470296252 

3.916123788 6.831552461 
3.871289949 7.205583434 

3.743548381 7.539608931 
3.871289949 7.205583434 

2.64097504 3.189617776 
2.446345944 3.239638586 

2.093784094 6.694150461 
1.941617278 6.885634223 

2.026968873 7.041653487 
1.941617278 6.885634223 

3.149822278 3.301190655 
3.242839287 3.547009357 

5.149698305 4.802024761 
4.921524469 4.930891775 

4.753517538 4.758921569 
4.921524469 4.930891775 

5.655589989 4.940095831 
5.883503292 4.760061254 

1.006406654 7.658541759 
1.078950375 7.438649465 

2.306588335 1.396710079 
2.057300884 1.352454845 

3.195144947 0.8726385059 
2.915635914 0.8546085296 

2.763309622 8.868443558 
2.590892908 8.915096222 

5.59971239 6.50140724 
5.619769102 6.721226647 

0.7147871689 8.337488879 
0.6451965124 7.991517862 

7.554119719 6.530779267 
7.586494308 6.232478115 

4.261942187 7.221445801 
3.916123788 6.831552461 

2.225870123 6.39217756 
1.929344879 6.164690591 

6.648746871 8.239851251 
6.774867992 7.967854336 

6.898380558 7.772152561 
6.774867992 7.967854336 

1.653382108 2.295952375 
1.613543746 2.423587297 

1.635681029 1.831259856 
1.82246116 2.161144296 

2.790486661 8.260968418 
3.069197264 8.058549835 

1.927774655 1.516953682 
1.903189447 1.701748549 

5.619769102 6.721226647 
5.891839427 6.784359055 

2.946363752 1.762743856 
2.917695052 2.068069414 

4.461966133 1.28608414 
4.552379288 1.615457298 

2.413541246 8.071958008 
2.709109149 8.032282264 

3.585829628 0.7681892604 
3.51540443 0.5155835124 

4.730578976 6.803088475 
4.499934254 6.961046479 

2.165585422 9.171560854 
1.768048704 9.281315801 

0.7803268003 7.220877545 
1.128250403 7.152062907 

3.610013266 2.518382265 
3.499584015 2.622507621 

3.200025815 1.887957637 
3.203953884 2.132924255 

3.28735321 2.207007656 
3.203953884 2.132924255 

1.36827122 2.291915589 
1.613543746 2.423587297 

1.953066378 8.213552584 
1.718560453 8.204131988 

1.633985832 8.355905205 
1.718560453 8.204131988 

2.630875525 0.4976376239 
2.749197563 0.7953227482 

3.073815848 2.316606648 
2.877329125 2.255665946 

4.434997861 2.700917478 
4.339661671 2.852545898 

2.976201559 7.722840819 
3.319947396 8.060391357 

3.724416372 8.528832033 
3.319947396 8.060391357 

1.82246116 2.161144296 
1.653382108 2.295952375 

2.512500151 7.130088585 
2.71060354 7.315569107 

4.332784463 3.086384303 
4.339661671 2.852545898 

2.848704488 6.648809485 
2.960444459 6.832412055 

2.106529496 2.096807537 
2.436203132 2.176091281 

3.208289592 2.746976668 
3.009047389 2.738718914 

2.92920398 2.935372351 
3.009047389 2.738718914 

2.418301075 7.696986912 
2.709109149 8.032282264 

2.709109149 8.032282264 
2.790486661 8.260968418 

5.579233908 7.700347183 
5.247473235 7.72835665 

0.7803268003 7.220877545 
1.013081203 6.757181676 

0.483178409 7.478660829 
0.6345670062 7.335912899 

4.513383909 3.321358145 
4.538997423 3.134094806 

4.332784463 3.086384303 
4.538997423 3.134094806 

4.892543532 5.814442014 
5.073429392 5.941774622 

2.632076793 9.464098817 
2.755382539 9.134747181 

2.763309622 8.868443558 
2.755382539 9.134747181 

6.824614825 6.827558266 
6.715669089 6.588072236 

3.743548381 7.539608931 
4.089417533 7.625193538 

4.384449475 7.614442075 
4.089417533 7.625193538 

3.407886932 1.838319336 
3.442248959 1.645446971 

3.572504527 1.767300902 
3.442248959 1.645446971 

1.927774655 1.516953682 
2.057300884 1.352454845 

3.441415813 1.02593273 
3.585829628 0.7681892604 

6.135290692 5.325931573 
6.299427668 5.406433411 

6.498972876 5.215974651 
6.299427668 5.406433411 

0.7953084712 8.771321222 
0.5889346048 8.615975502 

2.946363752 1.762743856 
3.021838339 1.561906979 

5.723209919 7.381542443 
5.434473966 7.675918081 

5.017287306 8.033462801 
5.434473966 7.675918081 

7.168127072 6.254616079 
7.255722657 6.548245432 

2.225870123 6.39217756 
2.285811281 6.151243063 

6.921669142 5.925426255 
6.958887812 5.633719647 

2.133608905 7.764920378 
2.079115619 7.651082861 

1.898480657 7.473265469 
2.079115619 7.651082861 

1.350643945 7.244345357 
0.9414498503 6.982263443 

6.921669142 5.925426255 
7.156425705 5.847573503 

3.355457157 8.410475242 
3.550624353 8.365025359 

2.418301075 7.696986912 
2.258692577 7.502342191 

3.771654587 0.9170361276 
4.101553016 0.6440924444 

5.886735946 5.600250654 
6.135290692 5.325931573 

1.46132398 8.1624635 
1.524150311 8.409272733 

1.662609618 8.568417173 
1.524150311 8.409272733 

2.790486661 8.260968418 
2.817094177 8.507664072 

5.192600915 7.313162155 
5.247473235 7.72835665 

4.325398815 0.9399459948 
4.12794331 0.9229899595 

2.817094177 8.507664072 
2.544396657 8.599785114 

6.715669089 6.588072236 
6.611235384 6.68271589 

6.54684468 6.88451934 
6.611235384 6.68271589 

5.353372835 5.663152743 
5.073429392 5.941774622 

2.697940552 2.137509803 
2.917695052 2.068069414 

0.6451965124 7.991517862 
0.6962561993 7.616891135 

6.648746871 8.239851251 
6.984608965 8.012332339 

5.769581171 6.507839293 
5.907596808 6.514142567 

0.6451965124 7.991517862 
0.862605948 7.876060895 

1.006406654 7.658541759 
0.862605948 7.876060895 

0.9414498503 6.982263443 
1.160119114 6.935277996 

4.552379288 1.615457298 
4.317887617 1.565282137 

4.126773788 1.435370709 
4.317887617 1.565282137 

4.154060592 1.94958618 
3.937685839 2.118993291 

1.613543746 2.423587297 
1.540763213 2.483436914 

3.320528307 3.868101983 
3.195601988 3.63220216 

2.98029008 3.409030062 
3.195601988 3.63220216 

2.697940552 2.137509803 
2.877329125 2.255665946 

5.215169679 6.247760322 
4.952237003 6.31805462 

4.72737978 6.295927361 
4.952237003 6.31805462 

4.764674286 5.635078787 
5.155524104 5.467720686 

1.663147785 6.419328191 
1.850399721 6.327869004 

3.021838339 1.561906979 
2.803419611 1.547544521 

2.919114315 7.158897261 
2.71060354 7.315569107 

2.740411735 6.295068189 
2.730991904 6.491788016 

4.261942187 7.221445801 
3.871289949 7.205583434 

1.174939502 6.213704747 
1.104508371 6.568774287 

1.013081203 6.757181676 
1.104508371 6.568774287 

1.575328603 6.753895011 
1.160119114 6.935277996 

3.149089421 1.31702727 
3.000157081 1.340419744 

3.021838339 1.561906979 
3.000157081 1.340419744 

1.174939502 6.213704747 
1.350867298 6.525653856 

1.575328603 6.753895011 
1.350867298 6.525653856 

0.6962561993 7.616891135 
0.5448785918 7.628539852 

6.591910795 6.182276074 
6.342739718 6.164220939 

7.394037667 6.664834387 
7.255722657 6.548245432 

4.513383909 3.321358145 
4.832571901 2.921207813 

4.949315666 2.526829786 
4.832571901 2.921207813 

4.670087388 6.470296252 
4.952237003 6.31805462 

4.270351297 5.898165364 
4.481494755 6.174384625 

2.225870123 6.39217756 
2.740411735 6.295068189 

6.27434684 4.814443671 
6.023065418 4.813680217 

5.883503292 4.760061254 
6.023065418 4.813680217 

3.195144947 0.8726385059 
3.348691594 0.684010014 

1.965147007 0.8175418949 
1.875290485 1.06483365 

6.824614825 6.827558266 
6.611235384 6.68271589 

0.3553840704 8.134788826 
0.7354943828 8.102746973 

1.093443134 8.038469549 
0.7354943828 8.102746973 

2.631227254 2.660025204 
3.009047389 2.738718914 

5.48773378 7.003544141 
5.665626379 6.89373775 

5.619769102 6.721226647 
5.665626379 6.89373775 

4.589947505 1.773632581 
4.711221721 1.832742361 

4.898114558 1.771683132 
4.711221721 1.832742361 

1.521903858 8.936715316 
1.365199298 9.074167336 

4.90723632 6.903189482 
4.999595339 7.185936479 

5.192600915 7.313162155 
4.999595339 7.185936479 

2.590892908 8.915096222 
2.755382539 9.134747181 

4.921524469 4.930891775 
4.84676097 5.18508004 

7.063502767 5.160262829 
6.875762591 5.399212767 

6.632569326 5.645531642 
6.875762591 5.399212767 

4.84676097 5.18508004 
4.709484048 5.324890181 

1.25346091 8.766468156 
1.524150311 8.409272733 

6.958887812 5.633719647 
6.875762591 5.399212767 

4.12794331 0.9229899595 
4.102313732 0.8296039801 

2.436203132 2.176091281 
2.474158089 1.908070117 

2.803419611 1.547544521 
2.60278055 1.616618915 

2.362919505 1.648370739 
2.60278055 1.616618915 

3.743548381 7.539608931 
3.319947396 8.060391357 

3.743548381 7.539608931 
3.73491902 7.991067263 

3.28735321 2.207007656 
3.117189647 2.138029374 

2.917695052 2.068069414 
3.117189647 2.138029374 

5.017287306 8.033462801 
4.956659752 7.670894235 

4.799916388 7.451323787 
4.956659752 7.670894235 

4.588504758 7.296304659 
4.499934254 6.961046479 

2.474158089 1.908070117 
2.60278055 1.616618915 

3.50417248 3.25636606 
3.634127783 3.245300065 

3.743513846 3.261035344 
3.634127783 3.245300065 

3.573122009 2.130949884 
3.203953884 2.132924255 

1.606397102 7.505654729 
1.898480657 7.473265469 

2.032189225 7.999629062 
2.241458064 8.071882839 

2.413541246 8.071958008 
2.241458064 8.071882839 

6.958887812 5.633719647 
7.156425705 5.847573503 

3.33277846 7.029838022 
3.1139782 7.067072088 

2.919114315 7.158897261 
3.1139782 7.067072088 

1.890868464 7.682465042 
2.079115619 7.651082861 

3.119221354 6.148428993 
2.700185996 6.126877491 

5.059625422 2.177685935 
4.971885231 1.984372214 

4.898114558 1.771683132 
4.971885231 1.984372214 

4.72737978 6.295927361 
4.481494755 6.174384625 

1.653805312 7.098363314 
1.941617278 6.885634223 

2.165585422 9.171560854 
2.367627405 8.881808345 

2.544396657 8.599785114 
2.367627405 8.881808345 

1.653805312 7.098363314 
1.707576229 7.349866503 

1.606397102 7.505654729 
1.707576229 7.349866503 

4.126773788 1.435370709 
4.325398815 0.9399459948 

7.290662681 7.296813056 
7.193285327 7.096337701 

3.105716065 8.361472683 
2.817094177 8.507664072 

2.817094177 8.507664072 
2.996744213 8.638016792 

5.092768803 6.605577616 
4.952237003 6.31805462 

1.350643945 7.244345357 
1.707576229 7.349866503 

2.60729898 3.694516716 
2.672357891 3.42637362 

2.64097504 3.189617776 
2.672357891 3.42637362 

6.875762591 5.399212767 
7.082094929 5.388463384 

4.785903057 2.431865116 
4.576424832 2.596148539 

4.434997861 2.700917478 
4.576424832 2.596148539 

3.117189647 2.138029374 
3.203953884 2.132924255 

4.709484048 5.324890181 
4.843994098 5.426379014 

4.764674286 5.635078787 
4.843994098 5.426379014 

4.325398815 0.9399459948 
4.102313732 0.8296039801 

1.46132398 8.1624635 
1.718560453 8.204131988 

3.573122009 2.130949884 
3.415619083 2.067087471 

3.200025815 1.887957637 
3.415619083 2.067087471 

6.045197485 7.877397902 
6.08132588 8.137787073 

2.032189225 7.999629062 
1.890868464 7.682465042 

6.289684278 6.526105552 
6.220789948 6.726992789 

6.290538889 6.855441913 
6.220789948 6.726992789 

3.073815848 2.316606648 
3.117189647 2.138029374 

3.069197264 8.058549835 
3.319947396 8.060391357 

3.252167443 8.921498779 
3.078667712 8.701676089 

2.996744213 8.638016792 
3.078667712 8.701676089 

5.434473966 7.675918081 
5.579233908 7.700347183 

2.631227254 2.660025204 
2.735260159 2.865613732 

2.92920398 2.935372351 
2.735260159 2.865613732 

7.554119719 6.530779267 
7.622940287 6.727135495 

3.208289592 2.746976668 
3.083381611 2.511081487 

3.073815848 2.316606648 
3.083381611 2.511081487 

2.630875525 0.4976376239 
2.391734047 0.6945080022 

2.251403936 0.6799891024 
2.391734047 0.6945080022 

1.601249928 5.986631112 
1.714948333 6.170809427 

1.663147785 6.419328191 
1.714948333 6.170809427 

3.119221354 6.148428993 
3.094857062 6.314801194 

3.083381611 2.511081487 
2.867443697 2.458958261 

5.017287306 8.033462801 
5.14943771 7.891832283 

5.247473235 7.72835665 
5.14943771 7.891832283 

2.354979358 0.9051412205 
2.466349547 0.7037715604 

2.632076793 9.464098817 
2.548800156 9.138353705 

2.590892908 8.915096222 
2.548800156 9.138353705 

3.441415813 1.02593273 
3.258412325 1.132656987 

3.149089421 1.31702727 
3.258412325 1.132656987 

2.180979824 3.358542345 
2.096307532 3.494666359 

4.126773788 1.435370709 
4.0332194 1.465880092 

3.906610424 1.558242386 
4.0332194 1.465880092 

1.36827122 2.291915589 
1.540763213 2.483436914 

1.36827122 2.291915589 
1.59150578 2.055724793 

1.635681029 1.831259856 
1.59150578 2.055724793 

0.7354943828 8.102746973 
0.6451965124 7.991517862 

7.297097965 6.13936429 
7.398071648 6.194171972 

4.240953328 2.345020607 
4.434997861 2.700917478 

4.154060592 1.94958618 
4.272239051 2.130579476 

2.630875525 0.4976376239 
2.510059055 0.5811170397 

2.466349547 0.7037715604 
2.510059055 0.5811170397 

1.078950375 7.438649465 
1.258241347 7.421711923 

5.092768803 6.605577616 
4.90723632 6.903189482 

5.59971239 6.50140724 
5.353097961 6.632960098 

1.234270232 9.263848914 
1.384527849 8.664299373 

3.51540443 0.5155835124 
3.364476584 0.4908314279 

4.499934254 6.961046479 
4.368208455 6.641011308 

0.9414498503 6.982263443 
0.7803268003 7.220877545 

2.609597123 7.626347371 
2.728672248 7.552684147 

7.168127072 6.254616079 
7.398071648 6.194171972 

2.356167219 8.36078916 
2.180497714 8.382491488 

2.042191342 8.471067268 
2.180497714 8.382491488 

6.984608965 8.012332339 
6.898380558 7.772152561 

0.4392077554 6.738045414 
0.7273879068 6.619593637 

0.7354943828 8.102746973 
0.7147871689 8.337488879 

0.7147871689 8.337488879 
0.7006187794 8.496544904 

6.259893218 5.658035581 
6.632569326 5.645531642 

7.240105077 7.747556696 
7.190057739 7.537655574 

1.25346091 8.766468156 
1.384527849 8.664299373 

3.320528307 3.868101983 
3.567461249 3.864263146 

3.734522315 3.953768183 
3.567461249 3.864263146 

5.723209919 7.381542443 
5.78624983 7.593014399 

5.749566704 7.776541088 
5.78624983 7.593014399 

1.093443134 8.038469549 
0.862605948 7.876060895 

1.25346091 8.766468156 
1.04014962 8.693649304 

0.7953084712 8.771321222 
1.04014962 8.693649304 

2.133608905 7.764920378 
2.241458064 8.071882839 

4.261942187 7.221445801 
4.018353973 7.418225869 

3.743548381 7.539608931 
4.018353973 7.418225869 

2.474158089 1.908070117 
2.671442344 1.70310692 

2.803419611 1.547544521 
2.671442344 1.70310692 

2.133608905 7.764920378 
2.241800828 7.7305594 

2.418301075 7.696986912 
2.241800828 7.7305594 

3.195144947 0.8726385059 
3.258412325 1.132656987 

6.30538 8.017664289 
6.468215192 8.214339433 

2.032189225 7.999629062 
2.345142476 7.884748858 

6.27434684 4.814443671 
6.155198884 5.074860892 

2.976201559 7.722840819 
3.007401618 7.915876238 

3.069197264 8.058549835 
3.007401618 7.915876238 

2.345142476 7.884748858 
2.241800828 7.7305594 

6.715669089 6.588072236 
6.583958785 6.439843037 

4.089417533 7.625193538 
4.018353973 7.418225869 

6.583958785 6.439843037 
6.611235384 6.68271589 

6.259893218 5.658035581 
6.015195673 5.863273077 

5.793206358 6.119614485 
6.015195673 5.863273077 

2.345142476 7.884748858 
2.418301075 7.696986912 

0.8534672612 6.456422818 
1.049076201 6.376082302 

2.322388341 2.429250581 
2.433179671 2.335999535 

2.436203132 2.176091281 
2.433179671 2.335999535 

5.353097961 6.632960098 
5.619769102 6.721226647 

2.502416712 5.984455948 
2.453043057 5.886612594 

2.728672248 7.552684147 
2.976201559 7.722840819 

2.709109149 8.032282264 
3.007401618 7.915876238 

4.183079788 6.293643645 
4.481494755 6.174384625 

6.824614825 6.827558266 
6.866166563 6.703185656 

6.937224109 6.593493699 
6.866166563 6.703185656 

4.183079788 6.293643645 
4.250733973 6.480017827 

4.368208455 6.641011308 
4.250733973 6.480017827 

5.725902154 7.081320125 
5.665626379 6.89373775 

5.891839427 6.784359055 
5.665626379 6.89373775 

7.398071648 6.194171972 
7.471747972 6.222283702 

7.082094929 5.388463384 
7.428827444 5.46358052 

2.631227254 2.660025204 
2.428480374 2.967566488 

2.446345944 3.239638586 
2.428480374 2.967566488 

3.348691594 0.684010014 
3.585829628 0.7681892604 

4.843994098 5.426379014 
5.155524104 5.467720686 

5.017287306 8.033462801 
5.153707773 7.603078191 

5.192600915 7.313162155 
5.153707773 7.603078191 

4.240953328 2.345020607 
4.300243637 2.213889212 

4.272239051 2.130579476 
4.300243637 2.213889212 

2.335915092 7.348025747 
2.095732897 7.215255665 

5.4783691 6.034076119 
5.236389639 5.994754652 

5.073429392 5.941774622 
5.236389639 5.994754652 

7.082094929 5.388463384 
7.034483224 5.516328798 

6.958887812 5.633719647 
7.034483224 5.516328798 

4.041865621 3.038989182 
4.164127833 2.895316683 

4.339661671 2.852545898 
4.164127833 2.895316683 

6.54684468 6.88451934 
6.220789948 6.726992789 

7.255722657 6.548245432 
7.175924207 6.659943347 

6.02164714 6.329122918 
5.83840832 6.381813777 

5.769581171 6.507839293 
5.83840832 6.381813777 

6.139289288 5.945420304 
6.015195673 5.863273077 

1.601249928 5.986631112 
1.794160577 6.072534098 

1.929344879 6.164690591 
1.794160577 6.072534098 

2.345142476 7.884748858 
2.413541246 8.071958008 

1.266564672 7.785263919 
1.35319885 7.905464222 

1.440185531 7.998213163 
1.35319885 7.905464222 

4.461966133 1.28608414 
4.37300127 1.151481927 

4.764674286 5.635078787 
4.949655314 5.227229455 

5.149698305 4.802024761 
4.949655314 5.227229455 

5.907596808 6.514142567 
5.83840832 6.381813777 

1.82246116 2.161144296 
1.59150578 2.055724793 

0.4392077554 6.738045414 
0.6814634394 6.861654559 

0.9414498503 6.982263443 
0.6814634394 6.861654559 

6.961473918 6.30956472 
6.583958785 6.439843037 

0.5889346048 8.615975502 
0.6585447414 8.554871897 

0.7006187794 8.496544904 
0.6585447414 8.554871897 

1.606397102 7.505654729 
1.350643945 7.244345357 

1.768048704 9.281315801 
1.694917333 9.16488737 

1.602997224 9.063973676 
1.694917333 9.16488737 

3.73491902 7.991067263 
3.550624353 8.365025359 

1.606397102 7.505654729 
1.764725763 7.582921656 

1.890868464 7.682465042 
1.764725763 7.582921656 

1.998251151 3.408278363 
1.945222961 3.44927655 

1.708230525 3.321095734 
1.945222961 3.44927655 

1.350867298 6.525653856 
1.104508371 6.568774287 

1.524150311 8.409272733 
1.633985832 8.355905205 

2.12263179 5.896151944 
2.22318709 5.999474284 

2.285811281 6.151243063 
2.22318709 5.999474284 

4.843994098 5.426379014 
4.949655314 5.227229455 

3.364476584 0.4908314279 
3.348538916 0.3960153049 

1.657077853 1.392810757 
1.92860273 1.323383529 

2.057300884 1.352454845 
1.92860273 1.323383529 

2.180497714 8.382491488 
2.241458064 8.071882839 

3.795394331 1.832698279 
3.944437997 1.923662617 

2.042191342 8.471067268 
1.662609618 8.568417173 

1.093443134 8.038469549 
1.35319885 7.905464222 

2.225870123 6.39217756 
2.032851419 6.359752742 

1.850399721 6.327869004 
2.032851419 6.359752742 

1.927774655 1.516953682 
1.92860273 1.323383529 

5.725902154 7.081320125 
5.874837423 7.077892284 

6.03680657 7.082104788 
5.874837423 7.077892284 

1.36827122 2.291915589 
1.622052078 2.207786203 

1.82246116 2.161144296 
1.622052078 2.207786203 

4.101553016 0.6440924444 
4.095302867 0.7455528844 

4.102313732 0.8296039801 
4.095302867 0.7455528844 

3.320528307 3.868101983 
3.368439748 3.719529144 

3.242839287 3.547009357 
3.368439748 3.719529144 

5.578688625 7.961547966 
5.41641642 8.170940485 

0.8534672612 6.456422818 
0.7912627891 6.537689607 

0.7273879068 6.619593637 
0.7912627891 6.537689607 

2.946363752 1.762743856 
2.671442344 1.70310692 

7.156425705 5.847573503 
7.237491172 5.715367497 

2.096307532 3.494666359 
2.049230442 3.462494678 

1.998251151 3.408278363 
2.049230442 3.462494678 

2.98029008 3.409030062 
2.805825705 3.553152287 

5.017287306 8.033462801 
5.197133318 8.14065314 

5.215169679 6.247760322 
5.236389639 5.994754652 

3.348691594 0.684010014 
3.364476584 0.4908314279 

6.54684468 6.88451934 
6.380987249 6.687299995 

6.289684278 6.526105552 
6.380987249 6.687299995 

3.499584015 2.622507621 
3.330269691 2.366108439 

3.28735321 2.207007656 
3.330269691 2.366108439 

3.252167443 8.921498779 
2.868942941 8.691803151 

2.544396657 8.599785114 
2.868942941 8.691803151 

3.752719296 1.432251699 
3.642211281 1.588222583 

3.572504527 1.767300902 
3.642211281 1.588222583 

5.197133318 8.14065314 
5.14943771 7.891832283 

2.079115619 7.651082861 
2.108228266 7.547113785 

2.155494052 7.429177331 
2.108228266 7.547113785 

1.869205578 2.834867402 
1.69211901 2.727481037 

2.803419611 1.547544521 
2.898859343 1.420553951 

3.000157081 1.340419744 
2.898859343 1.420553951 

6.54684468 6.88451934 
6.422106167 6.856913605 

6.290538889 6.855441913 
6.422106167 6.856913605 

3.832361467 2.571156472 
4.240953328 2.345020607 

3.832361467 2.571156472 
3.689628691 2.35009077 

3.573122009 2.130949884 
3.689628691 2.35009077 

2.354979358 0.9051412205 
2.391734047 0.6945080022 

3.242839287 3.547009357 
3.195601988 3.63220216 

2.60729898 3.694516716 
2.265137814 3.551580725 

6.139289288 5.945420304 
6.213166799 5.812006448 

6.259893218 5.658035581 
6.213166799 5.812006448 

2.510059055 0.5811170397 
2.391734047 0.6945080022 

1.663147785 6.419328191 
1.350867298 6.525653856 

2.093784094 6.694150461 
1.809139136 6.741286679 

1.575328603 6.753895011 
1.809139136 6.741286679 

1.898480657 7.473265469 
1.707576229 7.349866503 

5.153707773 7.603078191 
4.956659752 7.670894235 

7.237491172 5.715367497 
7.303889201 5.622867131 

3.724416372 8.528832033 
3.724033835 8.256805705 

3.73491902 7.991067263 
3.724033835 8.256805705 

1.622052078 2.207786203 
1.653382108 2.295952375 

5.886735946 5.600250654 
5.73754299 5.58368938 

5.61697709 5.515311906 
5.73754299 5.58368938 

3.28735321 2.207007656 
3.415619083 2.067087471 

7.586494308 6.232478115 
7.52958391 6.216056865 

7.471747972 6.222283702 
7.52958391 6.216056865 

2.697940552 2.137509803 
2.768746431 2.315834465 

2.867443697 2.458958261 
2.768746431 2.315834465 

5.891839427 6.784359055 
5.719343835 6.638036733 

5.59971239 6.50140724 
5.719343835 6.638036733 

4.270351297 5.898165364 
4.841035914 5.990830611 

5.4783691 6.034076119 
4.841035914 5.990830611 

2.512500151 7.130088585 
2.418278312 7.237768647 

2.335915092 7.348025747 
2.418278312 7.237768647 

3.33277846 7.029838022 
3.364203432 7.229124357 

4.764674286 5.635078787 
4.841035914 5.990830611 

6.30538 8.017664289 
6.197867147 8.001753802 

2.265137814 3.551580725 
2.007157643 3.454079746 

4.045564316 3.824345752 
4.283133507 3.566694835 

4.513383909 3.321358145 
4.283133507 3.566694835 

3.734558053 3.010643089 
3.634127783 3.245300065 

4.892543532 5.814442014 
4.841035914 5.990830611 

6.935929952 7.056176737 
7.058697185 6.963500973 

5.769581171 6.507839293 
5.719343835 6.638036733 

1.234270232 9.263848914 
1.364449957 9.167263026 

1.365199298 9.074167336 
1.364449957 9.167263026 

1.414079083 2.681228455 
1.508396245 2.606527404 

1.540763213 2.483436914 
1.508396245 2.606527404 

3.551991814 2.297299873 
3.689628691 2.35009077 

6.498972876 5.215974651 
6.754967901 5.160262665 

7.063502767 5.160262829 
6.754967901 5.160262665 

2.709109149 8.032282264 
2.52707237 7.934415342 

2.345142476 7.884748858 
2.52707237 7.934415342 

6.071542918 6.557118299 
5.981750847 6.532732601 

5.907596808 6.514142567 
5.981750847 6.532732601 

4.154060592 1.94958618 
3.944437997 1.923662617 

7.428827444 5.46358052 
7.353914112 5.582789616 

7.303889201 5.622867131 
7.353914112 5.582789616 

7.240105077 7.747556696 
7.091436414 7.844856808 

6.984608965 8.012332339 
7.091436414 7.844856808 

3.442248959 1.645446971 
3.285954456 1.461844584 

3.149089421 1.31702727 
3.285954456 1.461844584 

6.183656382 7.375558335 
6.045197485 7.877397902 

2.763309622 8.868443558 
2.868942941 8.691803151 

5.197133318 8.14065314 
5.29264663 8.119322143 

4.499934254 6.961046479 
4.361245806 7.05072429 

4.261942187 7.221445801 
4.361245806 7.05072429 

5.83840832 6.381813777 
5.59971239 6.50140724 

6.183656382 7.375558335 
6.374199714 7.376150065 

6.562237242 7.394703883 
6.374199714 7.376150065 

2.817094177 8.507664072 
2.868942941 8.691803151 

1.953066378 8.213552584 
2.180497714 8.382491488 

7.472666562 6.915109056 
7.582972767 6.818425634 

7.622940287 6.727135495 
7.582972767 6.818425634 

1.384527849 8.664299373 
1.524150311 8.409272733 

3.407886932 1.838319336 
3.415619083 2.067087471 

1.953066378 8.213552584 
2.001543801 8.341327969 

2.042191342 8.471067268 
2.001543801 8.341327969 

2.728672248 7.552684147 
2.737697878 7.443616927 

2.71060354 7.315569107 
2.737697878 7.443616927 

5.723209919 7.381542443 
5.648515784 7.546272661 

5.579233908 7.700347183 
5.648515784 7.546272661 

3.916123788 6.831552461 
4.135432653 6.72142973 

4.368208455 6.641011308 
4.135432653 6.72142973 

2.749197563 0.7953227482 
2.788539409 0.8671616917 

1.46132398 8.1624635 
1.396254522 8.391415783 

1.384527849 8.664299373 
1.396254522 8.391415783 

0.6962561993 7.616891135 
0.483178409 7.478660829 

1.898480657 7.473265469 
1.764725763 7.582921656 

2.165585422 9.171560854 
2.39104481 9.322391303 

2.632076793 9.464098817 
2.39104481 9.322391303 

2.306588335 1.396710079 
2.626427452 1.57989706 

2.946363752 1.762743856 
2.626427452 1.57989706 

6.220789948 6.726992789 
6.380987249 6.687299995 

5.092768803 6.605577616 
5.215166761 6.654371791 

5.353097961 6.632960098 
5.215166761 6.654371791 

5.247473235 7.72835665 
5.153707773 7.603078191 

1.965147007 0.8175418949 
2.079578873 0.7211919958 

2.251403936 0.6799891024 
2.079578873 0.7211919958 

1.941617278 6.885634223 
1.809139136 6.741286679 

0.5448785918 7.628539852 
0.5150536082 7.563326464 

0.483178409 7.478660829 
0.5150536082 7.563326464 

2.512500151 7.130088585 
2.960444459 6.832412055 

2.12263179 5.896151944 
2.292688111 5.897578254 

2.453043057 5.886612594 
2.292688111 5.897578254 

1.708230525 3.321095734 
1.870977017 3.397479022 

2.007157643 3.454079746 
1.870977017 3.397479022 

3.377729731 7.46153655 
3.409999858 7.310020237 

3.364203432 7.229124357 
3.409999858 7.310020237 

2.960444459 6.832412055 
3.1139782 7.067072088 

3.208289592 2.746976668 
3.347255301 2.676295805 

3.499584015 2.622507621 
3.347255301 2.676295805 

3.299659906 6.449015554 
3.33277846 7.029838022 

3.550624353 8.365025359 
3.724033835 8.256805705 

3.094857062 6.314801194 
3.146523542 6.396475432 

2.428480374 2.967566488 
2.580347271 2.916896248 

2.735260159 2.865613732 
2.580347271 2.916896248 

4.588504758 7.296304659 
4.361245806 7.05072429 

4.588504758 7.296304659 
4.696293893 7.397940429 

4.799916388 7.451323787 
4.696293893 7.397940429 

1.653805312 7.098363314 
1.757083988 7.274564504 

1.898480657 7.473265469 
1.757083988 7.274564504 

4.892543532 5.814442014 
5.041728639 5.671435032 

5.155524104 5.467720686 
5.041728639 5.671435032 

2.877329125 2.255665946 
2.768746431 2.315834465 

0.3553840704 8.134788826 
0.8136489402 7.996996299 

1.266564672 7.785263919 
0.8136489402 7.996996299 

5.78624983 7.593014399 
5.648515784 7.546272661 

2.512500151 7.130088585 
2.294893272 7.137706873 

2.095732897 7.215255665 
2.294893272 7.137706873 

1.350643945 7.244345357 
1.128250403 7.152062907 

4.832571901 2.921207813 
4.675495987 3.06453697 

4.538997423 3.134094806 
4.675495987 3.06453697 

2.788539409 0.8671616917 
2.840119048 0.8686715044 

2.915635914 0.8546085296 
2.840119048 0.8686715044 

3.348538916 0.3960153049 
3.265704574 0.3552587522 

0.9414498503 6.982263443 
1.013081203 6.757181676 

1.903189447 1.701748549 
1.772151401 1.826355028 

1.635681029 1.831259856 
1.772151401 1.826355028 

6.875762591 5.399212767 
7.034483224 5.516328798 

3.832361467 2.571156472 
3.77093295 2.804807774 

3.734558053 3.010643089 
3.77093295 2.804807774 

5.719343835 6.638036733 
5.619769102 6.721226647 

6.220789948 6.726992789 
6.071542918 6.557118299 

1.707828537 7.860935753 
1.895114337 7.92352073 

2.032189225 7.999629062 
1.895114337 7.92352073 

4.270351297 5.898165364 
4.49549072 5.766734591 

4.764674286 5.635078787 
4.49549072 5.766734591 

0.6345670062 7.335912899 
0.7124983811 7.279932359 

0.7803268003 7.220877545 
0.7124983811 7.279932359 

1.657077853 1.392810757 
1.850342949 1.445828941 

1.927774655 1.516953682 
1.850342949 1.445828941 

1.707576229 7.349866503 
1.757083988 7.274564504 

3.200025815 1.887957637 
3.173381734 2.025757628 

3.117189647 2.138029374 
3.173381734 2.025757628 

4.361245806 7.05072429 
4.135432653 6.72142973 

1.174939502 6.213704747 
1.112007851 6.294893525 

1.049076201 6.376082302 
1.112007851 6.294893525 

3.083381611 2.511081487 
3.347255301 2.676295805 

1.093443134 8.038469549 
0.8136489402 7.996996299 

6.468215192 8.214339433 
6.285731145 8.115288542 

1.768048704 9.281315801 
1.491626095 9.239257155 

2.60729898 3.694516716 
2.712453656 3.619371714 

2.805825705 3.553152287 
2.712453656 3.619371714 

5.434473966 7.675918081 
5.247473235 7.72835665 

5.883503292 4.760061254 
5.695654466 4.751249728 

5.501756462 4.771447618 
5.695654466 4.751249728 

7.554119719 6.530779267 
7.471747972 6.222283702 

7.193285327 7.096337701 
6.935929952 7.056176737 

2.755382539 9.134747181 
2.65342666 9.14317927 

2.548800156 9.138353705 
2.65342666 9.14317927 

6.632569326 5.645531642 
6.958887812 5.633719647 

1.524150311 8.409272733 
1.396254522 8.391415783 

2.730991904 6.491788016 
2.784995077 6.571891357 

2.848704488 6.648809485 
2.784995077 6.571891357 

2.631227254 2.660025204 
2.580347271 2.916896248 

7.394037667 6.664834387 
7.554119719 6.530779267 

2.108228266 7.547113785 
2.258692577 7.502342191 

2.106529496 2.096807537 
1.877229004 1.980333098 

6.715669089 6.588072236 
6.866166563 6.703185656 

5.155524104 5.467720686 
4.949655314 5.227229455 

7.193285327 7.096337701 
7.107222261 7.061241284 

7.058697185 6.963500973 
7.107222261 7.061241284 

5.891839427 6.784359055 
5.981750847 6.532732601 

5.41641642 8.170940485 
5.355094056 8.144585147 

5.29264663 8.119322143 
5.355094056 8.144585147 

7.290662681 7.296813056 
7.472666562 6.915109056 

7.290662681 7.296813056 
7.242840381 7.424919338 

7.190057739 7.537655574 
7.242840381 7.424919338 

1.945222961 3.44927655 
2.007157643 3.454079746 

2.322388341 2.429250581 
2.480010741 2.582946402 

2.631227254 2.660025204 
2.480010741 2.582946402 

5.981750847 6.532732601 
6.02164714 6.329122918 

3.550624353 8.365025359 
3.604363663 8.494575603 

3.724416372 8.528832033 
3.604363663 8.494575603 

2.544396657 8.599785114 
2.659096016 8.73784775 

2.763309622 8.868443558 
2.659096016 8.73784775 

4.37300127 1.151481927 
4.35016689 1.04475761 

4.325398815 0.9399459948 
4.35016689 1.04475761 

5.48773378 7.003544141 
5.192600915 7.313162155 

5.48773378 7.003544141 
5.711515074 6.911250789 

5.891839427 6.784359055 
5.711515074 6.911250789 

3.146523542 6.396475432 
3.201929924 6.428463618 

6.774867992 7.967854336 
6.879738478 7.990093338 

6.984608965 8.012332339 
6.879738478 7.990093338 

1.491626095 9.239257155 
1.364449957 9.167263026 

3.50417248 3.25636606 
3.442948209 3.560269224 

3.320528307 3.868101983 
3.442948209 3.560269224 

6.961473918 6.30956472 
6.937224109 6.593493699 

4.240953328 2.345020607 
4.552873216 2.061989168 

4.898114558 1.771683132 
4.552873216 2.061989168 

4.589947505 1.773632581 
4.612598951 1.692550163 

4.552379288 1.615457298 
4.612598951 1.692550163 

5.041728639 5.671435032 
5.353372835 5.663152743 

6.591910795 6.182276074 
6.599778634 6.309388537 

6.583958785 6.439843037 
6.599778634 6.309388537 

3.832361467 2.571156472 
3.686274585 2.59897485 

3.499584015 2.622507621 
3.686274585 2.59897485 

3.442248959 1.645446971 
3.642211281 1.588222583 

3.009047389 2.738718914 
3.063343971 2.643766456 

3.083381611 2.511081487 
3.063343971 2.643766456 

2.671442344 1.70310692 
2.626427452 1.57989706 

1.83421534 8.847889391 
2.000328184 9.012504035 

2.165585422 9.171560854 
2.000328184 9.012504035 

2.294893272 7.137706873 
2.418278312 7.237768647 

1.414079083 2.681228455 
1.549918935 2.694694987 

1.69211901 2.727481037 
1.549918935 2.694694987 

3.203953884 2.132924255 
3.306378671 2.09255995 

3.415619083 2.067087471 
3.306378671 2.09255995 

6.289684278 6.526105552 
6.583958785 6.439843037 

2.474158089 1.908070117 
2.090552766 1.631367345 

3.299659906 6.449015554 
3.250794915 6.438739586 

3.201929924 6.428463618 
3.250794915 6.438739586 

6.591910795 6.182276074 
7.015875966 5.841913289 

5.711515074 6.911250789 
5.665626379 6.89373775 

3.871289949 7.205583434 
4.018353973 7.418225869 

6.289684278 6.526105552 
6.176242914 6.540907624 

6.071542918 6.557118299 
6.176242914 6.540907624 

6.342739718 6.164220939 
6.289684278 6.526105552 

1.657077853 1.392810757 
1.867974794 1.497452359 

2.090552766 1.631367345 
1.867974794 1.497452359 

6.08132588 8.137787073 
6.190831701 8.106802763 

6.285731145 8.115288542 
6.190831701 8.106802763 

3.173381734 2.025757628 
3.203953884 2.132924255 

3.252167443 8.921498779 
3.165468342 8.61604346 

3.105716065 8.361472683 
3.165468342 8.61604346 

4.481494755 6.174384625 
4.841035914 5.990830611 

3.442948209 3.560269224 
3.368439748 3.719529144 

2.265137814 3.551580725 
2.376213797 3.418343404 

6.342739718 6.164220939 
6.245859698 6.062491771 

6.139289288 5.945420304 
6.245859698 6.062491771 

1.945222961 3.44927655 
1.870977017 3.397479022 

6.08132588 8.137787073 
6.144618651 8.077285553 

6.197867147 8.001753802 
6.144618651 8.077285553 

3.51540443 0.5155835124 
3.348538916 0.3960153049 

3.51540443 0.5155835124 
3.433089405 0.6019968596 

3.348691594 0.684010014 
3.433089405 0.6019968596 

6.468215192 8.214339433 
6.551872594 8.24521812 

6.648746871 8.239851251 
6.551872594 8.24521812 

5.353372835 5.663152743 
5.236389639 5.994754652 

2.544396657 8.599785114 
2.309543732 8.538705757 

2.042191342 8.471067268 
2.309543732 8.538705757 

3.200025815 1.887957637 
3.021838339 1.561906979 

6.299427668 5.406433411 
6.259893218 5.658035581 

5.83840832 6.381813777 
5.747748822 6.237728175 

7.428827444 5.46358052 
7.223939208 5.6516966 

7.015875966 5.841913289 
7.223939208 5.6516966 

6.045197485 7.877397902 
6.197867147 8.001753802 

2.960444459 6.832412055 
2.939779387 6.995654658 

2.919114315 7.158897261 
2.939779387 6.995654658 

3.686274585 2.59897485 
3.610013266 2.518382265 

6.30538 8.017664289 
6.285731145 8.115288542 

4.481494755 6.174384625 
4.576499311 6.320955066 

4.670087388 6.470296252 
4.576499311 6.320955066 

6.380987249 6.687299995 
6.422106167 6.856913605 

0.3553840704 8.134788826 
0.5226900644 7.899383453 

0.6962561993 7.616891135 
0.5226900644 7.899383453 

3.686274585 2.59897485 
3.77093295 2.804807774 

4.089417533 7.625193538 
4.186756897 7.422156239 

4.261942187 7.221445801 
4.186756897 7.422156239 

0.5226900644 7.899383453 
0.6451965124 7.991517862 

5.886735946 5.600250654 
5.948950771 5.732549336 

6.015195673 5.863273077 
5.948950771 5.732549336 

2.92920398 2.935372351 
3.149822278 3.301190655 

1.662609618 8.568417173 
1.384527849 8.664299373 

1.898480657 7.473265469 
2.108228266 7.547113785 

1.635681029 1.831259856 
1.751076998 1.914882492 

1.877229004 1.980333098 
1.751076998 1.914882492 

3.407886932 1.838319336 
3.572504527 1.767300902 

7.193285327 7.096337701 
7.333289756 7.005568118 

7.472666562 6.915109056 
7.333289756 7.005568118 

5.353372835 5.663152743 
5.254448469 5.565436714 

5.155524104 5.467720686 
5.254448469 5.565436714 

6.045197485 7.877397902 
6.144618651 8.077285553 

1.350643945 7.244345357 
1.308184168 7.339274434 

1.258241347 7.421711923 
1.308184168 7.339274434 

3.937685839 2.118993291 
3.689628691 2.35009077 

2.367627405 8.881808345 
2.590892908 8.915096222 

1.234270232 9.263848914 
1.368047214 9.256376654 

1.491626095 9.239257155 
1.368047214 9.256376654 

3.377729731 7.46153655 
3.560281007 7.501162558 

3.743548381 7.539608931 
3.560281007 7.501162558 

2.306588335 1.396710079 
2.090552766 1.631367345 

4.384449475 7.614442075 
4.186756897 7.422156239 

4.785903057 2.431865116 
4.867609361 2.479347451 

4.949315666 2.526829786 
4.867609361 2.479347451 

2.306588335 1.396710079 
2.354979358 0.9051412205 

2.306588335 1.396710079 
2.33475392 1.522540409 

2.362919505 1.648370739 
2.33475392 1.522540409 

1.927774655 1.516953682 
1.867974794 1.497452359 

3.191030792 0.2653787154 
3.228367683 0.3103187338 

3.265704574 0.3552587522 
3.228367683 0.3103187338 

4.612598951 1.692550163 
4.711221721 1.832742361 

3.299659906 6.449015554 
3.221333598 6.31445328 

5.747748822 6.237728175 
5.769460142 6.179323984 

5.793206358 6.119614485 
5.769460142 6.179323984 

6.155198884 5.074860892 
6.023065418 4.813680217 

6.155198884 5.074860892 
6.145244788 5.200396233 

6.135290692 5.325931573 
6.145244788 5.200396233 

3.119221354 6.148428993 
3.171434663 6.231000896 

3.221333598 6.31445328 
3.171434663 6.231000896 

3.937685839 2.118993291 
3.941061918 2.021327954 

3.944437997 1.923662617 
3.941061918 2.021327954 

1.657077853 1.392810757 
1.766184169 1.228822203 

1.875290485 1.06483365 
1.766184169 1.228822203 

3.078667712 8.701676089 
3.165468342 8.61604346 

3.252167443 8.921498779 
3.003774991 9.02812298 

2.755382539 9.134747181 
3.003774991 9.02812298 

