1.440709312 8.156190677 
1.70741225 7.86490662 

3.200702388 0.8569895885 
2.953701701 1.75551377 

7.428827444 5.46358052 
7.549955128 6.53226742 

2.953701701 1.75551377 
3.567215344 1.760507458 

2.416205993 7.700250481 
2.938158743 7.730548385 

6.290619993 6.524651027 
5.893431338 6.781078834 

3.749943489 7.546130373 
2.938158743 7.730548385 

4.433158332 2.701070815 
4.532803782 3.340396964 

2.017144164 8.010787097 
2.132412046 7.765858211 

5.090761714 6.601463459 
4.731576377 6.82788704 

2.761350919 8.863914874 
3.280341415 8.930727416 

3.570789346 2.122348126 
3.567215344 1.760507458 

2.017144164 8.010787097 
1.979503968 8.218866721 

4.753517538 4.758921569 
4.471534652 4.504793822 

3.570789346 2.122348126 
3.733882256 3.012276287 

5.658500845 4.944881256 
5.617825112 5.509066246 

2.953701701 1.75551377 
3.214971701 1.881424347 

6.290619993 6.524651027 
6.593093478 6.180066708 

1.70741225 7.86490662 
1.66082711 7.102743262 

5.893431338 6.781078834 
6.059805937 6.564706298 

6.50145208 5.218514718 
6.922193125 5.929814139 

2.85876572 2.45355904 
3.058817987 2.320752441 

6.922193125 5.929814139 
6.593093478 6.180066708 

2.761350919 8.863914874 
2.062666889 8.481999388 

2.017144164 8.010787097 
2.416205993 7.700250481 

2.953701701 1.75551377 
2.699456097 2.133529755 

0.7803268003 7.220877545 
0.4392077554 6.738045414 

1.66082711 7.102743262 
1.353004726 7.245190645 

2.893806357 7.147398244 
2.416205993 7.700250481 

1.979503968 8.218866721 
1.65434661 8.554458333 

2.110846673 7.203881527 
1.66082711 7.102743262 

3.770737745 0.9005975679 
3.75317781 1.441730923 

7.549955128 6.53226742 
6.931273647 7.075319455 

6.290619993 6.524651027 
6.71567022 6.590321588 

3.733882256 3.012276287 
4.041865621 3.038989182 

1.440709312 8.156190677 
1.270189481 7.772913191 

1.979503968 8.218866721 
1.70741225 7.86490662 

3.147176118 3.293950158 
2.639738642 2.65799273 

1.70741225 7.86490662 
1.902446247 7.683200488 

2.110846673 7.203881527 
1.582066733 6.759013432 

3.770737745 0.9005975679 
3.799355252 1.796105444 

6.50145208 5.218514718 
6.634319645 5.647342646 

4.433158332 2.701070815 
4.949573834 2.529208036 

2.062666889 8.481999388 
1.837427523 8.841482253 

2.225689589 6.391089063 
2.093784094 6.694150461 

6.036893425 7.083283293 
5.893431338 6.781078834 

7.549955128 6.53226742 
6.961250809 6.307391526 

6.593093478 6.180066708 
6.961250809 6.307391526 

3.304694405 2.202851252 
3.058817987 2.320752441 

3.799355252 1.796105444 
3.567215344 1.760507458 

4.201134665 4.157945306 
4.038096749 3.823291128 

4.731576377 6.82788704 
4.680416456 6.469081093 

7.290662681 7.296813056 
6.80568028 7.383330562 

2.893806357 7.147398244 
2.536558007 7.136528065 

1.234270232 9.263848914 
1.25346091 8.766468156 

5.475516598 6.036325648 
5.795229044 6.118317007 

4.471534652 4.504793822 
4.340947333 4.341108605 

4.201134665 4.157945306 
4.340947333 4.341108605 

2.639738642 2.65799273 
2.85876572 2.45355904 

2.416205993 7.700250481 
2.61638129 7.63303332 

6.922193125 5.929814139 
7.295632013 6.138114357 

1.66082711 7.102743262 
1.582066733 6.759013432 

5.18683646 7.314158766 
4.798517729 7.453652513 

6.036893425 7.083283293 
5.722962934 7.384610962 

3.147176118 3.293950158 
3.201767555 2.745230278 

1.86848283 2.833577442 
2.445472461 3.238146845 

2.481167166 1.949972557 
2.699456097 2.133529755 

4.680416456 6.469081093 
4.368208455 6.641011308 

1.65434661 8.554458333 
1.523115496 8.931969826 

2.789605334 8.255070907 
2.938158743 7.730548385 

6.922193125 5.929814139 
6.961250809 6.307391526 

2.699456097 2.133529755 
2.145226703 2.337544623 

2.145226703 2.337544623 
2.322388341 2.429250581 

5.722962934 7.384610962 
5.727070905 7.080948475 

0.7026410711 7.616207953 
1.004516694 7.65815025 

1.270189481 7.772913191 
1.004516694 7.65815025 

6.80568028 7.383330562 
6.931273647 7.075319455 

4.225811502 2.345980812 
4.536423925 2.391165529 

1.65434661 8.554458333 
1.837427523 8.841482253 

1.66082711 7.102743262 
1.160119114 6.935277996 

2.110846673 7.203881527 
2.154341914 7.428945277 

1.64306431 1.815307037 
2.145226703 2.337544623 

7.549955128 6.53226742 
7.290662681 7.296813056 

6.547286607 6.88247652 
7.175510121 6.662868616 

1.160119114 6.935277996 
0.7803268003 7.220877545 

6.80568028 7.383330562 
6.900967634 7.771977122 

5.090761714 6.601463459 
5.213861648 6.302867866 

5.577069939 7.687873639 
5.748512789 7.775721146 

6.046416254 7.875601253 
5.748512789 7.775721146 

7.175510121 6.662868616 
6.931273647 7.075319455 

3.147176118 3.293950158 
2.98029008 3.409030062 

2.54606978 8.599280698 
2.789605334 8.255070907 

1.70741225 7.86490662 
1.097814508 8.034901174 

1.902446247 7.683200488 
1.883379558 7.498511392 

2.154341914 7.428945277 
1.883379558 7.498511392 

2.938158743 7.730548385 
3.37142352 7.493605559 

3.570789346 2.122348126 
3.799355252 1.796105444 

2.60729898 3.694516716 
2.445472461 3.238146845 

2.322388341 2.429250581 
2.110123232 2.096977739 

6.634319645 5.647342646 
6.922193125 5.929814139 

4.041865621 3.038989182 
4.332784463 3.086384303 

3.214971701 1.881424347 
3.421900281 1.808161875 

3.724416372 8.528832033 
3.103761317 8.361826941 

2.789605334 8.255070907 
3.103761317 8.361826941 

5.722962934 7.384610962 
6.046416254 7.875601253 

3.119041858 6.149535341 
2.741043677 6.295991145 

1.25346091 8.766468156 
1.523115496 8.931969826 

1.440709312 8.156190677 
1.642244124 8.350551465 

4.680416456 6.469081093 
5.213861648 6.302867866 

3.200702388 0.8569895885 
3.449057404 1.031934137 

4.433158332 2.701070815 
4.536423925 2.391165529 

2.017144164 8.010787097 
2.351972836 8.355117303 

2.54606978 8.599280698 
2.351972836 8.355117303 

4.898114558 1.771683132 
4.154879479 1.948185853 

3.570789346 2.122348126 
4.154879479 1.948185853 

6.304547909 8.013603537 
6.180673125 7.369877148 

6.036893425 7.083283293 
6.180673125 7.369877148 

6.71567022 6.590321588 
6.937224109 6.593493699 

3.200702388 0.8569895885 
3.159044875 0.2764689754 

2.445472461 3.238146845 
2.376213797 3.418343404 

7.175510121 6.662868616 
6.937224109 6.593493699 

4.536423925 2.391165529 
4.786227432 2.427768666 

5.59945444 6.502957804 
5.770220313 6.512096994 

0.7803268003 7.220877545 
1.081199504 7.439832941 

2.953701701 1.75551377 
2.803419611 1.547544521 

1.160119114 6.935277996 
1.174088127 6.217922255 

5.023425639 8.026319538 
4.384449475 7.614442075 

2.110846673 7.203881527 
2.006224388 7.077717797 

1.004516694 7.65815025 
1.097814508 8.034901174 

3.103761317 8.361826941 
3.069197264 8.058549835 

4.27534241 5.901756587 
4.185688239 6.292303881 

3.916123788 6.831552461 
4.185688239 6.292303881 

3.799355252 1.796105444 
3.907082498 1.565773734 

3.75317781 1.441730923 
3.907082498 1.565773734 

0.3586174308 8.133100104 
0.7142244232 8.334937764 

5.617825112 5.509066246 
5.351089149 5.667177383 

3.570789346 2.122348126 
3.551991814 2.297299873 

7.428827444 5.46358052 
6.958680219 5.635601523 

1.837427523 8.841482253 
1.602997224 9.063973676 

1.234270232 9.263848914 
1.602997224 9.063973676 

2.61638129 7.63303332 
2.154341914 7.428945277 

6.937224109 6.593493699 
6.547286607 6.88247652 

5.795229044 6.118317007 
6.137495568 5.937009884 

3.200702388 0.8569895885 
3.150815869 1.313230086 

3.567215344 1.760507458 
3.150815869 1.313230086 

1.642244124 8.350551465 
1.65434661 8.554458333 

6.259893218 5.658035581 
6.1351193 5.323804837 

0.4392077554 6.738045414 
1.014166301 6.754897026 

1.160119114 6.935277996 
1.014166301 6.754897026 

5.18683646 7.314158766 
5.727070905 7.080948475 

4.731576377 6.82788704 
4.906877329 6.905010925 

3.280341415 8.930727416 
3.230155467 8.573219828 

6.961250809 6.307391526 
6.71567022 6.590321588 

2.481167166 1.949972557 
2.363398134 1.651877943 

2.145226703 2.337544623 
2.110123232 2.096977739 

1.36827122 2.291915589 
1.653382108 2.295952375 

6.036893425 7.083283293 
6.290478584 6.854861872 

5.893431338 6.781078834 
6.290478584 6.854861872 

2.61638129 7.63303332 
2.328641309 7.33816032 

2.184216832 9.173248878 
2.089485054 8.79506409 

2.062666889 8.481999388 
2.089485054 8.79506409 

6.931273647 7.075319455 
6.831918521 6.835753627 

6.547286607 6.88247652 
6.831918521 6.835753627 

2.416205993 7.700250481 
2.415298241 8.068672174 

2.351972836 8.355117303 
2.415298241 8.068672174 

7.257143326 7.745291223 
6.900967634 7.771977122 

3.770737745 0.9005975679 
3.585461835 0.7681845176 

4.766206143 5.631956026 
4.893677227 5.815344788 

3.058817987 2.320752441 
3.508305994 2.63202499 

2.154341914 7.428945277 
2.328641309 7.33816032 

2.394350251 0.9101046467 
2.253716175 0.6713781154 

6.961250809 6.307391526 
7.169676452 6.253826036 

7.295632013 6.138114357 
7.169676452 6.253826036 

4.384449475 7.614442075 
4.263723279 7.221401064 

4.263723279 7.221401064 
4.584016463 7.279688028 

1.837427523 8.841482253 
2.089485054 8.79506409 

6.304547909 8.013603537 
5.578258368 7.960822007 

7.063502767 5.160262829 
7.082094929 5.388463384 

2.938158743 7.730548385 
2.61638129 7.63303332 

5.578258368 7.960822007 
5.577069939 7.687873639 

1.097814508 8.034901174 
1.270189481 7.772913191 

0.3586174308 8.133100104 
0.6390439125 7.987588113 

1.86848283 2.833577442 
1.992325972 2.543585034 

2.145226703 2.337544623 
1.992325972 2.543585034 

2.938158743 7.730548385 
2.415298241 8.068672174 

4.450442547 1.309946863 
3.907082498 1.565773734 

2.938158743 7.730548385 
2.71170466 7.999688533 

5.658500845 4.944881256 
5.501312177 4.773546505 

5.13979263 4.79672275 
5.501312177 4.773546505 

5.727070905 7.080948475 
5.489661416 7.002702322 

3.103761317 8.361826941 
3.230155467 8.573219828 

6.059805937 6.564706298 
6.022061358 6.330993389 

5.795229044 6.118317007 
6.022061358 6.330993389 

4.580994997 1.779683497 
4.154879479 1.948185853 

4.038096749 3.823291128 
3.73616454 3.95296001 

2.54606978 8.599280698 
2.590892908 8.915096222 

3.159044875 0.2764689754 
3.345654471 0.6849242435 

3.449057404 1.031934137 
3.345654471 0.6849242435 

3.733882256 3.012276287 
3.742784314 3.261166188 

2.60729898 3.694516716 
2.376213797 3.418343404 

2.639738642 2.65799273 
2.641191729 3.186364555 

2.110123232 2.096977739 
2.699456097 2.133529755 

4.27534241 5.901756587 
4.732741564 6.300769359 

5.090761714 6.601463459 
4.732741564 6.300769359 

1.851084189 6.327896203 
1.582066733 6.759013432 

1.851084189 6.327896203 
1.929344879 6.164690591 

6.180673125 7.369877148 
5.722962934 7.384610962 

2.132412046 7.765858211 
2.255300951 7.501395703 

2.536558007 7.136528065 
2.255300951 7.501395703 

3.230155467 8.573219828 
3.356062649 8.410063119 

2.699456097 2.133529755 
2.438414124 2.173963885 

2.110123232 2.096977739 
1.821561978 2.158686404 

3.836773786 2.568545188 
3.609782929 2.519440109 

3.551991814 2.297299873 
3.609782929 2.519440109 

2.154341914 7.428945277 
2.255300951 7.501395703 

2.85004957 6.650030437 
3.300454638 6.4520794 

4.949573834 2.529208036 
5.059625422 2.177685935 

6.937224109 6.593493699 
7.256404764 6.548850744 

7.549955128 6.53226742 
7.256404764 6.548850744 

6.80568028 7.383330562 
6.590882052 7.443232834 

1.70741225 7.86490662 
1.424185384 8.011891217 

6.259893218 5.658035581 
5.885709815 5.600932266 

7.471194067 6.914297373 
7.389111567 6.661693652 

7.175510121 6.662868616 
7.389111567 6.661693652 

4.450442547 1.309946863 
4.124810362 1.438978153 

3.799355252 1.796105444 
4.124810362 1.438978153 

6.022061358 6.330993389 
6.137495568 5.937009884 

1.424185384 8.011891217 
1.440709312 8.156190677 

1.582066733 6.759013432 
1.663147785 6.419328191 

1.081199504 7.439832941 
0.4859197596 7.480112574 

2.502416712 5.984455948 
2.700185996 6.126877491 

2.741043677 6.295991145 
2.700185996 6.126877491 

2.789605334 8.255070907 
2.351972836 8.355117303 

2.85876572 2.45355904 
2.867544158 2.25019338 

2.932281884 2.046905026 
2.867544158 2.25019338 

1.160119114 6.935277996 
1.353004726 7.245190645 

2.376213797 3.418343404 
2.180979824 3.358542345 

2.328641309 7.33816032 
2.255300951 7.501395703 

1.081199504 7.439832941 
1.270189481 7.772913191 

1.081199504 7.439832941 
1.128250403 7.152062907 

1.160119114 6.935277996 
1.128250403 7.152062907 

4.732741564 6.300769359 
4.680416456 6.469081093 

3.916123788 6.831552461 
3.870888573 7.20774665 

3.749943489 7.546130373 
3.870888573 7.20774665 

2.641191729 3.186364555 
2.445472461 3.238146845 

2.093784094 6.694150461 
1.941895774 6.888657525 

2.006224388 7.077717797 
1.941895774 6.888657525 

3.147176118 3.293950158 
3.242839287 3.547009357 

5.13979263 4.79672275 
4.92261502 4.929914499 

4.753517538 4.758921569 
4.92261502 4.929914499 

5.658500845 4.944881256 
5.880894378 4.762329772 

1.004516694 7.65815025 
1.081199504 7.439832941 

2.307714409 1.391508512 
2.057300884 1.352454845 

3.200702388 0.8569895885 
2.919636704 0.8667842208 

2.761350919 8.863914874 
2.590892908 8.915096222 

5.59945444 6.502957804 
5.618369485 6.721294497 

0.7142244232 8.334937764 
0.6390439125 7.987588113 

7.549955128 6.53226742 
7.604839152 6.193617956 

4.263723279 7.221401064 
3.916123788 6.831552461 

2.225689589 6.391089063 
1.929344879 6.164690591 

6.648746871 8.239851251 
6.774867992 7.967854336 

6.900967634 7.771977122 
6.774867992 7.967854336 

1.653382108 2.295952375 
1.613543746 2.423587297 

1.64306431 1.815307037 
1.821561978 2.158686404 

2.789605334 8.255070907 
3.069197264 8.058549835 

1.927774655 1.516953682 
1.903189447 1.701748549 

5.618369485 6.721294497 
5.893431338 6.781078834 

2.953701701 1.75551377 
2.932281884 2.046905026 

4.450442547 1.309946863 
4.552776923 1.614440274 

2.415298241 8.068672174 
2.71170466 7.999688533 

3.585461835 0.7681845176 
3.498729939 0.5065158938 

4.731576377 6.82788704 
4.501699065 6.962351241 

2.184216832 9.173248878 
1.769243444 9.280845892 

0.7803268003 7.220877545 
1.128250403 7.152062907 

3.609782929 2.519440109 
3.508305994 2.63202499 

3.214971701 1.881424347 
3.21511777 2.129288314 

3.304694405 2.202851252 
3.21511777 2.129288314 

1.36827122 2.291915589 
1.613543746 2.423587297 

1.642244124 8.350551465 
1.718519087 8.204547576 

2.610590512 0.4605956305 
2.747975741 0.7927751662 

3.058817987 2.320752441 
2.867544158 2.25019338 

4.433158332 2.701070815 
4.339661671 2.852545898 

2.938158743 7.730548385 
3.319677252 8.055569979 

3.724416372 8.528832033 
3.319677252 8.055569979 

1.821561978 2.158686404 
1.653382108 2.295952375 

2.536558007 7.136528065 
2.710601235 7.313348693 

4.332784463 3.086384303 
4.339661671 2.852545898 

2.85004957 6.650030437 
2.980758196 6.838323937 

2.110123232 2.096977739 
2.438414124 2.173963885 

3.201767555 2.745230278 
3.008085459 2.738207828 

2.92920398 2.935372351 
3.008085459 2.738207828 

2.71170466 7.999688533 
2.789605334 8.255070907 

5.577069939 7.687873639 
5.252177399 7.727014097 

0.7803268003 7.220877545 
1.014166301 6.754897026 

0.4859197596 7.480112574 
0.6345670062 7.335912899 

4.532803782 3.340396964 
4.539343122 3.135865098 

4.332784463 3.086384303 
4.539343122 3.135865098 

4.893677227 5.815344788 
5.076049845 5.946926082 

2.632076793 9.464098817 
2.755382539 9.134747181 

2.761350919 8.863914874 
2.755382539 9.134747181 

6.831918521 6.835753627 
6.71567022 6.590321588 

3.749943489 7.546130373 
4.087707392 7.624839094 

4.384449475 7.614442075 
4.087707392 7.624839094 

3.421900281 1.808161875 
3.442895705 1.647196282 

3.567215344 1.760507458 
3.442895705 1.647196282 

1.927774655 1.516953682 
2.057300884 1.352454845 

3.449057404 1.031934137 
3.585461835 0.7681845176 

6.1351193 5.323804837 
6.299427668 5.406433411 

6.50145208 5.218514718 
6.299427668 5.406433411 

0.7933111862 8.770477267 
0.5636332119 8.618912806 

2.953701701 1.75551377 
3.022486781 1.561469796 

5.722962934 7.384610962 
5.450237436 7.66940046 

5.023425639 8.026319538 
5.450237436 7.66940046 

7.169676452 6.253826036 
7.256404764 6.548850744 

6.922193125 5.929814139 
6.958680219 5.635601523 

2.132412046 7.765858211 
2.065638995 7.653144024 

1.883379558 7.498511392 
2.065638995 7.653144024 

1.353004726 7.245190645 
0.9414498503 6.982263443 

6.922193125 5.929814139 
7.155032885 5.848172256 

3.356062649 8.410063119 
3.531773986 8.360377916 

2.416205993 7.700250481 
2.255300951 7.501395703 

5.885709815 5.600932266 
6.1351193 5.323804837 

1.440709312 8.156190677 
1.523867879 8.409200499 

1.65434661 8.554458333 
1.523867879 8.409200499 

2.789605334 8.255070907 
2.80966029 8.490234401 

5.18683646 7.314158766 
5.252177399 7.727014097 

4.325398815 0.9399459948 
4.12794331 0.9229899595 

2.80966029 8.490234401 
2.54606978 8.599280698 

6.71567022 6.590321588 
6.603299565 6.684573825 

6.547286607 6.88247652 
6.603299565 6.684573825 

5.351089149 5.667177383 
5.076049845 5.946926082 

2.699456097 2.133529755 
2.932281884 2.046905026 

0.6390439125 7.987588113 
0.7026410711 7.616207953 

6.648746871 8.239851251 
6.984608965 8.012332339 

5.770220313 6.512096994 
5.894718562 6.515485323 

0.6390439125 7.987588113 
0.8597709058 7.877467595 

1.004516694 7.65815025 
0.8597709058 7.877467595 

0.9414498503 6.982263443 
1.160119114 6.935277996 

4.552776923 1.614440274 
4.317887617 1.565282137 

4.124810362 1.438978153 
4.317887617 1.565282137 

4.154879479 1.948185853 
3.937465138 2.118207626 

1.613543746 2.423587297 
1.540763213 2.483436914 

3.297680426 3.891570862 
3.195666109 3.634321626 

2.98029008 3.409030062 
3.195666109 3.634321626 

2.699456097 2.133529755 
2.867544158 2.25019338 

5.213861648 6.302867866 
4.955697579 6.318853094 

4.732741564 6.300769359 
4.955697579 6.318853094 

4.766206143 5.631956026 
5.154710862 5.465602074 

1.663147785 6.419328191 
1.851084189 6.327896203 

3.022486781 1.561469796 
2.803419611 1.547544521 

2.893806357 7.147398244 
2.710601235 7.313348693 

2.741043677 6.295991145 
2.753940595 6.483209247 

4.263723279 7.221401064 
3.870888573 7.20774665 

1.174088127 6.217922255 
1.106504142 6.564945645 

1.014166301 6.754897026 
1.106504142 6.564945645 

1.582066733 6.759013432 
1.160119114 6.935277996 

3.150815869 1.313230086 
2.981248208 1.313882008 

3.022486781 1.561469796 
2.981248208 1.313882008 

1.174088127 6.217922255 
1.347911123 6.526139205 

1.582066733 6.759013432 
1.347911123 6.526139205 

0.7026410711 7.616207953 
0.5468817613 7.628198445 

6.593093478 6.180066708 
6.365357745 6.141007571 

7.389111567 6.661693652 
7.256404764 6.548850744 

4.532803782 3.340396964 
4.863393671 2.924045293 

4.949573834 2.529208036 
4.863393671 2.924045293 

4.680416456 6.469081093 
4.955697579 6.318853094 

4.27534241 5.901756587 
4.510990089 6.15511085 

2.225689589 6.391089063 
2.741043677 6.295991145 

6.31683433 4.832768661 
6.025847732 4.814234548 

5.880894378 4.762329772 
6.025847732 4.814234548 

3.200702388 0.8569895885 
3.345654471 0.6849242435 

1.965147007 0.8175418949 
1.874611071 1.065340096 

6.831918521 6.835753627 
6.603299565 6.684573825 

0.3586174308 8.133100104 
0.7341801034 8.1014416 

1.097814508 8.034901174 
0.7341801034 8.1014416 

2.639738642 2.65799273 
3.008085459 2.738207828 

5.489661416 7.002702322 
5.666486659 6.893554769 

5.618369485 6.721294497 
5.666486659 6.893554769 

4.580994997 1.779683497 
4.710285951 1.831661385 

4.898114558 1.771683132 
4.710285951 1.831661385 

1.523115496 8.931969826 
1.365199298 9.074167336 

4.906877329 6.905010925 
5.003626256 7.185661109 

5.18683646 7.314158766 
5.003626256 7.185661109 

2.590892908 8.915096222 
2.755382539 9.134747181 

4.92261502 4.929914499 
4.844878547 5.185548456 

7.063502767 5.160262829 
6.875762591 5.399212767 

6.634319645 5.647342646 
6.875762591 5.399212767 

4.844878547 5.185548456 
4.674192029 5.31254202 

1.25346091 8.766468156 
1.523867879 8.409200499 

6.958680219 5.635601523 
6.875762591 5.399212767 

4.12794331 0.9229899595 
4.102313732 0.8296039801 

2.438414124 2.173963885 
2.481167166 1.949972557 

2.803419611 1.547544521 
2.601386509 1.62147955 

2.363398134 1.651877943 
2.601386509 1.62147955 

3.749943489 7.546130373 
3.319677252 8.055569979 

3.749943489 7.546130373 
3.733674618 7.990609276 

3.304694405 2.202851252 
3.118526403 2.137843169 

2.932281884 2.046905026 
3.118526403 2.137843169 

5.023425639 8.026319538 
4.954962907 7.652117731 

4.798517729 7.453652513 
4.954962907 7.652117731 

4.584016463 7.279688028 
4.501699065 6.962351241 

2.481167166 1.949972557 
2.601386509 1.62147955 

3.504878996 3.25652492 
3.631687266 3.252808604 

3.742784314 3.261166188 
3.631687266 3.252808604 

3.570789346 2.122348126 
3.21511777 2.129288314 

1.611754978 7.505193134 
1.883379558 7.498511392 

2.017144164 8.010787097 
2.248773666 8.066395514 

2.415298241 8.068672174 
2.248773666 8.066395514 

6.958680219 5.635601523 
7.155032885 5.848172256 

3.352645826 7.015801716 
3.113746532 7.065364261 

2.893806357 7.147398244 
3.113746532 7.065364261 

1.902446247 7.683200488 
2.065638995 7.653144024 

3.119041858 6.149535341 
2.700185996 6.126877491 

5.059625422 2.177685935 
4.971885231 1.984372214 

4.898114558 1.771683132 
4.971885231 1.984372214 

4.732741564 6.300769359 
4.510990089 6.15511085 

1.66082711 7.102743262 
1.941895774 6.888657525 

2.184216832 9.173248878 
2.367026472 8.883675307 

2.54606978 8.599280698 
2.367026472 8.883675307 

1.66082711 7.102743262 
1.717454053 7.358485631 

1.611754978 7.505193134 
1.717454053 7.358485631 

4.124810362 1.438978153 
4.325398815 0.9399459948 

7.290662681 7.296813056 
7.191362194 7.097450942 

3.103761317 8.361826941 
2.80966029 8.490234401 

2.80966029 8.490234401 
2.99578671 8.636857765 

5.090761714 6.601463459 
4.955697579 6.318853094 

1.353004726 7.245190645 
1.717454053 7.358485631 

2.60729898 3.694516716 
2.672357891 3.42637362 

2.641191729 3.186364555 
2.672357891 3.42637362 

6.875762591 5.399212767 
7.082094929 5.388463384 

4.786227432 2.427768666 
4.577691432 2.595039945 

4.433158332 2.701070815 
4.577691432 2.595039945 

3.118526403 2.137843169 
3.21511777 2.129288314 

4.766206143 5.631956026 
4.84317788 5.423540298 

4.325398815 0.9399459948 
4.102313732 0.8296039801 

1.440709312 8.156190677 
1.718519087 8.204547576 

3.570789346 2.122348126 
3.407839318 2.039723408 

3.214971701 1.881424347 
3.407839318 2.039723408 

6.046416254 7.875601253 
6.08132588 8.137787073 

2.017144164 8.010787097 
1.902446247 7.683200488 

6.290619993 6.524651027 
6.230405667 6.73140674 

6.290478584 6.854861872 
6.230405667 6.73140674 

3.058817987 2.320752441 
3.118526403 2.137843169 

3.069197264 8.058549835 
3.319677252 8.055569979 

3.280341415 8.930727416 
3.076599358 8.696489101 

2.99578671 8.636857765 
3.076599358 8.696489101 

5.450237436 7.66940046 
5.577069939 7.687873639 

2.639738642 2.65799273 
2.734911137 2.864304535 

2.92920398 2.935372351 
2.734911137 2.864304535 

7.549955128 6.53226742 
7.622940287 6.727135495 

3.201767555 2.745230278 
3.065824332 2.513600605 

3.058817987 2.320752441 
3.065824332 2.513600605 

2.610590512 0.4605956305 
2.39249216 0.6944111949 

2.253716175 0.6713781154 
2.39249216 0.6944111949 

1.663147785 6.419328191 
1.713864138 6.169254765 

3.119041858 6.149535341 
3.093746719 6.318405035 

3.065824332 2.513600605 
2.85876572 2.45355904 

5.023425639 8.026319538 
5.149664672 7.892654964 

5.252177399 7.727014097 
5.149664672 7.892654964 

2.394350251 0.9101046467 
2.460160772 0.7172165729 

2.632076793 9.464098817 
2.548800156 9.138353705 

2.590892908 8.915096222 
2.548800156 9.138353705 

3.449057404 1.031934137 
3.259345349 1.128757344 

3.150815869 1.313230086 
3.259345349 1.128757344 

2.180979824 3.358542345 
2.096307532 3.494666359 

4.124810362 1.438978153 
4.030945173 1.467772925 

3.907082498 1.565773734 
4.030945173 1.467772925 

1.36827122 2.291915589 
1.540763213 2.483436914 

1.36827122 2.291915589 
1.59199233 2.053899418 

1.64306431 1.815307037 
1.59199233 2.053899418 

0.7341801034 8.1014416 
0.6390439125 7.987588113 

7.295632013 6.138114357 
7.403728718 6.17992603 

4.225811502 2.345980812 
4.433158332 2.701070815 

4.154879479 1.948185853 
4.272239051 2.130579476 

2.460160772 0.7172165729 
2.509729191 0.5805680537 

1.081199504 7.439832941 
1.257875434 7.410686352 

5.090761714 6.601463459 
4.906877329 6.905010925 

5.59945444 6.502957804 
5.359778315 6.652875068 

1.234270232 9.263848914 
1.38673603 8.661801695 

3.498729939 0.5065158938 
3.346806158 0.5017651916 

4.501699065 6.962351241 
4.368208455 6.641011308 

0.9414498503 6.982263443 
0.7803268003 7.220877545 

2.61638129 7.63303332 
2.728564483 7.554522546 

7.169676452 6.253826036 
7.403728718 6.17992603 

2.351972836 8.355117303 
2.179901673 8.380997333 

2.062666889 8.481999388 
2.179901673 8.380997333 

6.984608965 8.012332339 
6.900967634 7.771977122 

0.4392077554 6.738045414 
0.7273879068 6.619593637 

0.7341801034 8.1014416 
0.7142244232 8.334937764 

0.7142244232 8.334937764 
0.7200322366 8.516001287 

6.259893218 5.658035581 
6.634319645 5.647342646 

7.257143326 7.745291223 
7.175891699 7.535878631 

1.25346091 8.766468156 
1.38673603 8.661801695 

3.297680426 3.891570862 
3.565294215 3.864990246 

3.73616454 3.95296001 
3.565294215 3.864990246 

5.722962934 7.384610962 
5.78624983 7.593014399 

5.748512789 7.775721146 
5.78624983 7.593014399 

1.097814508 8.034901174 
0.8597709058 7.877467595 

1.25346091 8.766468156 
1.04014962 8.693649304 

0.7933111862 8.770477267 
1.04014962 8.693649304 

2.132412046 7.765858211 
2.248773666 8.066395514 

4.263723279 7.221401064 
4.017070212 7.41911323 

3.749943489 7.546130373 
4.017070212 7.41911323 

2.481167166 1.949972557 
2.669226833 1.706932812 

2.803419611 1.547544521 
2.669226833 1.706932812 

2.132412046 7.765858211 
2.233522997 7.729983158 

2.416205993 7.700250481 
2.233522997 7.729983158 

3.200702388 0.8569895885 
3.259345349 1.128757344 

6.304547909 8.013603537 
6.468215192 8.214339433 

2.017144164 8.010787097 
2.340189476 7.904521473 

6.31683433 4.832768661 
6.156768111 5.074728665 

2.938158743 7.730548385 
3.002701439 7.915213035 

3.069197264 8.058549835 
3.002701439 7.915213035 

2.340189476 7.904521473 
2.233522997 7.729983158 

6.71567022 6.590321588 
6.583847537 6.441329754 

4.087707392 7.624839094 
4.017070212 7.41911323 

6.583847537 6.441329754 
6.603299565 6.684573825 

6.259893218 5.658035581 
6.015424396 5.862597468 

5.795229044 6.118317007 
6.015424396 5.862597468 

2.340189476 7.904521473 
2.416205993 7.700250481 

0.8534672612 6.456422818 
1.049076201 6.376082302 

2.438414124 2.173963885 
2.433179671 2.335999535 

5.359778315 6.652875068 
5.618369485 6.721294497 

2.502416712 5.984455948 
2.453043057 5.886612594 

2.728564483 7.554522546 
2.938158743 7.730548385 

2.71170466 7.999688533 
3.002701439 7.915213035 

4.185688239 6.292303881 
4.510990089 6.15511085 

6.831918521 6.835753627 
6.866171667 6.704156958 

6.937224109 6.593493699 
6.866171667 6.704156958 

4.185688239 6.292303881 
4.250733973 6.480017827 

4.368208455 6.641011308 
4.250733973 6.480017827 

5.727070905 7.080948475 
5.666486659 6.893554769 

5.893431338 6.781078834 
5.666486659 6.893554769 

7.403728718 6.17992603 
7.471475626 6.221687653 

7.082094929 5.388463384 
7.428827444 5.46358052 

2.639738642 2.65799273 
2.404582291 2.970307174 

2.445472461 3.238146845 
2.404582291 2.970307174 

3.345654471 0.6849242435 
3.585461835 0.7681845176 

4.84317788 5.423540298 
5.154710862 5.465602074 

5.023425639 8.026319538 
5.152520779 7.602982057 

5.18683646 7.314158766 
5.152520779 7.602982057 

4.225811502 2.345980812 
4.299058213 2.215552273 

4.272239051 2.130579476 
4.299058213 2.215552273 

2.328641309 7.33816032 
2.110846673 7.203881527 

5.475516598 6.036325648 
5.236622664 6.008173399 

5.076049845 5.946926082 
5.236622664 6.008173399 

7.082094929 5.388463384 
7.034483224 5.516328798 

6.958680219 5.635601523 
7.034483224 5.516328798 

4.041865621 3.038989182 
4.164127833 2.895316683 

4.339661671 2.852545898 
4.164127833 2.895316683 

6.547286607 6.88247652 
6.230405667 6.73140674 

7.256404764 6.548850744 
7.175510121 6.662868616 

6.022061358 6.330993389 
5.8360131 6.381447908 

5.770220313 6.512096994 
5.8360131 6.381447908 

6.137495568 5.937009884 
6.015424396 5.862597468 

1.587849762 5.971644717 
1.792601108 6.071569088 

1.929344879 6.164690591 
1.792601108 6.071569088 

2.340189476 7.904521473 
2.415298241 8.068672174 

1.270189481 7.772913191 
1.362031884 7.900260767 

4.450442547 1.309946863 
4.373447996 1.152874452 

4.766206143 5.631956026 
4.96455839 5.202087125 

5.13979263 4.79672275 
4.96455839 5.202087125 

5.894718562 6.515485323 
5.8360131 6.381447908 

1.821561978 2.158686404 
1.59199233 2.053899418 

0.4392077554 6.738045414 
0.6814634394 6.861654559 

0.9414498503 6.982263443 
0.6814634394 6.861654559 

6.961250809 6.307391526 
6.583847537 6.441329754 

0.5636332119 8.618912806 
0.658209947 8.555557639 

0.7200322366 8.516001287 
0.658209947 8.555557639 

1.611754978 7.505193134 
1.353004726 7.245190645 

1.769243444 9.280845892 
1.694917333 9.16488737 

1.602997224 9.063973676 
1.694917333 9.16488737 

3.733674618 7.990609276 
3.531773986 8.360377916 

1.611754978 7.505193134 
1.76744094 7.582400102 

1.902446247 7.683200488 
1.76744094 7.582400102 

1.987164331 3.394934663 
1.942889985 3.447323505 

1.677877802 3.302910799 
1.942889985 3.447323505 

1.347911123 6.526139205 
1.106504142 6.564945645 

1.523867879 8.409200499 
1.642244124 8.350551465 

2.103588467 5.903371812 
2.224842631 6.00230998 

2.348004371 6.193924498 
2.224842631 6.00230998 

4.84317788 5.423540298 
4.96455839 5.202087125 

3.346806158 0.5017651916 
3.348626461 0.3973535726 

1.657707715 1.391349341 
1.92860273 1.323383529 

2.057300884 1.352454845 
1.92860273 1.323383529 

2.179901673 8.380997333 
2.248773666 8.066395514 

3.799355252 1.796105444 
3.934337513 1.90931989 

2.062666889 8.481999388 
1.65434661 8.554458333 

1.097814508 8.034901174 
1.362031884 7.900260767 

2.225689589 6.391089063 
2.019176677 6.354282636 

1.851084189 6.327896203 
2.019176677 6.354282636 

1.927774655 1.516953682 
1.92860273 1.323383529 

5.727070905 7.080948475 
5.884008764 7.06618953 

6.036893425 7.083283293 
5.884008764 7.06618953 

1.36827122 2.291915589 
1.622052078 2.207786203 

1.821561978 2.158686404 
1.622052078 2.207786203 

4.09954026 0.6448547418 
4.095302867 0.7455528844 

4.102313732 0.8296039801 
4.095302867 0.7455528844 

3.297680426 3.891570862 
3.367466842 3.721124647 

3.242839287 3.547009357 
3.367466842 3.721124647 

5.578258368 7.960822007 
5.435478137 8.168810113 

0.8534672612 6.456422818 
0.7912627891 6.537689607 

0.7273879068 6.619593637 
0.7912627891 6.537689607 

2.953701701 1.75551377 
2.669226833 1.706932812 

7.155032885 5.848172256 
7.237491172 5.715367497 

2.096307532 3.494666359 
2.048591962 3.461769069 

1.987164331 3.394934663 
2.048591962 3.461769069 

2.98029008 3.409030062 
2.805825705 3.553152287 

5.023425639 8.026319538 
5.195159579 8.11831167 

5.213861648 6.302867866 
5.236622664 6.008173399 

3.345654471 0.6849242435 
3.346806158 0.5017651916 

6.547286607 6.88247652 
6.380384254 6.687728806 

6.290619993 6.524651027 
6.380384254 6.687728806 

3.508305994 2.63202499 
3.320541136 2.370483888 

3.304694405 2.202851252 
3.320541136 2.370483888 

3.280341415 8.930727416 
2.873991572 8.693155691 

2.54606978 8.599280698 
2.873991572 8.693155691 

3.75317781 1.441730923 
3.642194159 1.588484106 

3.567215344 1.760507458 
3.642194159 1.588484106 

5.195159579 8.11831167 
5.149664672 7.892654964 

2.065638995 7.653144024 
2.103741214 7.548261968 

2.154341914 7.428945277 
2.103741214 7.548261968 

1.86848283 2.833577442 
1.69211901 2.727481037 

2.803419611 1.547544521 
2.898899863 1.419277014 

2.981248208 1.313882008 
2.898899863 1.419277014 

6.547286607 6.88247652 
6.422106167 6.856913605 

6.290478584 6.854861872 
6.422106167 6.856913605 

3.836773786 2.568545188 
4.225811502 2.345980812 

3.836773786 2.568545188 
3.689628691 2.35009077 

3.570789346 2.122348126 
3.689628691 2.35009077 

2.394350251 0.9101046467 
2.39249216 0.6944111949 

3.242839287 3.547009357 
3.195666109 3.634321626 

2.60729898 3.694516716 
2.265137814 3.551580725 

6.137495568 5.937009884 
6.212669722 5.812554618 

6.259893218 5.658035581 
6.212669722 5.812554618 

2.509729191 0.5805680537 
2.39249216 0.6944111949 

1.663147785 6.419328191 
1.347911123 6.526139205 

2.093784094 6.694150461 
1.809139136 6.741286679 

1.582066733 6.759013432 
1.809139136 6.741286679 

1.883379558 7.498511392 
1.717454053 7.358485631 

5.152520779 7.602982057 
4.954962907 7.652117731 

7.237491172 5.715367497 
7.303889201 5.622867131 

3.724416372 8.528832033 
3.722427867 8.2573156 

3.733674618 7.990609276 
3.722427867 8.2573156 

1.622052078 2.207786203 
1.653382108 2.295952375 

5.885709815 5.600932266 
5.7224786 5.587612461 

5.617825112 5.509066246 
5.7224786 5.587612461 

3.304694405 2.202851252 
3.407839318 2.039723408 

7.471475626 6.221687653 
7.530475718 6.214989588 

2.699456097 2.133529755 
2.769035681 2.314888153 

2.85876572 2.45355904 
2.769035681 2.314888153 

5.893431338 6.781078834 
5.719653538 6.637381742 

5.59945444 6.502957804 
5.719653538 6.637381742 

4.27534241 5.901756587 
4.839696628 5.991307726 

5.475516598 6.036325648 
4.839696628 5.991307726 

2.536558007 7.136528065 
2.418812629 7.237623842 

2.328641309 7.33816032 
2.418812629 7.237623842 

3.352645826 7.015801716 
3.365090032 7.227988418 

4.766206143 5.631956026 
4.839696628 5.991307726 

6.304547909 8.013603537 
6.197867147 8.001753802 

2.265137814 3.551580725 
2.007157643 3.454079746 

4.038096749 3.823291128 
4.283374844 3.567374708 

4.532803782 3.340396964 
4.283374844 3.567374708 

3.733882256 3.012276287 
3.631687266 3.252808604 

4.893677227 5.815344788 
4.839696628 5.991307726 

6.931273647 7.075319455 
7.058353748 6.967305886 

5.770220313 6.512096994 
5.719653538 6.637381742 

1.234270232 9.263848914 
1.36508773 9.168004336 

1.365199298 9.074167336 
1.36508773 9.168004336 

1.414079083 2.681228455 
1.508396245 2.606527404 

1.540763213 2.483436914 
1.508396245 2.606527404 

3.551991814 2.297299873 
3.689628691 2.35009077 

6.50145208 5.218514718 
6.754967901 5.160262665 

7.063502767 5.160262829 
6.754967901 5.160262665 

2.71170466 7.999688533 
2.528261158 7.93479313 

2.340189476 7.904521473 
2.528261158 7.93479313 

6.059805937 6.564706298 
5.975405492 6.542366979 

5.894718562 6.515485323 
5.975405492 6.542366979 

4.154879479 1.948185853 
3.934337513 1.90931989 

7.428827444 5.46358052 
7.353914112 5.582789616 

7.303889201 5.622867131 
7.353914112 5.582789616 

7.257143326 7.745291223 
7.092865154 7.844245144 

6.984608965 8.012332339 
7.092865154 7.844245144 

3.442895705 1.647196282 
3.285954456 1.461844584 

3.150815869 1.313230086 
3.285954456 1.461844584 

2.761350919 8.863914874 
2.873991572 8.693155691 

5.195159579 8.11831167 
5.292014338 8.118779885 

4.501699065 6.962351241 
4.362431077 7.051703882 

4.263723279 7.221401064 
4.362431077 7.051703882 

5.8360131 6.381447908 
5.59945444 6.502957804 

6.180673125 7.369877148 
6.376137139 7.377762147 

6.590882052 7.443232834 
6.376137139 7.377762147 

2.80966029 8.490234401 
2.873991572 8.693155691 

1.979503968 8.218866721 
2.179901673 8.380997333 

7.471194067 6.914297373 
7.582972767 6.818425634 

7.622940287 6.727135495 
7.582972767 6.818425634 

1.38673603 8.661801695 
1.523867879 8.409200499 

3.421900281 1.808161875 
3.407839318 2.039723408 

1.979503968 8.218866721 
2.006092672 8.344932859 

2.062666889 8.481999388 
2.006092672 8.344932859 

2.728564483 7.554522546 
2.737697878 7.443616927 

2.710601235 7.313348693 
2.737697878 7.443616927 

5.722962934 7.384610962 
5.648068174 7.546834329 

5.577069939 7.687873639 
5.648068174 7.546834329 

3.916123788 6.831552461 
4.135432653 6.72142973 

4.368208455 6.641011308 
4.135432653 6.72142973 

2.747975741 0.7927751662 
2.783912497 0.8645239026 

1.440709312 8.156190677 
1.371922041 8.410627316 

1.38673603 8.661801695 
1.371922041 8.410627316 

0.7026410711 7.616207953 
0.4859197596 7.480112574 

1.883379558 7.498511392 
1.76744094 7.582400102 

2.184216832 9.173248878 
2.390303372 9.321614767 

2.632076793 9.464098817 
2.390303372 9.321614767 

2.307714409 1.391508512 
2.626427452 1.57989706 

2.953701701 1.75551377 
2.626427452 1.57989706 

6.230405667 6.73140674 
6.380384254 6.687728806 

5.090761714 6.601463459 
5.216194759 6.65484077 

5.359778315 6.652875068 
5.216194759 6.65484077 

5.252177399 7.727014097 
5.152520779 7.602982057 

1.965147007 0.8175418949 
2.08062048 0.7206189759 

2.253716175 0.6713781154 
2.08062048 0.7206189759 

1.941895774 6.888657525 
1.809139136 6.741286679 

0.5468817613 7.628198445 
0.5150536082 7.563326464 

0.4859197596 7.480112574 
0.5150536082 7.563326464 

2.536558007 7.136528065 
2.980758196 6.838323937 

2.103588467 5.903371812 
2.291096474 5.897786292 

2.453043057 5.886612594 
2.291096474 5.897786292 

1.677877802 3.302910799 
1.869089957 3.396475174 

2.007157643 3.454079746 
1.869089957 3.396475174 

3.37142352 7.493605559 
3.416660435 7.311033437 

3.365090032 7.227988418 
3.416660435 7.311033437 

2.980758196 6.838323937 
3.113746532 7.065364261 

3.201767555 2.745230278 
3.34552449 2.675908465 

3.508305994 2.63202499 
3.34552449 2.675908465 

3.300454638 6.4520794 
3.352645826 7.015801716 

3.531773986 8.360377916 
3.722427867 8.2573156 

3.093746719 6.318405035 
3.146180233 6.396093501 

2.404582291 2.970307174 
2.579260301 2.915721401 

2.734911137 2.864304535 
2.579260301 2.915721401 

4.584016463 7.279688028 
4.362431077 7.051703882 

4.584016463 7.279688028 
4.705088087 7.352789238 

4.798517729 7.453652513 
4.705088087 7.352789238 

1.66082711 7.102743262 
1.742256932 7.269386224 

1.883379558 7.498511392 
1.742256932 7.269386224 

4.893677227 5.815344788 
5.041728639 5.671435032 

5.154710862 5.465602074 
5.041728639 5.671435032 

2.867544158 2.25019338 
2.769035681 2.314888153 

0.3586174308 8.133100104 
0.8164322588 7.99527184 

1.270189481 7.772913191 
0.8164322588 7.99527184 

5.78624983 7.593014399 
5.648068174 7.546834329 

2.536558007 7.136528065 
2.294970205 7.138358038 

2.110846673 7.203881527 
2.294970205 7.138358038 

1.353004726 7.245190645 
1.128250403 7.152062907 

4.863393671 2.924045293 
4.677397073 3.063688977 

4.539343122 3.135865098 
4.677397073 3.063688977 

2.783912497 0.8645239026 
2.840159208 0.868869235 

2.919636704 0.8667842208 
2.840159208 0.868869235 

3.348626461 0.3973535726 
3.265704574 0.3552587522 

0.9414498503 6.982263443 
1.014166301 6.754897026 

1.903189447 1.701748549 
1.771554077 1.825905872 

1.64306431 1.815307037 
1.771554077 1.825905872 

6.875762591 5.399212767 
7.034483224 5.516328798 

3.836773786 2.568545188 
3.77093295 2.804807774 

3.733882256 3.012276287 
3.77093295 2.804807774 

5.719653538 6.637381742 
5.618369485 6.721294497 

6.230405667 6.73140674 
6.059805937 6.564706298 

1.70741225 7.86490662 
1.89612521 7.924788284 

2.017144164 8.010787097 
1.89612521 7.924788284 

4.27534241 5.901756587 
4.49549072 5.766734591 

4.766206143 5.631956026 
4.49549072 5.766734591 

0.6345670062 7.335912899 
0.7124983811 7.279932359 

0.7803268003 7.220877545 
0.7124983811 7.279932359 

1.657707715 1.391349341 
1.850342949 1.445828941 

1.927774655 1.516953682 
1.850342949 1.445828941 

1.717454053 7.358485631 
1.742256932 7.269386224 

3.214971701 1.881424347 
3.179120501 2.029378507 

3.118526403 2.137843169 
3.179120501 2.029378507 

4.362431077 7.051703882 
4.135432653 6.72142973 

1.174088127 6.217922255 
1.112007851 6.294893525 

1.049076201 6.376082302 
1.112007851 6.294893525 

3.065824332 2.513600605 
3.34552449 2.675908465 

1.097814508 8.034901174 
0.8164322588 7.99527184 

6.468215192 8.214339433 
6.285731145 8.115288542 

1.769243444 9.280845892 
1.487449954 9.249568671 

2.60729898 3.694516716 
2.712453656 3.619371714 

2.805825705 3.553152287 
2.712453656 3.619371714 

5.450237436 7.66940046 
5.252177399 7.727014097 

5.880894378 4.762329772 
5.695375569 4.752645865 

5.501312177 4.773546505 
5.695375569 4.752645865 

7.549955128 6.53226742 
7.471475626 6.221687653 

7.191362194 7.097450942 
6.931273647 7.075319455 

2.755382539 9.134747181 
2.65342666 9.14317927 

2.548800156 9.138353705 
2.65342666 9.14317927 

6.634319645 5.647342646 
6.958680219 5.635601523 

1.523867879 8.409200499 
1.371922041 8.410627316 

2.753940595 6.483209247 
2.785359519 6.571153373 

2.85004957 6.650030437 
2.785359519 6.571153373 

2.639738642 2.65799273 
2.579260301 2.915721401 

7.389111567 6.661693652 
7.549955128 6.53226742 

2.103741214 7.548261968 
2.255300951 7.501395703 

2.110123232 2.096977739 
1.877229004 1.980333098 

6.71567022 6.590321588 
6.866171667 6.704156958 

5.154710862 5.465602074 
4.96455839 5.202087125 

7.191362194 7.097450942 
7.105803035 7.10724166 

7.058353748 6.967305886 
7.105803035 7.10724166 

5.893431338 6.781078834 
5.975405492 6.542366979 

5.435478137 8.168810113 
5.356033841 8.144679368 

5.292014338 8.118779885 
5.356033841 8.144679368 

7.290662681 7.296813056 
7.471194067 6.914297373 

7.290662681 7.296813056 
7.242078616 7.42551289 

7.175891699 7.535878631 
7.242078616 7.42551289 

1.942889985 3.447323505 
2.007157643 3.454079746 

2.322388341 2.429250581 
2.481193216 2.583333208 

2.639738642 2.65799273 
2.481193216 2.583333208 

5.975405492 6.542366979 
6.022061358 6.330993389 

3.724416372 8.528832033 
3.603475716 8.493658878 

2.54606978 8.599280698 
2.645103936 8.729060096 

2.761350919 8.863914874 
2.645103936 8.729060096 

4.373447996 1.152874452 
4.35016689 1.04475761 

4.325398815 0.9399459948 
4.35016689 1.04475761 

5.489661416 7.002702322 
5.18683646 7.314158766 

5.489661416 7.002702322 
5.731013361 6.901648835 

5.893431338 6.781078834 
5.731013361 6.901648835 

3.146180233 6.396093501 
3.201929924 6.428463618 

6.774867992 7.967854336 
6.879738478 7.990093338 

6.984608965 8.012332339 
6.879738478 7.990093338 

1.487449954 9.249568671 
1.36508773 9.168004336 

3.504878996 3.25652492 
3.441528254 3.562820287 

3.297680426 3.891570862 
3.441528254 3.562820287 

6.961250809 6.307391526 
6.937224109 6.593493699 

4.225811502 2.345980812 
4.548665332 2.065469561 

4.898114558 1.771683132 
4.548665332 2.065469561 

4.580994997 1.779683497 
4.634656546 1.69023278 

4.552776923 1.614440274 
4.634656546 1.69023278 

5.041728639 5.671435032 
5.351089149 5.667177383 

6.593093478 6.180066708 
6.599778634 6.309388537 

6.583847537 6.441329754 
6.599778634 6.309388537 

3.836773786 2.568545188 
3.68558668 2.599549139 

3.508305994 2.63202499 
3.68558668 2.599549139 

3.442895705 1.647196282 
3.642194159 1.588484106 

3.008085459 2.738207828 
3.062973781 2.643056215 

3.065824332 2.513600605 
3.062973781 2.643056215 

2.669226833 1.706932812 
2.626427452 1.57989706 

1.837427523 8.841482253 
2.015175204 9.025794281 

2.184216832 9.173248878 
2.015175204 9.025794281 

2.294970205 7.138358038 
2.418812629 7.237623842 

1.414079083 2.681228455 
1.549918935 2.694694987 

1.69211901 2.727481037 
1.549918935 2.694694987 

3.21511777 2.129288314 
3.305814532 2.094162361 

3.407839318 2.039723408 
3.305814532 2.094162361 

6.290619993 6.524651027 
6.583847537 6.441329754 

2.481167166 1.949972557 
2.095287018 1.636051529 

3.300454638 6.4520794 
3.250794915 6.438739586 

3.201929924 6.428463618 
3.250794915 6.438739586 

6.593093478 6.180066708 
7.015875966 5.841913289 

5.731013361 6.901648835 
5.666486659 6.893554769 

3.870888573 7.20774665 
4.017070212 7.41911323 

6.290619993 6.524651027 
6.174594825 6.54126879 

6.059805937 6.564706298 
6.174594825 6.54126879 

6.365357745 6.141007571 
6.290619993 6.524651027 

1.657707715 1.391349341 
1.867974794 1.497452359 

2.095287018 1.636051529 
1.867974794 1.497452359 

6.08132588 8.137787073 
6.190831701 8.106802763 

6.285731145 8.115288542 
6.190831701 8.106802763 

3.179120501 2.029378507 
3.21511777 2.129288314 

3.280341415 8.930727416 
3.166828422 8.620177399 

3.103761317 8.361826941 
3.166828422 8.620177399 

4.510990089 6.15511085 
4.839696628 5.991307726 

3.441528254 3.562820287 
3.367466842 3.721124647 

2.265137814 3.551580725 
2.376213797 3.418343404 

6.365357745 6.141007571 
6.246418725 6.06145152 

6.137495568 5.937009884 
6.246418725 6.06145152 

1.942889985 3.447323505 
1.869089957 3.396475174 

6.08132588 8.137787073 
6.144618651 8.077285553 

6.197867147 8.001753802 
6.144618651 8.077285553 

3.498729939 0.5065158938 
3.348626461 0.3973535726 

3.498729939 0.5065158938 
3.433117912 0.6012019027 

3.345654471 0.6849242435 
3.433117912 0.6012019027 

6.468215192 8.214339433 
6.551872594 8.24521812 

6.648746871 8.239851251 
6.551872594 8.24521812 

5.351089149 5.667177383 
5.236622664 6.008173399 

2.54606978 8.599280698 
2.307217014 8.538273827 

2.062666889 8.481999388 
2.307217014 8.538273827 

3.214971701 1.881424347 
3.022486781 1.561469796 

6.299427668 5.406433411 
6.259893218 5.658035581 

5.8360131 6.381447908 
5.718523483 6.226756452 

7.428827444 5.46358052 
7.223939208 5.6516966 

7.015875966 5.841913289 
7.223939208 5.6516966 

6.046416254 7.875601253 
6.197867147 8.001753802 

2.980758196 6.838323937 
2.939732993 6.99543421 

2.893806357 7.147398244 
2.939732993 6.99543421 

3.68558668 2.599549139 
3.609782929 2.519440109 

6.304547909 8.013603537 
6.285731145 8.115288542 

4.510990089 6.15511085 
4.589769764 6.311289825 

4.680416456 6.469081093 
4.589769764 6.311289825 

6.380384254 6.687728806 
6.422106167 6.856913605 

0.3586174308 8.133100104 
0.5261756727 7.89691585 

0.7026410711 7.616207953 
0.5261756727 7.89691585 

3.68558668 2.599549139 
3.77093295 2.804807774 

4.087707392 7.624839094 
4.186756897 7.422156239 

4.263723279 7.221401064 
4.186756897 7.422156239 

0.5261756727 7.89691585 
0.6390439125 7.987588113 

5.885709815 5.600932266 
5.946937019 5.728202854 

6.015424396 5.862597468 
5.946937019 5.728202854 

2.92920398 2.935372351 
3.147176118 3.293950158 

1.65434661 8.554458333 
1.38673603 8.661801695 

1.883379558 7.498511392 
2.103741214 7.548261968 

1.64306431 1.815307037 
1.750606121 1.913902172 

1.877229004 1.980333098 
1.750606121 1.913902172 

3.421900281 1.808161875 
3.567215344 1.760507458 

7.191362194 7.097450942 
7.332609889 7.013296704 

7.471194067 6.914297373 
7.332609889 7.013296704 

5.351089149 5.667177383 
5.254448469 5.565436714 

5.154710862 5.465602074 
5.254448469 5.565436714 

6.046416254 7.875601253 
6.144618651 8.077285553 

1.353004726 7.245190645 
1.307873533 7.339438291 

1.257875434 7.410686352 
1.307873533 7.339438291 

3.937465138 2.118207626 
3.689628691 2.35009077 

2.367026472 8.883675307 
2.590892908 8.915096222 

1.234270232 9.263848914 
1.368663404 9.256583282 

1.487449954 9.249568671 
1.368663404 9.256583282 

3.37142352 7.493605559 
3.560560425 7.502259648 

3.749943489 7.546130373 
3.560560425 7.502259648 

2.307714409 1.391508512 
2.095287018 1.636051529 

4.384449475 7.614442075 
4.186756897 7.422156239 

4.786227432 2.427768666 
4.867128855 2.478939663 

4.949573834 2.529208036 
4.867128855 2.478939663 

2.307714409 1.391508512 
2.307060063 1.515523442 

2.363398134 1.651877943 
2.307060063 1.515523442 

1.927774655 1.516953682 
1.867974794 1.497452359 

3.159044875 0.2764689754 
3.227175791 0.3102171135 

3.265704574 0.3552587522 
3.227175791 0.3102171135 

4.634656546 1.69023278 
4.710285951 1.831661385 

3.300454638 6.4520794 
3.221333598 6.31445328 

5.718523483 6.226756452 
5.768229133 6.179658105 

5.795229044 6.118317007 
5.768229133 6.179658105 

6.156768111 5.074728665 
6.025847732 4.814234548 

6.156768111 5.074728665 
6.136504096 5.181594885 

6.1351193 5.323804837 
6.136504096 5.181594885 

3.119041858 6.149535341 
3.171434663 6.231000896 

3.221333598 6.31445328 
3.171434663 6.231000896 

3.937465138 2.118207626 
3.932843664 2.013889611 

3.934337513 1.90931989 
3.932843664 2.013889611 

1.657707715 1.391349341 
1.765358296 1.212906052 

1.874611071 1.065340096 
1.765358296 1.212906052 

3.076599358 8.696489101 
3.166828422 8.620177399 

2.755382539 9.134747181 
3.007738211 9.02706004 

6.046416254 7.875601253 
6.141457564 7.615402875 

6.180673125 7.369877148 
6.141457564 7.615402875 

5.658500845 4.944881256 
5.695375569 4.752645865 

1.677877802 3.302910799 
1.772603474 3.070075011 

1.86848283 2.833577442 
1.772603474 3.070075011 

2.932281884 2.046905026 
3.179120501 2.029378507 

2.322388341 2.429250581 
2.377784006 2.382625058 

2.433179671 2.335999535 
2.377784006 2.382625058 

4.589769764 6.311289825 
4.732741564 6.300769359 

2.71170466 7.999688533 
2.562983937 7.867558068 

2.416205993 7.700250481 
2.562983937 7.867558068 

4.96455839 5.202087125 
4.844878547 5.185548456 

2.348004371 6.193924498 
2.274923191 6.283118761 

2.225689589 6.391089063 
2.274923191 6.283118761 

3.305814532 2.094162361 
3.304694405 2.202851252 

2.932281884 2.046905026 
3.004454043 2.181929344 

3.058817987 2.320752441 
3.004454043 2.181929344 

6.931273647 7.075319455 
7.018231428 7.078435517 

7.105803035 7.10724166 
7.018231428 7.078435517 

4.674192029 5.31254202 
4.758684955 5.368041159 

4.84317788 5.423540298 
4.758684955 5.368041159 

2.089485054 8.79506409 
2.015175204 9.025794281 

7.604839152 6.193617956 
7.567657435 6.204303772 

7.530475718 6.214989588 
7.567657435 6.204303772 

1.362031884 7.900260767 
1.41917617 7.940920248 

1.424185384 8.011891217 
1.41917617 7.940920248 

1.587849762 5.971644717 
1.65085695 6.070449741 

1.713864138 6.169254765 
1.65085695 6.070449741 

5.475516598 6.036325648 
5.346433277 6.160520213 

4.450442547 1.309946863 
4.317887617 1.565282137 

1.987164331 3.394934663 
1.869089957 3.396475174 

3.201767555 2.745230278 
3.062973781 2.643056215 

2.460160772 0.7172165729 
2.39249216 0.6944111949 

6.31683433 4.832768661 
6.407867037 5.023441938 

6.50145208 5.218514718 
6.407867037 5.023441938 

1.718519087 8.204547576 
1.849917561 8.210405173 

1.979503968 8.218866721 
1.849917561 8.210405173 

6.922193125 5.929814139 
7.015875966 5.841913289 

5.236622664 6.008173399 
5.346433277 6.160520213 

3.603475716 8.493658878 
3.567624851 8.427018397 

3.531773986 8.360377916 
3.567624851 8.427018397 

2.394350251 0.9101046467 
2.783912497 0.8645239026 

2.394350251 0.9101046467 
2.351458397 1.151664978 

2.307714409 1.391508512 
2.351458397 1.151664978 

3.280341415 8.930727416 
3.144039813 8.978893728 

3.007738211 9.02706004 
3.144039813 8.978893728 

3.770737745 0.9005975679 
3.934970777 0.7703467837 

4.09954026 0.6448547418 
3.934970777 0.7703467837 

5.213861648 6.302867866 
5.216194759 6.65484077 

1.106504142 6.564945645 
1.049076201 6.376082302 

5.213861648 6.302867866 
5.280147463 6.23169404 

5.346433277 6.160520213 
5.280147463 6.23169404 

2.610590512 0.4605956305 
2.560159851 0.5205818421 

2.509729191 0.5805680537 
2.560159851 0.5205818421 

