1.44005985 8.157095628 
1.704892174 7.862906427 

3.200702388 0.8569895885 
2.952373595 1.754934911 

7.454464106 5.494635701 
7.549997461 6.526786954 

2.952373595 1.754934911 
3.570616591 1.760833818 

2.415174773 7.71085205 
2.928296137 7.733463936 

6.31678266 6.51061784 
5.899172729 6.781330256 

3.749943489 7.546130373 
2.928296137 7.733463936 

4.432793779 2.702118479 
4.532803782 3.340396964 

2.023995799 8.013755998 
2.136105111 7.759237037 

5.080561026 6.616150802 
4.733425469 6.826969119 

2.760477163 8.86419314 
3.280341415 8.930727416 

2.023995799 8.013755998 
1.970748803 8.229060395 

4.753517538 4.758921569 
4.471534652 4.504793822 

3.593602145 2.103283252 
3.733568683 3.006475925 

5.658241599 4.947764995 
5.616905697 5.493719148 

2.952373595 1.754934911 
3.216086439 1.882420298 

6.31678266 6.51061784 
6.619965453 6.121735695 

5.899172729 6.781330256 
6.069201569 6.553019492 

6.503726941 5.223514698 
6.911230082 5.954990382 

2.857614952 2.45335923 
3.060280058 2.321954167 

6.911230082 5.954990382 
6.619965453 6.121735695 

2.760477163 8.86419314 
2.06047472 8.481361009 

2.952373595 1.754934911 
2.693452822 2.133369916 

0.7912846441 7.211458351 
0.4415010615 6.74070816 

1.649117221 7.071303678 
1.344072439 7.228806157 

2.889921661 7.152535905 
2.415174773 7.71085205 

1.970748803 8.229060395 
1.656041797 8.552680399 

2.108413552 7.201257553 
1.649117221 7.071303678 

3.770492069 0.9114357584 
3.751523493 1.443650871 

7.549997461 6.526786954 
6.931273647 7.075319455 

6.31678266 6.51061784 
6.718725803 6.563015259 

3.733568683 3.006475925 
4.043240915 3.039629373 

1.44005985 8.157095628 
1.269459621 7.77458189 

1.970748803 8.229060395 
1.704892174 7.862906427 

3.144478238 3.290033827 
2.651296816 2.654639873 

1.704892174 7.862906427 
1.904566984 7.685041348 

2.108413552 7.201257553 
1.582248187 6.760112953 

3.770492069 0.9114357584 
3.782047482 1.799858257 

6.503726941 5.223514698 
6.637786591 5.647548788 

4.432793779 2.702118479 
4.950376327 2.52641469 

2.06047472 8.481361009 
1.837427523 8.841482253 

2.225689589 6.391089063 
2.093784094 6.694150461 

6.068964361 7.070772209 
5.899172729 6.781330256 

7.549997461 6.526786954 
6.956075856 6.303352059 

6.619965453 6.121735695 
6.956075856 6.303352059 

3.305096751 2.202879013 
3.060280058 2.321954167 

3.782047482 1.799858257 
3.570616591 1.760833818 

4.201134665 4.157945306 
4.038096749 3.823291128 

4.733425469 6.826969119 
4.680416456 6.469081093 

7.290662681 7.296813056 
6.80568028 7.383330562 

2.889921661 7.152535905 
2.53781944 7.137597739 

1.199963811 9.269453506 
1.255584153 8.767542812 

5.475516598 6.036325648 
5.795229044 6.118317007 

4.471534652 4.504793822 
4.340947333 4.341108605 

4.201134665 4.157945306 
4.340947333 4.341108605 

2.651296816 2.654639873 
2.857614952 2.45335923 

2.415174773 7.71085205 
2.605657678 7.623855205 

6.911230082 5.954990382 
7.293141793 6.137596739 

1.649117221 7.071303678 
1.582248187 6.760112953 

5.185870219 7.313465759 
4.810954314 7.414906058 

6.068964361 7.070772209 
5.727904796 7.37901356 

3.144478238 3.290033827 
3.201767555 2.745230278 

1.86848283 2.833577442 
2.445472461 3.238146845 

2.499786288 1.957411125 
2.693452822 2.133369916 

4.680416456 6.469081093 
4.368208455 6.641011308 

1.656041797 8.552680399 
1.519953909 8.929963805 

2.787387622 8.257177972 
2.928296137 7.733463936 

6.911230082 5.954990382 
6.956075856 6.303352059 

2.693452822 2.133369916 
2.141993358 2.332437372 

2.141993358 2.332437372 
2.320925402 2.427099784 

5.727904796 7.37901356 
5.728984945 7.090049016 

0.7026410711 7.616207953 
1.005380871 7.660507527 

1.269459621 7.77458189 
1.005380871 7.660507527 

6.80568028 7.383330562 
6.931273647 7.075319455 

4.224201153 2.347563304 
4.536423925 2.391165529 

1.656041797 8.552680399 
1.837427523 8.841482253 

1.649117221 7.071303678 
1.160556922 6.939642248 

2.108413552 7.201257553 
2.156142925 7.430348247 

1.648970935 1.802544782 
2.141993358 2.332437372 

7.549997461 6.526786954 
7.290662681 7.296813056 

6.542859984 6.880083099 
7.175510121 6.662868616 

1.160556922 6.939642248 
0.7912846441 7.211458351 

6.80568028 7.383330562 
6.900967634 7.771977122 

5.080561026 6.616150802 
5.212817028 6.30510006 

5.576936804 7.689568148 
5.748512789 7.775721146 

6.046416254 7.875601253 
5.748512789 7.775721146 

7.175510121 6.662868616 
6.931273647 7.075319455 

3.144478238 3.290033827 
2.98029008 3.409030062 

2.547794928 8.600057644 
2.787387622 8.257177972 

1.704892174 7.862906427 
1.105937592 8.03910392 

1.904566984 7.685041348 
1.885682729 7.499468217 

2.156142925 7.430348247 
1.885682729 7.499468217 

2.928296137 7.733463936 
3.371628781 7.492938038 

3.593602145 2.103283252 
3.782047482 1.799858257 

2.60729898 3.694516716 
2.445472461 3.238146845 

2.320925402 2.427099784 
2.104760487 2.092290037 

6.637786591 5.647548788 
6.911230082 5.954990382 

4.043240915 3.039629373 
4.320755564 3.096909612 

3.216086439 1.882420298 
3.421773447 1.809597401 

3.724416372 8.528832033 
3.098404204 8.363572139 

2.787387622 8.257177972 
3.098404204 8.363572139 

5.727904796 7.37901356 
6.046416254 7.875601253 

3.119041858 6.149535341 
2.741043677 6.295991145 

1.255584153 8.767542812 
1.519953909 8.929963805 

1.44005985 8.157095628 
1.642244124 8.350551465 

4.680416456 6.469081093 
5.212817028 6.30510006 

3.200702388 0.8569895885 
3.449057404 1.031934137 

4.432793779 2.702118479 
4.536423925 2.391165529 

2.023995799 8.013755998 
2.350621083 8.35092779 

2.547794928 8.600057644 
2.350621083 8.35092779 

4.911887071 1.771723745 
4.160382527 1.946287757 

3.593602145 2.103283252 
4.160382527 1.946287757 

6.300049906 8.013343667 
6.180050921 7.365947913 

6.068964361 7.070772209 
6.180050921 7.365947913 

6.718725803 6.563015259 
6.936032504 6.592670525 

3.200702388 0.8569895885 
3.159044875 0.2764689754 

2.445472461 3.238146845 
2.376213797 3.418343404 

7.175510121 6.662868616 
6.936032504 6.592670525 

4.536423925 2.391165529 
4.786227432 2.427768666 

5.572537467 6.497921977 
5.768388209 6.511891084 

0.7912846441 7.211458351 
1.08021834 7.436477362 

2.952373595 1.754934911 
2.802993197 1.548213478 

1.160556922 6.939642248 
1.174088127 6.217922255 

5.015936109 8.060419659 
4.388058646 7.617936343 

2.108413552 7.201257553 
2.006224388 7.077717797 

1.005380871 7.660507527 
1.105937592 8.03910392 

3.098404204 8.363572139 
3.069197264 8.058549835 

4.274062976 5.916189528 
4.189707995 6.28838864 

3.916123788 6.831552461 
4.189707995 6.28838864 

3.782047482 1.799858257 
3.905205594 1.568653757 

3.751523493 1.443650871 
3.905205594 1.568653757 

0.3610902314 8.133507302 
0.7145635819 8.334133937 

5.616905697 5.493719148 
5.391835828 5.676561013 

3.593602145 2.103283252 
3.552769584 2.295789369 

7.454464106 5.494635701 
6.961813548 5.635848868 

1.837427523 8.841482253 
1.599734275 9.065524571 

1.199963811 9.269453506 
1.599734275 9.065524571 

2.605657678 7.623855205 
2.156142925 7.430348247 

6.936032504 6.592670525 
6.542859984 6.880083099 

5.795229044 6.118317007 
6.137301282 5.936178781 

3.200702388 0.8569895885 
3.150018033 1.313446111 

3.570616591 1.760833818 
3.150018033 1.313446111 

1.642244124 8.350551465 
1.656041797 8.552680399 

6.258964546 5.658878324 
6.1351193 5.323804837 

0.4415010615 6.74070816 
1.012651681 6.758728836 

1.160556922 6.939642248 
1.012651681 6.758728836 

5.185870219 7.313465759 
5.728984945 7.090049016 

4.733425469 6.826969119 
4.907674615 6.90363026 

3.280341415 8.930727416 
3.230155467 8.573219828 

6.956075856 6.303352059 
6.718725803 6.563015259 

2.499786288 1.957411125 
2.366578312 1.687289267 

2.141993358 2.332437372 
2.104760487 2.092290037 

1.381660439 2.30240032 
1.651891506 2.297012267 

6.068964361 7.070772209 
6.287206763 6.855032642 

5.899172729 6.781330256 
6.287206763 6.855032642 

2.605657678 7.623855205 
2.330080424 7.339633174 

2.184216832 9.173248878 
2.089485054 8.79506409 

2.06047472 8.481361009 
2.089485054 8.79506409 

6.931273647 7.075319455 
6.831358749 6.833476893 

6.542859984 6.880083099 
6.831358749 6.833476893 

2.415174773 7.71085205 
2.418876048 8.050149406 

2.350621083 8.35092779 
2.418876048 8.050149406 

7.257143326 7.745291223 
6.900967634 7.771977122 

3.770492069 0.9114357584 
3.585461835 0.7681845176 

4.76872108 5.630366936 
4.893677227 5.815344788 

3.060280058 2.321954167 
3.511912378 2.626324063 

2.156142925 7.430348247 
2.330080424 7.339633174 

2.394350251 0.9101046467 
2.253716175 0.6713781154 

6.956075856 6.303352059 
7.169676452 6.253826036 

7.293141793 6.137596739 
7.169676452 6.253826036 

4.388058646 7.617936343 
4.263723279 7.221401064 

4.263723279 7.221401064 
4.584016463 7.279688028 

1.837427523 8.841482253 
2.089485054 8.79506409 

6.300049906 8.013343667 
5.573582843 7.962715966 

7.062925825 5.160978999 
7.084238832 5.389184415 

2.928296137 7.733463936 
2.605657678 7.623855205 

5.573582843 7.962715966 
5.576936804 7.689568148 

1.105937592 8.03910392 
1.269459621 7.77458189 

0.3610902314 8.133507302 
0.6398341542 7.988868383 

1.86848283 2.833577442 
1.992325972 2.543585034 

2.141993358 2.332437372 
1.992325972 2.543585034 

2.928296137 7.733463936 
2.418876048 8.050149406 

4.450442547 1.309946863 
3.905205594 1.568653757 

2.928296137 7.733463936 
2.704701422 8.020167355 

5.658241599 4.947764995 
5.501312177 4.773546505 

5.13979263 4.79672275 
5.501312177 4.773546505 

5.728984945 7.090049016 
5.492344769 7.002710947 

3.098404204 8.363572139 
3.230155467 8.573219828 

6.069201569 6.553019492 
6.022533922 6.33200342 

5.795229044 6.118317007 
6.022533922 6.33200342 

4.580994997 1.779683497 
4.160382527 1.946287757 

4.038096749 3.823291128 
3.73616454 3.95296001 

2.547794928 8.600057644 
2.595859302 8.914135472 

3.159044875 0.2764689754 
3.345525735 0.6839830302 

3.449057404 1.031934137 
3.345525735 0.6839830302 

3.733568683 3.006475925 
3.742784314 3.261166188 

2.60729898 3.694516716 
2.376213797 3.418343404 

2.651296816 2.654639873 
2.641529756 3.183093738 

2.104760487 2.092290037 
2.693452822 2.133369916 

4.274062976 5.916189528 
4.728834844 6.298950072 

5.080561026 6.616150802 
4.728834844 6.298950072 

1.851084189 6.327896203 
1.582248187 6.760112953 

1.851084189 6.327896203 
1.929344879 6.164690591 

6.180050921 7.365947913 
5.727904796 7.37901356 

2.136105111 7.759237037 
2.254369819 7.504215661 

2.53781944 7.137597739 
2.254369819 7.504215661 

3.230155467 8.573219828 
3.356062649 8.410063119 

2.693452822 2.133369916 
2.410949562 2.179994086 

2.104760487 2.092290037 
1.822200958 2.155719013 

3.860903019 2.576782056 
3.611388981 2.520521963 

3.552769584 2.295789369 
3.611388981 2.520521963 

2.156142925 7.430348247 
2.254369819 7.504215661 

2.85004957 6.650030437 
3.300454638 6.4520794 

4.950376327 2.52641469 
5.064364857 2.154878839 

6.936032504 6.592670525 
7.256404764 6.548850744 

7.549997461 6.526786954 
7.256404764 6.548850744 

6.80568028 7.383330562 
6.590882052 7.443232834 

1.704892174 7.862906427 
1.424185384 8.011891217 

6.258964546 5.658878324 
5.885709815 5.600932266 

7.470346245 6.915076855 
7.389111567 6.661693652 

7.175510121 6.662868616 
7.389111567 6.661693652 

4.450442547 1.309946863 
4.122378264 1.439515709 

3.782047482 1.799858257 
4.122378264 1.439515709 

6.022533922 6.33200342 
6.137301282 5.936178781 

1.424185384 8.011891217 
1.44005985 8.157095628 

1.582248187 6.760112953 
1.663147785 6.419328191 

1.08021834 7.436477362 
0.4859197596 7.480112574 

2.502416712 5.984455948 
2.700185996 6.126877491 

2.741043677 6.295991145 
2.700185996 6.126877491 

2.787387622 8.257177972 
2.350621083 8.35092779 

2.857614952 2.45335923 
2.859639863 2.246405521 

2.931656329 2.048011121 
2.859639863 2.246405521 

1.160556922 6.939642248 
1.344072439 7.228806157 

2.376213797 3.418343404 
2.180979824 3.358542345 

2.330080424 7.339633174 
2.254369819 7.504215661 

1.08021834 7.436477362 
1.269459621 7.77458189 

1.08021834 7.436477362 
1.137204416 7.149329865 

1.160556922 6.939642248 
1.137204416 7.149329865 

4.728834844 6.298950072 
4.680416456 6.469081093 

3.916123788 6.831552461 
3.870888573 7.20774665 

3.749943489 7.546130373 
3.870888573 7.20774665 

2.641529756 3.183093738 
2.445472461 3.238146845 

2.006224388 7.077717797 
1.939918254 6.888979181 

3.144478238 3.290033827 
3.244036863 3.548227295 

5.13979263 4.79672275 
4.922063055 4.931117542 

4.753517538 4.758921569 
4.922063055 4.931117542 

5.658241599 4.947764995 
5.880894378 4.762329772 

1.005380871 7.660507527 
1.08021834 7.436477362 

2.307714409 1.391508512 
2.057300884 1.352454845 

3.200702388 0.8569895885 
2.919636704 0.8667842208 

2.760477163 8.86419314 
2.595859302 8.914135472 

5.572537467 6.497921977 
5.617885153 6.720762433 

0.7145635819 8.334133937 
0.6398341542 7.988868383 

7.549997461 6.526786954 
7.604839152 6.193617956 

4.263723279 7.221401064 
3.916123788 6.831552461 

2.225689589 6.391089063 
1.929344879 6.164690591 

6.648746871 8.239851251 
6.774867992 7.967854336 

6.900967634 7.771977122 
6.774867992 7.967854336 

1.651891506 2.297012267 
1.61555491 2.424025263 

1.648970935 1.802544782 
1.822200958 2.155719013 

2.787387622 8.257177972 
3.069197264 8.058549835 

1.927774655 1.516953682 
1.903189447 1.701748549 

5.617885153 6.720762433 
5.899172729 6.781330256 

2.952373595 1.754934911 
2.931656329 2.048011121 

4.450442547 1.309946863 
4.552776923 1.614440274 

2.418876048 8.050149406 
2.704701422 8.020167355 

3.585461835 0.7681845176 
3.497068578 0.5060923722 

4.733425469 6.826969119 
4.501699065 6.962351241 

2.184216832 9.173248878 
1.767503479 9.280966264 

0.7912846441 7.211458351 
1.137204416 7.149329865 

3.611388981 2.520521963 
3.511912378 2.626324063 

3.216086439 1.882420298 
3.217916785 2.12878588 

3.305096751 2.202879013 
3.217916785 2.12878588 

1.381660439 2.30240032 
1.61555491 2.424025263 

1.642244124 8.350551465 
1.718519087 8.204547576 

2.610590512 0.4605956305 
2.747975741 0.7927751662 

3.060280058 2.321954167 
2.859639863 2.246405521 

4.432793779 2.702118479 
4.345880058 2.858580074 

2.928296137 7.733463936 
3.319677252 8.055569979 

3.724416372 8.528832033 
3.319677252 8.055569979 

1.822200958 2.155719013 
1.651891506 2.297012267 

2.53781944 7.137597739 
2.746513559 7.300404383 

4.320755564 3.096909612 
4.345880058 2.858580074 

2.85004957 6.650030437 
2.980758196 6.838323937 

2.104760487 2.092290037 
2.410949562 2.179994086 

3.201767555 2.745230278 
3.006222124 2.737625952 

2.92920398 2.935372351 
3.006222124 2.737625952 

2.704701422 8.020167355 
2.787387622 8.257177972 

5.576936804 7.689568148 
5.252177399 7.727014097 

0.7912846441 7.211458351 
1.012651681 6.758728836 

0.4859197596 7.480112574 
0.6345670062 7.335912899 

4.532803782 3.340396964 
4.538534843 3.135600607 

4.320755564 3.096909612 
4.538534843 3.135600607 

4.893677227 5.815344788 
5.078884435 5.9455639 

2.618952861 9.474705852 
2.753417842 9.135681007 

2.760477163 8.86419314 
2.753417842 9.135681007 

6.831358749 6.833476893 
6.718725803 6.563015259 

3.749943489 7.546130373 
4.087707392 7.624839094 

4.388058646 7.617936343 
4.087707392 7.624839094 

3.421773447 1.809597401 
3.444953603 1.646658043 

3.570616591 1.760833818 
3.444953603 1.646658043 

1.927774655 1.516953682 
2.057300884 1.352454845 

3.449057404 1.031934137 
3.585461835 0.7681845176 

6.1351193 5.323804837 
6.299427668 5.406433411 

6.503726941 5.223514698 
6.299427668 5.406433411 

0.7933111862 8.770477267 
0.5636332119 8.618912806 

2.952373595 1.754934911 
3.022458919 1.560196382 

5.727904796 7.37901356 
5.447451879 7.672564978 

5.015936109 8.060419659 
5.447451879 7.672564978 

7.169676452 6.253826036 
7.256404764 6.548850744 

6.911230082 5.954990382 
6.961813548 5.635848868 

2.136105111 7.759237037 
2.074620191 7.651792605 

1.885682729 7.499468217 
2.074620191 7.651792605 

1.344072439 7.228806157 
0.9454697223 6.981795582 

6.911230082 5.954990382 
7.15338626 5.849394291 

3.356062649 8.410063119 
3.531773986 8.360377916 

2.415174773 7.71085205 
2.254369819 7.504215661 

5.885709815 5.600932266 
6.1351193 5.323804837 

1.44005985 8.157095628 
1.519566105 8.412826497 

1.656041797 8.552680399 
1.519566105 8.412826497 

2.787387622 8.257177972 
2.754852807 8.496627835 

5.185870219 7.313465759 
5.252177399 7.727014097 

4.353568914 0.9108166587 
4.129973146 0.9222178156 

6.718725803 6.563015259 
6.604111507 6.68320417 

6.542859984 6.880083099 
6.604111507 6.68320417 

5.391835828 5.676561013 
5.078884435 5.9455639 

2.693452822 2.133369916 
2.931656329 2.048011121 

0.6398341542 7.988868383 
0.7026410711 7.616207953 

6.648746871 8.239851251 
6.984608965 8.012332339 

5.768388209 6.511891084 
5.894718562 6.515485323 

0.6398341542 7.988868383 
0.8615035577 7.878508968 

1.005380871 7.660507527 
0.8615035577 7.878508968 

0.9454697223 6.981795582 
1.160556922 6.939642248 

4.552776923 1.614440274 
4.317887617 1.565282137 

4.122378264 1.439515709 
4.317887617 1.565282137 

4.160382527 1.946287757 
3.937465138 2.118207626 

1.61555491 2.424025263 
1.540619984 2.482253741 

3.29955981 3.889217033 
3.195666109 3.634321626 

2.98029008 3.409030062 
3.195666109 3.634321626 

2.693452822 2.133369916 
2.859639863 2.246405521 

5.212817028 6.30510006 
4.956201944 6.320989376 

4.728834844 6.298950072 
4.956201944 6.320989376 

4.76872108 5.630366936 
5.16084113 5.445903195 

1.663147785 6.419328191 
1.851084189 6.327896203 

3.022458919 1.560196382 
2.802993197 1.548213478 

2.889921661 7.152535905 
2.746513559 7.300404383 

2.741043677 6.295991145 
2.753940595 6.483209247 

4.263723279 7.221401064 
3.870888573 7.20774665 

1.174088127 6.217922255 
1.106504142 6.564945645 

1.012651681 6.758728836 
1.106504142 6.564945645 

1.582248187 6.760112953 
1.160556922 6.939642248 

3.150018033 1.313446111 
2.988567192 1.320952439 

3.022458919 1.560196382 
2.988567192 1.320952439 

1.174088127 6.217922255 
1.347911123 6.526139205 

1.582248187 6.760112953 
1.347911123 6.526139205 

0.7026410711 7.616207953 
0.5468817613 7.628198445 

7.389111567 6.661693652 
7.256404764 6.548850744 

4.532803782 3.340396964 
4.862241002 2.924993138 

4.950376327 2.52641469 
4.862241002 2.924993138 

4.680416456 6.469081093 
4.956201944 6.320989376 

2.225689589 6.391089063 
2.741043677 6.295991145 

6.31199442 4.834058007 
6.027448454 4.814384433 

5.880894378 4.762329772 
6.027448454 4.814384433 

3.200702388 0.8569895885 
3.345525735 0.6839830302 

1.965147007 0.8175418949 
1.873935733 1.065843505 

6.831358749 6.833476893 
6.604111507 6.68320417 

0.3610902314 8.133507302 
0.743483213 8.121104593 

1.105937592 8.03910392 
0.743483213 8.121104593 

2.651296816 2.654639873 
3.006222124 2.737625952 

5.492344769 7.002710947 
5.671576939 6.890927322 

5.617885153 6.720762433 
5.671576939 6.890927322 

4.580994997 1.779683497 
4.713049035 1.83087536 

4.911887071 1.771723745 
4.713049035 1.83087536 

1.519953909 8.929963805 
1.365199298 9.074167336 

4.907674615 6.90363026 
5.003626256 7.185661109 

5.185870219 7.313465759 
5.003626256 7.185661109 

2.595859302 8.914135472 
2.753417842 9.135681007 

4.922063055 4.931117542 
4.842027003 5.174523086 

7.062925825 5.160978999 
6.894079227 5.375295122 

6.637786591 5.647548788 
6.894079227 5.375295122 

4.842027003 5.174523086 
4.675130602 5.311449297 

1.255584153 8.767542812 
1.519566105 8.412826497 

6.961813548 5.635848868 
6.894079227 5.375295122 

4.129973146 0.9222178156 
4.104497346 0.8293921521 

2.802993197 1.548213478 
2.599876498 1.624889051 

2.366578312 1.687289267 
2.599876498 1.624889051 

3.749943489 7.546130373 
3.319677252 8.055569979 

3.749943489 7.546130373 
3.733674618 7.990609276 

3.305096751 2.202879013 
3.118526403 2.137843169 

2.931656329 2.048011121 
3.118526403 2.137843169 

5.015936109 8.060419659 
4.95368837 7.651684733 

4.810954314 7.414906058 
4.95368837 7.651684733 

4.584016463 7.279688028 
4.501699065 6.962351241 

2.499786288 1.957411125 
2.599876498 1.624889051 

3.504652762 3.258821716 
3.631687266 3.252808604 

3.742784314 3.261166188 
3.631687266 3.252808604 

3.593602145 2.103283252 
3.217916785 2.12878588 

1.609984902 7.503241549 
1.885682729 7.499468217 

2.023995799 8.013755998 
2.248094887 8.063651511 

2.418876048 8.050149406 
2.248094887 8.063651511 

6.961813548 5.635848868 
7.15338626 5.849394291 

3.352645826 7.015801716 
3.113746532 7.065364261 

2.889921661 7.152535905 
3.113746532 7.065364261 

1.904566984 7.685041348 
2.074620191 7.651792605 

3.119041858 6.149535341 
2.700185996 6.126877491 

5.064364857 2.154878839 
4.972189366 1.982250505 

4.911887071 1.771723745 
4.972189366 1.982250505 

4.728834844 6.298950072 
4.505685883 6.142719076 

1.649117221 7.071303678 
1.939918254 6.888979181 

2.184216832 9.173248878 
2.368518663 8.88383501 

2.547794928 8.600057644 
2.368518663 8.88383501 

1.649117221 7.071303678 
1.714422697 7.354931961 

1.609984902 7.503241549 
1.714422697 7.354931961 

4.122378264 1.439515709 
4.353568914 0.9108166587 

7.290662681 7.296813056 
7.191576059 7.097435398 

3.098404204 8.363572139 
2.754852807 8.496627835 

2.754852807 8.496627835 
2.995061477 8.637556766 

5.080561026 6.616150802 
4.956201944 6.320989376 

1.344072439 7.228806157 
1.714422697 7.354931961 

2.60729898 3.694516716 
2.672357891 3.42637362 

2.641529756 3.183093738 
2.672357891 3.42637362 

6.894079227 5.375295122 
7.084238832 5.389184415 

4.786227432 2.427768666 
4.577691432 2.595039945 

4.432793779 2.702118479 
4.577691432 2.595039945 

3.118526403 2.137843169 
3.217916785 2.12878588 

4.76872108 5.630366936 
4.845230986 5.423201702 

4.353568914 0.9108166587 
4.104497346 0.8293921521 

1.44005985 8.157095628 
1.718519087 8.204547576 

3.593602145 2.103283252 
3.407737853 2.041289913 

3.216086439 1.882420298 
3.407737853 2.041289913 

6.046416254 7.875601253 
6.08132588 8.137787073 

2.023995799 8.013755998 
1.904566984 7.685041348 

6.31678266 6.51061784 
6.210740483 6.713003297 

6.287206763 6.855032642 
6.210740483 6.713003297 

3.060280058 2.321954167 
3.118526403 2.137843169 

3.069197264 8.058549835 
3.319677252 8.055569979 

3.280341415 8.930727416 
3.076203599 8.696194969 

2.995061477 8.637556766 
3.076203599 8.696194969 

5.447451879 7.672564978 
5.576936804 7.689568148 

2.651296816 2.654639873 
2.734686848 2.862966079 

2.92920398 2.935372351 
2.734686848 2.862966079 

7.549997461 6.526786954 
7.622940287 6.727135495 

3.201767555 2.745230278 
3.065824332 2.513600605 

3.060280058 2.321954167 
3.065824332 2.513600605 

2.610590512 0.4605956305 
2.39249216 0.6944111949 

2.253716175 0.6713781154 
2.39249216 0.6944111949 

1.663147785 6.419328191 
1.713864138 6.169254765 

3.119041858 6.149535341 
3.093746719 6.318405035 

3.065824332 2.513600605 
2.857614952 2.45335923 

5.015936109 8.060419659 
5.148682552 7.894479955 

5.252177399 7.727014097 
5.148682552 7.894479955 

2.394350251 0.9101046467 
2.460160772 0.7172165729 

2.618952861 9.474705852 
2.549307011 9.139244383 

2.595859302 8.914135472 
2.549307011 9.139244383 

3.449057404 1.031934137 
3.259345349 1.128757344 

3.150018033 1.313446111 
3.259345349 1.128757344 

2.180979824 3.358542345 
2.096307532 3.494666359 

4.122378264 1.439515709 
4.030945173 1.467772925 

3.905205594 1.568653757 
4.030945173 1.467772925 

1.381660439 2.30240032 
1.540619984 2.482253741 

1.381660439 2.30240032 
1.591503601 2.053797661 

1.648970935 1.802544782 
1.591503601 2.053797661 

0.743483213 8.121104593 
0.6398341542 7.988868383 

7.293141793 6.137596739 
7.403728718 6.17992603 

4.224201153 2.347563304 
4.432793779 2.702118479 

4.160382527 1.946287757 
4.272239051 2.130579476 

2.460160772 0.7172165729 
2.509729191 0.5805680537 

1.08021834 7.436477362 
1.257875434 7.410686352 

5.080561026 6.616150802 
4.907674615 6.90363026 

5.572537467 6.497921977 
5.360408862 6.65182449 

1.199963811 9.269453506 
1.382957633 8.664801101 

3.497068578 0.5060923722 
3.342602831 0.5064681981 

4.501699065 6.962351241 
4.368208455 6.641011308 

0.9454697223 6.981795582 
0.7912846441 7.211458351 

2.605657678 7.623855205 
2.727604059 7.554697226 

7.169676452 6.253826036 
7.403728718 6.17992603 

2.350621083 8.35092779 
2.17844353 8.380260165 

2.06047472 8.481361009 
2.17844353 8.380260165 

6.984608965 8.012332339 
6.900967634 7.771977122 

0.4415010615 6.74070816 
0.7273879068 6.619593637 

0.743483213 8.121104593 
0.7145635819 8.334133937 

0.7145635819 8.334133937 
0.7200322366 8.516001287 

6.258964546 5.658878324 
6.637786591 5.647548788 

7.257143326 7.745291223 
7.175891699 7.535878631 

1.255584153 8.767542812 
1.382957633 8.664801101 

3.29955981 3.889217033 
3.565294215 3.864990246 

3.73616454 3.95296001 
3.565294215 3.864990246 

5.727904796 7.37901356 
5.78624983 7.593014399 

5.748512789 7.775721146 
5.78624983 7.593014399 

1.105937592 8.03910392 
0.8615035577 7.878508968 

1.255584153 8.767542812 
1.042766236 8.69449455 

0.7933111862 8.770477267 
1.042766236 8.69449455 

2.136105111 7.759237037 
2.248094887 8.063651511 

4.263723279 7.221401064 
4.017070212 7.41911323 

3.749943489 7.546130373 
4.017070212 7.41911323 

2.499786288 1.957411125 
2.681407869 1.698725298 

2.802993197 1.548213478 
2.681407869 1.698725298 

2.136105111 7.759237037 
2.234129236 7.730039349 

2.415174773 7.71085205 
2.234129236 7.730039349 

3.200702388 0.8569895885 
3.259345349 1.128757344 

6.300049906 8.013343667 
6.468215192 8.214339433 

2.023995799 8.013755998 
2.339439901 7.904737587 

6.31199442 4.834058007 
6.157583311 5.073315586 

2.928296137 7.733463936 
3.000795696 7.916340961 

3.069197264 8.058549835 
3.000795696 7.916340961 

2.339439901 7.904737587 
2.234129236 7.730039349 

6.718725803 6.563015259 
6.583655112 6.441684909 

4.087707392 7.624839094 
4.017070212 7.41911323 

6.583655112 6.441684909 
6.604111507 6.68320417 

6.258964546 5.658878324 
6.015424396 5.862597468 

5.795229044 6.118317007 
6.015424396 5.862597468 

2.339439901 7.904737587 
2.415174773 7.71085205 

0.8534672612 6.456422818 
1.049076201 6.376082302 

2.410949562 2.179994086 
2.432427406 2.335254108 

5.360408862 6.65182449 
5.617885153 6.720762433 

2.502416712 5.984455948 
2.453043057 5.886612594 

2.727604059 7.554697226 
2.928296137 7.733463936 

2.704701422 8.020167355 
3.000795696 7.916340961 

4.189707995 6.28838864 
4.505685883 6.142719076 

6.831358749 6.833476893 
6.865406376 6.702669804 

6.936032504 6.592670525 
6.865406376 6.702669804 

4.189707995 6.28838864 
4.250733973 6.480017827 

4.368208455 6.641011308 
4.250733973 6.480017827 

5.728984945 7.090049016 
5.671576939 6.890927322 

5.899172729 6.781330256 
5.671576939 6.890927322 

7.403728718 6.17992603 
7.471475626 6.221687653 

7.084238832 5.389184415 
7.454464106 5.494635701 

2.651296816 2.654639873 
2.406339975 2.968332702 

2.445472461 3.238146845 
2.406339975 2.968332702 

3.345525735 0.6839830302 
3.585461835 0.7681845176 

4.845230986 5.423201702 
5.16084113 5.445903195 

5.015936109 8.060419659 
5.151521522 7.606545085 

5.185870219 7.313465759 
5.151521522 7.606545085 

4.224201153 2.347563304 
4.299058213 2.215552273 

4.272239051 2.130579476 
4.299058213 2.215552273 

2.330080424 7.339633174 
2.108413552 7.201257553 

5.475516598 6.036325648 
5.238493818 6.006443733 

5.078884435 5.9455639 
5.238493818 6.006443733 

7.084238832 5.389184415 
7.034080399 5.514908573 

6.961813548 5.635848868 
7.034080399 5.514908573 

4.043240915 3.039629373 
4.165377464 2.895198871 

4.345880058 2.858580074 
4.165377464 2.895198871 

6.542859984 6.880083099 
6.210740483 6.713003297 

7.256404764 6.548850744 
7.175510121 6.662868616 

6.022533922 6.33200342 
5.832782926 6.380977244 

5.768388209 6.511891084 
5.832782926 6.380977244 

6.137301282 5.936178781 
6.015424396 5.862597468 

1.587849762 5.971644717 
1.792601108 6.071569088 

1.929344879 6.164690591 
1.792601108 6.071569088 

2.339439901 7.904737587 
2.418876048 8.050149406 

1.269459621 7.77458189 
1.36075097 7.90116538 

4.450442547 1.309946863 
4.373447996 1.152874452 

4.76872108 5.630366936 
4.965071638 5.202641315 

5.13979263 4.79672275 
4.965071638 5.202641315 

5.894718562 6.515485323 
5.832782926 6.380977244 

1.822200958 2.155719013 
1.591503601 2.053797661 

0.4415010615 6.74070816 
0.6830993199 6.862291854 

0.9454697223 6.981795582 
0.6830993199 6.862291854 

6.956075856 6.303352059 
6.583655112 6.441684909 

0.5636332119 8.618912806 
0.658209947 8.555557639 

0.7200322366 8.516001287 
0.658209947 8.555557639 

1.609984902 7.503241549 
1.344072439 7.228806157 

1.767503479 9.280966264 
1.694917333 9.16488737 

1.599734275 9.065524571 
1.694917333 9.16488737 

3.733674618 7.990609276 
3.531773986 8.360377916 

1.609984902 7.503241549 
1.76744094 7.582400102 

1.904566984 7.685041348 
1.76744094 7.582400102 

1.987164331 3.394934663 
1.942889985 3.447323505 

1.677877802 3.302910799 
1.942889985 3.447323505 

1.347911123 6.526139205 
1.106504142 6.564945645 

1.519566105 8.412826497 
1.642244124 8.350551465 

2.103588467 5.903371812 
2.226244994 6.003914936 

2.37011747 6.209100119 
2.226244994 6.003914936 

4.845230986 5.423201702 
4.965071638 5.202641315 

3.342602831 0.5064681981 
3.357848078 0.4014139744 

1.658333798 1.389896694 
1.92860273 1.323383529 

2.057300884 1.352454845 
1.92860273 1.323383529 

2.17844353 8.380260165 
2.248094887 8.063651511 

3.782047482 1.799858257 
3.943354701 1.90503797 

2.06047472 8.481361009 
1.656041797 8.552680399 

1.105937592 8.03910392 
1.36075097 7.90116538 

2.225689589 6.391089063 
2.019176677 6.354282636 

1.851084189 6.327896203 
2.019176677 6.354282636 

1.927774655 1.516953682 
1.92860273 1.323383529 

5.728984945 7.090049016 
5.884754395 7.066045449 

1.381660439 2.30240032 
1.620893491 2.208585885 

1.822200958 2.155719013 
1.620893491 2.208585885 

4.09954026 0.6448547418 
4.095302867 0.7455528844 

4.104497346 0.8293921521 
4.095302867 0.7455528844 

3.29955981 3.889217033 
3.382939117 3.726506908 

3.244036863 3.548227295 
3.382939117 3.726506908 

5.573582843 7.962715966 
5.436194553 8.167619003 

0.8534672612 6.456422818 
0.7912627891 6.537689607 

0.7273879068 6.619593637 
0.7912627891 6.537689607 

2.952373595 1.754934911 
2.681407869 1.698725298 

7.15338626 5.849394291 
7.237491172 5.715367497 

2.096307532 3.494666359 
2.048591962 3.461769069 

1.987164331 3.394934663 
2.048591962 3.461769069 

2.98029008 3.409030062 
2.805825705 3.553152287 

5.015936109 8.060419659 
5.193904489 8.118782721 

5.212817028 6.30510006 
5.238493818 6.006443733 

3.345525735 0.6839830302 
3.342602831 0.5064681981 

6.542859984 6.880083099 
6.378053379 6.686462608 

6.31678266 6.51061784 
6.378053379 6.686462608 

3.511912378 2.626324063 
3.313006566 2.370230542 

3.305096751 2.202879013 
3.313006566 2.370230542 

3.280341415 8.930727416 
2.871383424 8.690936872 

2.547794928 8.600057644 
2.871383424 8.690936872 

3.751523493 1.443650871 
3.634763296 1.593535119 

3.570616591 1.760833818 
3.634763296 1.593535119 

5.193904489 8.118782721 
5.148682552 7.894479955 

2.074620191 7.651792605 
2.091587511 7.54089238 

2.156142925 7.430348247 
2.091587511 7.54089238 

1.86848283 2.833577442 
1.69211901 2.727481037 

2.802993197 1.548213478 
2.899613523 1.418856757 

2.988567192 1.320952439 
2.899613523 1.418856757 

6.542859984 6.880083099 
6.422106167 6.856913605 

6.287206763 6.855032642 
6.422106167 6.856913605 

3.860903019 2.576782056 
4.224201153 2.347563304 

3.860903019 2.576782056 
3.691187677 2.349832317 

3.593602145 2.103283252 
3.691187677 2.349832317 

2.394350251 0.9101046467 
2.39249216 0.6944111949 

3.244036863 3.548227295 
3.195666109 3.634321626 

2.60729898 3.694516716 
2.265137814 3.551580725 

6.137301282 5.936178781 
6.191158673 5.809742223 

6.258964546 5.658878324 
6.191158673 5.809742223 

2.509729191 0.5805680537 
2.39249216 0.6944111949 

1.663147785 6.419328191 
1.347911123 6.526139205 

2.093784094 6.694150461 
1.809139136 6.741286679 

1.582248187 6.760112953 
1.809139136 6.741286679 

1.885682729 7.499468217 
1.714422697 7.354931961 

5.151521522 7.606545085 
4.95368837 7.651684733 

7.237491172 5.715367497 
7.303889201 5.622867131 

3.724416372 8.528832033 
3.722427867 8.2573156 

3.733674618 7.990609276 
3.722427867 8.2573156 

1.620893491 2.208585885 
1.651891506 2.297012267 

5.885709815 5.600932266 
5.721835487 5.586639813 

5.616905697 5.493719148 
5.721835487 5.586639813 

3.305096751 2.202879013 
3.407737853 2.041289913 

7.471475626 6.221687653 
7.530475718 6.214989588 

2.693452822 2.133369916 
2.769389603 2.314386348 

2.857614952 2.45335923 
2.769389603 2.314386348 

5.899172729 6.781330256 
5.718124834 6.636424124 

5.572537467 6.497921977 
5.718124834 6.636424124 

4.274062976 5.916189528 
4.832014725 5.992777972 

5.475516598 6.036325648 
4.832014725 5.992777972 

2.53781944 7.137597739 
2.41750499 7.236357685 

2.330080424 7.339633174 
2.41750499 7.236357685 

3.352645826 7.015801716 
3.365333294 7.228914601 

4.76872108 5.630366936 
4.832014725 5.992777972 

6.300049906 8.013343667 
6.197867147 8.001753802 

2.265137814 3.551580725 
2.007157643 3.454079746 

4.038096749 3.823291128 
4.283374844 3.567374708 

4.532803782 3.340396964 
4.283374844 3.567374708 

3.733568683 3.006475925 
3.631687266 3.252808604 

4.893677227 5.815344788 
4.832014725 5.992777972 

6.931273647 7.075319455 
7.058539481 6.968388735 

5.768388209 6.511891084 
5.718124834 6.636424124 

1.199963811 9.269453506 
1.36394822 9.169722908 

1.365199298 9.074167336 
1.36394822 9.169722908 

1.414079083 2.681228455 
1.508396245 2.606527404 

1.540619984 2.482253741 
1.508396245 2.606527404 

3.552769584 2.295789369 
3.691187677 2.349832317 

6.503726941 5.223514698 
6.754967901 5.160262665 

7.062925825 5.160978999 
6.754967901 5.160262665 

2.704701422 8.020167355 
2.529202057 7.935803576 

2.339439901 7.904737587 
2.529202057 7.935803576 

6.069201569 6.553019492 
5.976157991 6.542108768 

5.894718562 6.515485323 
5.976157991 6.542108768 

4.160382527 1.946287757 
3.943354701 1.90503797 

7.454464106 5.494635701 
7.355132692 5.583006017 

7.303889201 5.622867131 
7.355132692 5.583006017 

7.257143326 7.745291223 
7.092865154 7.844245144 

6.984608965 8.012332339 
7.092865154 7.844245144 

3.444953603 1.646658043 
3.285954456 1.461844584 

3.150018033 1.313446111 
3.285954456 1.461844584 

2.760477163 8.86419314 
2.871383424 8.690936872 

5.193904489 8.118782721 
5.292014338 8.118779885 

4.501699065 6.962351241 
4.362431077 7.051703882 

4.263723279 7.221401064 
4.362431077 7.051703882 

5.832782926 6.380977244 
5.572537467 6.497921977 

6.180050921 7.365947913 
6.376137139 7.377762147 

6.590882052 7.443232834 
6.376137139 7.377762147 

2.754852807 8.496627835 
2.871383424 8.690936872 

1.970748803 8.229060395 
2.17844353 8.380260165 

7.470346245 6.915076855 
7.582972767 6.818425634 

7.622940287 6.727135495 
7.582972767 6.818425634 

1.382957633 8.664801101 
1.519566105 8.412826497 

3.421773447 1.809597401 
3.407737853 2.041289913 

1.970748803 8.229060395 
1.968214601 8.396150288 

2.06047472 8.481361009 
1.968214601 8.396150288 

2.727604059 7.554697226 
2.738542889 7.441664281 

2.746513559 7.300404383 
2.738542889 7.441664281 

5.727904796 7.37901356 
5.648068174 7.546834329 

5.576936804 7.689568148 
5.648068174 7.546834329 

3.916123788 6.831552461 
4.135432653 6.72142973 

4.368208455 6.641011308 
4.135432653 6.72142973 

2.747975741 0.7927751662 
2.783912497 0.8645239026 

1.382957633 8.664801101 
1.364030768 8.389905018 

0.7026410711 7.616207953 
0.4859197596 7.480112574 

1.885682729 7.499468217 
1.76744094 7.582400102 

2.184216832 9.173248878 
2.391360295 9.322787882 

2.618952861 9.474705852 
2.391360295 9.322787882 

2.307714409 1.391508512 
2.627062992 1.580371901 

2.952373595 1.754934911 
2.627062992 1.580371901 

6.210740483 6.713003297 
6.378053379 6.686462608 

5.080561026 6.616150802 
5.21513614 6.654961126 

5.360408862 6.65182449 
5.21513614 6.654961126 

5.252177399 7.727014097 
5.151521522 7.606545085 

1.965147007 0.8175418949 
2.08062048 0.7206189759 

2.253716175 0.6713781154 
2.08062048 0.7206189759 

1.939918254 6.888979181 
1.809139136 6.741286679 

0.5468817613 7.628198445 
0.5150536082 7.563326464 

0.4859197596 7.480112574 
0.5150536082 7.563326464 

2.53781944 7.137597739 
2.980758196 6.838323937 

2.103588467 5.903371812 
2.291096474 5.897786292 

2.453043057 5.886612594 
2.291096474 5.897786292 

1.677877802 3.302910799 
1.869089957 3.396475174 

2.007157643 3.454079746 
1.869089957 3.396475174 

3.371628781 7.492938038 
3.414455098 7.325297173 

3.365333294 7.228914601 
3.414455098 7.325297173 

2.980758196 6.838323937 
3.113746532 7.065364261 

3.201767555 2.745230278 
3.346642785 2.675513023 

3.511912378 2.626324063 
3.346642785 2.675513023 

3.300454638 6.4520794 
3.352645826 7.015801716 

3.531773986 8.360377916 
3.722427867 8.2573156 

3.093746719 6.318405035 
3.146180233 6.396093501 

2.406339975 2.968332702 
2.579969916 2.914074443 

2.734686848 2.862966079 
2.579969916 2.914074443 

4.584016463 7.279688028 
4.362431077 7.051703882 

4.584016463 7.279688028 
4.706619188 7.352708292 

4.810954314 7.414906058 
4.706619188 7.352708292 

1.649117221 7.071303678 
1.741477245 7.267423508 

1.885682729 7.499468217 
1.741477245 7.267423508 

4.893677227 5.815344788 
5.045625787 5.669910788 

5.16084113 5.445903195 
5.045625787 5.669910788 

2.859639863 2.246405521 
2.769389603 2.314386348 

0.3610902314 8.133507302 
0.8184249426 7.995606388 

1.269459621 7.77458189 
0.8184249426 7.995606388 

5.78624983 7.593014399 
5.648068174 7.546834329 

2.53781944 7.137597739 
2.276150737 7.116005945 

1.344072439 7.228806157 
1.137204416 7.149329865 

4.862241002 2.924993138 
4.676174097 3.067355085 

4.538534843 3.135600607 
4.676174097 3.067355085 

2.783912497 0.8645239026 
2.840159208 0.868869235 

2.919636704 0.8667842208 
2.840159208 0.868869235 

3.357848078 0.4014139744 
3.266482271 0.3556143121 

0.9454697223 6.981795582 
1.012651681 6.758728836 

1.903189447 1.701748549 
1.770960337 1.825459412 

1.648970935 1.802544782 
1.770960337 1.825459412 

6.894079227 5.375295122 
7.034080399 5.514908573 

3.860903019 2.576782056 
3.772051872 2.803637305 

3.733568683 3.006475925 
3.772051872 2.803637305 

5.718124834 6.636424124 
5.617885153 6.720762433 

6.210740483 6.713003297 
6.069201569 6.553019492 

1.704892174 7.862906427 
1.897049074 7.925400904 

2.023995799 8.013755998 
1.897049074 7.925400904 

4.274062976 5.916189528 
4.494121517 5.767937124 

4.76872108 5.630366936 
4.494121517 5.767937124 

0.6345670062 7.335912899 
0.7131519434 7.279343783 

0.7912846441 7.211458351 
0.7131519434 7.279343783 

1.658333798 1.389896694 
1.850342949 1.445828941 

1.927774655 1.516953682 
1.850342949 1.445828941 

1.714422697 7.354931961 
1.741477245 7.267423508 

3.216086439 1.882420298 
3.179120501 2.029378507 

3.118526403 2.137843169 
3.179120501 2.029378507 

4.362431077 7.051703882 
4.135432653 6.72142973 

1.174088127 6.217922255 
1.112007851 6.294893525 

1.049076201 6.376082302 
1.112007851 6.294893525 

3.065824332 2.513600605 
3.346642785 2.675513023 

1.105937592 8.03910392 
0.8184249426 7.995606388 

6.468215192 8.214339433 
6.285731145 8.115288542 

1.767503479 9.280966264 
1.485809821 9.259836509 

2.60729898 3.694516716 
2.712453656 3.619371714 

2.805825705 3.553152287 
2.712453656 3.619371714 

5.447451879 7.672564978 
5.252177399 7.727014097 

5.880894378 4.762329772 
5.695375569 4.752645865 

5.501312177 4.773546505 
5.695375569 4.752645865 

7.549997461 6.526786954 
7.471475626 6.221687653 

7.191576059 7.097435398 
6.931273647 7.075319455 

2.753417842 9.135681007 
2.65342666 9.14317927 

2.549307011 9.139244383 
2.65342666 9.14317927 

6.637786591 5.647548788 
6.961813548 5.635848868 

1.519566105 8.412826497 
1.364030768 8.389905018 

2.753940595 6.483209247 
2.785359519 6.571153373 

2.85004957 6.650030437 
2.785359519 6.571153373 

2.651296816 2.654639873 
2.579969916 2.914074443 

7.389111567 6.661693652 
7.549997461 6.526786954 

2.091587511 7.54089238 
2.254369819 7.504215661 

2.104760487 2.092290037 
1.878437021 1.980875806 

6.718725803 6.563015259 
6.865406376 6.702669804 

5.16084113 5.445903195 
4.965071638 5.202641315 

7.191576059 7.097435398 
7.102504291 7.115349452 

7.058539481 6.968388735 
7.102504291 7.115349452 

5.899172729 6.781330256 
5.976157991 6.542108768 

5.436194553 8.167619003 
5.356033841 8.144679368 

5.292014338 8.118779885 
5.356033841 8.144679368 

7.290662681 7.296813056 
7.470346245 6.915076855 

7.290662681 7.296813056 
7.242078616 7.42551289 

7.175891699 7.535878631 
7.242078616 7.42551289 

1.942889985 3.447323505 
2.007157643 3.454079746 

2.320925402 2.427099784 
2.482491234 2.58368058 

2.651296816 2.654639873 
2.482491234 2.58368058 

5.976157991 6.542108768 
6.022533922 6.33200342 

3.724416372 8.528832033 
3.603475716 8.493658878 

2.547794928 8.600057644 
2.645103936 8.729060096 

2.760477163 8.86419314 
2.645103936 8.729060096 

4.373447996 1.152874452 
4.350863384 1.043254861 

4.353568914 0.9108166587 
4.350863384 1.043254861 

5.492344769 7.002710947 
5.185870219 7.313465759 

5.492344769 7.002710947 
5.730768639 6.901486974 

5.899172729 6.781330256 
5.730768639 6.901486974 

3.146180233 6.396093501 
3.201929924 6.428463618 

6.774867992 7.967854336 
6.879738478 7.990093338 

6.984608965 8.012332339 
6.879738478 7.990093338 

1.485809821 9.259836509 
1.36394822 9.169722908 

3.504652762 3.258821716 
3.446631919 3.579152351 

3.29955981 3.889217033 
3.446631919 3.579152351 

6.956075856 6.303352059 
6.936032504 6.592670525 

4.224201153 2.347563304 
4.553362046 2.061886256 

4.911887071 1.771723745 
4.553362046 2.061886256 

4.580994997 1.779683497 
4.634656546 1.69023278 

4.552776923 1.614440274 
4.634656546 1.69023278 

5.045625787 5.669910788 
5.391835828 5.676561013 

6.619965453 6.121735695 
6.600718007 6.305935354 

6.583655112 6.441684909 
6.600718007 6.305935354 

3.860903019 2.576782056 
3.686285815 2.599672568 

3.511912378 2.626324063 
3.686285815 2.599672568 

3.444953603 1.646658043 
3.634763296 1.593535119 

3.006222124 2.737625952 
3.062973781 2.643056215 

3.065824332 2.513600605 
3.062973781 2.643056215 

2.681407869 1.698725298 
2.627062992 1.580371901 

1.837427523 8.841482253 
2.015175204 9.025794281 

2.184216832 9.173248878 
2.015175204 9.025794281 

2.276150737 7.116005945 
2.41750499 7.236357685 

1.414079083 2.681228455 
1.549918935 2.694694987 

1.69211901 2.727481037 
1.549918935 2.694694987 

3.217916785 2.12878588 
3.306384213 2.093881883 

3.407737853 2.041289913 
3.306384213 2.093881883 

6.31678266 6.51061784 
6.583655112 6.441684909 

2.499786288 1.957411125 
2.09817597 1.638191307 

3.300454638 6.4520794 
3.250794915 6.438739586 

3.201929924 6.428463618 
3.250794915 6.438739586 

6.619965453 6.121735695 
7.011040427 5.84529672 

5.730768639 6.901486974 
5.671576939 6.890927322 

3.870888573 7.20774665 
4.017070212 7.41911323 

6.31678266 6.51061784 
6.175363687 6.541745218 

6.069201569 6.553019492 
6.175363687 6.541745218 

6.359379781 6.138410637 
6.31678266 6.51061784 

1.658333798 1.389896694 
1.867974794 1.497452359 

2.09817597 1.638191307 
1.867974794 1.497452359 

6.08132588 8.137787073 
6.190831701 8.106802763 

6.285731145 8.115288542 
6.190831701 8.106802763 

3.179120501 2.029378507 
3.217916785 2.12878588 

3.280341415 8.930727416 
3.166828422 8.620177399 

3.098404204 8.363572139 
3.166828422 8.620177399 

4.505685883 6.142719076 
4.832014725 5.992777972 

3.446631919 3.579152351 
3.382939117 3.726506908 

2.265137814 3.551580725 
2.376213797 3.418343404 

6.359379781 6.138410637 
6.246859114 6.061836063 

6.137301282 5.936178781 
6.246859114 6.061836063 

1.942889985 3.447323505 
1.869089957 3.396475174 

6.08132588 8.137787073 
6.144618651 8.077285553 

6.197867147 8.001753802 
6.144618651 8.077285553 

3.497068578 0.5060923722 
3.357848078 0.4014139744 

3.497068578 0.5060923722 
3.433117912 0.6012019027 

3.345525735 0.6839830302 
3.433117912 0.6012019027 

6.468215192 8.214339433 
6.551872594 8.24521812 

6.648746871 8.239851251 
6.551872594 8.24521812 

5.391835828 5.676561013 
5.238493818 6.006443733 

2.547794928 8.600057644 
2.307217014 8.538273827 

2.06047472 8.481361009 
2.307217014 8.538273827 

3.216086439 1.882420298 
3.022458919 1.560196382 

6.299427668 5.406433411 
6.258964546 5.658878324 

5.832782926 6.380977244 
5.708132252 6.222855395 

7.454464106 5.494635701 
7.225937637 5.651499558 

7.011040427 5.84529672 
7.225937637 5.651499558 

6.046416254 7.875601253 
6.197867147 8.001753802 

2.980758196 6.838323937 
2.939732993 6.99543421 

2.889921661 7.152535905 
2.939732993 6.99543421 

3.686285815 2.599672568 
3.611388981 2.520521963 

6.300049906 8.013343667 
6.285731145 8.115288542 

4.505685883 6.142719076 
4.58847409 6.309082724 

4.680416456 6.469081093 
4.58847409 6.309082724 

6.378053379 6.686462608 
6.422106167 6.856913605 

0.3610902314 8.133507302 
0.5261756727 7.89691585 

0.7026410711 7.616207953 
0.5261756727 7.89691585 

3.686285815 2.599672568 
3.772051872 2.803637305 

4.087707392 7.624839094 
4.186756897 7.422156239 

4.263723279 7.221401064 
4.186756897 7.422156239 

0.5261756727 7.89691585 
0.6398341542 7.988868383 

5.885709815 5.600932266 
5.946937019 5.728202854 

6.015424396 5.862597468 
5.946937019 5.728202854 

2.92920398 2.935372351 
3.144478238 3.290033827 

1.656041797 8.552680399 
1.382957633 8.664801101 

1.885682729 7.499468217 
2.091587511 7.54089238 

1.648970935 1.802544782 
1.750138069 1.912927734 

1.878437021 1.980875806 
1.750138069 1.912927734 

3.421773447 1.809597401 
3.570616591 1.760833818 

7.191576059 7.097435398 
7.332065996 7.019479573 

7.470346245 6.915076855 
7.332065996 7.019479573 

5.391835828 5.676561013 
5.255800638 5.565180634 

5.16084113 5.445903195 
5.255800638 5.565180634 

6.046416254 7.875601253 
6.144618651 8.077285553 

1.344072439 7.228806157 
1.307926745 7.338481235 

1.257875434 7.410686352 
1.307926745 7.338481235 

3.937465138 2.118207626 
3.691187677 2.349832317 

2.368518663 8.88383501 
2.595859302 8.914135472 

1.199963811 9.269453506 
1.367481115 9.257242095 

1.485809821 9.259836509 
1.367481115 9.257242095 

3.371628781 7.492938038 
3.560560425 7.502259648 

3.749943489 7.546130373 
3.560560425 7.502259648 

2.307714409 1.391508512 
2.09817597 1.638191307 

4.388058646 7.617936343 
4.186756897 7.422156239 

4.786227432 2.427768666 
4.867128855 2.478939663 

4.950376327 2.52641469 
4.867128855 2.478939663 

2.307714409 1.391508512 
2.30746277 1.517354833 

2.366578312 1.687289267 
2.30746277 1.517354833 

1.927774655 1.516953682 
1.867974794 1.497452359 

3.159044875 0.2764689754 
3.227175791 0.3102171135 

3.266482271 0.3556143121 
3.227175791 0.3102171135 

4.634656546 1.69023278 
4.713049035 1.83087536 

3.300454638 6.4520794 
3.221333598 6.31445328 

5.708132252 6.222855395 
5.767619162 6.179823664 

5.795229044 6.118317007 
5.767619162 6.179823664 

6.157583311 5.073315586 
6.027448454 4.814384433 

6.157583311 5.073315586 
6.136504096 5.181594885 

6.1351193 5.323804837 
6.136504096 5.181594885 

3.119041858 6.149535341 
3.171434663 6.231000896 

3.221333598 6.31445328 
3.171434663 6.231000896 

3.937465138 2.118207626 
3.93318468 2.013167828 

3.943354701 1.90503797 
3.93318468 2.013167828 

1.658333798 1.389896694 
1.764697598 1.200173131 

1.873935733 1.065843505 
1.764697598 1.200173131 

3.076203599 8.696194969 
3.166828422 8.620177399 

2.753417842 9.135681007 
3.007738211 9.02706004 

6.046416254 7.875601253 
6.141457564 7.615402875 

6.180050921 7.365947913 
6.141457564 7.615402875 

5.658241599 4.947764995 
5.695375569 4.752645865 

1.677877802 3.302910799 
1.772603474 3.070075011 

1.86848283 2.833577442 
1.772603474 3.070075011 

2.931656329 2.048011121 
3.179120501 2.029378507 

2.320925402 2.427099784 
2.377784006 2.382625058 

2.432427406 2.335254108 
2.377784006 2.382625058 

4.58847409 6.309082724 
4.728834844 6.298950072 

2.704701422 8.020167355 
2.562828878 7.868198376 

2.415174773 7.71085205 
2.562828878 7.868198376 

4.965071638 5.202641315 
4.842027003 5.174523086 

2.225689589 6.391089063 
2.276025071 6.283038864 

3.306384213 2.093881883 
3.305096751 2.202879013 

2.931656329 2.048011121 
3.004454043 2.181929344 

3.060280058 2.321954167 
3.004454043 2.181929344 

6.931273647 7.075319455 
7.018657895 7.078851588 

7.102504291 7.115349452 
7.018657895 7.078851588 

4.675130602 5.311449297 
4.758684955 5.368041159 

4.845230986 5.423201702 
4.758684955 5.368041159 

2.089485054 8.79506409 
2.015175204 9.025794281 

7.604839152 6.193617956 
7.567657435 6.204303772 

7.530475718 6.214989588 
7.567657435 6.204303772 

1.36075097 7.90116538 
1.41917617 7.940920248 

1.424185384 8.011891217 
1.41917617 7.940920248 

1.587849762 5.971644717 
1.65085695 6.070449741 

1.713864138 6.169254765 
1.65085695 6.070449741 

5.475516598 6.036325648 
5.346433277 6.160520213 

4.450442547 1.309946863 
4.317887617 1.565282137 

1.987164331 3.394934663 
1.869089957 3.396475174 

3.201767555 2.745230278 
3.062973781 2.643056215 

2.460160772 0.7172165729 
2.39249216 0.6944111949 

6.31199442 4.834058007 
6.407175644 5.022336579 

6.503726941 5.223514698 
6.407175644 5.022336579 

1.718519087 8.204547576 
1.850439323 8.210691557 

1.970748803 8.229060395 
1.850439323 8.210691557 

6.911230082 5.954990382 
7.011040427 5.84529672 

5.238493818 6.006443733 
5.346433277 6.160520213 

3.603475716 8.493658878 
3.567624851 8.427018397 

3.531773986 8.360377916 
3.567624851 8.427018397 

2.394350251 0.9101046467 
2.783912497 0.8645239026 

2.394350251 0.9101046467 
2.351458397 1.151664978 

2.307714409 1.391508512 
2.351458397 1.151664978 

3.280341415 8.930727416 
3.144039813 8.978893728 

3.007738211 9.02706004 
3.144039813 8.978893728 

3.770492069 0.9114357584 
3.934970777 0.7703467837 

4.09954026 0.6448547418 
3.934970777 0.7703467837 

5.212817028 6.30510006 
5.21513614 6.654961126 

1.106504142 6.564945645 
1.049076201 6.376082302 

5.212817028 6.30510006 
5.280147463 6.23169404 

5.346433277 6.160520213 
5.280147463 6.23169404 

2.610590512 0.4605956305 
2.560159851 0.5205818421 

2.509729191 0.5805680537 
2.560159851 0.5205818421 

2.093784094 6.694150461 
2.017839934 6.791403993 

1.939918254 6.888979181 
2.017839934 6.791403993 

3.382939117 3.726506908 
3.565294215 3.864990246 

4.505685883 6.142719076 
4.37749822 6.031971399 

4.274062976 5.916189528 
4.37749822 6.031971399 

6.210740483 6.713003297 
6.175363687 6.541745218 

2.410949562 2.179994086 
2.455669192 2.069932737 

2.499786288 1.957411125 
2.455669192 2.069932737 

2.37011747 6.209100119 
2.32307127 6.246069492 

2.276025071 6.283038864 
2.32307127 6.246069492 

3.593602145 2.103283252 
3.93318468 2.013167828 

6.068964361 7.070772209 
5.973283021 7.064174209 

5.884754395 7.066045449 
5.973283021 7.064174209 

6.619965453 6.121735695 
6.489672617 6.130073166 

6.359379781 6.138410637 
6.489672617 6.130073166 

3.342602831 0.5064681981 
3.433117912 0.6012019027 

2.276150737 7.116005945 
2.192282145 7.158631749 

2.108413552 7.201257553 
2.192282145 7.158631749 

2.418876048 8.050149406 
2.529202057 7.935803576 

2.754852807 8.496627835 
2.651323868 8.548342739 

2.547794928 8.600057644 
2.651323868 8.548342739 

5.391835828 5.676561013 
5.721835487 5.586639813 

1.649117221 7.071303678 
1.677004698 7.467105052 

1.704892174 7.862906427 
1.677004698 7.467105052 

6.191158673 5.809742223 
6.015424396 5.862597468 

1.364030768 8.389905018 
1.402045309 8.273500323 

1.44005985 8.157095628 
1.402045309 8.273500323 

