1.443504287 8.145706128 
1.710607389 7.828909134 

3.197924957 0.8713679853 
2.954255321 1.748783881 

7.457810358 5.512692289 
7.530615977 6.501571621 

2.954255321 1.748783881 
3.573627184 1.761808979 

2.412576695 7.709962056 
2.938106166 7.732459338 

6.318387312 6.505821251 
5.920599516 6.801297038 

3.736093887 7.546007617 
2.938106166 7.732459338 

4.44062479 2.700956007 
4.52946262 3.342866735 

2.031103906 8.035618662 
2.132002421 7.763431172 

5.070326847 6.625020705 
4.743970926 6.816641513 

2.760564916 8.859060298 
3.284131615 8.951583859 

2.031103906 8.035618662 
1.968547372 8.226323244 

4.753517538 4.758921569 
4.471534652 4.504793822 

3.582946002 2.097748734 
3.737340747 3.005823125 

5.657983908 4.950631432 
5.617258284 5.483883612 

2.954255321 1.748783881 
3.214894913 1.898529818 

6.318387312 6.505821251 
6.637571167 6.139220529 

5.920599516 6.801297038 
6.06513736 6.534501624 

6.503774523 5.222051924 
6.9101992 5.961596631 

2.850538395 2.450504292 
3.058522962 2.322982957 

6.9101992 5.961596631 
6.637571167 6.139220529 

2.760564916 8.859060298 
2.062679884 8.480694456 

2.954255321 1.748783881 
2.693667178 2.133578145 

0.8011463225 7.205206027 
0.4437806077 6.74335493 

1.651321214 7.008431053 
1.350357174 7.223102645 

2.891288042 7.151613729 
2.412576695 7.709962056 

1.968547372 8.226323244 
1.65871928 8.542020442 

2.093556052 7.221165376 
1.651321214 7.008431053 

3.749970511 0.9387299817 
3.752077647 1.442133121 

7.530615977 6.501571621 
6.936353043 7.069423959 

6.318387312 6.505821251 
6.718354907 6.561046154 

3.737340747 3.005823125 
4.046714907 3.04258361 

1.443504287 8.145706128 
1.275729362 7.750087709 

1.968547372 8.226323244 
1.710607389 7.828909134 

1.710607389 7.828909134 
1.923923101 7.691344604 

2.093556052 7.221165376 
1.571818425 6.742376484 

3.749970511 0.9387299817 
3.778112043 1.830066488 

6.503774523 5.222051924 
6.636840835 5.645653853 

4.44062479 2.700956007 
5.029368602 2.544816595 

2.062679884 8.480694456 
1.836419533 8.839429643 

2.226368294 6.392943603 
2.128533818 6.718490144 

6.064826 7.087550393 
5.920599516 6.801297038 

7.530615977 6.501571621 
6.915861597 6.282215369 

6.637571167 6.139220529 
6.915861597 6.282215369 

3.299813122 2.197819107 
3.058522962 2.322982957 

3.778112043 1.830066488 
3.573627184 1.761808979 

4.197051684 4.151696679 
4.006758068 3.813178027 

4.743970926 6.816641513 
4.714232666 6.48005483 

7.291879581 7.291687132 
6.806353527 7.386276467 

2.891288042 7.151613729 
2.534148215 7.139966631 

1.217636916 9.294013455 
1.2459526 8.764702787 

5.477695499 6.036666368 
5.805832616 6.114692356 

4.471534652 4.504793822 
4.340947333 4.341108605 

4.197051684 4.151696679 
4.340947333 4.341108605 

2.645952325 2.641698511 
2.850538395 2.450504292 

2.412576695 7.709962056 
2.602500407 7.622689986 

6.9101992 5.961596631 
7.305912349 6.11964568 

5.187315075 7.291292265 
4.814297741 7.411326579 

6.064826 7.087550393 
5.732653389 7.376003485 

3.152743652 3.295419537 
3.200409617 2.748224216 

1.868849466 2.831386284 
2.446379608 3.240234639 

2.499627035 1.965693419 
2.693667178 2.133578145 

4.714232666 6.48005483 
4.371669862 6.640272837 

1.65871928 8.542020442 
1.517358169 8.925204958 

2.789361139 8.258164688 
2.938106166 7.732459338 

2.693667178 2.133578145 
2.139733133 2.331124768 

2.139733133 2.331124768 
2.327582609 2.428065594 

5.732653389 7.376003485 
5.726999472 7.074457939 

0.706580485 7.628566357 
0.9803102926 7.659017672 

1.275729362 7.750087709 
0.9803102926 7.659017672 

6.806353527 7.386276467 
6.936353043 7.069423959 

4.224201153 2.347563304 
4.536423925 2.391165529 

1.65871928 8.542020442 
1.836419533 8.839429643 

1.651321214 7.008431053 
1.170382792 6.941195603 

2.093556052 7.221165376 
2.13141013 7.432052681 

1.653768578 1.79518534 
2.139733133 2.331124768 

7.530615977 6.501571621 
7.291879581 7.291687132 

6.54301166 6.877993843 
7.177829905 6.662704256 

1.170382792 6.941195603 
0.8011463225 7.205206027 

6.806353527 7.386276467 
6.90403951 7.795195144 

5.070326847 6.625020705 
5.20951476 6.330830106 

5.590400399 7.698846696 
5.747862823 7.775515732 

6.04762771 7.873815385 
5.747862823 7.775515732 

7.177829905 6.662704256 
6.936353043 7.069423959 

3.152743652 3.295419537 
2.981523172 3.408477656 

2.548185913 8.598577919 
2.789361139 8.258164688 

1.710607389 7.828909134 
1.096472433 8.036588725 

1.923923101 7.691344604 
1.866355977 7.490621163 

2.13141013 7.432052681 
1.866355977 7.490621163 

3.582946002 2.097748734 
3.778112043 1.830066488 

2.611464168 3.735991546 
2.446379608 3.240234639 

2.327582609 2.428065594 
2.104247392 2.094502722 

6.636840835 5.645653853 
6.9101992 5.961596631 

3.214894913 1.898529818 
3.421614638 1.806888222 

3.743329105 8.517530953 
3.106355351 8.343914869 

2.789361139 8.258164688 
3.106355351 8.343914869 

5.732653389 7.376003485 
6.04762771 7.873815385 

3.119041858 6.149535341 
2.741043677 6.295991145 

1.2459526 8.764702787 
1.517358169 8.925204958 

1.443504287 8.145706128 
1.64279168 8.350196615 

4.714232666 6.48005483 
5.20951476 6.330830106 

3.197924957 0.8713679853 
3.465997359 1.01941282 

4.44062479 2.700956007 
4.536423925 2.391165529 

2.031103906 8.035618662 
2.344797306 8.346673486 

2.548185913 8.598577919 
2.344797306 8.346673486 

4.902996605 1.77366614 
4.16093284 1.941251079 

3.582946002 2.097748734 
4.16093284 1.941251079 

6.299412869 8.009182732 
6.183645071 7.356236588 

6.064826 7.087550393 
6.183645071 7.356236588 

6.718354907 6.561046154 
6.935011465 6.588636801 

3.197924957 0.8713679853 
3.161343195 0.2854827548 

2.446379608 3.240234639 
2.370071999 3.411273532 

7.177829905 6.662704256 
6.935011465 6.588636801 

4.536423925 2.391165529 
4.786227432 2.427768666 

5.579093611 6.500985286 
5.765000431 6.519710252 

0.8011463225 7.205206027 
1.06463344 7.455022054 

2.954255321 1.748783881 
2.804490157 1.548189805 

1.170382792 6.941195603 
1.174088127 6.217922255 

5.000210029 8.038857494 
4.38240132 7.613640744 

2.093556052 7.221165376 
2.000904255 7.070602283 

3.106355351 8.343914869 
3.071409176 8.058617064 

4.244279392 5.909192765 
4.189310503 6.285907033 

3.918293388 6.834818844 
4.189310503 6.285907033 

3.752077647 1.442133121 
3.917497204 1.593497692 

0.3639340457 8.132639805 
0.7145635819 8.334133937 

5.617258284 5.483883612 
5.426080138 5.684619218 

3.582946002 2.097748734 
3.53412874 2.275437611 

7.457810358 5.512692289 
6.964450564 5.633948233 

1.836419533 8.839429643 
1.595533425 9.06897688 

1.217636916 9.294013455 
1.595533425 9.06897688 

6.935011465 6.588636801 
6.54301166 6.877993843 

5.805832616 6.114692356 
6.137210388 5.939019407 

3.197924957 0.8713679853 
3.150120947 1.311178515 

3.573627184 1.761808979 
3.150120947 1.311178515 

1.64279168 8.350196615 
1.65871928 8.542020442 

6.251503929 5.643326076 
6.135520033 5.326561054 

0.4437806077 6.74335493 
1.011159959 6.762507099 

1.170382792 6.941195603 
1.011159959 6.762507099 

5.187315075 7.291292265 
5.726999472 7.074457939 

4.743970926 6.816641513 
4.907682504 6.901623207 

3.284131615 8.951583859 
3.231135097 8.572822423 

6.915861597 6.282215369 
6.718354907 6.561046154 

2.499627035 1.965693419 
2.368182028 1.690773898 

2.139733133 2.331124768 
2.104247392 2.094502722 

1.382599051 2.301024173 
1.65262567 2.295995168 

6.064826 7.087550393 
6.281615189 6.876986258 

5.920599516 6.801297038 
6.281615189 6.876986258 

2.602500407 7.622689986 
2.324855421 7.340622032 

2.181956523 9.173390449 
2.089485054 8.79506409 

2.062679884 8.480694456 
2.089485054 8.79506409 

6.936353043 7.069423959 
6.828058826 6.831945234 

6.54301166 6.877993843 
6.828058826 6.831945234 

2.412576695 7.709962056 
2.417778041 8.050540661 

2.344797306 8.346673486 
2.417778041 8.050540661 

7.252673361 7.746193935 
6.90403951 7.795195144 

3.749970511 0.9387299817 
3.582857989 0.7697471528 

4.724017283 5.645391994 
4.891088969 5.814874015 

3.058522962 2.322982957 
3.514778285 2.638871523 

2.13141013 7.432052681 
2.324855421 7.340622032 

2.396198947 0.9108116828 
2.253716175 0.6713781154 

6.915861597 6.282215369 
7.168502982 6.251837789 

7.305912349 6.11964568 
7.168502982 6.251837789 

4.38240132 7.613640744 
4.244059385 7.212541146 

4.244059385 7.212541146 
4.583161831 7.279000807 

1.836419533 8.839429643 
2.089485054 8.79506409 

6.299412869 8.009182732 
5.573982457 7.961388583 

7.059815809 5.161901551 
7.085411152 5.390234875 

2.938106166 7.732459338 
2.602500407 7.622689986 

5.573982457 7.961388583 
5.590400399 7.698846696 

1.096472433 8.036588725 
1.275729362 7.750087709 

0.3639340457 8.132639805 
0.6411271635 7.982648241 

1.868849466 2.831386284 
1.999313098 2.555253823 

2.139733133 2.331124768 
1.999313098 2.555253823 

2.938106166 7.732459338 
2.417778041 8.050540661 

4.458026734 1.319257255 
3.917497204 1.593497692 

2.938106166 7.732459338 
2.704701422 8.020167355 

5.657983908 4.950631432 
5.501312177 4.773546505 

5.139364873 4.801043503 
5.501312177 4.773546505 

5.726999472 7.074457939 
5.482306687 6.992531972 

3.106355351 8.343914869 
3.231135097 8.572822423 

6.06513736 6.534501624 
6.041113532 6.337653949 

5.805832616 6.114692356 
6.041113532 6.337653949 

4.581587291 1.797457324 
4.16093284 1.941251079 

2.548185913 8.598577919 
2.596029763 8.916468777 

3.161343195 0.2854827548 
3.348364863 0.6943487379 

3.465997359 1.01941282 
3.348364863 0.6943487379 

3.737340747 3.005823125 
3.742784314 3.261166188 

2.611464168 3.735991546 
2.370071999 3.411273532 

2.645952325 2.641698511 
2.62870083 3.171153056 

2.104247392 2.094502722 
2.693667178 2.133578145 

4.244279392 5.909192765 
4.730204312 6.302032199 

5.070326847 6.625020705 
4.730204312 6.302032199 

1.8489718 6.329705182 
1.571818425 6.742376484 

1.8489718 6.329705182 
1.928527516 6.162801849 

6.183645071 7.356236588 
5.732653389 7.376003485 

2.132002421 7.763431172 
2.235138827 7.516069385 

2.534148215 7.139966631 
2.235138827 7.516069385 

3.231135097 8.572822423 
3.367978884 8.398587152 

2.693667178 2.133578145 
2.412027563 2.182160101 

2.104247392 2.094502722 
1.810415615 2.147288403 

3.860223813 2.578168711 
3.609972622 2.519586005 

3.53412874 2.275437611 
3.609972622 2.519586005 

2.13141013 7.432052681 
2.235138827 7.516069385 

2.848670727 6.650316184 
3.300454638 6.4520794 

6.935011465 6.588636801 
7.25917106 6.549405144 

7.530615977 6.501571621 
7.25917106 6.549405144 

6.806353527 7.386276467 
6.589733954 7.442098202 

1.710607389 7.828909134 
1.436707247 8.023952693 

7.46913861 6.911895075 
7.382686752 6.655882922 

7.177829905 6.662704256 
7.382686752 6.655882922 

3.778112043 1.830066488 
4.120503761 1.447156126 

6.041113532 6.337653949 
6.137210388 5.939019407 

1.436707247 8.023952693 
1.443504287 8.145706128 

1.571818425 6.742376484 
1.662163014 6.420588577 

1.06463344 7.455022054 
0.4725844594 7.479722355 

2.486399913 5.997068122 
2.69724854 6.125616479 

2.741043677 6.295991145 
2.69724854 6.125616479 

2.789361139 8.258164688 
2.344797306 8.346673486 

2.850538395 2.450504292 
2.868857514 2.250051056 

2.938838084 2.053427005 
2.868857514 2.250051056 

1.170382792 6.941195603 
1.350357174 7.223102645 

2.370071999 3.411273532 
2.181929516 3.358617839 

2.324855421 7.340622032 
2.235138827 7.516069385 

1.06463344 7.455022054 
1.275729362 7.750087709 

1.06463344 7.455022054 
1.142636783 7.149224592 

1.170382792 6.941195603 
1.142636783 7.149224592 

4.730204312 6.302032199 
4.714232666 6.48005483 

3.918293388 6.834818844 
3.855478095 7.181911941 

3.736093887 7.546007617 
3.855478095 7.181911941 

2.62870083 3.171153056 
2.446379608 3.240234639 

2.000904255 7.070602283 
1.935132573 6.881446051 

3.152743652 3.295419537 
3.243687474 3.546839706 

5.139364873 4.801043503 
4.922063055 4.931117542 

4.753517538 4.758921569 
4.922063055 4.931117542 

5.657983908 4.950631432 
5.880894378 4.762329772 

0.9803102926 7.659017672 
1.06463344 7.455022054 

2.306994882 1.394016958 
2.057300884 1.352454845 

3.197924957 0.8713679853 
2.921121907 0.8671965965 

2.760564916 8.859060298 
2.596029763 8.916468777 

5.579093611 6.500985286 
5.613906575 6.73196811 

0.7145635819 8.334133937 
0.6411271635 7.982648241 

7.530615977 6.501571621 
7.618680577 6.164821379 

4.244059385 7.212541146 
3.918293388 6.834818844 

2.226368294 6.392943603 
1.928527516 6.162801849 

6.654463015 8.246606113 
6.744824351 7.968028032 

6.90403951 7.795195144 
6.744824351 7.968028032 

1.65262567 2.295995168 
1.61555491 2.424025263 

1.653768578 1.79518534 
1.810415615 2.147288403 

2.789361139 8.258164688 
3.071409176 8.058617064 

1.927774655 1.516953682 
1.903189447 1.701748549 

5.613906575 6.73196811 
5.920599516 6.801297038 

2.954255321 1.748783881 
2.938838084 2.053427005 

4.458026734 1.319257255 
4.552463571 1.609422878 

2.417778041 8.050540661 
2.704701422 8.020167355 

3.582857989 0.7697471528 
3.497068578 0.5060923722 

4.743970926 6.816641513 
4.503355061 6.961356008 

2.181956523 9.173390449 
1.774118905 9.26423752 

0.8011463225 7.205206027 
1.142636783 7.149224592 

3.609972622 2.519586005 
3.514778285 2.638871523 

3.214894913 1.898529818 
3.21554167 2.132704301 

3.299813122 2.197819107 
3.21554167 2.132704301 

1.382599051 2.301024173 
1.61555491 2.424025263 

1.64279168 8.350196615 
1.716111577 8.192332773 

2.610590512 0.4605956305 
2.747702683 0.7941861792 

3.058522962 2.322982957 
2.868857514 2.250051056 

4.44062479 2.700956007 
4.331783155 2.83930415 

2.938106166 7.732459338 
3.336677474 8.017945703 

3.743329105 8.517530953 
3.336677474 8.017945703 

1.810415615 2.147288403 
1.65262567 2.295995168 

2.534148215 7.139966631 
2.747154833 7.301439305 

4.307422327 3.103906238 
4.331783155 2.83930415 

2.848670727 6.650316184 
2.981579558 6.839287034 

2.104247392 2.094502722 
2.412027563 2.182160101 

3.200409617 2.748224216 
3.000863825 2.724338283 

2.931106993 2.936091429 
3.000863825 2.724338283 

2.704701422 8.020167355 
2.789361139 8.258164688 

5.590400399 7.698846696 
5.253731144 7.721458042 

0.8011463225 7.205206027 
1.011159959 6.762507099 

0.4725844594 7.479722355 
0.6330674914 7.336683301 

4.52946262 3.342866735 
4.536930121 3.13566113 

4.307422327 3.103906238 
4.536930121 3.13566113 

4.891088969 5.814874015 
5.061934941 5.953627453 

2.607593696 9.47919671 
2.755431755 9.136493966 

2.760564916 8.859060298 
2.755431755 9.136493966 

6.828058826 6.831945234 
6.718354907 6.561046154 

3.736093887 7.546007617 
4.077469167 7.612820567 

4.38240132 7.613640744 
4.077469167 7.612820567 

3.573627184 1.761808979 
3.434908956 1.649203261 

1.927774655 1.516953682 
2.057300884 1.352454845 

3.465997359 1.01941282 
3.582857989 0.7697471528 

6.135520033 5.326561054 
6.307201578 5.419035835 

6.503774523 5.222051924 
6.307201578 5.419035835 

0.7546983697 8.81753641 
0.5650978466 8.622290056 

2.954255321 1.748783881 
3.028464426 1.557010718 

5.732653389 7.376003485 
5.445635055 7.674722503 

5.000210029 8.038857494 
5.445635055 7.674722503 

7.168502982 6.251837789 
7.25917106 6.549405144 

6.9101992 5.961596631 
6.964450564 5.633948233 

2.132002421 7.763431172 
2.061001492 7.655681569 

1.350357174 7.223102645 
0.9466024038 6.979970736 

6.9101992 5.961596631 
7.15338626 5.849394291 

3.367978884 8.398587152 
3.531568697 8.35732373 

2.412576695 7.709962056 
2.235138827 7.516069385 

5.886424897 5.561027543 
6.135520033 5.326561054 

1.443504287 8.145706128 
1.515526077 8.417787704 

1.65871928 8.542020442 
1.515526077 8.417787704 

2.789361139 8.258164688 
2.760955969 8.479580983 

5.187315075 7.291292265 
5.253731144 7.721458042 

4.353568914 0.9108166587 
4.129973146 0.9222178156 

6.718354907 6.561046154 
6.587010585 6.6905185 

6.54301166 6.877993843 
6.587010585 6.6905185 

5.426080138 5.684619218 
5.061934941 5.953627453 

2.693667178 2.133578145 
2.938838084 2.053427005 

0.6411271635 7.982648241 
0.706580485 7.628566357 

6.654463015 8.246606113 
6.99945194 8.031743874 

0.6411271635 7.982648241 
0.8634245929 7.87701915 

0.9803102926 7.659017672 
0.8634245929 7.87701915 

0.9466024038 6.979970736 
1.170382792 6.941195603 

4.552463571 1.609422878 
4.320757864 1.560750307 

4.120503761 1.447156126 
4.320757864 1.560750307 

4.16093284 1.941251079 
3.93025997 2.127169276 

1.61555491 2.424025263 
1.540619984 2.482253741 

3.302044231 3.888582374 
3.195666109 3.634321626 

2.981523172 3.408477656 
3.195666109 3.634321626 

2.693667178 2.133578145 
2.868857514 2.250051056 

5.20951476 6.330830106 
4.95512398 6.346016137 

4.730204312 6.302032199 
4.95512398 6.346016137 

4.724017283 5.645391994 
5.153877461 5.445355845 

1.662163014 6.420588577 
1.8489718 6.329705182 

3.028464426 1.557010718 
2.804490157 1.548189805 

2.891288042 7.151613729 
2.747154833 7.301439305 

2.741043677 6.295991145 
2.753138406 6.484495921 

1.174088127 6.217922255 
1.106504142 6.564945645 

1.011159959 6.762507099 
1.106504142 6.564945645 

1.571818425 6.742376484 
1.170382792 6.941195603 

3.150120947 1.311178515 
2.988950708 1.322292333 

3.028464426 1.557010718 
2.988950708 1.322292333 

1.174088127 6.217922255 
1.348817773 6.526758726 

1.571818425 6.742376484 
1.348817773 6.526758726 

0.706580485 7.628566357 
0.5389061383 7.643078978 

7.382686752 6.655882922 
7.25917106 6.549405144 

4.52946262 3.342866735 
4.86592063 2.920836102 

5.029368602 2.544816595 
4.86592063 2.920836102 

4.714232666 6.48005483 
4.95512398 6.346016137 

2.226368294 6.392943603 
2.741043677 6.295991145 

6.313682111 4.823212539 
6.029179176 4.814166152 

5.880894378 4.762329772 
6.029179176 4.814166152 

3.197924957 0.8713679853 
3.348364863 0.6943487379 

1.965147007 0.8175418949 
1.872392079 1.067352869 

6.828058826 6.831945234 
6.587010585 6.6905185 

0.3639340457 8.132639805 
0.7452049769 8.120865024 

1.096472433 8.036588725 
0.7452049769 8.120865024 

2.645952325 2.641698511 
3.000863825 2.724338283 

5.482306687 6.992531972 
5.663554575 6.897123745 

5.613906575 6.73196811 
5.663554575 6.897123745 

4.581587291 1.797457324 
4.712459458 1.830159976 

4.902996605 1.77366614 
4.712459458 1.830159976 

1.517358169 8.925204958 
1.365199298 9.074167336 

4.907682504 6.901623207 
5.005820946 7.186460911 

5.187315075 7.291292265 
5.005820946 7.186460911 

2.596029763 8.916468777 
2.755431755 9.136493966 

4.922063055 4.931117542 
4.840031235 5.175641058 

7.059815809 5.161901551 
6.893782528 5.379562864 

6.636840835 5.645653853 
6.893782528 5.379562864 

4.840031235 5.175641058 
4.580478926 5.301993043 

1.2459526 8.764702787 
1.515526077 8.417787704 

6.964450564 5.633948233 
6.893782528 5.379562864 

4.129973146 0.9222178156 
4.104497346 0.8293921521 

2.804490157 1.548189805 
2.598689036 1.629120238 

2.368182028 1.690773898 
2.598689036 1.629120238 

3.736093887 7.546007617 
3.336677474 8.017945703 

3.736093887 7.546007617 
3.709625786 7.96115711 

3.299813122 2.197819107 
3.132149313 2.139078663 

2.938838084 2.053427005 
3.132149313 2.139078663 

5.000210029 8.038857494 
4.953684665 7.653556497 

4.814297741 7.411326579 
4.953684665 7.653556497 

4.583161831 7.279000807 
4.503355061 6.961356008 

2.499627035 1.965693419 
2.598689036 1.629120238 

3.516942678 3.281140862 
3.631293757 3.253514257 

3.742784314 3.261166188 
3.631293757 3.253514257 

1.604743062 7.477795227 
1.866355977 7.490621163 

2.031103906 8.035618662 
2.241747843 8.074143712 

2.417778041 8.050540661 
2.241747843 8.074143712 

6.964450564 5.633948233 
7.15338626 5.849394291 

3.351235862 7.015699946 
3.114527588 7.05205941 

2.891288042 7.151613729 
3.114527588 7.05205941 

1.923923101 7.691344604 
2.061001492 7.655681569 

3.119041858 6.149535341 
2.69724854 6.125616479 

5.065626274 2.159935451 
4.972189366 1.982250505 

4.902996605 1.77366614 
4.972189366 1.982250505 

4.730204312 6.302032199 
4.504717564 6.142964444 

1.651321214 7.008431053 
1.935132573 6.881446051 

2.181956523 9.173390449 
2.368518663 8.88383501 

2.548185913 8.598577919 
2.368518663 8.88383501 

1.651321214 7.008431053 
1.715099748 7.350627205 

1.604743062 7.477795227 
1.715099748 7.350627205 

4.120503761 1.447156126 
4.353568914 0.9108166587 

7.291879581 7.291687132 
7.190724741 7.098084335 

3.106355351 8.343914869 
2.760955969 8.479580983 

2.760955969 8.479580983 
2.993770657 8.636254519 

5.070326847 6.625020705 
4.95512398 6.346016137 

1.350357174 7.223102645 
1.715099748 7.350627205 

2.611464168 3.735991546 
2.671577134 3.427566677 

2.62870083 3.171153056 
2.671577134 3.427566677 

6.893782528 5.379562864 
7.085411152 5.390234875 

4.786227432 2.427768666 
4.577691432 2.595039945 

4.44062479 2.700956007 
4.577691432 2.595039945 

3.132149313 2.139078663 
3.21554167 2.132704301 

4.724017283 5.645391994 
4.845774061 5.423194304 

4.353568914 0.9108166587 
4.104497346 0.8293921521 

1.443504287 8.145706128 
1.716111577 8.192332773 

3.582946002 2.097748734 
3.407012734 2.043362489 

3.214894913 1.898529818 
3.407012734 2.043362489 

6.04762771 7.873815385 
6.08132588 8.137787073 

2.031103906 8.035618662 
1.923923101 7.691344604 

6.318387312 6.505821251 
6.209762282 6.711560412 

6.281615189 6.876986258 
6.209762282 6.711560412 

3.058522962 2.322982957 
3.132149313 2.139078663 

3.071409176 8.058617064 
3.336677474 8.017945703 

3.284131615 8.951583859 
3.077619326 8.698241909 

2.993770657 8.636254519 
3.077619326 8.698241909 

5.445635055 7.674722503 
5.590400399 7.698846696 

2.645952325 2.641698511 
2.73392207 2.861193876 

2.931106993 2.936091429 
2.73392207 2.861193876 

7.530615977 6.501571621 
7.622163522 6.725427636 

3.200409617 2.748224216 
3.063217304 2.512889819 

3.058522962 2.322982957 
3.063217304 2.512889819 

2.610590512 0.4605956305 
2.392820686 0.6924666453 

2.253716175 0.6713781154 
2.392820686 0.6924666453 

1.662163014 6.420588577 
1.713864138 6.169254765 

3.119041858 6.149535341 
3.093893199 6.319147953 

3.063217304 2.512889819 
2.850538395 2.450504292 

5.000210029 8.038857494 
5.147508882 7.894894949 

5.253731144 7.721458042 
5.147508882 7.894894949 

2.396198947 0.9108116828 
2.45967971 0.7149991797 

2.607593696 9.47919671 
2.542886536 9.140106166 

2.596029763 8.916468777 
2.542886536 9.140106166 

3.465997359 1.01941282 
3.260525864 1.12677697 

3.150120947 1.311178515 
3.260525864 1.12677697 

2.181929516 3.358617839 
2.096307532 3.494666359 

4.120503761 1.447156126 
4.03034564 1.469134605 

3.917497204 1.593497692 
4.03034564 1.469134605 

1.382599051 2.301024173 
1.540619984 2.482253741 

1.382599051 2.301024173 
1.582526304 2.056226297 

1.653768578 1.79518534 
1.582526304 2.056226297 

0.7452049769 8.120865024 
0.6411271635 7.982648241 

7.305912349 6.11964568 
7.407927633 6.167807259 

4.224201153 2.347563304 
4.44062479 2.700956007 

4.16093284 1.941251079 
4.271001333 2.128228521 

2.45967971 0.7149991797 
2.477409278 0.563039559 

1.06463344 7.455022054 
1.252994151 7.441892154 

5.070326847 6.625020705 
4.907682504 6.901623207 

5.579093611 6.500985286 
5.366972378 6.668574164 

1.217636916 9.294013455 
1.380583535 8.671871413 

3.497068578 0.5060923722 
3.342656894 0.5088233085 

4.503355061 6.961356008 
4.371669862 6.640272837 

0.9466024038 6.979970736 
0.8011463225 7.205206027 

2.602500407 7.622689986 
2.72835879 7.554206391 

7.168502982 6.251837789 
7.407927633 6.167807259 

2.344797306 8.346673486 
2.174074607 8.33462208 

2.062679884 8.480694456 
2.174074607 8.33462208 

6.99945194 8.031743874 
6.90403951 7.795195144 

0.4437806077 6.74335493 
0.7273879068 6.619593637 

0.7452049769 8.120865024 
0.7145635819 8.334133937 

0.7145635819 8.334133937 
0.7200322366 8.516001287 

6.251503929 5.643326076 
6.636840835 5.645653853 

7.252673361 7.746193935 
7.164938599 7.520265466 

1.2459526 8.764702787 
1.380583535 8.671871413 

3.302044231 3.888582374 
3.545442425 3.85506977 

3.757335389 3.955550005 
3.545442425 3.85506977 

5.732653389 7.376003485 
5.785883772 7.59255109 

5.747862823 7.775515732 
5.785883772 7.59255109 

1.096472433 8.036588725 
0.8634245929 7.87701915 

1.2459526 8.764702787 
1.042878777 8.696330825 

2.132002421 7.763431172 
2.241747843 8.074143712 

4.244059385 7.212541146 
4.014819388 7.417182116 

3.736093887 7.546007617 
4.014819388 7.417182116 

2.499627035 1.965693419 
2.679244965 1.702073108 

2.804490157 1.548189805 
2.679244965 1.702073108 

2.132002421 7.763431172 
2.230976115 7.727670152 

2.412576695 7.709962056 
2.230976115 7.727670152 

3.197924957 0.8713679853 
3.260525864 1.12677697 

6.299412869 8.009182732 
6.468541033 8.214961261 

2.031103906 8.035618662 
2.335243214 7.905816736 

6.313682111 4.823212539 
6.158533224 5.071543718 

2.938106166 7.732459338 
3.000795696 7.916340961 

3.071409176 8.058617064 
3.000795696 7.916340961 

2.335243214 7.905816736 
2.230976115 7.727670152 

6.718354907 6.561046154 
6.586782978 6.440626934 

4.077469167 7.612820567 
4.014819388 7.417182116 

6.586782978 6.440626934 
6.587010585 6.6905185 

6.251503929 5.643326076 
6.017907879 5.860826383 

5.805832616 6.114692356 
6.017907879 5.860826383 

2.335243214 7.905816736 
2.412576695 7.709962056 

0.8534672612 6.456422818 
1.049076201 6.376082302 

2.412027563 2.182160101 
2.457288421 2.343875071 

5.366972378 6.668574164 
5.613906575 6.73196811 

2.72835879 7.554206391 
2.938106166 7.732459338 

2.704701422 8.020167355 
3.000795696 7.916340961 

4.189310503 6.285907033 
4.504717564 6.142964444 

6.828058826 6.831945234 
6.865406376 6.702669804 

6.935011465 6.588636801 
6.865406376 6.702669804 

4.189310503 6.285907033 
4.250733973 6.480017827 

4.371669862 6.640272837 
4.250733973 6.480017827 

5.726999472 7.074457939 
5.663554575 6.897123745 

5.920599516 6.801297038 
5.663554575 6.897123745 

7.407927633 6.167807259 
7.471338561 6.222423564 

7.085411152 5.390234875 
7.457810358 5.512692289 

2.645952325 2.641698511 
2.402886925 2.948795925 

2.446379608 3.240234639 
2.402886925 2.948795925 

3.348364863 0.6943487379 
3.582857989 0.7697471528 

4.845774061 5.423194304 
5.153877461 5.445355845 

5.000210029 8.038857494 
5.150753538 7.604477448 

4.224201153 2.347563304 
4.299058213 2.215552273 

4.271001333 2.128228521 
4.299058213 2.215552273 

2.324855421 7.340622032 
2.093556052 7.221165376 

5.477695499 6.036666368 
5.238797159 6.007084136 

5.061934941 5.953627453 
5.238797159 6.007084136 

7.085411152 5.390234875 
7.033231491 5.514198924 

6.964450564 5.633948233 
7.033231491 5.514198924 

4.046714907 3.04258361 
4.164581382 2.896223469 

4.331783155 2.83930415 
4.164581382 2.896223469 

6.54301166 6.877993843 
6.209762282 6.711560412 

7.25917106 6.549405144 
7.177829905 6.662704256 

6.041113532 6.337653949 
5.853363536 6.390522238 

5.765000431 6.519710252 
5.853363536 6.390522238 

6.137210388 5.939019407 
6.017907879 5.860826383 

1.928527516 6.162801849 
1.792704406 6.027235324 

2.335243214 7.905816736 
2.417778041 8.050540661 

1.275729362 7.750087709 
1.344711126 7.920017751 

4.458026734 1.319257255 
4.363437132 1.177672178 

5.139364873 4.801043503 
5.016716838 5.191421761 

5.895304961 6.515061235 
5.853363536 6.390522238 

1.810415615 2.147288403 
1.582526304 2.056226297 

0.4437806077 6.74335493 
0.6847253851 6.862925325 

0.9466024038 6.979970736 
0.6847253851 6.862925325 

6.915861597 6.282215369 
6.586782978 6.440626934 

0.5650978466 8.622290056 
0.658209947 8.555557639 

0.7200322366 8.516001287 
0.658209947 8.555557639 

1.604743062 7.477795227 
1.350357174 7.223102645 

1.774118905 9.26423752 
1.695592821 9.165079109 

1.595533425 9.06897688 
1.695592821 9.165079109 

3.709625786 7.96115711 
3.531568697 8.35732373 

1.604743062 7.477795227 
1.769981884 7.58035316 

1.923923101 7.691344604 
1.769981884 7.58035316 

1.987072176 3.395224874 
1.948673014 3.446519437 

1.679641366 3.303753153 
1.948673014 3.446519437 

1.348817773 6.526758726 
1.106504142 6.564945645 

1.515526077 8.417787704 
1.64279168 8.350196615 

2.103928404 5.904340811 
2.213044929 6.016106269 

2.368858233 6.208234748 
2.213044929 6.016106269 

4.845774061 5.423194304 
5.016716838 5.191421761 

3.342656894 0.5088233085 
3.357848078 0.4014139744 

1.659369605 1.387529086 
1.927316587 1.32216358 

2.057300884 1.352454845 
1.927316587 1.32216358 

2.174074607 8.33462208 
2.241747843 8.074143712 

3.778112043 1.830066488 
3.942025097 1.904318159 

2.062679884 8.480694456 
1.65871928 8.542020442 

1.096472433 8.036588725 
1.344711126 7.920017751 

2.226368294 6.392943603 
2.019176677 6.354282636 

1.8489718 6.329705182 
2.019176677 6.354282636 

1.927774655 1.516953682 
1.927316587 1.32216358 

5.726999472 7.074457939 
5.878078121 7.064190001 

1.382599051 2.301024173 
1.621813644 2.208099343 

1.810415615 2.147288403 
1.621813644 2.208099343 

4.09954026 0.6448547418 
4.095302867 0.7455528844 

4.104497346 0.8293921521 
4.095302867 0.7455528844 

3.302044231 3.888582374 
3.384425988 3.727818913 

3.243687474 3.546839706 
3.384425988 3.727818913 

5.573982457 7.961388583 
5.436194553 8.167619003 

0.8534672612 6.456422818 
0.7912627891 6.537689607 

0.7273879068 6.619593637 
0.7912627891 6.537689607 

2.954255321 1.748783881 
2.679244965 1.702073108 

7.15338626 5.849394291 
7.237491172 5.715367497 

2.096307532 3.494666359 
2.048591962 3.461769069 

1.987072176 3.395224874 
2.048591962 3.461769069 

2.981523172 3.408477656 
2.805825705 3.553152287 

5.000210029 8.038857494 
5.192459488 8.117851898 

5.20951476 6.330830106 
5.238797159 6.007084136 

3.348364863 0.6943487379 
3.342656894 0.5088233085 

6.54301166 6.877993843 
6.378053379 6.686462608 

6.318387312 6.505821251 
6.378053379 6.686462608 

3.514778285 2.638871523 
3.314285978 2.372143527 

3.299813122 2.197819107 
3.314285978 2.372143527 

3.284131615 8.951583859 
2.872709886 8.69222342 

2.548185913 8.598577919 
2.872709886 8.69222342 

3.752077647 1.442133121 
3.632132417 1.594122438 

3.573627184 1.761808979 
3.632132417 1.594122438 

5.192459488 8.117851898 
5.147508882 7.894894949 

2.061001492 7.655681569 
2.078218584 7.545940698 

2.13141013 7.432052681 
2.078218584 7.545940698 

1.868849466 2.831386284 
1.708047745 2.721713451 

2.804490157 1.548189805 
2.899613523 1.418856757 

2.988950708 1.322292333 
2.899613523 1.418856757 

6.54301166 6.877993843 
6.421221264 6.857509767 

6.281615189 6.876986258 
6.421221264 6.857509767 

3.860223813 2.578168711 
4.224201153 2.347563304 

3.860223813 2.578168711 
3.690994178 2.3478449 

3.582946002 2.097748734 
3.690994178 2.3478449 

2.396198947 0.9108116828 
2.392820686 0.6924666453 

3.243687474 3.546839706 
3.195666109 3.634321626 

2.611464168 3.735991546 
2.267796409 3.552652914 

6.137210388 5.939019407 
6.225812093 5.836467615 

6.251503929 5.643326076 
6.225812093 5.836467615 

2.477409278 0.563039559 
2.392820686 0.6924666453 

1.662163014 6.420588577 
1.348817773 6.526758726 

1.571818425 6.742376484 
1.810887852 6.741629726 

1.866355977 7.490621163 
1.715099748 7.350627205 

5.150753538 7.604477448 
4.953684665 7.653556497 

7.237491172 5.715367497 
7.303889201 5.622867131 

3.743329105 8.517530953 
3.72251332 8.25636831 

3.709625786 7.96115711 
3.72251332 8.25636831 

1.621813644 2.208099343 
1.65262567 2.295995168 

5.886424897 5.561027543 
5.699304103 5.599083347 

5.617258284 5.483883612 
5.699304103 5.599083347 

3.299813122 2.197819107 
3.407012734 2.043362489 

7.471338561 6.222423564 
7.530823514 6.215630692 

2.693667178 2.133578145 
2.766795935 2.302375156 

2.850538395 2.450504292 
2.766795935 2.302375156 

5.920599516 6.801297038 
5.713147016 6.637247854 

5.579093611 6.500985286 
5.713147016 6.637247854 

4.244279392 5.909192765 
4.82538593 5.988444387 

5.477695499 6.036666368 
4.82538593 5.988444387 

2.534148215 7.139966631 
2.416727032 7.235620097 

2.324855421 7.340622032 
2.416727032 7.235620097 

3.351235862 7.015699946 
3.366119474 7.229137775 

4.724017283 5.645391994 
4.82538593 5.988444387 

6.299412869 8.009182732 
6.197867147 8.001753802 

2.267796409 3.552652914 
2.006945528 3.454015087 

4.006758068 3.813178027 
4.268325066 3.56732288 

4.52946262 3.342866735 
4.268325066 3.56732288 

3.737340747 3.005823125 
3.631293757 3.253514257 

4.891088969 5.814874015 
4.82538593 5.988444387 

6.936353043 7.069423959 
7.065294429 6.945084656 

5.765000431 6.519710252 
5.713147016 6.637247854 

1.365199298 9.074167336 
1.36395215 9.171609539 

1.414079083 2.681228455 
1.508396245 2.606527404 

1.540619984 2.482253741 
1.508396245 2.606527404 

3.53412874 2.275437611 
3.690994178 2.3478449 

6.503774523 5.222051924 
6.746753925 5.144309499 

7.059815809 5.161901551 
6.746753925 5.144309499 

2.704701422 8.020167355 
2.529202057 7.935803576 

2.335243214 7.905816736 
2.529202057 7.935803576 

6.06513736 6.534501624 
5.981507997 6.546295687 

5.895304961 6.515061235 
5.981507997 6.546295687 

4.16093284 1.941251079 
3.942025097 1.904318159 

7.457810358 5.512692289 
7.355822608 5.582849118 

7.303889201 5.622867131 
7.355822608 5.582849118 

7.252673361 7.746193935 
7.105770327 7.867283981 

6.99945194 8.031743874 
7.105770327 7.867283981 

3.434908956 1.649203261 
3.287496726 1.464007448 

3.150120947 1.311178515 
3.287496726 1.464007448 

2.760564916 8.859060298 
2.872709886 8.69222342 

5.192459488 8.117851898 
5.292014338 8.118779885 

4.503355061 6.961356008 
4.360025502 7.050925393 

4.244059385 7.212541146 
4.360025502 7.050925393 

5.853363536 6.390522238 
5.579093611 6.500985286 

6.183645071 7.356236588 
6.379941324 7.352757259 

6.589733954 7.442098202 
6.379941324 7.352757259 

2.760955969 8.479580983 
2.872709886 8.69222342 

1.968547372 8.226323244 
2.174074607 8.33462208 

7.46913861 6.911895075 
7.582972767 6.818425634 

7.622163522 6.725427636 
7.582972767 6.818425634 

1.380583535 8.671871413 
1.515526077 8.417787704 

3.421614638 1.806888222 
3.407012734 2.043362489 

1.968547372 8.226323244 
1.943991559 8.4144965 

2.72835879 7.554206391 
2.761512824 7.447909703 

2.747154833 7.301439305 
2.761512824 7.447909703 

5.732653389 7.376003485 
5.663464734 7.541561019 

5.590400399 7.698846696 
5.663464734 7.541561019 

3.918293388 6.834818844 
4.137555916 6.737551095 

4.371669862 6.640272837 
4.137555916 6.737551095 

2.747702683 0.7941861792 
2.767623226 0.8972079227 

1.380583535 8.671871413 
1.34630158 8.410663269 

0.706580485 7.628566357 
0.4725844594 7.479722355 

1.866355977 7.490621163 
1.769981884 7.58035316 

2.181956523 9.173390449 
2.392410876 9.323953959 

2.607593696 9.47919671 
2.392410876 9.323953959 

2.306994882 1.394016958 
2.627062992 1.580371901 

2.954255321 1.748783881 
2.627062992 1.580371901 

6.209762282 6.711560412 
6.378053379 6.686462608 

5.070326847 6.625020705 
5.215236439 6.654078265 

5.366972378 6.668574164 
5.215236439 6.654078265 

5.253731144 7.721458042 
5.150753538 7.604477448 

1.965147007 0.8175418949 
2.08062048 0.7206189759 

2.253716175 0.6713781154 
2.08062048 0.7206189759 

1.935132573 6.881446051 
1.810887852 6.741629726 

0.5389061383 7.643078978 
0.5141566214 7.563566004 

0.4725844594 7.479722355 
0.5141566214 7.563566004 

2.534148215 7.139966631 
2.981579558 6.839287034 

2.103928404 5.904340811 
2.293436359 5.89767091 

2.498665405 5.886292056 
2.293436359 5.89767091 

1.679641366 3.303753153 
1.869706248 3.396756142 

2.006945528 3.454015087 
1.869706248 3.396756142 

3.368607156 7.537385408 
3.430168532 7.316702621 

3.366119474 7.229137775 
3.430168532 7.316702621 

2.981579558 6.839287034 
3.114527588 7.05205941 

3.200409617 2.748224216 
3.34772038 2.675594313 

3.514778285 2.638871523 
3.34772038 2.675594313 

3.300454638 6.4520794 
3.351235862 7.015699946 

3.531568697 8.35732373 
3.72251332 8.25636831 

3.093893199 6.319147953 
3.140576193 6.405319738 

2.402886925 2.948795925 
2.57895816 2.911805216 

2.73392207 2.861193876 
2.57895816 2.911805216 

4.583161831 7.279000807 
4.360025502 7.050925393 

4.583161831 7.279000807 
4.711493238 7.323998035 

4.814297741 7.411326579 
4.711493238 7.323998035 

1.651321214 7.008431053 
1.742267772 7.266655764 

1.866355977 7.490621163 
1.742267772 7.266655764 

4.891088969 5.814874015 
5.048642923 5.670210697 

5.153877461 5.445355845 
5.048642923 5.670210697 

2.868857514 2.250051056 
2.766795935 2.302375156 

0.3639340457 8.132639805 
0.8274957292 7.991859452 

1.275729362 7.750087709 
0.8274957292 7.991859452 

5.785883772 7.59255109 
5.663464734 7.541561019 

2.534148215 7.139966631 
2.277665074 7.1157346 

1.350357174 7.223102645 
1.142636783 7.149224592 

4.86592063 2.920836102 
4.676174097 3.067355085 

4.536930121 3.13566113 
4.676174097 3.067355085 

2.767623226 0.8972079227 
2.83933305 0.8698236836 

2.921121907 0.8671965965 
2.83933305 0.8698236836 

3.357848078 0.4014139744 
3.266482271 0.3556143121 

0.9466024038 6.979970736 
1.011159959 6.762507099 

1.903189447 1.701748549 
1.77037016 1.82501563 

1.653768578 1.79518534 
1.77037016 1.82501563 

6.893782528 5.379562864 
7.033231491 5.514198924 

3.860223813 2.578168711 
3.767181888 2.804488097 

3.737340747 3.005823125 
3.767181888 2.804488097 

5.713147016 6.637247854 
5.613906575 6.73196811 

6.209762282 6.711560412 
6.06513736 6.534501624 

1.710607389 7.828909134 
1.892262769 7.923621205 

4.244279392 5.909192765 
4.493538381 5.76762644 

4.724017283 5.645391994 
4.493538381 5.76762644 

0.6330674914 7.336683301 
0.7138015843 7.278758739 

0.8011463225 7.205206027 
0.7138015843 7.278758739 

1.659369605 1.387529086 
1.850342949 1.445828941 

1.927774655 1.516953682 
1.850342949 1.445828941 

1.715099748 7.350627205 
1.742267772 7.266655764 

3.214894913 1.898529818 
3.172708808 2.042740831 

3.132149313 2.139078663 
3.172708808 2.042740831 

4.360025502 7.050925393 
4.137555916 6.737551095 

1.174088127 6.217922255 
1.112007851 6.294893525 

1.049076201 6.376082302 
1.112007851 6.294893525 

3.063217304 2.512889819 
3.34772038 2.675594313 

1.096472433 8.036588725 
0.8274957292 7.991859452 

6.468541033 8.214961261 
6.285731145 8.115288542 

1.774118905 9.26423752 
1.486435721 9.267623539 

2.805825705 3.553152287 
2.711996976 3.621132902 

5.445635055 7.674722503 
5.253731144 7.721458042 

5.880894378 4.762329772 
5.695375569 4.752645865 

5.501312177 4.773546505 
5.695375569 4.752645865 

7.530615977 6.501571621 
7.471338561 6.222423564 

7.190724741 7.098084335 
6.936353043 7.069423959 

2.755431755 9.136493966 
2.652028585 9.143252407 

6.636840835 5.645653853 
6.964450564 5.633948233 

1.515526077 8.417787704 
1.34630158 8.410663269 

2.848670727 6.650316184 
2.752336092 6.596453673 

2.645952325 2.641698511 
2.57895816 2.911805216 

7.382686752 6.655882922 
7.530615977 6.501571621 

2.078218584 7.545940698 
2.235138827 7.516069385 

2.104247392 2.094502722 
1.878437021 1.980875806 

6.718354907 6.561046154 
6.865406376 6.702669804 

5.153877461 5.445355845 
5.016716838 5.191421761 

7.190724741 7.098084335 
7.091735142 7.130973386 

7.065294429 6.945084656 
7.091735142 7.130973386 

5.920599516 6.801297038 
5.981507997 6.546295687 

5.436194553 8.167619003 
5.356033841 8.144679368 

5.292014338 8.118779885 
5.356033841 8.144679368 

7.291879581 7.291687132 
7.46913861 6.911895075 

7.291879581 7.291687132 
7.241352901 7.42570669 

7.164938599 7.520265466 
7.241352901 7.42570669 

1.948673014 3.446519437 
2.006945528 3.454015087 

2.327582609 2.428065594 
2.475063799 2.585059961 

2.645952325 2.641698511 
2.475063799 2.585059961 

5.981507997 6.546295687 
6.041113532 6.337653949 

3.743329105 8.517530953 
3.604920449 8.493686882 

2.548185913 8.598577919 
2.645698922 8.729684623 

2.760564916 8.859060298 
2.645698922 8.729684623 

4.363437132 1.177672178 
4.350739371 1.045307238 

4.353568914 0.9108166587 
4.350739371 1.045307238 

5.482306687 6.992531972 
5.187315075 7.291292265 

5.482306687 6.992531972 
5.746536199 6.896935159 

5.920599516 6.801297038 
5.746536199 6.896935159 

3.140576193 6.405319738 
3.201427305 6.428546184 

6.744824351 7.968028032 
6.879371015 7.990576001 

6.99945194 8.031743874 
6.879371015 7.990576001 

1.486435721 9.267623539 
1.36395215 9.171609539 

3.516942678 3.281140862 
3.447348742 3.577899942 

3.302044231 3.888582374 
3.447348742 3.577899942 

6.915861597 6.282215369 
6.935011465 6.588636801 

4.224201153 2.347563304 
4.553362046 2.061886256 

4.902996605 1.77366614 
4.553362046 2.061886256 

4.581587291 1.797457324 
4.652350907 1.688883096 

4.552463571 1.609422878 
4.652350907 1.688883096 

6.637571167 6.139220529 
6.605874407 6.293015266 

6.586782978 6.440626934 
6.605874407 6.293015266 

3.860223813 2.578168711 
3.68569981 2.601454995 

3.514778285 2.638871523 
3.68569981 2.601454995 

3.434908956 1.649203261 
3.632132417 1.594122438 

3.000863825 2.724338283 
3.062543805 2.643253387 

3.063217304 2.512889819 
3.062543805 2.643253387 

2.679244965 1.702073108 
2.627062992 1.580371901 

1.836419533 8.839429643 
2.015175204 9.025794281 

2.181956523 9.173390449 
2.015175204 9.025794281 

2.277665074 7.1157346 
2.416727032 7.235620097 

1.414079083 2.681228455 
1.551249998 2.694718676 

1.708047745 2.721713451 
1.551249998 2.694718676 

3.21554167 2.132704301 
3.294223842 2.099758705 

3.407012734 2.043362489 
3.294223842 2.099758705 

6.318387312 6.505821251 
6.586782978 6.440626934 

2.499627035 1.965693419 
2.12069988 1.676131541 

3.300454638 6.4520794 
3.250794915 6.438739586 

3.201427305 6.428546184 
3.250794915 6.438739586 

6.637571167 6.139220529 
7.006907176 5.849126855 

5.746536199 6.896935159 
5.663554575 6.897123745 

3.855478095 7.181911941 
4.014819388 7.417182116 

6.318387312 6.505821251 
6.16895451 6.529972555 

6.06513736 6.534501624 
6.16895451 6.529972555 

6.360941446 6.119785136 
6.318387312 6.505821251 

1.659369605 1.387529086 
1.869893705 1.499325142 

2.12069988 1.676131541 
1.869893705 1.499325142 

6.08132588 8.137787073 
6.190831701 8.106802763 

6.285731145 8.115288542 
6.190831701 8.106802763 

3.172708808 2.042740831 
3.21554167 2.132704301 

3.284131615 8.951583859 
3.16745571 8.620522205 

3.106355351 8.343914869 
3.16745571 8.620522205 

4.504717564 6.142964444 
4.82538593 5.988444387 

3.447348742 3.577899942 
3.384425988 3.727818913 

2.267796409 3.552652914 
2.370071999 3.411273532 

6.360941446 6.119785136 
6.247572922 6.061765027 

6.137210388 5.939019407 
6.247572922 6.061765027 

1.948673014 3.446519437 
1.869706248 3.396756142 

6.08132588 8.137787073 
6.144618651 8.077285553 

6.197867147 8.001753802 
6.144618651 8.077285553 

3.497068578 0.5060923722 
3.357848078 0.4014139744 

3.497068578 0.5060923722 
3.432089052 0.6024236191 

3.348364863 0.6943487379 
3.432089052 0.6024236191 

6.468541033 8.214961261 
6.547211979 8.259875646 

6.654463015 8.246606113 
6.547211979 8.259875646 

5.426080138 5.684619218 
5.238797159 6.007084136 

2.548185913 8.598577919 
2.307217014 8.538273827 

2.062679884 8.480694456 
2.307217014 8.538273827 

3.214894913 1.898529818 
3.028464426 1.557010718 

6.307201578 5.419035835 
6.251503929 5.643326076 

5.853363536 6.390522238 
5.708662244 6.235520429 

7.457810358 5.512692289 
7.227402724 5.650931699 

7.006907176 5.849126855 
7.227402724 5.650931699 

6.04762771 7.873815385 
6.197867147 8.001753802 

2.981579558 6.839287034 
2.939732993 6.99543421 

2.891288042 7.151613729 
2.939732993 6.99543421 

3.68569981 2.601454995 
3.609972622 2.519586005 

6.299412869 8.009182732 
6.285731145 8.115288542 

4.504717564 6.142964444 
4.59064256 6.311350241 

4.714232666 6.48005483 
4.59064256 6.311350241 

6.378053379 6.686462608 
6.421221264 6.857509767 

0.3639340457 8.132639805 
0.5295022842 7.892340943 

0.706580485 7.628566357 
0.5295022842 7.892340943 

3.68569981 2.601454995 
3.767181888 2.804488097 

4.077469167 7.612820567 
4.18684936 7.422595951 

4.244059385 7.212541146 
4.18684936 7.422595951 

0.5295022842 7.892340943 
0.6411271635 7.982648241 

5.886424897 5.561027543 
5.942645989 5.722657104 

6.017907879 5.860826383 
5.942645989 5.722657104 

2.931106993 2.936091429 
3.152743652 3.295419537 

1.65871928 8.542020442 
1.380583535 8.671871413 

1.866355977 7.490621163 
2.078218584 7.545940698 

1.653768578 1.79518534 
1.749672825 1.911959142 

1.878437021 1.980875806 
1.749672825 1.911959142 

3.421614638 1.806888222 
3.573627184 1.761808979 

7.190724741 7.098084335 
7.332065996 7.019479573 

7.46913861 6.911895075 
7.332065996 7.019479573 

5.426080138 5.684619218 
5.257556724 5.566108924 

5.153877461 5.445355845 
5.257556724 5.566108924 

6.04762771 7.873815385 
6.144618651 8.077285553 

1.350357174 7.223102645 
1.307515239 7.339835495 

1.252994151 7.441892154 
1.307515239 7.339835495 

3.93025997 2.127169276 
3.690994178 2.3478449 

2.368518663 8.88383501 
2.596029763 8.916468777 

1.217636916 9.294013455 
1.366729781 9.258657654 

1.486435721 9.267623539 
1.366729781 9.258657654 

3.368607156 7.537385408 
3.558926692 7.50389505 

3.736093887 7.546007617 
3.558926692 7.50389505 

2.306994882 1.394016958 
2.12069988 1.676131541 

4.38240132 7.613640744 
4.18684936 7.422595951 

4.786227432 2.427768666 
4.870750004 2.480119211 

5.029368602 2.544816595 
4.870750004 2.480119211 

2.306994882 1.394016958 
2.30746277 1.517354833 

2.368182028 1.690773898 
2.30746277 1.517354833 

1.927774655 1.516953682 
1.869893705 1.499325142 

3.161343195 0.2854827548 
3.227175791 0.3102171135 

3.266482271 0.3556143121 
3.227175791 0.3102171135 

4.652350907 1.688883096 
4.712459458 1.830159976 

3.300454638 6.4520794 
3.221333598 6.31445328 

5.708662244 6.235520429 
5.767642284 6.179881571 

5.805832616 6.114692356 
5.767642284 6.179881571 

6.158533224 5.071543718 
6.029179176 4.814166152 

6.158533224 5.071543718 
6.136504096 5.181594885 

6.135520033 5.326561054 
6.136504096 5.181594885 

3.119041858 6.149535341 
3.171434663 6.231000896 

3.221333598 6.31445328 
3.171434663 6.231000896 

3.93025997 2.127169276 
3.932920595 2.0141296 

3.942025097 1.904318159 
3.932920595 2.0141296 

1.659369605 1.387529086 
1.756377346 1.194423399 

1.872392079 1.067352869 
1.756377346 1.194423399 

3.077619326 8.698241909 
3.16745571 8.620522205 

2.755431755 9.136493966 
3.011860455 9.077315237 

6.04762771 7.873815385 
6.163082778 7.606494956 

6.183645071 7.356236588 
6.163082778 7.606494956 

5.657983908 4.950631432 
5.695375569 4.752645865 

1.679641366 3.303753153 
1.772603474 3.070075011 

1.868849466 2.831386284 
1.772603474 3.070075011 

2.938838084 2.053427005 
3.172708808 2.042740831 

2.327582609 2.428065594 
2.379101393 2.38263507 

2.457288421 2.343875071 
2.379101393 2.38263507 

4.59064256 6.311350241 
4.730204312 6.302032199 

2.704701422 8.020167355 
2.562828878 7.868198376 

2.412576695 7.709962056 
2.562828878 7.868198376 

5.016716838 5.191421761 
4.840031235 5.175641058 

2.226368294 6.392943603 
2.280298882 6.281375276 

3.294223842 2.099758705 
3.299813122 2.197819107 

2.938838084 2.053427005 
3.010747565 2.207942059 

3.058522962 2.322982957 
3.010747565 2.207942059 

6.936353043 7.069423959 
7.01926794 7.078675503 

7.091735142 7.130973386 
7.01926794 7.078675503 

4.845774061 5.423194304 
4.756606101 5.367544003 

2.089485054 8.79506409 
2.015175204 9.025794281 

7.618680577 6.164821379 
7.572452706 6.226673267 

7.530823514 6.215630692 
7.572452706 6.226673267 

1.344711126 7.920017751 
1.418685081 7.942596076 

1.436707247 8.023952693 
1.418685081 7.942596076 

1.589081369 5.970914251 
1.65085695 6.070449741 

1.713864138 6.169254765 
1.65085695 6.070449741 

5.477695499 6.036666368 
5.346433277 6.160520213 

4.458026734 1.319257255 
4.320757864 1.560750307 

1.987072176 3.395224874 
1.869706248 3.396756142 

3.200409617 2.748224216 
3.062543805 2.643253387 

2.45967971 0.7149991797 
2.392820686 0.6924666453 

6.313682111 4.823212539 
6.418062934 4.993441293 

6.503774523 5.222051924 
6.418062934 4.993441293 

1.716111577 8.192332773 
1.849575576 8.210288249 

1.968547372 8.226323244 
1.849575576 8.210288249 

6.9101992 5.961596631 
7.006907176 5.849126855 

5.238797159 6.007084136 
5.346433277 6.160520213 

3.604920449 8.493686882 
3.567624851 8.427018397 

3.531568697 8.35732373 
3.567624851 8.427018397 

2.396198947 0.9108116828 
2.767623226 0.8972079227 

2.396198947 0.9108116828 
2.351458397 1.151664978 

2.306994882 1.394016958 
2.351458397 1.151664978 

3.284131615 8.951583859 
3.143553222 8.981482061 

3.011860455 9.077315237 
3.143553222 8.981482061 

3.749970511 0.9387299817 
3.933353711 0.7713714847 

4.09954026 0.6448547418 
3.933353711 0.7713714847 

5.20951476 6.330830106 
5.215236439 6.654078265 

1.106504142 6.564945645 
1.049076201 6.376082302 

5.20951476 6.330830106 
5.279887767 6.23277199 

5.346433277 6.160520213 
5.279887767 6.23277199 

2.610590512 0.4605956305 
2.5584824 0.5207169868 

2.477409278 0.563039559 
2.5584824 0.5207169868 

2.128533818 6.718490144 
2.018946425 6.791818171 

1.935132573 6.881446051 
2.018946425 6.791818171 

3.384425988 3.727818913 
3.545442425 3.85506977 

4.504717564 6.142964444 
4.369374074 6.061174789 

4.244279392 5.909192765 
4.369374074 6.061174789 

6.209762282 6.711560412 
6.16895451 6.529972555 

2.412027563 2.182160101 
2.456207026 2.068839421 

2.499627035 1.965693419 
2.456207026 2.068839421 

2.368858233 6.208234748 
2.322917207 6.2462414 

2.280298882 6.281375276 
2.322917207 6.2462414 

3.582946002 2.097748734 
3.932920595 2.0141296 

6.064826 7.087550393 
5.972989565 7.064689881 

5.878078121 7.064190001 
5.972989565 7.064689881 

6.360941446 6.119785136 
6.474301116 6.092206411 

3.342656894 0.5088233085 
3.432089052 0.6024236191 

2.277665074 7.1157346 
2.181513588 7.159179309 

2.093556052 7.221165376 
2.181513588 7.159179309 

2.417778041 8.050540661 
2.529202057 7.935803576 

2.760955969 8.479580983 
2.644468547 8.508828506 

2.548185913 8.598577919 
2.644468547 8.508828506 

5.426080138 5.684619218 
5.699304103 5.599083347 

1.651321214 7.008431053 
1.677839611 7.458407023 

1.710607389 7.828909134 
1.677839611 7.458407023 

6.225812093 5.836467615 
6.017907879 5.860826383 

1.34630158 8.410663269 
1.401285346 8.274821498 

1.443504287 8.145706128 
1.401285346 8.274821498 

1.710607389 7.828909134 
1.769981884 7.58035316 

6.915861597 6.282215369 
6.605874407 6.293015266 

1.217636916 9.294013455 
1.286247438 9.229357077 

1.36395215 9.171609539 
1.286247438 9.229357077 

0.7546983697 8.81753641 
0.9049216537 8.747108115 

1.042878777 8.696330825 
0.9049216537 8.747108115 

1.582526304 2.056226297 
1.621813644 2.208099343 

6.474301116 6.092206411 
6.548933921 6.107907106 

6.637571167 6.139220529 
6.548933921 6.107907106 

1.756377346 1.194423399 
1.927316587 1.32216358 

2.611464168 3.735991546 
2.662552108 3.679663432 

2.711996976 3.621132902 
2.662552108 3.679663432 

7.065294429 6.945084656 
7.01926794 7.078675503 

3.368607156 7.537385408 
3.151521614 7.625507978 

2.938106166 7.732459338 
3.151521614 7.625507978 

1.943991559 8.4144965 
2.007864309 8.443007532 

2.062679884 8.480694456 
2.007864309 8.443007532 

3.114527588 7.05205941 
2.939732993 6.99543421 

4.756606101 5.367544003 
4.687912018 5.336559785 

3.434908956 1.649203261 
3.429230144 1.721402961 

3.421614638 1.806888222 
3.429230144 1.721402961 

5.426080138 5.684619218 
5.236440255 5.677116786 

5.048642923 5.670210697 
5.236440255 5.677116786 

5.187315075 7.291292265 
5.167188266 7.448669487 

5.150753538 7.604477448 
5.167188266 7.448669487 

5.886424897 5.561027543 
6.074440489 5.607687376 

6.251503929 5.643326076 
6.074440489 5.607687376 

3.53412874 2.275437611 
3.299813122 2.197819107 

5.029368602 2.544816595 
5.047497438 2.352376023 

5.065626274 2.159935451 
5.047497438 2.352376023 

1.604743062 7.477795227 
1.677839611 7.458407023 

3.028464426 1.557010718 
2.899613523 1.418856757 

5.016716838 5.191421761 
4.894766861 5.415349639 

4.724017283 5.645391994 
4.894766861 5.415349639 

3.757335389 3.955550005 
3.882066949 3.88669938 

4.006758068 3.813178027 
3.882066949 3.88669938 

5.920599516 6.801297038 
5.972989565 7.064689881 

3.778112043 1.830066488 
3.839195999 1.708872647 

3.917497204 1.593497692 
3.839195999 1.708872647 

1.571818425 6.742376484 
1.5955008 6.884535854 

1.651321214 7.008431053 
1.5955008 6.884535854 

1.344711126 7.920017751 
1.436707247 8.023952693 

1.866355977 7.490621163 
1.677839611 7.458407023 

3.336677474 8.017945703 
3.151521614 7.625507978 

1.866355977 7.490621163 
1.956068304 7.569711947 

2.061001492 7.655681569 
1.956068304 7.569711947 

4.580478926 5.301993043 
4.634195472 5.319276414 

4.687912018 5.336559785 
4.634195472 5.319276414 

1.252994151 7.441892154 
1.275729362 7.750087709 

1.792704406 6.027235324 
1.690892888 5.999074787 

1.589081369 5.970914251 
1.690892888 5.999074787 

4.894766861 5.415349639 
4.845774061 5.423194304 

6.041113532 6.337653949 
6.16895451 6.529972555 

2.12069988 1.676131541 
2.368182028 1.690773898 

6.587010585 6.6905185 
6.378053379 6.686462608 

0.9803102926 7.659017672 
1.039900608 7.847930972 

1.096472433 8.036588725 
1.039900608 7.847930972 

2.542886536 9.140106166 
2.597457561 9.141679286 

2.652028585 9.143252407 
2.597457561 9.141679286 

5.726999472 7.074457939 
5.746536199 6.896935159 

2.752336092 6.596453673 
2.752737249 6.540474797 

2.753138406 6.484495921 
2.752737249 6.540474797 

6.915861597 6.282215369 
6.912215782 6.121443236 

6.9101992 5.961596631 
6.912215782 6.121443236 

5.061934941 5.953627453 
4.82538593 5.988444387 

3.465997359 1.01941282 
3.749970511 0.9387299817 

6.90403951 7.795195144 
6.879371015 7.990576001 

1.892262769 7.923621205 
1.96184551 7.982436808 

2.031103906 8.035618662 
1.96184551 7.982436808 

2.498665405 5.886292056 
2.492532659 5.941680089 

2.486399913 5.997068122 
2.492532659 5.941680089 

2.868857514 2.250051056 
3.010747565 2.207942059 

3.855478095 7.181911941 
4.050284272 7.1961414 

4.244059385 7.212541146 
4.050284272 7.1961414 

1.956068304 7.569711947 
1.923923101 7.691344604 

2.644468547 8.508828506 
2.789361139 8.258164688 

0.8274957292 7.991859452 
0.8634245929 7.87701915 

4.458026734 1.319257255 
4.289265247 1.38320669 

4.120503761 1.447156126 
4.289265247 1.38320669 

5.895304961 6.515061235 
5.830152696 6.517385743 

5.765000431 6.519710252 
5.830152696 6.517385743 

4.046714907 3.04258361 
4.177068617 3.073244924 

4.307422327 3.103906238 
4.177068617 3.073244924 

2.128533818 6.718490144 
1.969710835 6.730059935 

1.810887852 6.741629726 
1.969710835 6.730059935 

