1.4491446 8.146978777 
1.717741993 7.829420601 

3.196050023 0.8768131207 
2.947591872 1.766540457 

7.455774199 5.519393222 
7.544566725 6.499620533 

2.947591872 1.766540457 
3.583078792 1.792975854 

2.406174163 7.696656145 
2.881724852 7.743165903 

3.732678609 7.545367258 
2.881724852 7.743165903 

4.436085865 2.698593122 
4.52946262 3.342866735 

2.035826041 8.054437406 
2.137395817 7.792977352 

5.061182106 6.609685663 
4.762191803 6.797028203 

2.764029006 8.855127343 
3.259394997 8.958550664 

2.035826041 8.054437406 
1.973700394 8.222453084 

4.753517538 4.758921569 
4.471534652 4.504793822 

5.658719827 4.948728994 
5.605622977 5.450262142 

2.947591872 1.766540457 
3.204799672 1.893458674 

6.347721639 6.472276249 
6.656141431 6.132005789 

5.945421549 6.809847109 
6.066404743 6.547710595 

6.504951277 5.226197192 
6.909143502 5.956993122 

2.852021744 2.45056426 
3.069933032 2.32552574 

6.909143502 5.956993122 
6.656141431 6.132005789 

2.764029006 8.855127343 
2.066039763 8.485977903 

2.947591872 1.766540457 
2.709968277 2.133136338 

0.804676867 7.201269885 
0.4451558124 6.7397166 

1.613323475 7.006908205 
1.350673922 7.220036094 

1.973700394 8.222453084 
1.661945394 8.535127802 

2.085762774 7.21908696 
1.613323475 7.006908205 

3.747871683 0.913086727 
3.752016805 1.438232236 

7.544566725 6.499620533 
6.938884728 7.066311568 

6.347721639 6.472276249 
6.718582353 6.560428059 

3.740065298 2.994511424 
4.034219487 3.056901168 

1.4491446 8.146978777 
1.290631018 7.735223618 

1.973700394 8.222453084 
1.717741993 7.829420601 

1.717741993 7.829420601 
1.926051274 7.699067063 

2.085762774 7.21908696 
1.576030195 6.70019364 

6.504951277 5.226197192 
6.627502729 5.675855735 

4.436085865 2.698593122 
5.029368602 2.544816595 

2.066039763 8.485977903 
1.845642232 8.847625637 

2.270482482 6.402042301 
2.130444251 6.716809826 

6.063512211 7.086410456 
5.945421549 6.809847109 

7.544566725 6.499620533 
6.894367883 6.306339709 

6.656141431 6.132005789 
6.894367883 6.306339709 

3.335319504 2.199750555 
3.069933032 2.32552574 

3.762800569 1.799483631 
3.583078792 1.792975854 

4.195346163 4.148007437 
4.025739493 3.824975798 

4.762191803 6.797028203 
4.697086214 6.480991506 

7.337804981 7.29131003 
6.808908955 7.377321744 

5.481932453 6.037073215 
5.823746172 6.096798853 

4.471534652 4.504793822 
4.340947333 4.341108605 

4.195346163 4.148007437 
4.340947333 4.341108605 

2.639161455 2.672163868 
2.852021744 2.45056426 

2.406174163 7.696656145 
2.583495934 7.595994014 

6.909143502 5.956993122 
7.305443622 6.121099361 

5.191279749 7.284825412 
4.819420232 7.400435081 

6.063512211 7.086410456 
5.73677423 7.382214157 

3.151929315 3.297249428 
3.198755529 2.746489602 

1.890707965 2.853072555 
2.444143755 3.237049519 

2.518668448 1.972221523 
2.709968277 2.133136338 

4.697086214 6.480991506 
4.372927318 6.639225217 

1.661945394 8.535127802 
1.515627574 8.924127063 

2.769379787 8.257390414 
2.881724852 7.743165903 

2.709968277 2.133136338 
2.146703291 2.323585406 

2.146703291 2.323585406 
2.327215181 2.425881891 

5.73677423 7.382214157 
5.717239634 7.079397972 

0.6985669489 7.588624002 
0.971587418 7.655549787 

1.290631018 7.735223618 
0.971587418 7.655549787 

6.808908955 7.377321744 
6.938884728 7.066311568 

4.206718644 2.333236701 
4.535822197 2.390126623 

1.661945394 8.535127802 
1.845642232 8.847625637 

1.613323475 7.006908205 
1.177071453 6.940176171 

2.085762774 7.21908696 
2.129993186 7.434240758 

1.607178732 1.778416379 
2.146703291 2.323585406 

6.541258024 6.870572957 
7.178653791 6.661545536 

1.177071453 6.940176171 
0.804676867 7.201269885 

6.808908955 7.377321744 
6.911304662 7.808157434 

5.061182106 6.609685663 
5.214831623 6.367383437 

5.589638058 7.700343443 
5.750327541 7.774427994 

6.058030321 7.881839984 
5.750327541 7.774427994 

7.178653791 6.661545536 
6.938884728 7.066311568 

3.151929315 3.297249428 
2.974027363 3.394720989 

2.549098164 8.594299503 
2.769379787 8.257390414 

1.717741993 7.829420601 
1.098030553 8.032635569 

1.926051274 7.699067063 
1.86228665 7.473228331 

2.129993186 7.434240758 
1.86228665 7.473228331 

3.622505455 2.08007795 
3.762800569 1.799483631 

2.607404125 3.734589679 
2.444143755 3.237049519 

2.327215181 2.425881891 
2.147475564 2.10584729 

6.627502729 5.675855735 
6.909143502 5.956993122 

3.204799672 1.893458674 
3.424539157 1.821092849 

3.753331986 8.523409919 
3.112009781 8.328823785 

2.769379787 8.257390414 
3.112009781 8.328823785 

5.73677423 7.382214157 
6.058030321 7.881839984 

3.119041858 6.149535341 
2.73927905 6.29684582 

1.243436217 8.76442761 
1.515627574 8.924127063 

1.4491446 8.146978777 
1.639393546 8.351682481 

4.697086214 6.480991506 
5.214831623 6.367383437 

3.196050023 0.8768131207 
3.468492984 1.016900967 

4.436085865 2.698593122 
4.535822197 2.390126623 

2.549098164 8.594299503 
2.346849152 8.353582655 

4.918518582 1.743924297 
4.159161813 1.941921683 

3.622505455 2.08007795 
4.159161813 1.941921683 

6.30738582 8.005783783 
6.197964267 7.370081208 

6.063512211 7.086410456 
6.197964267 7.370081208 

6.718582353 6.560428059 
6.934928437 6.606003343 

3.196050023 0.8768131207 
3.161343195 0.2854827548 

2.444143755 3.237049519 
2.378864148 3.418881008 

7.178653791 6.661545536 
6.934928437 6.606003343 

4.535822197 2.390126623 
4.806938372 2.413591139 

5.567030676 6.513904916 
5.766460712 6.521607138 

0.804676867 7.201269885 
1.056918018 7.468563156 

2.947591872 1.766540457 
2.804459608 1.552012759 

1.177071453 6.940176171 
1.174013448 6.219564817 

2.085762774 7.21908696 
2.003888294 7.045717821 

3.112009781 8.328823785 
3.06999771 8.059470371 

4.244279392 5.909192765 
4.189310503 6.285907033 

3.919862429 6.839202138 
4.189310503 6.285907033 

3.752016805 1.438232236 
3.917583708 1.592845694 

0.372710261 8.143943957 
0.7206035593 8.334607699 

5.605622977 5.450262142 
5.431098747 5.675988887 

3.622505455 2.08007795 
3.536858403 2.270168745 

7.455774199 5.519393222 
6.956732455 5.635368172 

1.845642232 8.847625637 
1.589749108 9.072233105 

1.173502544 9.282143129 
1.589749108 9.072233105 

6.934928437 6.606003343 
6.541258024 6.870572957 

5.823746172 6.096798853 
6.133419091 5.939712821 

3.196050023 0.8768131207 
3.158937228 1.320932558 

3.583078792 1.792975854 
3.158937228 1.320932558 

1.639393546 8.351682481 
1.661945394 8.535127802 

6.25398508 5.648365979 
6.135520033 5.326561054 

0.4451558124 6.7397166 
1.008335425 6.76338788 

1.177071453 6.940176171 
1.008335425 6.76338788 

5.191279749 7.284825412 
5.717239634 7.079397972 

4.762191803 6.797028203 
4.90602334 6.898481103 

3.259394997 8.958550664 
3.230431057 8.575774609 

6.894367883 6.306339709 
6.718582353 6.560428059 

2.518668448 1.972221523 
2.346114764 1.703573803 

2.146703291 2.323585406 
2.147475564 2.10584729 

1.394272677 2.309287157 
1.653301051 2.295729192 

6.063512211 7.086410456 
6.275040283 6.888909877 

5.945421549 6.809847109 
6.275040283 6.888909877 

2.583495934 7.595994014 
2.34019725 7.363600251 

2.189083153 9.140962031 
2.073509602 8.806102368 

2.066039763 8.485977903 
2.073509602 8.806102368 

6.938884728 7.066311568 
6.819915851 6.830032138 

6.541258024 6.870572957 
6.819915851 6.830032138 

2.406174163 7.696656145 
2.423441615 8.053869163 

2.346849152 8.353582655 
2.423441615 8.053869163 

7.281288649 7.771830785 
6.911304662 7.808157434 

3.747871683 0.913086727 
3.588580066 0.7812711016 

4.725928285 5.645956843 
4.859576371 5.825137678 

3.069933032 2.32552574 
3.518859165 2.643661831 

2.129993186 7.434240758 
2.34019725 7.363600251 

2.387027597 0.9229557119 
2.256884434 0.6663841969 

6.894367883 6.306339709 
7.177110512 6.275823127 

7.305443622 6.121099361 
7.177110512 6.275823127 

4.377755848 7.619593337 
4.256234699 7.249215836 

4.256234699 7.249215836 
4.581515577 7.279334487 

1.845642232 8.847625637 
2.073509602 8.806102368 

6.30738582 8.005783783 
5.577447364 7.963595463 

7.148233466 5.174865356 
7.088069028 5.387900576 

5.577447364 7.963595463 
5.589638058 7.700343443 

1.098030553 8.032635569 
1.290631018 7.735223618 

0.372710261 8.143943957 
0.6394116951 7.979935105 

1.890707965 2.853072555 
2.024933564 2.5459014 

2.881724852 7.743165903 
2.423441615 8.053869163 

4.456000064 1.320306004 
3.917583708 1.592845694 

2.881724852 7.743165903 
2.702162794 8.016172944 

5.658719827 4.948728994 
5.501832903 4.772313213 

5.139364873 4.801043503 
5.501832903 4.772313213 

5.717239634 7.079397972 
5.470770228 7.018614737 

3.112009781 8.328823785 
3.230431057 8.575774609 

6.066404743 6.547710595 
6.06917097 6.322953554 

5.823746172 6.096798853 
6.06917097 6.322953554 

4.581587291 1.797457324 
4.159161813 1.941921683 

2.549098164 8.594299503 
2.596970711 8.915967796 

3.161343195 0.2854827548 
3.349920577 0.6951436445 

3.468492984 1.016900967 
3.349920577 0.6951436445 

3.740065298 2.994511424 
3.742784314 3.261166188 

2.607404125 3.734589679 
2.378864148 3.418881008 

2.639161455 2.672163868 
2.610359366 3.158948536 

2.147475564 2.10584729 
2.709968277 2.133136338 

4.244279392 5.909192765 
4.732219357 6.304522478 

5.061182106 6.609685663 
4.732219357 6.304522478 

1.839908302 6.315904525 
1.576030195 6.70019364 

1.839908302 6.315904525 
1.931037333 6.16492801 

6.197964267 7.370081208 
5.73677423 7.382214157 

2.137395817 7.792977352 
2.238285564 7.509781615 

2.533511885 7.103186291 
2.238285564 7.509781615 

3.230431057 8.575774609 
3.367978884 8.398587152 

2.709968277 2.133136338 
2.444106827 2.185733853 

2.147475564 2.10584729 
1.824173258 2.170982393 

3.889585739 2.581328408 
3.613319819 2.521247129 

3.536858403 2.270168745 
3.613319819 2.521247129 

2.129993186 7.434240758 
2.238285564 7.509781615 

2.849861346 6.650311329 
3.338087523 6.492445581 

6.934928437 6.606003343 
7.254453851 6.539391248 

7.544566725 6.499620533 
7.254453851 6.539391248 

6.808908955 7.377321744 
6.590124188 7.439957691 

1.717741993 7.829420601 
1.435808046 8.023799875 

7.469333342 6.911179687 
7.408738002 6.656224723 

7.178653791 6.661545536 
7.408738002 6.656224723 

3.762800569 1.799483631 
4.113666334 1.453977959 

6.06917097 6.322953554 
6.133419091 5.939712821 

1.435808046 8.023799875 
1.4491446 8.146978777 

1.576030195 6.70019364 
1.668847979 6.391677841 

1.056918018 7.468563156 
0.4799449843 7.48029823 

2.486399913 5.997068122 
2.69724854 6.125616479 

2.73927905 6.29684582 
2.69724854 6.125616479 

2.769379787 8.257390414 
2.346849152 8.353582655 

2.852021744 2.45056426 
2.881846151 2.251381044 

2.932149386 2.063260552 
2.881846151 2.251381044 

1.177071453 6.940176171 
1.350673922 7.220036094 

2.378864148 3.418881008 
2.182302031 3.33412807 

2.34019725 7.363600251 
2.238285564 7.509781615 

1.056918018 7.468563156 
1.290631018 7.735223618 

1.056918018 7.468563156 
1.14909335 7.148489091 

1.177071453 6.940176171 
1.14909335 7.148489091 

4.732219357 6.304522478 
4.697086214 6.480991506 

3.919862429 6.839202138 
3.843888547 7.162539752 

3.732678609 7.545367258 
3.843888547 7.162539752 

2.610359366 3.158948536 
2.444143755 3.237049519 

2.003888294 7.045717821 
1.93139201 6.881547852 

3.151929315 3.297249428 
3.240182129 3.549011827 

5.139364873 4.801043503 
4.922063055 4.931117542 

4.753517538 4.758921569 
4.922063055 4.931117542 

5.658719827 4.948728994 
5.893600522 4.740369144 

0.971587418 7.655549787 
1.056918018 7.468563156 

2.321941306 1.365422528 
2.060846113 1.352067093 

3.196050023 0.8768131207 
2.921121907 0.8671965965 

2.764029006 8.855127343 
2.596970711 8.915967796 

5.567030676 6.513904916 
5.619176354 6.731467317 

0.7206035593 8.334607699 
0.6394116951 7.979935105 

7.544566725 6.499620533 
7.641066075 6.092428886 

4.256234699 7.249215836 
3.919862429 6.839202138 

2.270482482 6.402042301 
1.931037333 6.16492801 

6.650178077 8.230913646 
6.745196927 7.968684733 

6.911304662 7.808157434 
6.745196927 7.968684733 

1.653301051 2.295729192 
1.617154187 2.424373534 

1.607178732 1.778416379 
1.824173258 2.170982393 

2.769379787 8.257390414 
3.06999771 8.059470371 

1.926685914 1.517014026 
1.898549511 1.692791398 

5.619176354 6.731467317 
5.945421549 6.809847109 

2.947591872 1.766540457 
2.932149386 2.063260552 

4.456000064 1.320306004 
4.550567476 1.609367485 

2.423441615 8.053869163 
2.702162794 8.016172944 

3.588580066 0.7812711016 
3.49665546 0.5070419745 

4.762191803 6.797028203 
4.508304658 6.958169266 

2.189083153 9.140962031 
1.788469294 9.269411796 

0.804676867 7.201269885 
1.14909335 7.148489091 

3.613319819 2.521247129 
3.518859165 2.643661831 

3.204799672 1.893458674 
3.216791794 2.124623127 

3.335319504 2.199750555 
3.216791794 2.124623127 

1.394272677 2.309287157 
1.617154187 2.424373534 

1.639393546 8.351682481 
1.700580084 8.176168977 

2.610590512 0.4605956305 
2.748005049 0.7967675349 

3.069933032 2.32552574 
2.881846151 2.251381044 

4.436085865 2.698593122 
4.348489955 2.83800096 

2.881724852 7.743165903 
3.338690208 8.024609108 

1.824173258 2.170982393 
1.653301051 2.295729192 

2.533511885 7.103186291 
2.690331919 7.313194747 

4.308329635 3.099003644 
4.348489955 2.83800096 

2.849861346 6.650311329 
2.973565552 6.84323756 

2.147475564 2.10584729 
2.444106827 2.185733853 

3.198755529 2.746489602 
3.01517509 2.730822257 

2.932012257 2.935009875 
3.01517509 2.730822257 

2.702162794 8.016172944 
2.769379787 8.257390414 

5.589638058 7.700343443 
5.255198622 7.721189655 

0.804676867 7.201269885 
1.008335425 6.76338788 

0.4799449843 7.48029823 
0.6097965164 7.339838454 

4.52946262 3.342866735 
4.536930121 3.13566113 

4.308329635 3.099003644 
4.536930121 3.13566113 

4.859576371 5.825137678 
5.061221479 5.950459828 

2.607593696 9.47919671 
2.755416291 9.134672834 

2.764029006 8.855127343 
2.755416291 9.134672834 

6.819915851 6.830032138 
6.718582353 6.560428059 

3.732678609 7.545367258 
4.083066232 7.61175088 

4.377755848 7.619593337 
4.083066232 7.61175088 

3.583078792 1.792975854 
3.437000183 1.65123404 

1.926685914 1.517014026 
2.060846113 1.352067093 

3.468492984 1.016900967 
3.588580066 0.7812711016 

6.135520033 5.326561054 
6.307201578 5.419035835 

6.504951277 5.226197192 
6.307201578 5.419035835 

0.7546983697 8.81753641 
0.5650978466 8.622290056 

2.947591872 1.766540457 
3.030358887 1.564040824 

5.73677423 7.382214157 
5.456170195 7.675123348 

4.98995775 8.026610284 
5.456170195 7.675123348 

7.177110512 6.275823127 
7.254453851 6.539391248 

6.909143502 5.956993122 
6.956732455 5.635368172 

2.137395817 7.792977352 
2.067946543 7.656949937 

1.350673922 7.220036094 
0.956887585 6.983082844 

6.909143502 5.956993122 
7.173056182 5.875133827 

3.367978884 8.398587152 
3.532064387 8.354315881 

2.406174163 7.696656145 
2.238285564 7.509781615 

5.885524341 5.561584125 
6.135520033 5.326561054 

1.4491446 8.146978777 
1.515453792 8.40317657 

1.661945394 8.535127802 
1.515453792 8.40317657 

2.769379787 8.257390414 
2.77387064 8.476652401 

5.191279749 7.284825412 
5.255198622 7.721189655 

4.353568914 0.9108166587 
4.129973146 0.9222178156 

6.718582353 6.560428059 
6.591510535 6.707245431 

6.541258024 6.870572957 
6.591510535 6.707245431 

5.431098747 5.675988887 
5.061221479 5.950459828 

2.709968277 2.133136338 
2.932149386 2.063260552 

0.6394116951 7.979935105 
0.6985669489 7.588624002 

6.650178077 8.230913646 
6.996778152 8.031638278 

0.6394116951 7.979935105 
0.863872553 7.875670705 

0.971587418 7.655549787 
0.863872553 7.875670705 

0.956887585 6.983082844 
1.177071453 6.940176171 

4.550567476 1.609367485 
4.303895846 1.568638402 

4.113666334 1.453977959 
4.303895846 1.568638402 

4.159161813 1.941921683 
3.930862313 2.152334068 

1.617154187 2.424373534 
1.540478468 2.481084723 

3.303035005 3.887086825 
3.194338247 3.632096892 

2.974027363 3.394720989 
3.194338247 3.632096892 

2.709968277 2.133136338 
2.881846151 2.251381044 

5.214831623 6.367383437 
4.948334613 6.340663594 

4.732219357 6.304522478 
4.948334613 6.340663594 

4.725928285 5.645956843 
5.153877461 5.445355845 

1.668847979 6.391677841 
1.839908302 6.315904525 

3.030358887 1.564040824 
2.804459608 1.552012759 

2.879978277 7.166452413 
2.690331919 7.313194747 

2.73927905 6.29684582 
2.753138406 6.484495921 

1.174013448 6.219564817 
1.117531641 6.55029302 

1.008335425 6.76338788 
1.117531641 6.55029302 

1.576030195 6.70019364 
1.177071453 6.940176171 

3.158937228 1.320932558 
2.988950708 1.322292333 

3.030358887 1.564040824 
2.988950708 1.322292333 

1.174013448 6.219564817 
1.354249904 6.525640585 

1.576030195 6.70019364 
1.354249904 6.525640585 

0.6985669489 7.588624002 
0.5416140776 7.64128113 

7.408738002 6.656224723 
7.254453851 6.539391248 

4.52946262 3.342866735 
4.86592063 2.920836102 

5.029368602 2.544816595 
4.86592063 2.920836102 

2.270482482 6.402042301 
2.73927905 6.29684582 

6.30065167 4.768990169 
6.026093154 4.820758132 

5.893600522 4.740369144 
6.026093154 4.820758132 

3.196050023 0.8768131207 
3.349920577 0.6951436445 

1.973129136 0.8080655371 
1.872045062 1.064373704 

6.819915851 6.830032138 
6.591510535 6.707245431 

0.372710261 8.143943957 
0.7359032002 8.111264643 

1.098030553 8.032635569 
0.7359032002 8.111264643 

2.639161455 2.672163868 
3.01517509 2.730822257 

5.470770228 7.018614737 
5.663762461 6.900280019 

5.619176354 6.731467317 
5.663762461 6.900280019 

4.581587291 1.797457324 
4.715232424 1.828400208 

4.918518582 1.743924297 
4.715232424 1.828400208 

1.515627574 8.924127063 
1.365199298 9.074167336 

4.90602334 6.898481103 
4.981666775 7.164032105 

2.596970711 8.915967796 
2.755416291 9.134672834 

4.922063055 4.931117542 
4.834912773 5.176951605 

6.627502729 5.675855735 
6.896251618 5.382713516 

4.834912773 5.176951605 
4.519901854 5.29594104 

1.243436217 8.76442761 
1.515453792 8.40317657 

6.956732455 5.635368172 
6.896251618 5.382713516 

4.129973146 0.9222178156 
4.104497346 0.8293921521 

2.804459608 1.552012759 
2.596483266 1.63199896 

2.346114764 1.703573803 
2.596483266 1.63199896 

3.732678609 7.545367258 
3.338690208 8.024609108 

3.732678609 7.545367258 
3.690537387 7.940128784 

3.335319504 2.199750555 
3.128626517 2.15817134 

2.932149386 2.063260552 
3.128626517 2.15817134 

4.98995775 8.026610284 
4.971621604 7.673326345 

4.819420232 7.400435081 
4.971621604 7.673326345 

4.581515577 7.279334487 
4.508304658 6.958169266 

2.518668448 1.972221523 
2.596483266 1.63199896 

3.516644062 3.283289962 
3.631293757 3.253514257 

3.742784314 3.261166188 
3.631293757 3.253514257 

1.604532394 7.489499391 
1.86228665 7.473228331 

2.035826041 8.054437406 
2.23513671 8.100336408 

2.423441615 8.053869163 
2.23513671 8.100336408 

3.352060161 7.013529208 
3.111748011 7.053497576 

2.879978277 7.166452413 
3.111748011 7.053497576 

1.926051274 7.699067063 
2.067946543 7.656949937 

3.119041858 6.149535341 
2.69724854 6.125616479 

5.064121061 2.158909767 
4.94043126 1.981950484 

4.732219357 6.304522478 
4.504717564 6.142964444 

1.613323475 7.006908205 
1.93139201 6.881547852 

2.189083153 9.140962031 
2.367782369 8.88460453 

2.549098164 8.594299503 
2.367782369 8.88460453 

1.613323475 7.006908205 
1.719066052 7.353222819 

4.113666334 1.453977959 
4.353568914 0.9108166587 

7.337804981 7.29131003 
7.192769981 7.099288656 

3.112009781 8.328823785 
2.77387064 8.476652401 

2.77387064 8.476652401 
2.99209251 8.63492455 

5.061182106 6.609685663 
4.948334613 6.340663594 

1.350673922 7.220036094 
1.719066052 7.353222819 

2.607404125 3.734589679 
2.670457976 3.424145446 

2.610359366 3.158948536 
2.670457976 3.424145446 

6.896251618 5.382713516 
7.088069028 5.387900576 

4.806938372 2.413591139 
4.580877716 2.592591781 

4.436085865 2.698593122 
4.580877716 2.592591781 

3.128626517 2.15817134 
3.216791794 2.124623127 

4.725928285 5.645956843 
4.845997263 5.422775305 

4.353568914 0.9108166587 
4.104497346 0.8293921521 

1.4491446 8.146978777 
1.700580084 8.176168977 

3.622505455 2.08007795 
3.430099768 2.04217747 

6.058030321 7.881839984 
6.081401309 8.13649901 

2.035826041 8.054437406 
1.926051274 7.699067063 

6.275040283 6.888909877 
6.157739179 6.696815217 

3.069933032 2.32552574 
3.128626517 2.15817134 

3.06999771 8.059470371 
3.338690208 8.024609108 

3.259394997 8.958550664 
3.08537415 8.709981211 

2.99209251 8.63492455 
3.08537415 8.709981211 

5.456170195 7.675123348 
5.589638058 7.700343443 

2.639161455 2.672163868 
2.733132675 2.860604151 

2.932012257 2.935009875 
2.733132675 2.860604151 

7.544566725 6.499620533 
7.622304923 6.724227696 

3.198755529 2.746489602 
3.059089185 2.499752977 

3.069933032 2.32552574 
3.059089185 2.499752977 

2.610590512 0.4605956305 
2.392307467 0.6928194296 

2.256884434 0.6663841969 
2.392307467 0.6928194296 

1.668847979 6.391677841 
1.713471681 6.17125743 

3.119041858 6.149535341 
3.0940388 6.319886413 

3.059089185 2.499752977 
2.852021744 2.45056426 

4.98995775 8.026610284 
5.147822235 7.896782768 

5.255198622 7.721189655 
5.147822235 7.896782768 

2.387027597 0.9229557119 
2.459120932 0.7154054084 

2.607593696 9.47919671 
2.543142597 9.140811783 

2.596970711 8.915967796 
2.543142597 9.140811783 

3.468492984 1.016900967 
3.260525864 1.12677697 

3.158937228 1.320932558 
3.260525864 1.12677697 

2.182302031 3.33412807 
2.096797269 3.493102831 

4.113666334 1.453977959 
4.010659431 1.472273972 

3.917583708 1.592845694 
4.010659431 1.472273972 

1.394272677 2.309287157 
1.540478468 2.481084723 

1.394272677 2.309287157 
1.583910534 2.058692672 

0.7359032002 8.111264643 
0.6394116951 7.979935105 

7.305443622 6.121099361 
7.406846815 6.168971971 

4.206718644 2.333236701 
4.436085865 2.698593122 

4.159161813 1.941921683 
4.271141156 2.128623228 

2.459120932 0.7154054084 
2.477959679 0.5562792966 

1.056918018 7.468563156 
1.252358776 7.445524887 

5.061182106 6.609685663 
4.90602334 6.898481103 

1.173502544 9.282143129 
1.376811366 8.679464849 

3.49665546 0.5070419745 
3.343421167 0.5078099087 

4.508304658 6.958169266 
4.372927318 6.639225217 

0.956887585 6.983082844 
0.804676867 7.201269885 

2.583495934 7.595994014 
2.71743005 7.575539607 

7.177110512 6.275823127 
7.406846815 6.168971971 

2.346849152 8.353582655 
2.171958929 8.316776761 

2.066039763 8.485977903 
2.171958929 8.316776761 

6.996778152 8.031638278 
6.911304662 7.808157434 

0.4451558124 6.7397166 
0.7260253379 6.620049066 

0.7359032002 8.111264643 
0.7206035593 8.334607699 

0.7206035593 8.334607699 
0.7357586349 8.5307423 

6.25398508 5.648365979 
6.627502729 5.675855735 

7.281288649 7.771830785 
7.167946304 7.523082672 

1.243436217 8.76442761 
1.376811366 8.679464849 

3.303035005 3.887086825 
3.545442425 3.85506977 

3.757335389 3.955550005 
3.545442425 3.85506977 

5.73677423 7.382214157 
5.787215539 7.597829413 

5.750327541 7.774427994 
5.787215539 7.597829413 

1.098030553 8.032635569 
0.863872553 7.875670705 

1.243436217 8.76442761 
1.043995058 8.696626174 

2.137395817 7.792977352 
2.23513671 8.100336408 

4.256234699 7.249215836 
3.994307316 7.43605343 

3.732678609 7.545367258 
3.994307316 7.43605343 

2.518668448 1.972221523 
2.681347727 1.756735745 

2.137395817 7.792977352 
2.224852429 7.708064234 

2.406174163 7.696656145 
2.224852429 7.708064234 

3.196050023 0.8768131207 
3.260525864 1.12677697 

6.30738582 8.005783783 
6.467597421 8.21204047 

2.035826041 8.054437406 
2.358860586 7.887654127 

6.30065167 4.768990169 
6.159010685 5.065369245 

2.881724852 7.743165903 
2.996493572 7.917360744 

3.06999771 8.059470371 
2.996493572 7.917360744 

2.358860586 7.887654127 
2.224852429 7.708064234 

6.718582353 6.560428059 
6.587860213 6.44100533 

4.083066232 7.61175088 
3.994307316 7.43605343 

6.587860213 6.44100533 
6.591510535 6.707245431 

6.25398508 5.648365979 
6.018682092 5.869926724 

5.823746172 6.096798853 
6.018682092 5.869926724 

2.358860586 7.887654127 
2.406174163 7.696656145 

0.8529986416 6.457227654 
1.049751593 6.376775904 

2.444106827 2.185733853 
2.465298483 2.33607901 

5.365505 6.667196975 
5.619176354 6.731467317 

2.71743005 7.575539607 
2.881724852 7.743165903 

2.702162794 8.016172944 
2.996493572 7.917360744 

4.189310503 6.285907033 
4.504717564 6.142964444 

6.819915851 6.830032138 
6.865892999 6.702785936 

6.934928437 6.606003343 
6.865892999 6.702785936 

4.189310503 6.285907033 
4.250733973 6.480017827 

4.372927318 6.639225217 
4.250733973 6.480017827 

5.717239634 7.079397972 
5.663762461 6.900280019 

5.945421549 6.809847109 
5.663762461 6.900280019 

7.406846815 6.168971971 
7.472384913 6.224241648 

7.088069028 5.387900576 
7.455774199 5.519393222 

2.444143755 3.237049519 
2.383420071 2.956347506 

3.349920577 0.6951436445 
3.588580066 0.7812711016 

4.845997263 5.422775305 
5.153877461 5.445355845 

4.98995775 8.026610284 
5.150126602 7.605409303 

4.206718644 2.333236701 
4.296970376 2.212099341 

4.271141156 2.128623228 
4.296970376 2.212099341 

2.34019725 7.363600251 
2.085762774 7.21908696 

5.481932453 6.037073215 
5.24005794 6.009898784 

5.061221479 5.950459828 
5.24005794 6.009898784 

7.088069028 5.387900576 
7.032622049 5.514850804 

6.956732455 5.635368172 
7.032622049 5.514850804 

4.034219487 3.056901168 
4.154365013 2.870053307 

6.541258024 6.870572957 
6.157739179 6.696815217 

7.254453851 6.539391248 
7.178653791 6.661545536 

6.06917097 6.322953554 
5.862687976 6.400366333 

5.766460712 6.521607138 
5.862687976 6.400366333 

6.133419091 5.939712821 
6.018682092 5.869926724 

1.931037333 6.16492801 
1.792704406 6.027235324 

2.358860586 7.887654127 
2.423441615 8.053869163 

1.290631018 7.735223618 
1.332997797 7.933355534 

4.456000064 1.320306004 
4.358849284 1.185097927 

5.139364873 4.801043503 
5.015914383 5.192393397 

5.907439788 6.50784851 
5.862687976 6.400366333 

1.824173258 2.170982393 
1.583910534 2.058692672 

0.4451558124 6.7397166 
0.6868236166 6.863632228 

0.956887585 6.983082844 
0.6868236166 6.863632228 

6.894367883 6.306339709 
6.587860213 6.44100533 

0.5650978466 8.622290056 
0.6590468037 8.555787254 

0.7357586349 8.5307423 
0.6590468037 8.555787254 

1.604532394 7.489499391 
1.350673922 7.220036094 

1.788469294 9.269411796 
1.704131274 9.168244679 

1.589749108 9.072233105 
1.704131274 9.168244679 

3.690537387 7.940128784 
3.532064387 8.354315881 

1.604532394 7.489499391 
1.790979607 7.588632465 

1.926051274 7.699067063 
1.790979607 7.588632465 

1.986476794 3.396197692 
1.94173694 3.457784476 

1.658383926 3.291279988 
1.94173694 3.457784476 

1.354249904 6.525640585 
1.117531641 6.55029302 

1.515453792 8.40317657 
1.639393546 8.351682481 

2.088625758 5.909922906 
2.213126478 6.017007795 

2.377317037 6.216530268 
2.213126478 6.017007795 

4.845997263 5.422775305 
5.015914383 5.192393397 

3.343421167 0.5078099087 
3.375811656 0.4099603579 

1.661114983 1.385264057 
1.924158008 1.319583307 

2.060846113 1.352067093 
1.924158008 1.319583307 

3.762800569 1.799483631 
3.935612867 1.895088396 

2.066039763 8.485977903 
1.661945394 8.535127802 

1.098030553 8.032635569 
1.332997797 7.933355534 

1.839908302 6.315904525 
2.020601967 6.354117921 

1.926685914 1.517014026 
1.924158008 1.319583307 

5.717239634 7.079397972 
5.873688281 7.082006683 

1.394272677 2.309287157 
1.626271823 2.212844592 

1.824173258 2.170982393 
1.626271823 2.212844592 

4.09954026 0.6448547418 
4.095302867 0.7455528844 

4.104497346 0.8293921521 
4.095302867 0.7455528844 

3.303035005 3.887086825 
3.383978578 3.726273358 

3.240182129 3.549011827 
3.383978578 3.726273358 

5.577447364 7.963595463 
5.43690667 8.16643504 

0.8529986416 6.457227654 
0.7880830285 6.548264135 

0.7260253379 6.620049066 
0.7880830285 6.548264135 

2.947591872 1.766540457 
2.681347727 1.756735745 

7.173056182 5.875133827 
7.237042826 5.717895327 

2.096797269 3.493102831 
2.048591962 3.461769069 

1.986476794 3.396197692 
2.048591962 3.461769069 

2.974027363 3.394720989 
2.806225327 3.552149606 

4.98995775 8.026610284 
5.19391448 8.136187824 

5.214831623 6.367383437 
5.24005794 6.009898784 

3.349920577 0.6951436445 
3.343421167 0.5078099087 

6.541258024 6.870572957 
6.37538989 6.684392105 

6.347721639 6.472276249 
6.37538989 6.684392105 

3.518859165 2.643661831 
3.310007803 2.373622329 

3.335319504 2.199750555 
3.310007803 2.373622329 

3.259394997 8.958550664 
2.875259557 8.693824581 

2.549098164 8.594299503 
2.875259557 8.693824581 

3.752016805 1.438232236 
3.631488161 1.598248458 

3.583078792 1.792975854 
3.631488161 1.598248458 

5.19391448 8.136187824 
5.147822235 7.896782768 

2.067946543 7.656949937 
2.066805431 7.541217493 

2.129993186 7.434240758 
2.066805431 7.541217493 

1.890707965 2.853072555 
1.709630847 2.72307032 

2.804459608 1.552012759 
2.899613523 1.418856757 

2.988950708 1.322292333 
2.899613523 1.418856757 

6.541258024 6.870572957 
6.428569694 6.846247879 

6.275040283 6.888909877 
6.428569694 6.846247879 

3.889585739 2.581328408 
4.206718644 2.333236701 

3.889585739 2.581328408 
3.695821145 2.345030641 

3.622505455 2.08007795 
3.695821145 2.345030641 

2.387027597 0.9229557119 
2.392307467 0.6928194296 

3.240182129 3.549011827 
3.194338247 3.632096892 

6.25398508 5.648365979 
6.218408171 5.847884517 

2.477959679 0.5562792966 
2.392307467 0.6928194296 

1.668847979 6.391677841 
1.354249904 6.525640585 

1.576030195 6.70019364 
1.810043809 6.742911772 

1.86228665 7.473228331 
1.719066052 7.353222819 

5.150126602 7.605409303 
4.971621604 7.673326345 

7.237042826 5.717895327 
7.303889201 5.622867131 

3.753331986 8.523409919 
3.722461683 8.257421335 

3.690537387 7.940128784 
3.722461683 8.257421335 

1.626271823 2.212844592 
1.653301051 2.295729192 

5.885524341 5.561584125 
5.704318904 5.608452231 

3.335319504 2.199750555 
3.430099768 2.04217747 

7.472384913 6.224241648 
7.530823514 6.215630692 

2.709968277 2.133136338 
2.767163423 2.299091239 

2.852021744 2.45056426 
2.767163423 2.299091239 

5.945421549 6.809847109 
5.730200308 6.646856175 

5.567030676 6.513904916 
5.730200308 6.646856175 

4.244279392 5.909192765 
4.825136192 5.986671129 

5.481932453 6.037073215 
4.825136192 5.986671129 

2.533511885 7.103186291 
2.416761131 7.234042004 

2.34019725 7.363600251 
2.416761131 7.234042004 

3.352060161 7.013529208 
3.366900936 7.229359611 

4.725928285 5.645956843 
4.825136192 5.986671129 

6.30738582 8.005783783 
6.198884642 8.001336044 

2.238792259 3.599782862 
2.006770722 3.456306344 

4.025739493 3.824975798 
4.26576683 3.570625085 

4.52946262 3.342866735 
4.26576683 3.570625085 

3.740065298 2.994511424 
3.631293757 3.253514257 

4.859576371 5.825137678 
4.825136192 5.986671129 

6.938884728 7.066311568 
7.065294429 6.945084656 

5.766460712 6.521607138 
5.730200308 6.646856175 

1.365199298 9.074167336 
1.36395215 9.171609539 

1.414079083 2.681228455 
1.508396245 2.606527404 

1.540478468 2.481084723 
1.508396245 2.606527404 

3.536858403 2.270168745 
3.695821145 2.345030641 

6.504951277 5.226197192 
6.750118805 5.14461439 

2.702162794 8.016172944 
2.52719199 7.937899193 

2.358860586 7.887654127 
2.52719199 7.937899193 

6.066404743 6.547710595 
5.975745621 6.572416202 

5.907439788 6.50784851 
5.975745621 6.572416202 

4.159161813 1.941921683 
3.935612867 1.895088396 

7.455774199 5.519393222 
7.355822608 5.582849118 

7.303889201 5.622867131 
7.355822608 5.582849118 

7.281288649 7.771830785 
7.108562887 7.86662363 

6.996778152 8.031638278 
7.108562887 7.86662363 

3.437000183 1.65123404 
3.288769654 1.4531667 

3.158937228 1.320932558 
3.288769654 1.4531667 

2.764029006 8.855127343 
2.875259557 8.693824581 

5.19391448 8.136187824 
5.291460658 8.119324394 

4.508304658 6.958169266 
4.359718066 7.052627525 

4.256234699 7.249215836 
4.359718066 7.052627525 

5.862687976 6.400366333 
5.567030676 6.513904916 

6.197964267 7.370081208 
6.391952231 7.321437414 

2.77387064 8.476652401 
2.875259557 8.693824581 

1.973700394 8.222453084 
2.171958929 8.316776761 

7.469333342 6.911179687 
7.582972767 6.818425634 

7.622304923 6.724227696 
7.582972767 6.818425634 

1.376811366 8.679464849 
1.515453792 8.40317657 

3.424539157 1.821092849 
3.430099768 2.04217747 

1.973700394 8.222453084 
1.944443426 8.412149637 

2.71743005 7.575539607 
2.759735702 7.447918675 

5.73677423 7.382214157 
5.664873867 7.542387296 

5.589638058 7.700343443 
5.664873867 7.542387296 

3.919862429 6.839202138 
4.137555916 6.737551095 

4.372927318 6.639225217 
4.137555916 6.737551095 

2.748005049 0.7967675349 
2.772285892 0.9370954794 

1.376811366 8.679464849 
1.348325781 8.41022149 

0.6985669489 7.588624002 
0.4799449843 7.48029823 

1.86228665 7.473228331 
1.790979607 7.588632465 

2.189083153 9.140962031 
2.391531229 9.322082765 

2.607593696 9.47919671 
2.391531229 9.322082765 

2.321941306 1.365422528 
2.625997297 1.581667952 

2.947591872 1.766540457 
2.625997297 1.581667952 

6.157739179 6.696815217 
6.37538989 6.684392105 

5.061182106 6.609685663 
5.202177739 6.637786105 

5.365505 6.667196975 
5.202177739 6.637786105 

5.255198622 7.721189655 
5.150126602 7.605409303 

2.256884434 0.6663841969 
2.079825111 0.7213197664 

1.93139201 6.881547852 
1.810043809 6.742911772 

0.5416140776 7.64128113 
0.5163077122 7.563358549 

0.4799449843 7.48029823 
0.5163077122 7.563358549 

2.533511885 7.103186291 
2.973565552 6.84323756 

2.088625758 5.909922906 
2.291840232 5.897878392 

2.498665405 5.886292056 
2.291840232 5.897878392 

1.658383926 3.291279988 
1.868658081 3.396723089 

2.006770722 3.456306344 
1.868658081 3.396723089 

3.353814293 7.541688008 
3.442496486 7.308137127 

3.366900936 7.229359611 
3.442496486 7.308137127 

2.973565552 6.84323756 
3.111748011 7.053497576 

3.198755529 2.746489602 
3.348082235 2.674069986 

3.518859165 2.643661831 
3.348082235 2.674069986 

3.532064387 8.354315881 
3.722461683 8.257421335 

3.0940388 6.319886413 
3.136092962 6.412700728 

2.383420071 2.956347506 
2.57742855 2.911392443 

2.733132675 2.860604151 
2.57742855 2.911392443 

4.581515577 7.279334487 
4.359718066 7.052627525 

4.581515577 7.279334487 
4.712222661 7.324130187 

4.819420232 7.400435081 
4.712222661 7.324130187 

1.613323475 7.006908205 
1.738629386 7.25139798 

1.86228665 7.473228331 
1.738629386 7.25139798 

4.859576371 5.825137678 
5.047039632 5.672621146 

5.153877461 5.445355845 
5.047039632 5.672621146 

2.881846151 2.251381044 
2.767163423 2.299091239 

0.372710261 8.143943957 
0.8281480754 7.990693149 

1.290631018 7.735223618 
0.8281480754 7.990693149 

5.787215539 7.597829413 
5.664873867 7.542387296 

2.533511885 7.103186291 
2.283654061 7.114477584 

1.350673922 7.220036094 
1.14909335 7.148489091 

4.86592063 2.920836102 
4.676174097 3.067355085 

4.536930121 3.13566113 
4.676174097 3.067355085 

2.772285892 0.9370954794 
2.838539151 0.8715001121 

2.921121907 0.8671965965 
2.838539151 0.8715001121 

3.375811656 0.4099603579 
3.268157898 0.3564339047 

0.956887585 6.983082844 
1.008335425 6.76338788 

1.898549511 1.692791398 
1.749608273 1.817914008 

1.607178732 1.778416379 
1.749608273 1.817914008 

6.896251618 5.382713516 
7.032622049 5.514850804 

3.889585739 2.581328408 
3.764817785 2.802334084 

3.740065298 2.994511424 
3.764817785 2.802334084 

5.730200308 6.646856175 
5.619176354 6.731467317 

6.157739179 6.696815217 
6.066404743 6.547710595 

1.717741993 7.829420601 
1.892262769 7.923621205 

4.244279392 5.909192765 
4.493538381 5.76762644 

4.725928285 5.645956843 
4.493538381 5.76762644 

0.6097965164 7.339838454 
0.7126190505 7.279200941 

0.804676867 7.201269885 
0.7126190505 7.279200941 

1.661114983 1.385264057 
1.836345045 1.436004057 

1.926685914 1.517014026 
1.836345045 1.436004057 

1.719066052 7.353222819 
1.738629386 7.25139798 

3.204799672 1.893458674 
3.171996132 2.044071388 

3.128626517 2.15817134 
3.171996132 2.044071388 

4.359718066 7.052627525 
4.137555916 6.737551095 

1.174013448 6.219564817 
1.112007851 6.294893525 

1.049751593 6.376775904 
1.112007851 6.294893525 

3.059089185 2.499752977 
3.348082235 2.674069986 

1.098030553 8.032635569 
0.8281480754 7.990693149 

6.467597421 8.21204047 
6.286322346 8.113980078 

1.788469294 9.269411796 
1.490351769 9.267710685 

2.806225327 3.552149606 
2.716353316 3.616861614 

5.456170195 7.675123348 
5.255198622 7.721189655 

5.893600522 4.740369144 
5.675568443 4.715350844 

5.501832903 4.772313213 
5.675568443 4.715350844 

7.544566725 6.499620533 
7.472384913 6.224241648 

7.192769981 7.099288656 
6.938884728 7.066311568 

2.755416291 9.134672834 
2.651629793 9.143939146 

6.627502729 5.675855735 
6.956732455 5.635368172 

1.515453792 8.40317657 
1.348325781 8.41022149 

2.849861346 6.650311329 
2.70744649 6.616936445 

2.639161455 2.672163868 
2.57742855 2.911392443 

7.408738002 6.656224723 
7.544566725 6.499620533 

2.066805431 7.541217493 
2.238285564 7.509781615 

2.147475564 2.10584729 
1.880830609 1.981831756 

6.718582353 6.560428059 
6.865892999 6.702785936 

5.153877461 5.445355845 
5.015914383 5.192393397 

7.192769981 7.099288656 
7.091735142 7.130973386 

7.065294429 6.945084656 
7.091735142 7.130973386 

5.945421549 6.809847109 
5.975745621 6.572416202 

5.43690667 8.16643504 
5.356033841 8.144679368 

5.291460658 8.119324394 
5.356033841 8.144679368 

7.337804981 7.29131003 
7.469333342 6.911179687 

7.337804981 7.29131003 
7.243692239 7.438373732 

7.167946304 7.523082672 
7.243692239 7.438373732 

1.94173694 3.457784476 
2.006770722 3.456306344 

2.327215181 2.425881891 
2.475827555 2.58612704 

2.639161455 2.672163868 
2.475827555 2.58612704 

3.753331986 8.523409919 
3.606920949 8.494300338 

2.549098164 8.594299503 
2.646341855 8.730304348 

2.764029006 8.855127343 
2.646341855 8.730304348 

4.358849284 1.185097927 
4.350677923 1.0463242 

4.353568914 0.9108166587 
4.350677923 1.0463242 

5.470770228 7.018614737 
5.191279749 7.284825412 

5.470770228 7.018614737 
5.7438012 6.900098121 

5.945421549 6.809847109 
5.7438012 6.900098121 

3.136092962 6.412700728 
3.200927701 6.428628255 

6.745196927 7.968684733 
6.879602118 7.989878434 

6.996778152 8.031638278 
6.879602118 7.989878434 

1.490351769 9.267710685 
1.36395215 9.171609539 

3.516644062 3.283289962 
3.451313642 3.590184806 

3.303035005 3.887086825 
3.451313642 3.590184806 

6.894367883 6.306339709 
6.934928437 6.606003343 

4.206718644 2.333236701 
4.553575367 2.060273948 

4.918518582 1.743924297 
4.553575367 2.060273948 

4.581587291 1.797457324 
4.652350907 1.688883096 

4.550567476 1.609367485 
4.652350907 1.688883096 

6.656141431 6.132005789 
6.609500577 6.292278031 

6.587860213 6.44100533 
6.609500577 6.292278031 

3.889585739 2.581328408 
3.698483743 2.609384979 

3.518859165 2.643661831 
3.698483743 2.609384979 

3.437000183 1.65123404 
3.631488161 1.598248458 

3.01517509 2.730822257 
3.062539143 2.642774645 

3.059089185 2.499752977 
3.062539143 2.642774645 

2.681347727 1.756735745 
2.625997297 1.581667952 

1.845642232 8.847625637 
2.01570087 9.023748897 

2.189083153 9.140962031 
2.01570087 9.023748897 

2.283654061 7.114477584 
2.416761131 7.234042004 

1.414079083 2.681228455 
1.551249998 2.694718676 

1.709630847 2.72307032 
1.551249998 2.694718676 

3.216791794 2.124623127 
3.295529414 2.108319234 

3.430099768 2.04217747 
3.295529414 2.108319234 

6.347721639 6.472276249 
6.587860213 6.44100533 

2.518668448 1.972221523 
2.126967858 1.674222171 

3.338087523 6.492445581 
3.25222186 6.44003061 

3.200927701 6.428628255 
3.25222186 6.44003061 

6.656141431 6.132005789 
7.006880907 5.850611913 

5.7438012 6.900098121 
5.663762461 6.900280019 

3.843888547 7.162539752 
3.994307316 7.43605343 

6.347721639 6.472276249 
6.160883168 6.543677242 

6.066404743 6.547710595 
6.160883168 6.543677242 

6.357434772 6.133864932 
6.347721639 6.472276249 

1.661114983 1.385264057 
1.869893705 1.499325142 

2.126967858 1.674222171 
1.869893705 1.499325142 

6.081401309 8.13649901 
6.190831701 8.106802763 

6.286322346 8.113980078 
6.190831701 8.106802763 

3.171996132 2.044071388 
3.216791794 2.124623127 

3.259394997 8.958550664 
3.16753988 8.623347251 

3.112009781 8.328823785 
3.16753988 8.623347251 

4.504717564 6.142964444 
4.825136192 5.986671129 

3.451313642 3.590184806 
3.383978578 3.726273358 

2.238792259 3.599782862 
2.378864148 3.418881008 

6.357434772 6.133864932 
6.245393996 6.062002065 

6.133419091 5.939712821 
6.245393996 6.062002065 

1.94173694 3.457784476 
1.868658081 3.396723089 

6.081401309 8.13649901 
6.144314324 8.0763605 

6.198884642 8.001336044 
6.144314324 8.0763605 

3.49665546 0.5070419745 
3.375811656 0.4099603579 

3.49665546 0.5070419745 
3.432089052 0.6024236191 

3.349920577 0.6951436445 
3.432089052 0.6024236191 

6.467597421 8.21204047 
6.553680761 8.236115149 

6.650178077 8.230913646 
6.553680761 8.236115149 

5.431098747 5.675988887 
5.24005794 6.009898784 

2.549098164 8.594299503 
2.307217014 8.538273827 

2.066039763 8.485977903 
2.307217014 8.538273827 

3.204799672 1.893458674 
3.030358887 1.564040824 

6.307201578 5.419035835 
6.25398508 5.648365979 

5.862687976 6.400366333 
5.711559077 6.237710414 

7.455774199 5.519393222 
7.227402724 5.650931699 

7.006880907 5.850611913 
7.227402724 5.650931699 

6.058030321 7.881839984 
6.198884642 8.001336044 

2.973565552 6.84323756 
2.939044659 6.99754984 

2.879978277 7.166452413 
2.939044659 6.99754984 

3.698483743 2.609384979 
3.613319819 2.521247129 

6.30738582 8.005783783 
6.286322346 8.113980078 

4.504717564 6.142964444 
4.59058618 6.312276157 

4.697086214 6.480991506 
4.59058618 6.312276157 

6.37538989 6.684392105 
6.428569694 6.846247879 

0.6985669489 7.588624002 
0.527952115 7.910502233 

3.698483743 2.609384979 
3.764817785 2.802334084 

4.083066232 7.61175088 
4.191959669 7.42714178 

4.256234699 7.249215836 
4.191959669 7.42714178 

0.527952115 7.910502233 
0.6394116951 7.979935105 

5.885524341 5.561584125 
5.943067535 5.723645448 

6.018682092 5.869926724 
5.943067535 5.723645448 

2.932012257 2.935009875 
3.151929315 3.297249428 

1.661945394 8.535127802 
1.376811366 8.679464849 

1.86228665 7.473228331 
2.066805431 7.541217493 

1.607178732 1.778416379 
1.747392853 1.90944607 

1.880830609 1.981831756 
1.747392853 1.90944607 

3.424539157 1.821092849 
3.583078792 1.792975854 

7.192769981 7.099288656 
7.332065996 7.019479573 

7.469333342 6.911179687 
7.332065996 7.019479573 

5.431098747 5.675988887 
5.258730863 5.566614979 

5.153877461 5.445355845 
5.258730863 5.566614979 

6.058030321 7.881839984 
6.144314324 8.0763605 

1.350673922 7.220036094 
1.307515239 7.339835495 

1.252358776 7.445524887 
1.307515239 7.339835495 

3.930862313 2.152334068 
3.695821145 2.345030641 

2.367782369 8.88460453 
2.596970711 8.915967796 

1.490351769 9.267710685 
1.36349333 9.26017753 

3.353814293 7.541688008 
3.557322592 7.504264134 

3.732678609 7.545367258 
3.557322592 7.504264134 

2.321941306 1.365422528 
2.126967858 1.674222171 

4.377755848 7.619593337 
4.191959669 7.42714178 

4.806938372 2.413591139 
4.870430135 2.479045959 

5.029368602 2.544816595 
4.870430135 2.479045959 

2.321941306 1.365422528 
2.307673988 1.516364042 

2.346114764 1.703573803 
2.307673988 1.516364042 

1.926685914 1.517014026 
1.869893705 1.499325142 

3.161343195 0.2854827548 
3.227175791 0.3102171135 

3.268157898 0.3564339047 
3.227175791 0.3102171135 

4.652350907 1.688883096 
4.715232424 1.828400208 

3.338087523 6.492445581 
3.222937311 6.316490022 

5.711559077 6.237710414 
5.786917368 6.19535913 

5.823746172 6.096798853 
5.786917368 6.19535913 

6.159010685 5.065369245 
6.026093154 4.820758132 

6.159010685 5.065369245 
6.136504096 5.181594885 

6.135520033 5.326561054 
6.136504096 5.181594885 

3.119041858 6.149535341 
3.171434663 6.231000896 

3.222937311 6.316490022 
3.171434663 6.231000896 

3.930862313 2.152334068 
3.930032632 2.01525151 

3.935612867 1.895088396 
3.930032632 2.01525151 

1.872045062 1.064373704 
1.755221376 1.187061435 

3.08537415 8.709981211 
3.16753988 8.623347251 

2.755416291 9.134672834 
3.011860455 9.077315237 

6.058030321 7.881839984 
6.180162442 7.601051509 

6.197964267 7.370081208 
6.180162442 7.601051509 

1.658383926 3.291279988 
1.772510202 3.070296524 

1.890707965 2.853072555 
1.772510202 3.070296524 

2.932149386 2.063260552 
3.171996132 2.044071388 

2.327215181 2.425881891 
2.367566242 2.375902823 

2.465298483 2.33607901 
2.367566242 2.375902823 

4.59058618 6.312276157 
4.732219357 6.304522478 

2.702162794 8.016172944 
2.56115032 7.866588225 

2.406174163 7.696656145 
2.56115032 7.866588225 

5.015914383 5.192393397 
4.834912773 5.176951605 

2.270482482 6.402042301 
2.281298724 6.282317647 

3.295529414 2.108319234 
3.335319504 2.199750555 

2.932149386 2.063260552 
3.010590238 2.228817444 

3.069933032 2.32552574 
3.010590238 2.228817444 

6.938884728 7.066311568 
7.01926794 7.078675503 

7.091735142 7.130973386 
7.01926794 7.078675503 

4.845997263 5.422775305 
4.756606101 5.367544003 

2.073509602 8.806102368 
2.01570087 9.023748897 

7.530823514 6.215630692 
7.573087301 6.225542292 

1.332997797 7.933355534 
1.417894014 7.942931398 

1.435808046 8.023799875 
1.417894014 7.942931398 

1.589081369 5.970914251 
1.65085695 6.070449741 

1.713471681 6.17125743 
1.65085695 6.070449741 

5.481932453 6.037073215 
5.346433277 6.160520213 

4.456000064 1.320306004 
4.303895846 1.568638402 

1.986476794 3.396197692 
1.868658081 3.396723089 

3.198755529 2.746489602 
3.062539143 2.642774645 

2.459120932 0.7154054084 
2.392307467 0.6928194296 

6.504951277 5.226197192 
6.430937978 4.973789777 

1.700580084 8.176168977 
1.849034389 8.209539602 

1.973700394 8.222453084 
1.849034389 8.209539602 

6.909143502 5.956993122 
7.006880907 5.850611913 

5.24005794 6.009898784 
5.346433277 6.160520213 

3.606920949 8.494300338 
3.567624851 8.427018397 

3.532064387 8.354315881 
3.567624851 8.427018397 

2.387027597 0.9229557119 
2.359496091 1.169547028 

2.321941306 1.365422528 
2.359496091 1.169547028 

3.259394997 8.958550664 
3.144521458 8.981409602 

3.011860455 9.077315237 
3.144521458 8.981409602 

3.747871683 0.913086727 
3.932205213 0.7714951695 

4.09954026 0.6448547418 
3.932205213 0.7714951695 

5.214831623 6.367383437 
5.202177739 6.637786105 

1.117531641 6.55029302 
1.049751593 6.376775904 

5.214831623 6.367383437 
5.279370087 6.235056212 

5.346433277 6.160520213 
5.279370087 6.235056212 

2.610590512 0.4605956305 
2.558012474 0.5207681144 

2.477959679 0.5562792966 
2.558012474 0.5207681144 

2.130444251 6.716809826 
2.017229071 6.793388528 

1.93139201 6.881547852 
2.017229071 6.793388528 

3.383978578 3.726273358 
3.545442425 3.85506977 

4.504717564 6.142964444 
4.369374074 6.061174789 

4.244279392 5.909192765 
4.369374074 6.061174789 

6.157739179 6.696815217 
6.160883168 6.543677242 

2.444106827 2.185733853 
2.444408419 2.059956345 

2.518668448 1.972221523 
2.444408419 2.059956345 

2.377317037 6.216530268 
2.323446618 6.246262226 

2.281298724 6.282317647 
2.323446618 6.246262226 

3.622505455 2.08007795 
3.930032632 2.01525151 

6.063512211 7.086410456 
5.964143637 7.097963531 

5.873688281 7.082006683 
5.964143637 7.097963531 

6.357434772 6.133864932 
6.47349983 6.092702679 

3.343421167 0.5078099087 
3.432089052 0.6024236191 

2.283654061 7.114477584 
2.182151578 7.158904791 

2.085762774 7.21908696 
2.182151578 7.158904791 

2.423441615 8.053869163 
2.52719199 7.937899193 

2.77387064 8.476652401 
2.645038214 8.501056577 

2.549098164 8.594299503 
2.645038214 8.501056577 

5.431098747 5.675988887 
5.704318904 5.608452231 

1.613323475 7.006908205 
1.677454725 7.453149068 

1.717741993 7.829420601 
1.677454725 7.453149068 

6.218408171 5.847884517 
6.018682092 5.869926724 

1.348325781 8.41022149 
1.401285346 8.274821498 

1.4491446 8.146978777 
1.401285346 8.274821498 

1.717741993 7.829420601 
1.790979607 7.588632465 

6.894367883 6.306339709 
6.609500577 6.292278031 

1.173502544 9.282143129 
1.283387356 9.230274101 

1.36395215 9.171609539 
1.283387356 9.230274101 

0.7546983697 8.81753641 
0.9049216537 8.747108115 

1.043995058 8.696626174 
0.9049216537 8.747108115 

1.583910534 2.058692672 
1.626271823 2.212844592 

6.47349983 6.092702679 
6.550043855 6.107701185 

6.656141431 6.132005789 
6.550043855 6.107701185 

1.755221376 1.187061435 
1.924158008 1.319583307 

2.607404125 3.734589679 
2.662979468 3.67918411 

2.716353316 3.616861614 
2.662979468 3.67918411 

7.065294429 6.945084656 
7.01926794 7.078675503 

3.353814293 7.541688008 
3.150226009 7.62587873 

2.881724852 7.743165903 
3.150226009 7.62587873 

1.944443426 8.412149637 
2.007864309 8.443007532 

2.066039763 8.485977903 
2.007864309 8.443007532 

3.111748011 7.053497576 
2.939044659 6.99754984 

4.756606101 5.367544003 
4.687912018 5.336559785 

3.437000183 1.65123404 
3.433033164 1.719431586 

3.424539157 1.821092849 
3.433033164 1.719431586 

5.431098747 5.675988887 
5.210048335 5.685996245 

5.047039632 5.672621146 
5.210048335 5.685996245 

5.191279749 7.284825412 
5.167188266 7.448669487 

5.150126602 7.605409303 
5.167188266 7.448669487 

5.885524341 5.561584125 
6.074440489 5.607687376 

6.25398508 5.648365979 
6.074440489 5.607687376 

3.536858403 2.270168745 
3.335319504 2.199750555 

5.029368602 2.544816595 
5.047497438 2.352376023 

5.064121061 2.158909767 
5.047497438 2.352376023 

1.604532394 7.489499391 
1.677454725 7.453149068 

3.030358887 1.564040824 
2.899613523 1.418856757 

5.015914383 5.192393397 
4.892408382 5.402951934 

4.725928285 5.645956843 
4.892408382 5.402951934 

3.757335389 3.955550005 
3.884129905 3.886180565 

4.025739493 3.824975798 
3.884129905 3.886180565 

5.945421549 6.809847109 
5.964143637 7.097963531 

3.762800569 1.799483631 
3.837743275 1.709937653 

3.917583708 1.592845694 
3.837743275 1.709937653 

1.576030195 6.70019364 
1.59441548 6.8830797 

1.613323475 7.006908205 
1.59441548 6.8830797 

1.332997797 7.933355534 
1.435808046 8.023799875 

1.86228665 7.473228331 
1.677454725 7.453149068 

3.338690208 8.024609108 
3.150226009 7.62587873 

1.86228665 7.473228331 
1.957397039 7.57471604 

2.067946543 7.656949937 
1.957397039 7.57471604 

4.687912018 5.336559785 
4.631539629 5.318868507 

1.252358776 7.445524887 
1.290631018 7.735223618 

1.792704406 6.027235324 
1.690892888 5.999074787 

1.589081369 5.970914251 
1.690892888 5.999074787 

4.892408382 5.402951934 
4.845997263 5.422775305 

6.06917097 6.322953554 
6.160883168 6.543677242 

2.126967858 1.674222171 
2.346114764 1.703573803 

6.591510535 6.707245431 
6.37538989 6.684392105 

0.971587418 7.655549787 
1.039289712 7.846757056 

1.098030553 8.032635569 
1.039289712 7.846757056 

2.543142597 9.140811783 
2.595078716 9.164885212 

2.651629793 9.143939146 
2.595078716 9.164885212 

5.717239634 7.079397972 
5.7438012 6.900098121 

2.70744649 6.616936445 
2.751251386 6.541760776 

2.753138406 6.484495921 
2.751251386 6.541760776 

6.894367883 6.306339709 
6.911417784 6.124059507 

6.909143502 5.956993122 
6.911417784 6.124059507 

5.061221479 5.950459828 
4.825136192 5.986671129 

3.468492984 1.016900967 
3.747871683 0.913086727 

6.911304662 7.808157434 
6.879602118 7.989878434 

1.892262769 7.923621205 
1.963021834 7.984030767 

2.035826041 8.054437406 
1.963021834 7.984030767 

2.498665405 5.886292056 
2.492532659 5.941680089 

2.486399913 5.997068122 
2.492532659 5.941680089 

2.881846151 2.251381044 
3.010590238 2.228817444 

3.843888547 7.162539752 
4.050274173 7.196201831 

4.256234699 7.249215836 
4.050274173 7.196201831 

1.957397039 7.57471604 
1.926051274 7.699067063 

2.645038214 8.501056577 
2.769379787 8.257390414 

0.8281480754 7.990693149 
0.863872553 7.875670705 

4.456000064 1.320306004 
4.289265247 1.38320669 

4.113666334 1.453977959 
4.289265247 1.38320669 

5.907439788 6.50784851 
5.840720359 6.499913619 

5.766460712 6.521607138 
5.840720359 6.499913619 

4.034219487 3.056901168 
4.175072437 3.073411006 

4.308329635 3.099003644 
4.175072437 3.073411006 

2.130444251 6.716809826 
1.969710835 6.730059935 

1.810043809 6.742911772 
1.969710835 6.730059935 

1.719066052 7.353222819 
1.677454725 7.453149068 

1.604532394 7.489499391 
1.638077696 7.406152026 

1.719066052 7.353222819 
1.638077696 7.406152026 

2.238792259 3.599782862 
2.096797269 3.493102831 

2.238792259 3.599782862 
2.423079662 3.66852304 

2.607404125 3.734589679 
2.423079662 3.66852304 

2.066805431 7.541217493 
1.957397039 7.57471604 

6.391952231 7.321437414 
6.490865213 7.380807345 

6.590124188 7.439957691 
6.490865213 7.380807345 

3.690537387 7.940128784 
3.338690208 8.024609108 

1.607178732 1.778416379 
1.661114983 1.385264057 

6.656141431 6.132005789 
6.911417784 6.124059507 

1.607178732 1.778416379 
1.591759251 1.913199005 

1.583910534 2.058692672 
1.591759251 1.913199005 

5.675568443 4.715350844 
5.665742516 4.832025944 

5.658719827 4.948728994 
5.665742516 4.832025944 

3.128626517 2.15817134 
3.010590238 2.228817444 

6.30065167 4.768990169 
6.357436285 4.878287056 

6.430937978 4.973789777 
6.357436285 4.878287056 

7.173056182 5.875133827 
7.006880907 5.850611913 

7.148233466 5.174865356 
6.932009404 5.156811546 

6.750118805 5.14461439 
6.932009404 5.156811546 

5.786917368 6.19535913 
5.862687976 6.400366333 

7.337804981 7.29131003 
7.447281783 6.901082122 

7.544566725 6.499620533 
7.447281783 6.901082122 

0.6985669489 7.588624002 
0.5163077122 7.563358549 

6.06917097 6.322953554 
6.245393996 6.062002065 

2.690331919 7.313194747 
2.735092023 7.381075312 

2.759735702 7.447918675 
2.735092023 7.381075312 

2.681347727 1.756735745 
2.760980259 1.645374334 

2.804459608 1.552012759 
2.760980259 1.645374334 

4.918518582 1.743924297 
4.780095099 1.717863725 

4.652350907 1.688883096 
4.780095099 1.717863725 

1.173502544 9.282143129 
1.273779643 9.298321535 

1.36349333 9.26017753 
1.273779643 9.298321535 

3.622505455 2.08007795 
3.930862313 2.152334068 

2.639161455 2.672163868 
2.520665331 2.808183631 

2.383420071 2.956347506 
2.520665331 2.808183631 

2.947591872 1.766540457 
2.760980259 1.645374334 

3.338087523 6.492445581 
3.345073842 6.752987394 

3.352060161 7.013529208 
3.345073842 6.752987394 

7.641066075 6.092428886 
7.602789794 6.18084047 

7.573087301 6.225542292 
7.602789794 6.18084047 

7.408738002 6.656224723 
7.622304923 6.724227696 

3.753331986 8.523409919 
3.562240833 8.285108201 

3.338690208 8.024609108 
3.562240833 8.285108201 

1.749608273 1.817914008 
1.747392853 1.90944607 

4.697086214 6.480991506 
4.819425637 6.408074927 

4.948334613 6.340663594 
4.819425637 6.408074927 

2.024933564 2.5459014 
2.080241954 2.435858051 

2.146703291 2.323585406 
2.080241954 2.435858051 

5.862687976 6.400366333 
5.840720359 6.499913619 

2.772285892 0.9370954794 
2.576161147 0.9173744561 

2.387027597 0.9229557119 
2.576161147 0.9173744561 

4.981666775 7.164032105 
5.083265842 7.226422996 

5.191279749 7.284825412 
5.083265842 7.226422996 

3.583078792 1.792975854 
3.433033164 1.719431586 

7.173056182 5.875133827 
7.069331501 5.755491317 

6.956732455 5.635368172 
7.069331501 5.755491317 

7.148233466 5.174865356 
7.023134531 5.288709309 

6.896251618 5.382713516 
7.023134531 5.288709309 

1.755221376 1.187061435 
1.707284731 1.29000603 

1.661114983 1.385264057 
1.707284731 1.29000603 

5.605622977 5.450262142 
5.656188592 5.528626235 

5.704318904 5.608452231 
5.656188592 5.528626235 

1.173502544 9.282143129 
1.21016973 9.023747995 

1.243436217 8.76442761 
1.21016973 9.023747995 

6.06917097 6.322953554 
6.027432836 6.44911619 

5.975745621 6.572416202 
6.027432836 6.44911619 

4.519901854 5.29594104 
4.575720741 5.307404774 

4.631539629 5.318868507 
4.575720741 5.307404774 

2.346849152 8.353582655 
2.307217014 8.538273827 

1.973129136 0.8080655371 
2.026477123 0.7646926518 

2.079825111 0.7213197664 
2.026477123 0.7646926518 

5.567030676 6.513904916 
5.466267838 6.590550945 

5.365505 6.667196975 
5.466267838 6.590550945 

5.907439788 6.50784851 
6.027432836 6.44911619 

4.377755848 7.619593337 
4.681508148 7.82442715 

4.98995775 8.026610284 
4.681508148 7.82442715 

1.790979607 7.588632465 
1.957397039 7.57471604 

2.583495934 7.595994014 
2.739158603 7.67148295 

2.881724852 7.743165903 
2.739158603 7.67148295 

1.824173258 2.170982393 
1.880830609 1.981831756 

2.533511885 7.103186291 
2.707605748 7.131962102 

2.879978277 7.166452413 
2.707605748 7.131962102 

4.94043126 1.981950484 
4.715232424 1.828400208 

2.182302031 3.33412807 
1.986476794 3.396197692 

0.372710261 8.143943957 
0.450331188 8.027223095 

0.527952115 7.910502233 
0.450331188 8.027223095 

2.270482482 6.402042301 
2.323446618 6.246262226 

4.94043126 1.981950484 
4.923000398 1.864240614 

4.918518582 1.743924297 
4.923000398 1.864240614 

2.270482482 6.402042301 
2.145542225 6.378080111 

2.020601967 6.354117921 
2.145542225 6.378080111 

4.971621604 7.673326345 
5.147822235 7.896782768 

6.157739179 6.696815217 
6.261327377 6.587864704 

6.347721639 6.472276249 
6.261327377 6.587864704 

6.627502729 5.675855735 
6.47349983 6.092702679 

4.348489955 2.83800096 
4.251427484 2.854027134 

4.154365013 2.870053307 
4.251427484 2.854027134 

6.027432836 6.44911619 
6.066404743 6.547710595 

7.023134531 5.288709309 
7.088069028 5.387900576 

3.204799672 1.893458674 
3.31744972 1.967818072 

3.430099768 2.04217747 
3.31744972 1.967818072 

6.218408171 5.847884517 
6.175913631 5.893798669 

6.133419091 5.939712821 
6.175913631 5.893798669 

3.562240833 8.285108201 
3.532064387 8.354315881 

2.224852429 7.708064234 
2.238285564 7.509781615 

2.171958929 8.316776761 
2.203547819 8.208556585 

2.23513671 8.100336408 
2.203547819 8.208556585 

