1.455929498 8.144694909 
1.718217635 7.817558195 

3.194797554 0.8806302264 
2.960850043 1.758731992 

7.45391574 5.52632115 
7.553499198 6.508579983 

2.960850043 1.758731992 
3.574963394 1.785770715 

2.411977083 7.699617571 
2.911511926 7.743697009 

3.719955967 7.542481593 
2.911511926 7.743697009 

4.435940347 2.700501326 
4.529765357 3.341581714 

2.038547318 8.059521582 
2.142191261 7.767413006 

5.059527168 6.607380832 
4.771117856 6.779683285 

2.766708671 8.85536926 
3.278104075 8.933806955 

2.038547318 8.059521582 
1.972631735 8.219082645 

4.754528885 4.760345426 
4.471534652 4.504793822 

5.656601749 4.958059548 
5.606292863 5.443836127 

2.960850043 1.758731992 
3.193449163 1.864255905 

6.370713357 6.445165434 
6.681121491 6.121209466 

5.946333511 6.802324578 
6.067948068 6.560175222 

6.495868205 5.239291782 
6.916845311 5.981623382 

2.861011769 2.453437576 
3.069412674 2.325599135 

6.916845311 5.981623382 
6.681121491 6.121209466 

2.766708671 8.85536926 
2.064359974 8.492039587 

0.8072468761 7.192439929 
0.452435165 6.739773356 

1.631871838 7.001708717 
1.373840732 7.233414877 

1.972631735 8.219082645 
1.663259321 8.535007246 

2.092477023 7.239371072 
1.631871838 7.001708717 

3.745724099 0.8892394322 
3.751956329 1.434354756 

7.553499198 6.508579983 
6.935964661 7.077653252 

6.370713357 6.445165434 
6.718708366 6.559963517 

3.741437432 2.99509956 
4.021126421 3.064027776 

1.455929498 8.144694909 
1.312716794 7.722951969 

1.972631735 8.219082645 
1.718217635 7.817558195 

1.718217635 7.817558195 
1.906112498 7.681872534 

2.092477023 7.239371072 
1.579262611 6.703846863 

6.495868205 5.239291782 
6.633782065 5.6787057 

4.435940347 2.700501326 
5.030184093 2.543593456 

2.064359974 8.492039587 
1.85810442 8.837272557 

2.276190716 6.402456092 
2.157861944 6.736617636 

6.073624765 7.09143458 
5.946333511 6.802324578 

7.553499198 6.508579983 
6.903841832 6.324387778 

6.681121491 6.121209466 
6.903841832 6.324387778 

3.332338169 2.19831143 
3.069412674 2.325599135 

3.765289621 1.807638545 
3.574963394 1.785770715 

4.195346163 4.148007437 
4.025739493 3.824975798 

4.771117856 6.779683285 
4.677411601 6.478001401 

7.33910329 7.288737039 
6.809543028 7.376007229 

5.481932453 6.037073215 
5.82568711 6.096310651 

4.471534652 4.504793822 
4.340947333 4.341108605 

4.195346163 4.148007437 
4.340947333 4.341108605 

2.642099163 2.656805501 
2.861011769 2.453437576 

2.411977083 7.699617571 
2.592910639 7.58665089 

6.916845311 5.981623382 
7.308159181 6.104899689 

5.191329726 7.284994371 
4.816043557 7.40976724 

6.073624765 7.09143458 
5.74242607 7.380111834 

3.151155331 3.28919311 
3.206572307 2.784019774 

1.890707965 2.853072555 
2.444515927 3.248261254 

2.513357231 1.967034185 
2.724164756 2.11996108 

4.677411601 6.478001401 
4.374177229 6.638183882 

1.663259321 8.535007246 
1.515627574 8.924127063 

2.771660209 8.251798865 
2.911511926 7.743697009 

2.724164756 2.11996108 
2.147076022 2.317688649 

2.147076022 2.317688649 
2.330824976 2.424576803 

5.74242607 7.380111834 
5.715223796 7.083134818 

0.7007226312 7.589057413 
0.9928290378 7.656984199 

1.312716794 7.722951969 
0.9928290378 7.656984199 

6.809543028 7.376007229 
6.935964661 7.077653252 

4.204094599 2.335843762 
4.536699492 2.390634844 

1.663259321 8.535007246 
1.85810442 8.837272557 

1.631871838 7.001708717 
1.179154269 6.942732392 

2.092477023 7.239371072 
2.150953813 7.423824444 

1.574389786 1.771598468 
2.147076022 2.317688649 

6.544150521 6.865872767 
7.17633943 6.663459496 

1.179154269 6.942732392 
0.8072468761 7.192439929 

6.809543028 7.376007229 
6.911304662 7.808157434 

5.059527168 6.607380832 
5.212870749 6.383567146 

5.58602111 7.694106963 
5.749912044 7.772456159 

6.058453551 7.882245075 
5.749912044 7.772456159 

7.17633943 6.663459496 
6.935964661 7.077653252 

3.151155331 3.28919311 
2.974027363 3.394720989 

2.528703649 8.589494372 
2.771660209 8.251798865 

1.718217635 7.817558195 
1.103656406 8.026925817 

1.906112498 7.681872534 
1.870295738 7.471816133 

2.150953813 7.423824444 
1.870295738 7.471816133 

3.624713019 2.078195168 
3.765289621 1.807638545 

2.53457747 3.801052782 
2.444515927 3.248261254 

6.633782065 5.6787057 
6.916845311 5.981623382 

3.193449163 1.864255905 
3.401223267 1.821266242 

3.769911686 8.514397191 
3.119907733 8.329203232 

2.771660209 8.251798865 
3.119907733 8.329203232 

5.74242607 7.380111834 
6.058453551 7.882245075 

3.114456834 6.151267251 
2.738543383 6.29665996 

1.243436217 8.76442761 
1.515627574 8.924127063 

1.455929498 8.144694909 
1.641284374 8.329011563 

4.677411601 6.478001401 
5.212870749 6.383567146 

3.194797554 0.8806302264 
3.485883925 1.010358509 

4.435940347 2.700501326 
4.536699492 2.390634844 

2.528703649 8.589494372 
2.348646209 8.351189249 

4.918518582 1.743924297 
4.155084219 1.940142309 

3.624713019 2.078195168 
4.155084219 1.940142309 

6.289406883 8.001710294 
6.207288987 7.372948015 

6.073624765 7.09143458 
6.207288987 7.372948015 

6.718708366 6.559963517 
6.94977776 6.612401798 

3.194797554 0.8806302264 
3.162027399 0.2848368239 

2.444515927 3.248261254 
2.378847247 3.429043578 

7.17633943 6.663459496 
6.94977776 6.612401798 

4.536699492 2.390634844 
4.781958286 2.425838938 

5.569760891 6.484970768 
5.764410315 6.520825173 

0.8072468761 7.192439929 
1.060357517 7.470361943 

2.960850043 1.758731992 
2.821967715 1.560937487 

1.179154269 6.942732392 
1.174013448 6.219564817 

2.092477023 7.239371072 
2.003523874 7.046464246 

3.119907733 8.329203232 
3.070337001 8.057589584 

4.249687845 5.91184083 
4.19188157 6.284613689 

3.922674747 6.841827852 
4.19188157 6.284613689 

3.751956329 1.434354756 
3.917583708 1.592845694 

0.3452568342 8.142243697 
0.7134611956 8.329878704 

5.606292863 5.443836127 
5.452565662 5.681472346 

3.624713019 2.078195168 
3.536858403 2.270168745 

7.45391574 5.52632115 
6.954960669 5.64691694 

1.85810442 8.837272557 
1.588369795 9.072041422 

1.150636529 9.290205736 
1.588369795 9.072041422 

6.94977776 6.612401798 
6.544150521 6.865872767 

5.82568711 6.096310651 
6.136182432 5.954856628 

3.194797554 0.8806302264 
3.165549924 1.329392574 

3.574963394 1.785770715 
3.165549924 1.329392574 

6.253022805 5.647366554 
6.137565304 5.328192997 

0.452435165 6.739773356 
1.020143912 6.764795884 

1.179154269 6.942732392 
1.020143912 6.764795884 

5.191329726 7.284994371 
5.715223796 7.083134818 

4.771117856 6.779683285 
4.905454189 6.897399754 

3.278104075 8.933806955 
3.231196795 8.577363638 

6.903841832 6.324387778 
6.718708366 6.559963517 

2.513357231 1.967034185 
2.345972644 1.702282285 

2.147076022 2.317688649 
2.137000247 2.100784335 

1.41480983 2.322546652 
1.649729365 2.293344726 

6.073624765 7.09143458 
6.268492172 6.901202443 

5.946333511 6.802324578 
6.268492172 6.901202443 

2.592910639 7.58665089 
2.329890488 7.352096541 

2.177108818 9.172037931 
2.050824694 8.822226552 

2.064359974 8.492039587 
2.050824694 8.822226552 

6.935964661 7.077653252 
6.791848605 6.808868037 

6.544150521 6.865872767 
6.791848605 6.808868037 

2.411977083 7.699617571 
2.435262134 8.046632569 

2.348646209 8.351189249 
2.435262134 8.046632569 

7.280327675 7.769946677 
6.911304662 7.808157434 

3.745724099 0.8892394322 
3.589256519 0.7825848963 

4.727788381 5.64490358 
4.861324695 5.825599638 

3.069412674 2.325599135 
3.51765721 2.642141348 

2.150953813 7.423824444 
2.329890488 7.352096541 

2.386224512 0.9211721097 
2.255221156 0.6584045912 

7.308159181 6.104899689 
7.175380718 6.276802862 

4.377820806 7.617536705 
4.280753243 7.256060177 

4.280753243 7.256060177 
4.581309297 7.27912935 

1.85810442 8.837272557 
2.050824694 8.822226552 

6.289406883 8.001710294 
5.569294492 7.97378635 

7.136409976 5.149620619 
7.08715445 5.384122878 

5.569294492 7.97378635 
5.58602111 7.694106963 

1.103656406 8.026925817 
1.312716794 7.722951969 

0.3452568342 8.142243697 
0.6342004687 7.98364195 

1.890707965 2.853072555 
2.024933564 2.5459014 

2.911511926 7.743697009 
2.435262134 8.046632569 

4.45468275 1.321985313 
3.917583708 1.592845694 

2.911511926 7.743697009 
2.704388377 8.01269838 

5.656601749 4.958059548 
5.502716935 4.773582969 

5.138061136 4.802214629 
5.502716935 4.773582969 

5.715223796 7.083134818 
5.472123427 7.019102091 

3.119907733 8.329203232 
3.231196795 8.577363638 

6.067948068 6.560175222 
6.066694769 6.325072941 

5.82568711 6.096310651 
6.066694769 6.325072941 

4.581587291 1.797457324 
4.155084219 1.940142309 

2.528703649 8.589494372 
2.599790374 8.912719875 

3.162027399 0.2848368239 
3.351107372 0.696917459 

3.485883925 1.010358509 
3.351107372 0.696917459 

3.741437432 2.99509956 
3.742784314 3.261166188 

2.53457747 3.801052782 
2.378847247 3.429043578 

2.642099163 2.656805501 
2.610583184 3.155596826 

2.137000247 2.100784335 
2.724164756 2.11996108 

4.249687845 5.91184083 
4.729393996 6.291956647 

5.059527168 6.607380832 
4.729393996 6.291956647 

1.839908302 6.315904525 
1.579262611 6.703846863 

1.839908302 6.315904525 
1.931037333 6.16492801 

6.207288987 7.372948015 
5.74242607 7.380111834 

2.142191261 7.767413006 
2.227138155 7.51114176 

2.490515349 7.042259538 
2.227138155 7.51114176 

3.231196795 8.577363638 
3.367978884 8.398587152 

2.724164756 2.11996108 
2.444025877 2.184417048 

2.137000247 2.100784335 
1.803063518 2.159107649 

3.92595821 2.568189507 
3.617795197 2.521604833 

3.536858403 2.270168745 
3.617795197 2.521604833 

2.150953813 7.423824444 
2.227138155 7.51114176 

2.850557638 6.651403408 
3.338033377 6.490665069 

6.94977776 6.612401798 
7.25079276 6.531033926 

7.553499198 6.508579983 
7.25079276 6.531033926 

6.809543028 7.376007229 
6.590110263 7.439300979 

1.718217635 7.817558195 
1.454672864 8.024223015 

7.17633943 6.663459496 
7.410398382 6.65683261 

3.765289621 1.807638545 
4.114783193 1.453289198 

6.066694769 6.325072941 
6.136182432 5.954856628 

1.454672864 8.024223015 
1.455929498 8.144694909 

1.579262611 6.703846863 
1.668847979 6.391677841 

1.060357517 7.470361943 
0.4799449843 7.48029823 

2.48005221 6.001949876 
2.696271742 6.127017192 

2.738543383 6.29665996 
2.696271742 6.127017192 

2.771660209 8.251798865 
2.348646209 8.351189249 

2.861011769 2.453437576 
2.870734813 2.247568612 

2.935989891 2.063665639 
2.870734813 2.247568612 

1.179154269 6.942732392 
1.373840732 7.233414877 

2.378847247 3.429043578 
2.18139397 3.333890509 

2.329890488 7.352096541 
2.227138155 7.51114176 

1.060357517 7.470361943 
1.312716794 7.722951969 

1.060357517 7.470361943 
1.148962469 7.149510692 

1.179154269 6.942732392 
1.148962469 7.149510692 

4.729393996 6.291956647 
4.677411601 6.478001401 

3.922674747 6.841827852 
3.843761162 7.166460455 

3.719955967 7.542481593 
3.843761162 7.166460455 

2.610583184 3.155596826 
2.444515927 3.248261254 

2.003523874 7.046464246 
1.910531277 6.887286107 

3.151155331 3.28919311 
3.222534857 3.514761516 

5.138061136 4.802214629 
4.92151685 4.945257946 

4.754528885 4.760345426 
4.92151685 4.945257946 

5.656601749 4.958059548 
5.892133949 4.741830564 

0.9928290378 7.656984199 
1.060357517 7.470361943 

2.338653262 1.364715695 
2.062935736 1.352069722 

2.766708671 8.85536926 
2.599790374 8.912719875 

5.569760891 6.484970768 
5.620801502 6.736731773 

0.7134611956 8.329878704 
0.6342004687 7.98364195 

7.553499198 6.508579983 
7.641094061 6.095026939 

4.280753243 7.256060177 
3.922674747 6.841827852 

2.276190716 6.402456092 
1.931037333 6.16492801 

6.652834932 8.228995486 
6.744181392 7.971838254 

6.911304662 7.808157434 
6.744181392 7.971838254 

1.649729365 2.293344726 
1.613786873 2.422882986 

2.771660209 8.251798865 
3.070337001 8.057589584 

1.92580792 1.516292169 
1.898549511 1.692791398 

5.620801502 6.736731773 
5.946333511 6.802324578 

2.960850043 1.758731992 
2.935989891 2.063665639 

4.45468275 1.321985313 
4.548682758 1.609312425 

2.435262134 8.046632569 
2.704388377 8.01269838 

3.589256519 0.7825848963 
3.496209041 0.5054158132 

4.771117856 6.779683285 
4.510121819 6.956729787 

0.8072468761 7.192439929 
1.148962469 7.149510692 

3.617795197 2.521604833 
3.51765721 2.642141348 

3.193449163 1.864255905 
3.216278276 2.121009307 

3.332338169 2.19831143 
3.216278276 2.121009307 

1.41480983 2.322546652 
1.613786873 2.422882986 

1.641284374 8.329011563 
1.707794169 8.169855678 

2.624019495 0.4125318348 
2.74872574 0.7956864137 

3.069412674 2.325599135 
2.870734813 2.247568612 

4.435940347 2.700501326 
4.375645823 2.845232522 

2.911511926 7.743697009 
3.336537484 8.017297257 

1.803063518 2.159107649 
1.649729365 2.293344726 

4.31133383 3.096316788 
4.375645823 2.845232522 

2.850557638 6.651403408 
2.962909074 6.84415819 

2.137000247 2.100784335 
2.444025877 2.184417048 

3.206572307 2.784019774 
3.015007662 2.733508882 

2.945096794 2.918327519 
3.015007662 2.733508882 

2.704388377 8.01269838 
2.771660209 8.251798865 

5.58602111 7.694106963 
5.257110915 7.720701821 

0.8072468761 7.192439929 
1.020143912 6.764795884 

0.4799449843 7.48029823 
0.6097965164 7.339838454 

4.529765357 3.341581714 
4.545527839 3.134268205 

4.31133383 3.096316788 
4.545527839 3.134268205 

4.861324695 5.825599638 
5.081508787 5.939687369 

2.614263566 9.490834214 
2.753128093 9.137843132 

2.766708671 8.85536926 
2.753128093 9.137843132 

6.791848605 6.808868037 
6.718708366 6.559963517 

3.719955967 7.542481593 
4.080077325 7.61029722 

4.377820806 7.617536705 
4.080077325 7.61029722 

3.574963394 1.785770715 
3.43951042 1.653650502 

1.92580792 1.516292169 
2.062935736 1.352069722 

3.485883925 1.010358509 
3.589256519 0.7825848963 

6.137565304 5.328192997 
6.309063088 5.433693718 

6.495868205 5.239291782 
6.309063088 5.433693718 

0.7546983697 8.81753641 
0.5650978466 8.622290056 

2.960850043 1.758731992 
3.028999495 1.564498275 

5.74242607 7.380111834 
5.454051267 7.678043361 

4.990026163 8.056280196 
5.454051267 7.678043361 

7.175380718 6.276802862 
7.25079276 6.531033926 

6.916845311 5.981623382 
6.954960669 5.64691694 

2.142191261 7.767413006 
2.069389697 7.660289429 

1.373840732 7.233414877 
0.9584407125 6.984256782 

6.916845311 5.981623382 
7.187616331 5.877318511 

3.367978884 8.398587152 
3.533274927 8.348372927 

2.411977083 7.699617571 
2.227138155 7.51114176 

5.886590743 5.5622029 
6.137565304 5.328192997 

1.455929498 8.144694909 
1.514080176 8.398897505 

1.663259321 8.535007246 
1.514080176 8.398897505 

2.771660209 8.251798865 
2.77554349 8.477758736 

5.191329726 7.284994371 
5.257110915 7.720701821 

4.386734243 0.8887868528 
4.13230968 0.9214885145 

6.718708366 6.559963517 
6.598371016 6.697028093 

6.544150521 6.865872767 
6.598371016 6.697028093 

5.452565662 5.681472346 
5.081508787 5.939687369 

2.724164756 2.11996108 
2.935989891 2.063665639 

0.6342004687 7.98364195 
0.7007226312 7.589057413 

6.652834932 8.228995486 
6.9927527 8.034038623 

0.6342004687 7.98364195 
0.8650364017 7.874381836 

0.9928290378 7.656984199 
0.8650364017 7.874381836 

0.9584407125 6.984256782 
1.179154269 6.942732392 

4.548682758 1.609312425 
4.290406232 1.574948878 

4.114783193 1.453289198 
4.290406232 1.574948878 

4.155084219 1.940142309 
3.929772132 2.151206407 

1.613786873 2.422882986 
1.538483053 2.478579486 

3.285160218 3.904725454 
3.194365257 3.632100185 

2.974027363 3.394720989 
3.194365257 3.632100185 

2.724164756 2.11996108 
2.870734813 2.247568612 

5.212870749 6.383567146 
4.960448295 6.366868033 

4.729393996 6.291956647 
4.960448295 6.366868033 

4.727788381 5.64490358 
5.163680688 5.430433449 

1.668847979 6.391677841 
1.839908302 6.315904525 

3.028999495 1.564498275 
2.821967715 1.560937487 

2.87850488 7.16648376 
2.671612044 7.311623541 

2.738543383 6.29665996 
2.771359998 6.475369605 

1.174013448 6.219564817 
1.117370453 6.551545529 

1.020143912 6.764795884 
1.117370453 6.551545529 

1.579262611 6.703846863 
1.179154269 6.942732392 

3.165549924 1.329392574 
2.994117013 1.328660241 

3.028999495 1.564498275 
2.994117013 1.328660241 

1.174013448 6.219564817 
1.354249904 6.525640585 

1.579262611 6.703846863 
1.354249904 6.525640585 

0.7007226312 7.589057413 
0.5416140776 7.64128113 

7.410398382 6.65683261 
7.25079276 6.531033926 

4.529765357 3.341581714 
4.86592063 2.920836102 

5.030184093 2.543593456 
4.86592063 2.920836102 

2.276190716 6.402456092 
2.738543383 6.29665996 

6.30065167 4.768990169 
6.026093154 4.820758132 

5.892133949 4.741830564 
6.026093154 4.820758132 

3.194797554 0.8806302264 
3.351107372 0.696917459 

1.967460842 0.7940785436 
1.872481517 1.062416245 

6.791848605 6.808868037 
6.598371016 6.697028093 

1.103656406 8.026925817 
0.7304732973 8.102801454 

2.642099163 2.656805501 
3.015007662 2.733508882 

5.472123427 7.019102091 
5.66371176 6.900721117 

5.620801502 6.736731773 
5.66371176 6.900721117 

4.581587291 1.797457324 
4.715232424 1.828400208 

4.918518582 1.743924297 
4.715232424 1.828400208 

1.515627574 8.924127063 
1.365199298 9.074167336 

4.905454189 6.897399754 
4.98230409 7.165102078 

2.599790374 8.912719875 
2.753128093 9.137843132 

4.92151685 4.945257946 
4.834472763 5.166778146 

6.633782065 5.6787057 
6.891326465 5.374022067 

4.834472763 5.166778146 
4.521766167 5.294947923 

1.243436217 8.76442761 
1.514080176 8.398897505 

6.954960669 5.64691694 
6.891326465 5.374022067 

4.13230968 0.9214885145 
4.106986735 0.829219805 

2.821967715 1.560937487 
2.597535055 1.633647761 

2.345972644 1.702282285 
2.597535055 1.633647761 

3.719955967 7.542481593 
3.336537484 8.017297257 

3.719955967 7.542481593 
3.670817376 7.908464475 

3.332338169 2.19831143 
3.150398532 2.175810822 

2.935989891 2.063665639 
3.150398532 2.175810822 

4.990026163 8.056280196 
4.965403868 7.644710221 

4.816043557 7.40976724 
4.965403868 7.644710221 

4.581309297 7.27912935 
4.510121819 6.956729787 

2.513357231 1.967034185 
2.597535055 1.633647761 

3.515616682 3.299798701 
3.629032881 3.254464637 

3.742784314 3.261166188 
3.629032881 3.254464637 

1.60017639 7.496725692 
1.870295738 7.471816133 

2.038547318 8.059521582 
2.245146721 8.084105511 

2.435262134 8.046632569 
2.245146721 8.084105511 

3.3415149 7.017217098 
3.110761567 7.051835244 

2.87850488 7.16648376 
3.110761567 7.051835244 

1.906112498 7.681872534 
2.069389697 7.660289429 

3.114456834 6.151267251 
2.696271742 6.127017192 

5.064728037 2.160002069 
4.94043126 1.981950484 

4.729393996 6.291956647 
4.528359852 6.1288965 

2.177108818 9.172037931 
2.368392468 8.885403422 

2.528703649 8.589494372 
2.368392468 8.885403422 

1.631871838 7.001708717 
1.717984102 7.350174463 

4.114783193 1.453289198 
4.386734243 0.8887868528 

7.33910329 7.288737039 
7.191100887 7.09964234 

3.119907733 8.329203232 
2.77554349 8.477758736 

2.77554349 8.477758736 
3.004769381 8.640663249 

5.059527168 6.607380832 
4.960448295 6.366868033 

1.373840732 7.233414877 
1.717984102 7.350174463 

2.53457747 3.801052782 
2.666780885 3.432009621 

2.610583184 3.155596826 
2.666780885 3.432009621 

6.891326465 5.374022067 
7.08715445 5.384122878 

4.781958286 2.425838938 
4.581484678 2.591885211 

4.435940347 2.700501326 
4.581484678 2.591885211 

3.150398532 2.175810822 
3.216278276 2.121009307 

4.727788381 5.64490358 
4.848033453 5.422441299 

4.386734243 0.8887868528 
4.106986735 0.829219805 

1.455929498 8.144694909 
1.707794169 8.169855678 

3.624713019 2.078195168 
3.421079097 2.043349499 

6.058453551 7.882245075 
6.068410905 8.175144937 

2.038547318 8.059521582 
1.906112498 7.681872534 

6.268492172 6.901202443 
6.168619862 6.705114499 

3.069412674 2.325599135 
3.150398532 2.175810822 

3.070337001 8.057589584 
3.336537484 8.017297257 

3.004769381 8.640663249 
3.091110264 8.71673077 

5.454051267 7.678043361 
5.58602111 7.694106963 

2.642099163 2.656805501 
2.735538822 2.859376552 

2.945096794 2.918327519 
2.735538822 2.859376552 

7.553499198 6.508579983 
7.622445477 6.723034956 

3.069412674 2.325599135 
3.079621819 2.506460415 

2.624019495 0.4125318348 
2.393174995 0.6895983999 

2.255221156 0.6584045912 
2.393174995 0.6895983999 

1.668847979 6.391677841 
1.713471681 6.17125743 

3.114456834 6.151267251 
3.094109095 6.320249865 

3.079621819 2.506460415 
2.861011769 2.453437576 

4.990026163 8.056280196 
5.144824673 7.895703929 

5.257110915 7.720701821 
5.144824673 7.895703929 

2.386224512 0.9211721097 
2.459120932 0.7154054084 

2.614263566 9.490834214 
2.544652447 9.143872241 

2.599790374 8.912719875 
2.544652447 9.143872241 

3.485883925 1.010358509 
3.262249027 1.125960985 

3.165549924 1.329392574 
3.262249027 1.125960985 

2.18139397 3.333890509 
2.096919208 3.494901927 

4.114783193 1.453289198 
4.010659431 1.472273972 

3.917583708 1.592845694 
4.010659431 1.472273972 

1.41480983 2.322546652 
1.538483053 2.478579486 

1.41480983 2.322546652 
1.583201313 2.066086322 

0.7304732973 8.102801454 
0.6342004687 7.98364195 

7.308159181 6.104899689 
7.406528518 6.168247298 

4.204094599 2.335843762 
4.435940347 2.700501326 

4.155084219 1.940142309 
4.271141156 2.128623228 

2.459120932 0.7154054084 
2.477959679 0.5562792966 

1.060357517 7.470361943 
1.25846426 7.442325306 

5.059527168 6.607380832 
4.905454189 6.897399754 

1.150636529 9.290205736 
1.37440309 8.68117195 

3.496209041 0.5054158132 
3.343894154 0.5061791399 

4.510121819 6.956729787 
4.374177229 6.638183882 

0.9584407125 6.984256782 
0.8072468761 7.192439929 

2.592910639 7.58665089 
2.741586205 7.574630949 

7.175380718 6.276802862 
7.406528518 6.168247298 

2.348646209 8.351189249 
2.171958929 8.316776761 

2.064359974 8.492039587 
2.171958929 8.316776761 

6.9927527 8.034038623 
6.911304662 7.808157434 

0.452435165 6.739773356 
0.7243731257 6.620679752 

0.7304732973 8.102801454 
0.7134611956 8.329878704 

0.7134611956 8.329878704 
0.7357586349 8.5307423 

6.253022805 5.647366554 
6.633782065 5.6787057 

7.280327675 7.769946677 
7.158942654 7.509741421 

1.243436217 8.76442761 
1.37440309 8.68117195 

3.285160218 3.904725454 
3.54413822 3.856924144 

3.738907013 3.971347569 
3.54413822 3.856924144 

5.74242607 7.380111834 
5.801400081 7.594095762 

5.749912044 7.772456159 
5.801400081 7.594095762 

1.103656406 8.026925817 
0.8650364017 7.874381836 

1.243436217 8.76442761 
1.043995058 8.696626174 

2.142191261 7.767413006 
2.245146721 8.084105511 

4.280753243 7.256060177 
3.987172858 7.443506564 

3.719955967 7.542481593 
3.987172858 7.443506564 

2.513357231 1.967034185 
2.681914395 1.776247831 

2.142191261 7.767413006 
2.216300563 7.703479888 

2.411977083 7.699617571 
2.216300563 7.703479888 

3.194797554 0.8806302264 
3.262249027 1.125960985 

6.289406883 8.001710294 
6.467597421 8.21204047 

2.038547318 8.059521582 
2.357042906 7.889802902 

6.30065167 4.768990169 
6.159010685 5.065369245 

2.911511926 7.743697009 
3.007696164 7.917494289 

3.070337001 8.057589584 
3.007696164 7.917494289 

2.357042906 7.889802902 
2.216300563 7.703479888 

6.718708366 6.559963517 
6.589834438 6.440932482 

4.080077325 7.61029722 
3.987172858 7.443506564 

6.589834438 6.440932482 
6.598371016 6.697028093 

6.253022805 5.647366554 
6.020387603 5.870607519 

5.82568711 6.096310651 
6.020387603 5.870607519 

2.357042906 7.889802902 
2.411977083 7.699617571 

0.8529986416 6.457227654 
1.049751593 6.376775904 

2.444025877 2.184417048 
2.465298483 2.33607901 

5.366125527 6.667013289 
5.620801502 6.736731773 

2.741586205 7.574630949 
2.911511926 7.743697009 

2.704388377 8.01269838 
3.007696164 7.917494289 

4.19188157 6.284613689 
4.528359852 6.1288965 

6.791848605 6.808868037 
6.865249951 6.70332245 

6.94977776 6.612401798 
6.865249951 6.70332245 

4.19188157 6.284613689 
4.250733973 6.480017827 

4.374177229 6.638183882 
4.250733973 6.480017827 

5.715223796 7.083134818 
5.66371176 6.900721117 

5.946333511 6.802324578 
5.66371176 6.900721117 

7.406528518 6.168247298 
7.473424986 6.226048824 

7.08715445 5.384122878 
7.45391574 5.52632115 

2.444515927 3.248261254 
2.383420071 2.956347506 

3.351107372 0.696917459 
3.589256519 0.7825848963 

4.848033453 5.422441299 
5.163680688 5.430433449 

4.990026163 8.056280196 
5.146831633 7.608739504 

4.204094599 2.335843762 
4.296970376 2.212099341 

4.271141156 2.128623228 
4.296970376 2.212099341 

2.329890488 7.352096541 
2.092477023 7.239371072 

5.481932453 6.037073215 
5.24132978 6.010074931 

5.081508787 5.939687369 
5.24132978 6.010074931 

7.08715445 5.384122878 
7.031173375 5.514674778 

6.954960669 5.64691694 
7.031173375 5.514674778 

4.021126421 3.064027776 
4.153251348 2.871388193 

6.544150521 6.865872767 
6.168619862 6.705114499 

7.25079276 6.531033926 
7.17633943 6.663459496 

6.066694769 6.325072941 
5.845471017 6.400953501 

5.764410315 6.520825173 
5.845471017 6.400953501 

6.136182432 5.954856628 
6.020387603 5.870607519 

1.931037333 6.16492801 
1.792704406 6.027235324 

2.357042906 7.889802902 
2.435262134 8.046632569 

1.312716794 7.722951969 
1.326836187 7.943567844 

4.45468275 1.321985313 
4.358849284 1.185097927 

5.138061136 4.802214629 
5.015813209 5.193063562 

5.916554983 6.501592865 
5.845471017 6.400953501 

1.803063518 2.159107649 
1.583201313 2.066086322 

0.452435165 6.739773356 
0.6921385831 6.869905111 

0.9584407125 6.984256782 
0.6921385831 6.869905111 

6.903841832 6.324387778 
6.589834438 6.440932482 

0.5650978466 8.622290056 
0.6590468037 8.555787254 

0.7357586349 8.5307423 
0.6590468037 8.555787254 

1.60017639 7.496725692 
1.373840732 7.233414877 

1.79059391 9.269711335 
1.704131274 9.168244679 

1.588369795 9.072041422 
1.704131274 9.168244679 

3.670817376 7.908464475 
3.533274927 8.348372927 

1.60017639 7.496725692 
1.791337723 7.589219062 

1.906112498 7.681872534 
1.791337723 7.589219062 

1.995373136 3.375865071 
1.942272269 3.456804977 

1.658383926 3.291279988 
1.942272269 3.456804977 

1.354249904 6.525640585 
1.117370453 6.551545529 

1.514080176 8.398897505 
1.641284374 8.329011563 

2.088625758 5.909922906 
2.214599138 6.018524564 

2.393567602 6.227184735 
2.214599138 6.018524564 

4.848033453 5.422441299 
5.015813209 5.193063562 

3.343894154 0.5061791399 
3.3850998 0.3751713059 

1.661145595 1.38663658 
1.924158008 1.319583307 

2.062935736 1.352069722 
1.924158008 1.319583307 

3.765289621 1.807638545 
3.936685718 1.868032431 

2.064359974 8.492039587 
1.663259321 8.535007246 

1.103656406 8.026925817 
1.326836187 7.943567844 

1.839908302 6.315904525 
2.020601967 6.354117921 

1.92580792 1.516292169 
1.924158008 1.319583307 

5.715223796 7.083134818 
5.870115207 7.069072646 

1.41480983 2.322546652 
1.635197689 2.194081436 

1.803063518 2.159107649 
1.635197689 2.194081436 

4.09954026 0.6448547418 
4.095302867 0.7455528844 

4.106986735 0.829219805 
4.095302867 0.7455528844 

3.285160218 3.904725454 
3.381493342 3.723646231 

3.222534857 3.514761516 
3.381493342 3.723646231 

5.569294492 7.97378635 
5.43997769 8.162172756 

0.8529986416 6.457227654 
0.7880830285 6.548264135 

0.7243731257 6.620679752 
0.7880830285 6.548264135 

2.960850043 1.758731992 
2.681914395 1.776247831 

7.187616331 5.877318511 
7.237263821 5.718829094 

2.096919208 3.494901927 
2.048486161 3.460765662 

1.995373136 3.375865071 
2.048486161 3.460765662 

2.974027363 3.394720989 
2.806225327 3.552149606 

4.990026163 8.056280196 
5.191586413 8.115030453 

5.212870749 6.383567146 
5.24132978 6.010074931 

3.351107372 0.696917459 
3.343894154 0.5061791399 

6.544150521 6.865872767 
6.376458991 6.682168158 

6.370713357 6.445165434 
6.376458991 6.682168158 

3.51765721 2.642141348 
3.31171289 2.376947435 

3.332338169 2.19831143 
3.31171289 2.376947435 

3.278104075 8.933806955 
2.875560546 8.693913218 

2.528703649 8.589494372 
2.875560546 8.693913218 

3.751956329 1.434354756 
3.630518577 1.601612949 

3.574963394 1.785770715 
3.630518577 1.601612949 

5.191586413 8.115030453 
5.144824673 7.895703929 

2.069389697 7.660289429 
2.067277384 7.540837186 

2.150953813 7.423824444 
2.067277384 7.540837186 

1.890707965 2.853072555 
1.709630847 2.72307032 

2.821967715 1.560937487 
2.898721129 1.433905748 

2.994117013 1.328660241 
2.898721129 1.433905748 

6.544150521 6.865872767 
6.423495467 6.845107368 

6.268492172 6.901202443 
6.423495467 6.845107368 

3.92595821 2.568189507 
4.204094599 2.335843762 

3.92595821 2.568189507 
3.699309478 2.347496599 

3.624713019 2.078195168 
3.699309478 2.347496599 

2.386224512 0.9211721097 
2.393174995 0.6895983999 

3.222534857 3.514761516 
3.194365257 3.632100185 

6.253022805 5.647366554 
6.209790554 5.845846423 

2.477959679 0.5562792966 
2.393174995 0.6895983999 

1.668847979 6.391677841 
1.354249904 6.525640585 

1.579262611 6.703846863 
1.810181181 6.743904436 

1.870295738 7.471816133 
1.717984102 7.350174463 

5.146831633 7.608739504 
4.965403868 7.644710221 

7.237263821 5.718829094 
7.303889201 5.622867131 

3.769911686 8.514397191 
3.722262112 8.255577695 

3.670817376 7.908464475 
3.722262112 8.255577695 

1.635197689 2.194081436 
1.649729365 2.293344726 

5.886590743 5.5622029 
5.70338388 5.609120892 

3.332338169 2.19831143 
3.421079097 2.043349499 

7.473424986 6.226048824 
7.530823514 6.215630692 

2.724164756 2.11996108 
2.768461704 2.298381439 

2.861011769 2.453437576 
2.768461704 2.298381439 

5.946333511 6.802324578 
5.737772934 6.655744258 

5.569760891 6.484970768 
5.737772934 6.655744258 

4.249687845 5.91184083 
4.825854733 5.986662947 

5.481932453 6.037073215 
4.825854733 5.986662947 

2.490515349 7.042259538 
2.415871869 7.228827905 

2.329890488 7.352096541 
2.415871869 7.228827905 

3.3415149 7.017217098 
3.366726536 7.229087713 

4.727788381 5.64490358 
4.825854733 5.986662947 

6.289406883 8.001710294 
6.198884642 8.001336044 

2.214457899 3.638416728 
2.007432821 3.458326219 

4.025739493 3.824975798 
4.26576683 3.570625085 

4.529765357 3.341581714 
4.26576683 3.570625085 

3.741437432 2.99509956 
3.629032881 3.254464637 

4.861324695 5.825599638 
4.825854733 5.986662947 

6.935964661 7.077653252 
7.064390189 6.946363564 

5.764410315 6.520825173 
5.737772934 6.655744258 

1.365199298 9.074167336 
1.36395215 9.171609539 

1.414079083 2.681228455 
1.508396245 2.606527404 

1.538483053 2.478579486 
1.508396245 2.606527404 

3.536858403 2.270168745 
3.699309478 2.347496599 

6.495868205 5.239291782 
6.748254964 5.145137398 

2.704388377 8.01269838 
2.526247315 7.939223349 

2.357042906 7.889802902 
2.526247315 7.939223349 

6.067948068 6.560175222 
5.978271627 6.598658754 

5.916554983 6.501592865 
5.978271627 6.598658754 

4.155084219 1.940142309 
3.936685718 1.868032431 

7.45391574 5.52632115 
7.355822608 5.582849118 

7.303889201 5.622867131 
7.355822608 5.582849118 

7.280327675 7.769946677 
7.108562887 7.86662363 

6.9927527 8.034038623 
7.108562887 7.86662363 

3.43951042 1.653650502 
3.288769654 1.4531667 

3.165549924 1.329392574 
3.288769654 1.4531667 

2.766708671 8.85536926 
2.875560546 8.693913218 

5.191586413 8.115030453 
5.290835482 8.118782123 

4.510121819 6.956729787 
4.35989125 7.053972687 

4.280753243 7.256060177 
4.35989125 7.053972687 

6.207288987 7.372948015 
6.402682837 7.296336266 

2.77554349 8.477758736 
2.875560546 8.693913218 

1.972631735 8.219082645 
2.171958929 8.316776761 

7.500394131 6.939121189 
7.583222754 6.819820403 

7.622445477 6.723034956 
7.583222754 6.819820403 

1.37440309 8.68117195 
1.514080176 8.398897505 

3.401223267 1.821266242 
3.421079097 2.043349499 

1.972631735 8.219082645 
1.944443426 8.412149637 

2.741586205 7.574630949 
2.75961042 7.448103111 

5.74242607 7.380111834 
5.665480738 7.543191595 

5.58602111 7.694106963 
5.665480738 7.543191595 

3.922674747 6.841827852 
4.137555916 6.737551095 

4.374177229 6.638183882 
4.137555916 6.737551095 

2.74872574 0.7956864137 
2.797765372 0.9568815697 

1.37440309 8.68117195 
1.337173705 8.39194249 

0.7007226312 7.589057413 
0.4799449843 7.48029823 

1.870295738 7.471816133 
1.791337723 7.589219062 

2.177108818 9.172037931 
2.392948789 9.324324776 

2.614263566 9.490834214 
2.392948789 9.324324776 

2.338653262 1.364715695 
2.62707129 1.582711259 

2.960850043 1.758731992 
2.62707129 1.582711259 

6.168619862 6.705114499 
6.376458991 6.682168158 

5.059527168 6.607380832 
5.186450543 6.660476183 

5.366125527 6.667013289 
5.186450543 6.660476183 

5.257110915 7.720701821 
5.146831633 7.608739504 

2.255221156 0.6584045912 
2.077860841 0.7164307407 

1.910531277 6.887286107 
1.810181181 6.743904436 

0.5416140776 7.64128113 
0.5163077122 7.563358549 

0.4799449843 7.48029823 
0.5163077122 7.563358549 

2.490515349 7.042259538 
2.962909074 6.84415819 

2.088625758 5.909922906 
2.294172343 5.897094281 

2.493086097 5.867168777 
2.294172343 5.897094281 

1.658383926 3.291279988 
1.869631884 3.396109958 

2.007432821 3.458326219 
1.869631884 3.396109958 

3.366726536 7.229087713 
3.435123939 7.322980125 

2.962909074 6.84415819 
3.110761567 7.051835244 

3.206572307 2.784019774 
3.345511418 2.675456654 

3.51765721 2.642141348 
3.345511418 2.675456654 

3.533274927 8.348372927 
3.722262112 8.255577695 

3.094109095 6.320249865 
3.130025283 6.406252923 

2.383420071 2.956347506 
2.577849953 2.909526069 

2.735538822 2.859376552 
2.577849953 2.909526069 

4.581309297 7.27912935 
4.35989125 7.053972687 

4.581309297 7.27912935 
4.718386855 7.309359487 

4.816043557 7.40976724 
4.718386855 7.309359487 

1.631871838 7.001708717 
1.737467148 7.239428841 

1.870295738 7.471816133 
1.737467148 7.239428841 

4.861324695 5.825599638 
5.047869568 5.670788065 

5.163680688 5.430433449 
5.047869568 5.670788065 

2.870734813 2.247568612 
2.768461704 2.298381439 

0.3452568342 8.142243697 
0.8252943362 7.99016591 

1.312716794 7.722951969 
0.8252943362 7.99016591 

5.801400081 7.594095762 
5.665480738 7.543191595 

2.490515349 7.042259538 
2.286838378 7.112075776 

1.373840732 7.233414877 
1.148962469 7.149510692 

4.86592063 2.920836102 
4.675596564 3.067723134 

4.545527839 3.134268205 
4.675596564 3.067723134 

2.797765372 0.9568815697 
2.840863914 0.8711736052 

2.959936184 0.8157516868 
2.840863914 0.8711736052 

3.3850998 0.3751713059 
3.26912552 0.3546461839 

0.9584407125 6.984256782 
1.020143912 6.764795884 

1.898549511 1.692791398 
1.747623273 1.818782315 

1.574389786 1.771598468 
1.747623273 1.818782315 

6.891326465 5.374022067 
7.031173375 5.514674778 

3.92595821 2.568189507 
3.767480642 2.799328864 

3.741437432 2.99509956 
3.767480642 2.799328864 

5.737772934 6.655744258 
5.620801502 6.736731773 

6.168619862 6.705114499 
6.067948068 6.560175222 

1.718217635 7.817558195 
1.884664094 7.912032251 

4.249687845 5.91184083 
4.510684118 5.763618979 

4.727788381 5.64490358 
4.510684118 5.763618979 

0.6097965164 7.339838454 
0.7132718888 7.278616754 

0.8072468761 7.192439929 
0.7132718888 7.278616754 

1.661145595 1.38663658 
1.825146722 1.428144151 

1.92580792 1.516292169 
1.825146722 1.428144151 

1.717984102 7.350174463 
1.737467148 7.239428841 

3.193449163 1.864255905 
3.148872695 2.038475985 

3.150398532 2.175810822 
3.148872695 2.038475985 

4.35989125 7.053972687 
4.137555916 6.737551095 

1.174013448 6.219564817 
1.112007851 6.294893525 

1.049751593 6.376775904 
1.112007851 6.294893525 

3.079621819 2.506460415 
3.345511418 2.675456654 

1.103656406 8.026925817 
0.8252943362 7.99016591 

6.467597421 8.21204047 
6.286322346 8.113980078 

1.79059391 9.269711335 
1.490351769 9.267710685 

2.806225327 3.552149606 
2.716353316 3.616861614 

5.454051267 7.678043361 
5.257110915 7.720701821 

5.892133949 4.741830564 
5.675568443 4.715350844 

5.502716935 4.773582969 
5.675568443 4.715350844 

7.553499198 6.508579983 
7.473424986 6.226048824 

7.191100887 7.09964234 
6.935964661 7.077653252 

2.753128093 9.137843132 
2.651629793 9.143939146 

6.633782065 5.6787057 
6.954960669 5.64691694 

1.514080176 8.398897505 
1.337173705 8.39194249 

2.850557638 6.651403408 
2.70744649 6.616936445 

2.642099163 2.656805501 
2.577849953 2.909526069 

7.410398382 6.65683261 
7.553499198 6.508579983 

2.067277384 7.540837186 
2.227138155 7.51114176 

2.137000247 2.100784335 
1.878752879 1.981700267 

6.718708366 6.559963517 
6.865249951 6.70332245 

5.163680688 5.430433449 
5.015813209 5.193063562 

7.191100887 7.09964234 
7.091735142 7.130973386 

7.064390189 6.946363564 
7.091735142 7.130973386 

5.946333511 6.802324578 
5.978271627 6.598658754 

5.43997769 8.162172756 
5.356033841 8.144679368 

5.290835482 8.118782123 
5.356033841 8.144679368 

7.33910329 7.288737039 
7.500394131 6.939121189 

7.33910329 7.288737039 
7.242823931 7.443432412 

7.158942654 7.509741421 
7.242823931 7.443432412 

1.942272269 3.456804977 
2.007432821 3.458326219 

2.330824976 2.424576803 
2.476115473 2.585268466 

2.642099163 2.656805501 
2.476115473 2.585268466 

3.769911686 8.514397191 
3.609158312 8.494349153 

2.528703649 8.589494372 
2.645136963 8.729298662 

2.766708671 8.85536926 
2.645136963 8.729298662 

4.358849284 1.185097927 
4.351690228 1.04485026 

5.472123427 7.019102091 
5.191329726 7.284994371 

5.472123427 7.019102091 
5.743516213 6.901296574 

5.946333511 6.802324578 
5.743516213 6.901296574 

3.130025283 6.406252923 
3.200356662 6.428339256 

6.744181392 7.971838254 
6.879602118 7.989878434 

6.9927527 8.034038623 
6.879602118 7.989878434 

1.490351769 9.267710685 
1.36395215 9.171609539 

3.285160218 3.904725454 
3.466592296 3.583291153 

6.903841832 6.324387778 
6.94977776 6.612401798 

4.204094599 2.335843762 
4.553575367 2.060273948 

4.918518582 1.743924297 
4.553575367 2.060273948 

4.581587291 1.797457324 
4.652350907 1.688883096 

4.548682758 1.609312425 
4.652350907 1.688883096 

6.681121491 6.121209466 
6.613920635 6.291816529 

6.589834438 6.440932482 
6.613920635 6.291816529 

3.51765721 2.642141348 
3.70194022 2.608688202 

3.43951042 1.653650502 
3.630518577 1.601612949 

3.015007662 2.733508882 
3.065077324 2.644721256 

3.079621819 2.506460415 
3.065077324 2.644721256 

2.681914395 1.776247831 
2.62707129 1.582711259 

1.85810442 8.837272557 
2.026030892 9.031914489 

2.177108818 9.172037931 
2.026030892 9.031914489 

2.286838378 7.112075776 
2.415871869 7.228827905 

1.414079083 2.681228455 
1.551249998 2.694718676 

1.709630847 2.72307032 
1.551249998 2.694718676 

3.216278276 2.121009307 
3.291690831 2.115639323 

3.421079097 2.043349499 
3.291690831 2.115639323 

6.370713357 6.445165434 
6.589834438 6.440932482 

2.513357231 1.967034185 
2.130778496 1.673937606 

3.338033377 6.490665069 
3.25222186 6.44003061 

3.200356662 6.428339256 
3.25222186 6.44003061 

6.681121491 6.121209466 
7.000732462 5.864391239 

5.743516213 6.901296574 
5.66371176 6.900721117 

3.843761162 7.166460455 
3.987172858 7.443506564 

6.370713357 6.445165434 
6.163084683 6.543621135 

6.067948068 6.560175222 
6.163084683 6.543621135 

6.337021538 6.144905478 
6.370713357 6.445165434 

1.661145595 1.38663658 
1.869893705 1.499325142 

2.130778496 1.673937606 
1.869893705 1.499325142 

6.286322346 8.113980078 
6.189785406 8.108140318 

3.148872695 2.038475985 
3.216278276 2.121009307 

3.278104075 8.933806955 
3.16832289 8.625356587 

3.119907733 8.329203232 
3.16832289 8.625356587 

4.528359852 6.1288965 
4.825854733 5.986662947 

3.466592296 3.583291153 
3.381493342 3.723646231 

2.214457899 3.638416728 
2.378847247 3.429043578 

6.337021538 6.144905478 
6.245394089 6.062928919 

6.136182432 5.954856628 
6.245394089 6.062928919 

1.942272269 3.456804977 
1.869631884 3.396109958 

6.068410905 8.175144937 
6.143547134 8.077880708 

6.198884642 8.001336044 
6.143547134 8.077880708 

3.496209041 0.5054158132 
3.3850998 0.3751713059 

3.496209041 0.5054158132 
3.432089052 0.6024236191 

3.351107372 0.696917459 
3.432089052 0.6024236191 

6.467597421 8.21204047 
6.554956526 8.236069132 

6.652834932 8.228995486 
6.554956526 8.236069132 

5.452565662 5.681472346 
5.24132978 6.010074931 

2.528703649 8.589494372 
2.308046872 8.538420324 

2.064359974 8.492039587 
2.308046872 8.538420324 

3.193449163 1.864255905 
3.028999495 1.564498275 

6.309063088 5.433693718 
6.253022805 5.647366554 

5.845471017 6.400953501 
5.703896006 6.233640616 

7.45391574 5.52632115 
7.225932033 5.652433516 

7.000732462 5.864391239 
7.225932033 5.652433516 

6.058453551 7.882245075 
6.198884642 8.001336044 

2.962909074 6.84415819 
2.932359363 7.000520603 

2.87850488 7.16648376 
2.932359363 7.000520603 

3.70194022 2.608688202 
3.617795197 2.521604833 

6.289406883 8.001710294 
6.286322346 8.113980078 

4.528359852 6.1288965 
4.591446424 6.311297674 

4.677411601 6.478001401 
4.591446424 6.311297674 

6.376458991 6.682168158 
6.423495467 6.845107368 

0.7007226312 7.589057413 
0.527952115 7.910502233 

3.70194022 2.608688202 
3.767480642 2.799328864 

4.080077325 7.61029722 
4.193139404 7.426239857 

4.280753243 7.256060177 
4.193139404 7.426239857 

0.527952115 7.910502233 
0.6342004687 7.98364195 

5.886590743 5.5622029 
5.943067535 5.723645448 

6.020387603 5.870607519 
5.943067535 5.723645448 

1.663259321 8.535007246 
1.37440309 8.68117195 

1.870295738 7.471816133 
2.067277384 7.540837186 

1.574389786 1.771598468 
1.744681113 1.902413454 

1.878752879 1.981700267 
1.744681113 1.902413454 

3.401223267 1.821266242 
3.574963394 1.785770715 

7.191100887 7.09964234 
7.333821424 7.019668019 

7.500394131 6.939121189 
7.333821424 7.019668019 

5.163680688 5.430433449 
5.315802585 5.521662225 

6.058453551 7.882245075 
6.143547134 8.077880708 

1.373840732 7.233414877 
1.308210182 7.339965244 

1.25846426 7.442325306 
1.308210182 7.339965244 

3.929772132 2.151206407 
3.699309478 2.347496599 

2.368392468 8.885403422 
2.599790374 8.912719875 

1.490351769 9.267710685 
1.36349333 9.26017753 

3.35412521 7.540731993 
3.558236742 7.504269302 

3.719955967 7.542481593 
3.558236742 7.504269302 

2.338653262 1.364715695 
2.130778496 1.673937606 

4.377820806 7.617536705 
4.193139404 7.426239857 

4.781958286 2.425838938 
4.869299782 2.479020664 

5.030184093 2.543593456 
4.869299782 2.479020664 

2.338653262 1.364715695 
2.294043923 1.50161309 

1.92580792 1.516292169 
1.869893705 1.499325142 

3.162027399 0.2848368239 
3.236816061 0.2837392112 

3.26912552 0.3546461839 
3.236816061 0.2837392112 

4.652350907 1.688883096 
4.715232424 1.828400208 

3.338033377 6.490665069 
3.244162486 6.292330734 

5.703896006 6.233640616 
5.786529943 6.197885487 

5.82568711 6.096310651 
5.786529943 6.197885487 

6.159010685 5.065369245 
6.026093154 4.820758132 

6.159010685 5.065369245 
6.136504096 5.181594885 

6.137565304 5.328192997 
6.136504096 5.181594885 

3.114456834 6.151267251 
3.172380434 6.230789052 

3.244162486 6.292330734 
3.172380434 6.230789052 

3.929772132 2.151206407 
3.897905942 2.02812303 

3.936685718 1.868032431 
3.897905942 2.02812303 

1.872481517 1.062416245 
1.755344616 1.187525348 

3.091110264 8.71673077 
3.16832289 8.625356587 

2.753128093 9.137843132 
3.011860455 9.077315237 

6.058453551 7.882245075 
6.178667473 7.579549584 

1.658383926 3.291279988 
1.772510202 3.070296524 

1.890707965 2.853072555 
1.772510202 3.070296524 

2.935989891 2.063665639 
3.148872695 2.038475985 

2.330824976 2.424576803 
2.367468235 2.376214679 

2.465298483 2.33607901 
2.367468235 2.376214679 

4.591446424 6.311297674 
4.729393996 6.291956647 

2.704388377 8.01269838 
2.56115032 7.866588225 

2.411977083 7.699617571 
2.56115032 7.866588225 

5.015813209 5.193063562 
4.834472763 5.166778146 

2.276190716 6.402456092 
2.284517804 6.280798302 

3.291690831 2.115639323 
3.332338169 2.19831143 

2.935989891 2.063665639 
3.011624734 2.228648448 

3.069412674 2.325599135 
3.011624734 2.228648448 

6.935964661 7.077653252 
7.018639858 7.079152866 

7.091735142 7.130973386 
7.018639858 7.079152866 

4.848033453 5.422441299 
4.756606101 5.367544003 

2.050824694 8.822226552 
2.026030892 9.031914489 

7.530823514 6.215630692 
7.573087301 6.225542292 

1.326836187 7.943567844 
1.440279349 7.92037103 

1.454672864 8.024223015 
1.440279349 7.92037103 

1.576150856 5.981150929 
1.650098381 6.070159629 

1.713471681 6.17125743 
1.650098381 6.070159629 

5.481932453 6.037073215 
5.344227782 6.161387063 

4.45468275 1.321985313 
4.290406232 1.574948878 

1.995373136 3.375865071 
1.869631884 3.396109958 

3.206572307 2.784019774 
3.065077324 2.644721256 

2.459120932 0.7154054084 
2.393174995 0.6895983999 

6.495868205 5.239291782 
6.442091468 4.961874767 

1.707794169 8.169855678 
1.846732516 8.208709822 

1.972631735 8.219082645 
1.846732516 8.208709822 

6.916845311 5.981623382 
7.000732462 5.864391239 

5.24132978 6.010074931 
5.344227782 6.161387063 

3.609158312 8.494349153 
3.567624851 8.427018397 

3.533274927 8.348372927 
3.567624851 8.427018397 

2.386224512 0.9211721097 
2.359793814 1.170644777 

2.338653262 1.364715695 
2.359793814 1.170644777 

3.278104075 8.933806955 
3.145802653 8.980564821 

3.011860455 9.077315237 
3.145802653 8.980564821 

3.745724099 0.8892394322 
3.931063606 0.7716181123 

4.09954026 0.6448547418 
3.931063606 0.7716181123 

5.212870749 6.383567146 
5.186450543 6.660476183 

1.117370453 6.551545529 
1.049751593 6.376775904 

5.212870749 6.383567146 
5.236983784 6.235079071 

5.344227782 6.161387063 
5.236983784 6.235079071 

2.477959679 0.5562792966 
2.558730811 0.5189651656 

2.157861944 6.736617636 
2.017616142 6.794212285 

1.910531277 6.887286107 
2.017616142 6.794212285 

3.381493342 3.723646231 
3.54413822 3.856924144 

4.249687845 5.91184083 
4.3655517 6.085706614 

6.168619862 6.705114499 
6.163084683 6.543621135 

2.444025877 2.184417048 
2.444631679 2.059276095 

2.513357231 1.967034185 
2.444631679 2.059276095 

2.393567602 6.227184735 
2.32410198 6.246573196 

2.284517804 6.280798302 
2.32410198 6.246573196 

3.624713019 2.078195168 
3.897905942 2.02812303 

6.073624765 7.09143458 
5.963279497 7.097247642 

5.870115207 7.069072646 
5.963279497 7.097247642 

6.337021538 6.144905478 
6.460901986 6.062871795 

3.343894154 0.5061791399 
3.432089052 0.6024236191 

2.286838378 7.112075776 
2.182383854 7.159527471 

2.092477023 7.239371072 
2.182383854 7.159527471 

2.435262134 8.046632569 
2.526247315 7.939223349 

2.77554349 8.477758736 
2.643841144 8.501426377 

2.528703649 8.589494372 
2.643841144 8.501426377 

5.452565662 5.681472346 
5.70338388 5.609120892 

1.631871838 7.001708717 
1.678457439 7.452599792 

1.718217635 7.817558195 
1.678457439 7.452599792 

6.209790554 5.845846423 
6.020387603 5.870607519 

1.337173705 8.39194249 
1.401140047 8.273658343 

1.455929498 8.144694909 
1.401140047 8.273658343 

1.718217635 7.817558195 
1.791337723 7.589219062 

6.903841832 6.324387778 
6.613920635 6.291816529 

1.150636529 9.290205736 
1.282042067 9.230827193 

1.36395215 9.171609539 
1.282042067 9.230827193 

0.7546983697 8.81753641 
0.9049216537 8.747108115 

1.043995058 8.696626174 
0.9049216537 8.747108115 

1.583201313 2.066086322 
1.635197689 2.194081436 

6.460901986 6.062871795 
6.564765147 6.078950721 

6.681121491 6.121209466 
6.564765147 6.078950721 

1.755344616 1.187525348 
1.924158008 1.319583307 

2.716353316 3.616861614 
2.660806464 3.681185428 

7.064390189 6.946363564 
7.018639858 7.079152866 

3.35412521 7.540731993 
3.148076293 7.627200417 

2.911511926 7.743697009 
3.148076293 7.627200417 

1.944443426 8.412149637 
2.007864309 8.443007532 

2.064359974 8.492039587 
2.007864309 8.443007532 

3.110761567 7.051835244 
2.932359363 7.000520603 

4.756606101 5.367544003 
4.687912018 5.336559785 

3.43951042 1.653650502 
3.434830875 1.721233005 

3.401223267 1.821266242 
3.434830875 1.721233005 

5.452565662 5.681472346 
5.214322596 5.683357442 

5.047869568 5.670788065 
5.214322596 5.683357442 

5.191329726 7.284994371 
5.167188266 7.448669487 

5.146831633 7.608739504 
5.167188266 7.448669487 

5.886590743 5.5622029 
6.072203997 5.619092541 

6.253022805 5.647366554 
6.072203997 5.619092541 

3.536858403 2.270168745 
3.332338169 2.19831143 

5.030184093 2.543593456 
5.071054696 2.350092859 

5.064728037 2.160002069 
5.071054696 2.350092859 

1.60017639 7.496725692 
1.678457439 7.452599792 

3.028999495 1.564498275 
2.898721129 1.433905748 

5.015813209 5.193063562 
4.892408382 5.402951934 

4.727788381 5.64490358 
4.892408382 5.402951934 

3.738907013 3.971347569 
3.882816287 3.887070708 

4.025739493 3.824975798 
3.882816287 3.887070708 

5.946333511 6.802324578 
5.963279497 7.097247642 

3.765289621 1.807638545 
3.837378154 1.710714086 

3.917583708 1.592845694 
3.837378154 1.710714086 

1.579262611 6.703846863 
1.594974648 6.88354135 

1.631871838 7.001708717 
1.594974648 6.88354135 

1.326836187 7.943567844 
1.454672864 8.024223015 

1.870295738 7.471816133 
1.678457439 7.452599792 

3.336537484 8.017297257 
3.148076293 7.627200417 

1.870295738 7.471816133 
1.942738609 7.574969836 

2.069389697 7.660289429 
1.942738609 7.574969836 

4.687912018 5.336559785 
4.631539629 5.318868507 

1.25846426 7.442325306 
1.312716794 7.722951969 

1.792704406 6.027235324 
1.689894103 5.999212924 

1.576150856 5.981150929 
1.689894103 5.999212924 

4.892408382 5.402951934 
4.848033453 5.422441299 

6.066694769 6.325072941 
6.163084683 6.543621135 

2.130778496 1.673937606 
2.345972644 1.702282285 

6.598371016 6.697028093 
6.376458991 6.682168158 

0.9928290378 7.656984199 
1.039401058 7.845641669 

1.103656406 8.026925817 
1.039401058 7.845641669 

2.544652447 9.143872241 
2.594906986 9.166998705 

2.651629793 9.143939146 
2.594906986 9.166998705 

5.715223796 7.083134818 
5.743516213 6.901296574 

2.70744649 6.616936445 
2.75181829 6.541203576 

2.771359998 6.475369605 
2.75181829 6.541203576 

6.903841832 6.324387778 
6.89312093 6.10444338 

6.916845311 5.981623382 
6.89312093 6.10444338 

5.081508787 5.939687369 
4.825854733 5.986662947 

6.911304662 7.808157434 
6.879602118 7.989878434 

1.884664094 7.912032251 
1.96288316 7.984195794 

2.038547318 8.059521582 
1.96288316 7.984195794 

2.493086097 5.867168777 
2.492236873 5.940858564 

2.48005221 6.001949876 
2.492236873 5.940858564 

2.870734813 2.247568612 
3.011624734 2.228648448 

3.843761162 7.166460455 
4.052304021 7.196685547 

4.280753243 7.256060177 
4.052304021 7.196685547 

1.942738609 7.574969836 
1.906112498 7.681872534 

2.643841144 8.501426377 
2.771660209 8.251798865 

0.8252943362 7.99016591 
0.8650364017 7.874381836 

4.45468275 1.321985313 
4.289265247 1.38320669 

4.114783193 1.453289198 
4.289265247 1.38320669 

5.916554983 6.501592865 
5.841488412 6.498529988 

5.764410315 6.520825173 
5.841488412 6.498529988 

4.021126421 3.064027776 
4.173834527 3.073525745 

4.31133383 3.096316788 
4.173834527 3.073525745 

2.157861944 6.736617636 
1.971497766 6.730574669 

1.810181181 6.743904436 
1.971497766 6.730574669 

1.717984102 7.350174463 
1.678457439 7.452599792 

1.60017639 7.496725692 
1.641781961 7.395994975 

1.717984102 7.350174463 
1.641781961 7.395994975 

2.214457899 3.638416728 
2.096919208 3.494901927 

2.53457747 3.801052782 
2.422011101 3.672747908 

2.067277384 7.540837186 
1.942738609 7.574969836 

6.402682837 7.296336266 
6.509858759 7.369686511 

6.590110263 7.439300979 
6.509858759 7.369686511 

1.574389786 1.771598468 
1.661145595 1.38663658 

6.681121491 6.121209466 
6.89312093 6.10444338 

1.574389786 1.771598468 
1.590790412 1.912085565 

1.583201313 2.066086322 
1.590790412 1.912085565 

5.675568443 4.715350844 
5.66564309 4.832937423 

5.656601749 4.958059548 
5.66564309 4.832937423 

3.150398532 2.175810822 
3.011624734 2.228648448 

6.30065167 4.768990169 
6.358212373 4.878453746 

6.442091468 4.961874767 
6.358212373 4.878453746 

7.187616331 5.877318511 
7.000732462 5.864391239 

7.136409976 5.149620619 
6.934253127 5.156127689 

6.748254964 5.145137398 
6.934253127 5.156127689 

5.786529943 6.197885487 
5.845471017 6.400953501 

7.33910329 7.288737039 
7.431950918 6.903613889 

7.553499198 6.508579983 
7.431950918 6.903613889 

0.7007226312 7.589057413 
0.5163077122 7.563358549 

6.066694769 6.325072941 
6.245394089 6.062928919 

2.671612044 7.311623541 
2.726206922 7.390659221 

2.75961042 7.448103111 
2.726206922 7.390659221 

2.681914395 1.776247831 
2.762500151 1.646727387 

2.821967715 1.560937487 
2.762500151 1.646727387 

4.918518582 1.743924297 
4.780095099 1.717863725 

4.652350907 1.688883096 
4.780095099 1.717863725 

1.150636529 9.290205736 
1.272492 9.298466343 

1.36349333 9.26017753 
1.272492 9.298466343 

3.624713019 2.078195168 
3.929772132 2.151206407 

2.642099163 2.656805501 
2.521427312 2.806936509 

2.383420071 2.956347506 
2.521427312 2.806936509 

2.960850043 1.758731992 
2.762500151 1.646727387 

3.338033377 6.490665069 
3.344799402 6.754661282 

3.3415149 7.017217098 
3.344799402 6.754661282 

7.641094061 6.095026939 
7.602789794 6.18084047 

7.573087301 6.225542292 
7.602789794 6.18084047 

7.410398382 6.65683261 
7.622445477 6.723034956 

3.769911686 8.514397191 
3.565012749 8.28765979 

3.336537484 8.017297257 
3.565012749 8.28765979 

1.747623273 1.818782315 
1.744681113 1.902413454 

4.677411601 6.478001401 
4.819133557 6.40880107 

4.960448295 6.366868033 
4.819133557 6.40880107 

2.024933564 2.5459014 
2.080241954 2.435858051 

2.147076022 2.317688649 
2.080241954 2.435858051 

5.845471017 6.400953501 
5.841488412 6.498529988 

2.797765372 0.9568815697 
2.579354352 0.9182679562 

2.386224512 0.9211721097 
2.579354352 0.9182679562 

4.98230409 7.165102078 
5.084189867 7.249610579 

5.191329726 7.284994371 
5.084189867 7.249610579 

3.574963394 1.785770715 
3.434830875 1.721233005 

7.187616331 5.877318511 
7.069865312 5.75568308 

6.954960669 5.64691694 
7.069865312 5.75568308 

7.136409976 5.149620619 
7.023381775 5.286706363 

6.891326465 5.374022067 
7.023381775 5.286706363 

1.755344616 1.187525348 
1.720980038 1.28488088 

1.661145595 1.38663658 
1.720980038 1.28488088 

5.606292863 5.443836127 
5.655943219 5.528007505 

5.70338388 5.609120892 
5.655943219 5.528007505 

1.150636529 9.290205736 
1.209263747 9.025540244 

1.243436217 8.76442761 
1.209263747 9.025540244 

6.066694769 6.325072941 
6.025333749 6.455973131 

5.978271627 6.598658754 
6.025333749 6.455973131 

4.521766167 5.294947923 
4.575720741 5.307404774 

4.631539629 5.318868507 
4.575720741 5.307404774 

2.348646209 8.351189249 
2.308046872 8.538420324 

1.967460842 0.7940785436 
2.026215022 0.7641451462 

2.077860841 0.7164307407 
2.026215022 0.7641451462 

5.569760891 6.484970768 
5.476076197 6.578785299 

5.366125527 6.667013289 
5.476076197 6.578785299 

5.916554983 6.501592865 
6.025333749 6.455973131 

4.377820806 7.617536705 
4.683334967 7.826661508 

4.990026163 8.056280196 
4.683334967 7.826661508 

1.791337723 7.589219062 
1.942738609 7.574969836 

2.592910639 7.58665089 
2.741286582 7.671586252 

2.911511926 7.743697009 
2.741286582 7.671586252 

1.803063518 2.159107649 
1.878752879 1.981700267 

2.87850488 7.16648376 
2.706076859 7.130614398 

4.94043126 1.981950484 
4.715232424 1.828400208 

2.18139397 3.333890509 
1.995373136 3.375865071 

0.3452568342 8.142243697 
0.4480141592 8.029603761 

0.527952115 7.910502233 
0.4480141592 8.029603761 

2.276190716 6.402456092 
2.32410198 6.246573196 

4.94043126 1.981950484 
4.923000398 1.864240614 

4.918518582 1.743924297 
4.923000398 1.864240614 

2.276190716 6.402456092 
2.145542225 6.378080111 

2.020601967 6.354117921 
2.145542225 6.378080111 

4.965403868 7.644710221 
5.144824673 7.895703929 

6.168619862 6.705114499 
6.262810944 6.586623583 

6.370713357 6.445165434 
6.262810944 6.586623583 

6.633782065 5.6787057 
6.460901986 6.062871795 

4.375645823 2.845232522 
4.25349122 2.854075726 

4.153251348 2.871388193 
4.25349122 2.854075726 

6.025333749 6.455973131 
6.067948068 6.560175222 

7.023381775 5.286706363 
7.08715445 5.384122878 

3.193449163 1.864255905 
3.316975093 1.966936298 

3.421079097 2.043349499 
3.316975093 1.966936298 

6.209790554 5.845846423 
6.175738024 5.89419386 

6.136182432 5.954856628 
6.175738024 5.89419386 

3.565012749 8.28765979 
3.533274927 8.348372927 

2.216300563 7.703479888 
2.227138155 7.51114176 

2.171958929 8.316776761 
2.204041924 8.207583056 

2.245146721 8.084105511 
2.204041924 8.207583056 

5.315802585 5.521662225 
5.214322596 5.683357442 

2.624019495 0.4125318348 
2.591375153 0.4657485002 

2.558730811 0.5189651656 
2.591375153 0.4657485002 

3.206572307 2.784019774 
3.146964697 2.650823741 

3.079621819 2.506460415 
3.146964697 2.650823741 

6.072203997 5.619092541 
5.943067535 5.723645448 

2.177108818 9.172037931 
1.984852536 9.222867942 

1.79059391 9.269711335 
1.984852536 9.222867942 

2.490515349 7.042259538 
2.609727186 7.096009992 

2.706076859 7.130614398 
2.609727186 7.096009992 

7.431950918 6.903613889 
7.333821424 7.019668019 

2.214457899 3.638416728 
2.318171441 3.654219793 

2.422011101 3.672747908 
2.318171441 3.654219793 

4.386734243 0.8887868528 
4.369212236 0.9668185566 

4.351690228 1.04485026 
4.369212236 0.9668185566 

3.670817376 7.908464475 
3.507672815 7.971848209 

3.336537484 8.017297257 
3.507672815 7.971848209 

6.068410905 8.175144937 
6.129098156 8.141642627 

6.189785406 8.108140318 
6.129098156 8.141642627 

7.500394131 6.939121189 
7.454685999 6.798373464 

7.410398382 6.65683261 
7.454685999 6.798373464 

2.069389697 7.660289429 
2.216300563 7.703479888 

5.315802585 5.521662225 
5.606292863 5.443836127 

2.660806464 3.681185428 
2.609392646 3.730039095 

0.7304732973 8.102801454 
0.5502179319 8.147642993 

6.178667473 7.579549584 
6.192262084 7.476788895 

6.207288987 7.372948015 
6.192262084 7.476788895 

2.294043923 1.50161309 
2.317453525 1.600533704 

2.345972644 1.702282285 
2.317453525 1.600533704 

1.641284374 8.329011563 
1.652156739 8.433407492 

1.663259321 8.535007246 
1.652156739 8.433407492 

5.569760891 6.484970768 
5.703896006 6.233640616 

5.569760891 6.484970768 
5.707097372 6.440536429 

5.845471017 6.400953501 
5.707097372 6.440536429 

3.435123939 7.322980125 
3.394624574 7.431856059 

3.35412521 7.540731993 
3.394624574 7.431856059 

1.574389786 1.771598468 
1.68966172 1.965276645 

1.803063518 2.159107649 
1.68966172 1.965276645 

5.315802585 5.521662225 
5.385094391 5.600901314 

5.452565662 5.681472346 
5.385094391 5.600901314 

3.936685718 1.868032431 
3.837378154 1.710714086 

2.959936184 0.8157516868 
3.077366869 0.8481909566 

3.194797554 0.8806302264 
3.077366869 0.8481909566 

6.903841832 6.324387778 
7.039382759 6.30043324 

7.175380718 6.276802862 
7.039382759 6.30043324 

2.53457747 3.801052782 
2.571985058 3.765545938 

2.609392646 3.730039095 
2.571985058 3.765545938 

3.92595821 2.568189507 
3.813949215 2.588438854 

3.70194022 2.608688202 
3.813949215 2.588438854 

2.614263566 9.490834214 
2.594906986 9.166998705 

1.631871838 7.001708717 
1.771201558 6.944497412 

1.910531277 6.887286107 
1.771201558 6.944497412 

3.745724099 0.8892394322 
3.615804012 0.9497989705 

3.485883925 1.010358509 
3.615804012 0.9497989705 

0.3452568342 8.142243697 
0.4477373831 8.144943345 

0.5502179319 8.147642993 
0.4477373831 8.144943345 

3.515616682 3.299798701 
3.491104489 3.441544927 

3.466592296 3.583291153 
3.491104489 3.441544927 

2.490515349 7.042259538 
2.587586829 7.172769873 

2.671612044 7.311623541 
2.587586829 7.172769873 

4.528359852 6.1288965 
4.448980428 6.095594472 

4.3655517 6.085706614 
4.448980428 6.095594472 

3.3850998 0.3751713059 
3.236816061 0.2837392112 

2.945096794 2.918327519 
3.048126063 3.103760315 

3.151155331 3.28919311 
3.048126063 3.103760315 

3.278104075 8.933806955 
3.18460717 8.825268863 

3.091110264 8.71673077 
3.18460717 8.825268863 

