1.431325982 8.126483811 
1.697771248 7.831568958 

3.213461669 0.8888691113 
2.969996341 1.748868329 

2.969996341 1.748868329 
3.566451275 1.785155069 

2.411086097 7.708291828 
2.898128712 7.751963552 

3.721381516 7.542078389 
2.898128712 7.751963552 

4.435461701 2.700667793 
4.543135057 3.359094082 

2.043866801 8.025581241 
2.126881949 7.772077211 

5.057619596 6.607725572 
4.772191977 6.784413823 

2.766776268 8.850818981 
3.290846639 8.914674943 

2.043866801 8.025581241 
1.964653139 8.223260723 

4.754528885 4.760345426 
4.471534652 4.504793822 

5.659078467 4.945182989 
5.60535911 5.435381888 

2.969996341 1.748868329 
3.202747519 1.860495881 

6.378873231 6.447852424 
6.684132503 6.124339586 

5.948185163 6.779759864 
6.083968023 6.608356291 

6.497350187 5.242084138 
6.912065388 5.97762909 

2.856903486 2.451935381 
3.082328634 2.3305011 

6.912065388 5.97762909 
6.684132503 6.124339586 

2.766776268 8.850818981 
2.055430286 8.503883864 

0.8078396832 7.195449359 
0.452435165 6.739773356 

1.628813669 7.004114133 
1.379571583 7.237982104 

1.964653139 8.223260723 
1.66000615 8.554680992 

2.089294328 7.23757373 
1.628813669 7.004114133 

3.745242513 0.8895507773 
3.751956329 1.434354756 

7.568085359 6.506600272 
6.940500169 7.069360014 

6.378873231 6.447852424 
6.721853719 6.564574757 

3.711314405 3.007894482 
4.008063492 3.069675504 

1.431325982 8.126483811 
1.304149762 7.733759096 

1.697771248 7.831568958 
1.899267637 7.678040887 

6.497350187 5.242084138 
6.635135566 5.664937343 

4.435461701 2.700667793 
5.030184093 2.543593456 

6.068627882 7.092847439 
5.948185163 6.779759864 

7.568085359 6.506600272 
6.907618098 6.329165855 

6.684132503 6.124339586 
6.907618098 6.329165855 

3.32345634 2.210715231 
3.082328634 2.3305011 

3.765771882 1.809223272 
3.566451275 1.785155069 

4.195346163 4.148007437 
4.025739493 3.824975798 

4.772191977 6.784413823 
4.678420422 6.480711316 

7.340451928 7.28477819 
6.809543028 7.376007229 

5.481243719 6.038358345 
5.826676028 6.095483594 

4.471534652 4.504793822 
4.340947333 4.341108605 

4.195346163 4.148007437 
4.340947333 4.341108605 

2.632777573 2.65503184 
2.856903486 2.451935381 

2.411086097 7.708291828 
2.571338393 7.593812532 

6.912065388 5.97762909 
7.308389054 6.106540849 

5.199329985 7.28194804 
4.811383502 7.415385531 

6.068627882 7.092847439 
5.716136856 7.359521718 

3.151527571 3.28518332 
3.225923547 2.839400699 

1.891527287 2.851565693 
2.447031639 3.247761405 

2.515655057 1.9657065 
2.721635446 2.122689614 

4.678420422 6.480711316 
4.365239928 6.64077821 

1.66000615 8.554680992 
1.51405846 8.918029187 

2.755750735 8.253963073 
2.898128712 7.751963552 

2.721635446 2.122689614 
2.147760507 2.314734088 

2.147760507 2.314734088 
2.316977127 2.44011922 

5.716136856 7.359521718 
5.726444984 7.060556026 

0.7130328281 7.601420203 
1.018946384 7.637359269 

1.304149762 7.733759096 
1.018946384 7.637359269 

6.809543028 7.376007229 
6.940500169 7.069360014 

4.199415443 2.330916149 
4.519198942 2.391367687 

1.628813669 7.004114133 
1.188439019 6.933878804 

2.089294328 7.23757373 
2.14316883 7.456663504 

1.545569041 1.762803921 
2.147760507 2.314734088 

6.545319765 6.856187197 
7.1770233 6.662778599 

1.188439019 6.933878804 
0.8078396832 7.195449359 

6.809543028 7.376007229 
6.911304662 7.808157434 

5.057619596 6.607725572 
5.187568473 6.396475773 

5.58097539 7.683386166 
5.753067262 7.772662194 

6.070472438 7.8647937 
5.753067262 7.772662194 

7.1770233 6.662778599 
6.940500169 7.069360014 

3.151527571 3.28518332 
2.974233478 3.379792369 

2.512535026 8.579667432 
2.755750735 8.253963073 

1.697771248 7.831568958 
1.109017697 8.046758757 

1.899267637 7.678040887 
1.868903382 7.475231828 

2.14316883 7.456663504 
1.868903382 7.475231828 

3.619939215 2.079957203 
3.765771882 1.809223272 

2.53457747 3.801052782 
2.447031639 3.247761405 

6.635135566 5.664937343 
6.912065388 5.97762909 

3.202747519 1.860495881 
3.407986529 1.832375518 

3.766047019 8.512860606 
3.1169036 8.314361615 

2.755750735 8.253963073 
3.1169036 8.314361615 

5.716136856 7.359521718 
6.070472438 7.8647937 

3.097208501 6.123270206 
2.73916582 6.296646909 

1.250266508 8.758094379 
1.51405846 8.918029187 

1.431325982 8.126483811 
1.646993662 8.324668163 

4.678420422 6.480711316 
5.187568473 6.396475773 

3.213461669 0.8888691113 
3.484812057 1.015719356 

4.435461701 2.700667793 
4.519198942 2.391367687 

2.512535026 8.579667432 
2.356125078 8.320820347 

4.940496219 1.737582959 
4.165808921 1.936931161 

3.619939215 2.079957203 
4.165808921 1.936931161 

6.315255059 7.990247285 
6.19955701 7.36540721 

6.068627882 7.092847439 
6.19955701 7.36540721 

6.721853719 6.564574757 
6.981265553 6.639723376 

3.213461669 0.8888691113 
3.166371667 0.2960513296 

2.447031639 3.247761405 
2.377614641 3.428836619 

7.1770233 6.662778599 
6.981265553 6.639723376 

4.519198942 2.391367687 
4.77511344 2.42520126 

5.572836333 6.487541996 
5.746615919 6.524851075 

0.8078396832 7.195449359 
0.9821677575 7.463261658 

2.969996341 1.748868329 
2.82282745 1.561769046 

1.188439019 6.933878804 
1.244917788 6.216093149 

3.1169036 8.314361615 
3.069078099 8.05802273 

4.252920768 5.924683099 
4.194923507 6.270050952 

3.926673156 6.841032376 
4.194923507 6.270050952 

3.751956329 1.434354756 
3.917583708 1.592845694 

0.3150898459 8.157918962 
0.708498976 8.325680431 

5.60535911 5.435381888 
5.449997531 5.684321043 

3.619939215 2.079957203 
3.534530133 2.268525178 

7.461060224 5.485126145 
6.942165964 5.651294326 

1.841807986 8.841708023 
1.595629358 9.065410071 

1.150636529 9.290205736 
1.595629358 9.065410071 

6.981265553 6.639723376 
6.545319765 6.856187197 

5.826676028 6.095483594 
6.135412026 5.954145274 

3.213461669 0.8888691113 
3.164690767 1.325988517 

3.566451275 1.785155069 
3.164690767 1.325988517 

6.284814399 5.655712316 
6.135204836 5.333929277 

0.452435165 6.739773356 
1.020143912 6.764795884 

1.188439019 6.933878804 
1.020143912 6.764795884 

5.199329985 7.28194804 
5.726444984 7.060556026 

4.772191977 6.784413823 
4.908773743 6.885639908 

3.290846639 8.914674943 
3.231320994 8.577019272 

6.907618098 6.329165855 
6.721853719 6.564574757 

2.515655057 1.9657065 
2.351613691 1.725976885 

2.147760507 2.314734088 
2.139522805 2.100237054 

1.41480983 2.322546652 
1.649729365 2.293344726 

6.068627882 7.092847439 
6.267471065 6.905519742 

5.948185163 6.779759864 
6.267471065 6.905519742 

2.571338393 7.593812532 
2.330499113 7.358133864 

2.055430286 8.503883864 
2.044910265 8.82589449 

6.940500169 7.069360014 
6.783189906 6.800429977 

6.545319765 6.856187197 
6.783189906 6.800429977 

2.411086097 7.708291828 
2.443994398 8.05136826 

2.356125078 8.320820347 
2.443994398 8.05136826 

7.279918378 7.770840315 
6.911304662 7.808157434 

3.745242513 0.8895507773 
3.584684231 0.7830506974 

4.727788381 5.64490358 
4.865547481 5.825342549 

3.082328634 2.3305011 
3.531845589 2.63463509 

2.37881299 0.9322636708 
2.255766977 0.6602582656 

7.308389054 6.106540849 
7.188074906 6.294377841 

4.378204131 7.62083811 
4.288023609 7.276491297 

4.288023609 7.276491297 
4.574504904 7.280031745 

1.841807986 8.841708023 
2.044910265 8.82589449 

6.315255059 7.990247285 
5.574409602 7.971728318 

7.119635994 5.139146269 
7.086948014 5.381648463 

5.574409602 7.971728318 
5.58097539 7.683386166 

1.109017697 8.046758757 
1.304149762 7.733759096 

0.3150898459 8.157918962 
0.6317528768 7.985808664 

1.891527287 2.851565693 
2.025399172 2.557106916 

2.898128712 7.751963552 
2.443994398 8.05136826 

4.45337334 1.323654546 
3.917583708 1.592845694 

2.898128712 7.751963552 
2.705219826 7.996805135 

5.659078467 4.945182989 
5.506086173 4.775199318 

5.138061136 4.802214629 
5.506086173 4.775199318 

5.726444984 7.060556026 
5.479946741 7.006685041 

3.1169036 8.314361615 
3.231320994 8.577019272 

6.083968023 6.608356291 
6.062803271 6.338217593 

5.826676028 6.095483594 
6.062803271 6.338217593 

2.512535026 8.579667432 
2.599104696 8.910915134 

3.166371667 0.2960513296 
3.362895417 0.709544079 

3.484812057 1.015719356 
3.362895417 0.709544079 

3.711314405 3.007894482 
3.756274544 3.278186006 

2.53457747 3.801052782 
2.377614641 3.428836619 

2.139522805 2.100237054 
2.721635446 2.122689614 

4.252920768 5.924683099 
4.7284225 6.290047472 

5.057619596 6.607725572 
4.7284225 6.290047472 

1.841520721 6.303604395 
1.582599083 6.677560086 

1.841520721 6.303604395 
1.932647951 6.168764786 

6.19955701 7.36540721 
5.716136856 7.359521718 

2.126881949 7.772077211 
2.227181729 7.50816553 

2.461002068 7.018882815 
2.227181729 7.50816553 

3.231320994 8.577019272 
3.367978884 8.398587152 

2.721635446 2.122689614 
2.445903312 2.185225733 

2.139522805 2.100237054 
1.804199251 2.158064965 

3.943550106 2.554102751 
3.619027741 2.524541703 

3.534530133 2.268525178 
3.619027741 2.524541703 

2.14316883 7.456663504 
2.227181729 7.50816553 

2.850474767 6.654184917 
3.338033377 6.490665069 

7.568085359 6.506600272 
7.263288795 6.538998964 

6.809543028 7.376007229 
6.590110263 7.439300979 

1.697771248 7.831568958 
1.456541851 8.012057299 

7.1770233 6.662778599 
7.41313219 6.65534232 

3.765771882 1.809223272 
4.122858421 1.442530437 

6.062803271 6.338217593 
6.135412026 5.954145274 

1.456541851 8.012057299 
1.431325982 8.126483811 

1.582599083 6.677560086 
1.668732046 6.394178734 

0.9821677575 7.463261658 
0.4657303852 7.47763279 

2.48005221 6.001949876 
2.698251479 6.126273962 

2.73916582 6.296646909 
2.698251479 6.126273962 

2.755750735 8.253963073 
2.356125078 8.320820347 

2.856903486 2.451935381 
2.867460122 2.248228578 

2.931209266 2.055325738 
2.867460122 2.248228578 

1.188439019 6.933878804 
1.379571583 7.237982104 

2.377614641 3.428836619 
2.177488173 3.345688632 

2.330499113 7.358133864 
2.227181729 7.50816553 

0.9821677575 7.463261658 
1.148317106 7.153999028 

1.188439019 6.933878804 
1.148317106 7.153999028 

4.7284225 6.290047472 
4.678420422 6.480711316 

3.926673156 6.841032376 
3.84444388 7.168313378 

3.721381516 7.542078389 
3.84444388 7.168313378 

2.623634865 3.166664829 
2.447031639 3.247761405 

2.020904835 7.034768178 
1.925919879 6.888853325 

3.151527571 3.28518332 
3.223293146 3.515739652 

5.138061136 4.802214629 
4.920971474 4.946368928 

4.754528885 4.760345426 
4.920971474 4.946368928 

5.659078467 4.945182989 
5.886916506 4.744909994 

1.018946384 7.637359269 
0.9821677575 7.463261658 

2.337866704 1.364586559 
2.062935736 1.352069722 

2.766776268 8.850818981 
2.599104696 8.910915134 

5.572836333 6.487541996 
5.62160945 6.745006929 

0.708498976 8.325680431 
0.6317528768 7.985808664 

7.568085359 6.506600272 
7.64112188 6.097609403 

4.288023609 7.276491297 
3.926673156 6.841032376 

2.310873224 6.409712282 
1.932647951 6.168764786 

6.647734204 8.227478623 
6.743493082 7.97335098 

6.911304662 7.808157434 
6.743493082 7.97335098 

1.649729365 2.293344726 
1.613786873 2.422882986 

2.755750735 8.253963073 
3.069078099 8.05802273 

1.924645336 1.516461421 
1.92319734 1.711003266 

5.62160945 6.745006929 
5.948185163 6.779759864 

2.969996341 1.748868329 
2.931209266 2.055325738 

4.45337334 1.323654546 
4.546809348 1.609257695 

3.584684231 0.7830506974 
3.495967801 0.5057722288 

4.772191977 6.784413823 
4.52336669 6.958797656 

0.8078396832 7.195449359 
1.148317106 7.153999028 

3.619027741 2.524541703 
3.531845589 2.63463509 

3.202747519 1.860495881 
3.21469348 2.117662091 

3.32345634 2.210715231 
3.21469348 2.117662091 

1.41480983 2.322546652 
1.613786873 2.422882986 

1.646993662 8.324668163 
1.705641035 8.160668248 

2.624867807 0.4151804802 
2.752061562 0.8073436802 

3.082328634 2.3305011 
2.867460122 2.248228578 

4.435461701 2.700667793 
4.37691695 2.847645721 

2.898128712 7.751963552 
3.333614623 8.015064433 

1.804199251 2.158064965 
1.649729365 2.293344726 

4.322217866 3.117711321 
4.37691695 2.847645721 

2.850474767 6.654184917 
2.901719096 6.826923337 

2.139522805 2.100237054 
2.445903312 2.185225733 

3.225923547 2.839400699 
3.000517666 2.736054827 

2.946010414 2.915144942 
3.000517666 2.736054827 

2.705219826 7.996805135 
2.755750735 8.253963073 

5.58097539 7.683386166 
5.255947529 7.728535947 

0.8078396832 7.195449359 
1.020143912 6.764795884 

0.4657303852 7.47763279 
0.6084456245 7.340585303 

4.543135057 3.359094082 
4.546276397 3.133611073 

4.322217866 3.117711321 
4.546276397 3.133611073 

4.865547481 5.825342549 
5.085112705 5.938594937 

2.613334038 9.486748007 
2.754722826 9.136197768 

2.766776268 8.850818981 
2.754722826 9.136197768 

6.783189906 6.800429977 
6.721853719 6.564574757 

3.721381516 7.542078389 
4.082941293 7.609624176 

4.378204131 7.62083811 
4.082941293 7.609624176 

3.566451275 1.785155069 
3.439581873 1.654058572 

1.924645336 1.516461421 
2.062935736 1.352069722 

3.484812057 1.015719356 
3.584684231 0.7830506974 

6.135204836 5.333929277 
6.309617989 5.435172331 

6.497350187 5.242084138 
6.309617989 5.435172331 

0.7559336792 8.816944367 
0.5650978466 8.622290056 

2.969996341 1.748868329 
3.027261785 1.564769023 

5.716136856 7.359521718 
5.440029795 7.670044636 

4.986265483 8.035384732 
5.440029795 7.670044636 

7.188074906 6.294377841 
7.263288795 6.538998964 

6.912065388 5.97762909 
6.942165964 5.651294326 

2.126881949 7.772077211 
2.045529746 7.655618757 

1.379571583 7.237982104 
0.9635448685 6.987231882 

6.912065388 5.97762909 
7.17523546 5.897875887 

3.367978884 8.398587152 
3.533274927 8.348372927 

2.411086097 7.708291828 
2.227181729 7.50816553 

5.901075836 5.550239624 
6.135204836 5.333929277 

1.431325982 8.126483811 
1.511364908 8.396574333 

1.66000615 8.554680992 
1.511364908 8.396574333 

2.755750735 8.253963073 
2.785457123 8.485516596 

5.199329985 7.28194804 
5.255947529 7.728535947 

4.45653144 0.846620322 
4.139362568 0.9193505417 

6.721853719 6.564574757 
6.603929438 6.688961645 

6.545319765 6.856187197 
6.603929438 6.688961645 

5.449997531 5.684321043 
5.085112705 5.938594937 

2.721635446 2.122689614 
2.931209266 2.055325738 

0.6317528768 7.985808664 
0.7130328281 7.601420203 

6.647734204 8.227478623 
6.991902193 8.034480397 

0.6317528768 7.985808664 
0.8719903537 7.874680512 

1.018946384 7.637359269 
0.8719903537 7.874680512 

0.9635448685 6.987231882 
1.188439019 6.933878804 

4.546809348 1.609257695 
4.279614541 1.579997259 

4.122858421 1.442530437 
4.279614541 1.579997259 

4.165808921 1.936931161 
3.930959032 2.146635747 

1.613786873 2.422882986 
1.538483053 2.478579486 

3.285542755 3.903363806 
3.193049413 3.630228052 

2.974233478 3.379792369 
3.193049413 3.630228052 

2.721635446 2.122689614 
2.867460122 2.248228578 

5.187568473 6.396475773 
4.975520041 6.352646831 

4.7284225 6.290047472 
4.975520041 6.352646831 

4.727788381 5.64490358 
5.162152023 5.434378465 

1.668732046 6.394178734 
1.841520721 6.303604395 

3.027261785 1.564769023 
2.82282745 1.561769046 

2.898389124 7.159803115 
2.673449928 7.310552283 

2.73916582 6.296646909 
2.78623507 6.470074518 

1.020143912 6.764795884 
1.119834664 6.549916529 

1.582599083 6.677560086 
1.188439019 6.933878804 

3.164690767 1.325988517 
2.976742951 1.305679864 

3.027261785 1.564769023 
2.976742951 1.305679864 

1.244917788 6.216093149 
1.347012622 6.542048107 

0.7130328281 7.601420203 
0.5428143536 7.641419522 

7.41313219 6.65534232 
7.263288795 6.538998964 

4.543135057 3.359094082 
4.860101677 2.924851146 

5.030184093 2.543593456 
4.860101677 2.924851146 

2.310873224 6.409712282 
2.73916582 6.296646909 

6.298853071 4.769547911 
6.021051534 4.828995932 

5.886916506 4.744909994 
6.021051534 4.828995932 

3.213461669 0.8888691113 
3.362895417 0.709544079 

1.967460842 0.7940785436 
1.871818957 1.062937196 

6.783189906 6.800429977 
6.603929438 6.688961645 

1.109017697 8.046758757 
0.7419749587 8.115566014 

2.632777573 2.65503184 
3.000517666 2.736054827 

5.479946741 7.006685041 
5.669349538 6.896056697 

5.62160945 6.745006929 
5.669349538 6.896056697 

4.538756025 1.818783066 
4.715347416 1.827184614 

4.940496219 1.737582959 
4.715347416 1.827184614 

1.51405846 8.918029187 
1.365199298 9.074167336 

4.908773743 6.885639908 
4.962629799 7.145084181 

2.599104696 8.910915134 
2.754722826 9.136197768 

4.920971474 4.946368928 
4.828231164 5.161097151 

6.635135566 5.664937343 
6.884886404 5.373127643 

4.828231164 5.161097151 
4.485847809 5.286420307 

1.250266508 8.758094379 
1.511364908 8.396574333 

6.942165964 5.651294326 
6.884886404 5.373127643 

4.139362568 0.9193505417 
4.114492707 0.8287327239 

2.82282745 1.561769046 
2.596194912 1.634770406 

2.351613691 1.725976885 
2.596194912 1.634770406 

3.721381516 7.542078389 
3.333614623 8.015064433 

3.721381516 7.542078389 
3.670817376 7.908464475 

3.32345634 2.210715231 
3.148225221 2.188706362 

2.931209266 2.055325738 
3.148225221 2.188706362 

4.986265483 8.035384732 
4.964315594 7.645391263 

4.811383502 7.415385531 
4.964315594 7.645391263 

4.574504904 7.280031745 
4.52336669 6.958797656 

2.515655057 1.9657065 
2.596194912 1.634770406 

3.515616682 3.299798701 
3.629846677 3.253889294 

3.756274544 3.278186006 
3.629846677 3.253889294 

1.573991839 7.48529982 
1.868903382 7.475231828 

2.043866801 8.025581241 
2.244315688 8.077937863 

2.443994398 8.05136826 
2.244315688 8.077937863 

3.359634978 7.005704977 
3.108315313 7.049066641 

2.898389124 7.159803115 
3.108315313 7.049066641 

1.899267637 7.678040887 
2.045529746 7.655618757 

3.097208501 6.123270206 
2.698251479 6.126273962 

5.073322419 2.139153518 
4.942197822 1.983343084 

4.7284225 6.290047472 
4.526421382 6.129439634 

2.170201469 9.201497344 
2.367508479 8.88605511 

2.512535026 8.579667432 
2.367508479 8.88605511 

1.628813669 7.004114133 
1.713685795 7.349481822 

4.122858421 1.442530437 
4.45653144 0.846620322 

7.340451928 7.28477819 
7.194060732 7.084942586 

3.1169036 8.314361615 
2.785457123 8.485516596 

2.785457123 8.485516596 
3.020740908 8.64723771 

5.057619596 6.607725572 
4.975520041 6.352646831 

1.379571583 7.237982104 
1.713685795 7.349481822 

2.53457747 3.801052782 
2.666637419 3.429311406 

2.623634865 3.166664829 
2.666637419 3.429311406 

6.884886404 5.373127643 
7.086948014 5.381648463 

4.77511344 2.42520126 
4.582529637 2.590874106 

4.435461701 2.700667793 
4.582529637 2.590874106 

3.148225221 2.188706362 
3.21469348 2.117662091 

4.727788381 5.64490358 
4.848033453 5.422441299 

4.45653144 0.846620322 
4.114492707 0.8287327239 

1.431325982 8.126483811 
1.705641035 8.160668248 

3.619939215 2.079957203 
3.42071907 2.067786928 

6.070472438 7.8647937 
6.068817563 8.171329254 

2.043866801 8.025581241 
1.899267637 7.678040887 

6.267471065 6.905519742 
6.206931629 6.722350487 

3.082328634 2.3305011 
3.148225221 2.188706362 

3.069078099 8.05802273 
3.333614623 8.015064433 

3.020740908 8.64723771 
3.090650472 8.716064505 

5.440029795 7.670044636 
5.58097539 7.683386166 

2.632777573 2.65503184 
2.733955064 2.856678867 

2.946010414 2.915144942 
2.733955064 2.856678867 

7.568085359 6.506600272 
7.620066519 6.721046889 

3.082328634 2.3305011 
3.072186059 2.4954802 

2.624867807 0.4151804802 
2.393211528 0.6893892639 

2.255766977 0.6602582656 
2.393211528 0.6893892639 

1.668732046 6.394178734 
1.713471681 6.17125743 

3.097208501 6.123270206 
3.092822516 6.321241871 

3.072186059 2.4954802 
2.856903486 2.451935381 

4.986265483 8.035384732 
5.144496642 7.896126338 

5.255947529 7.728535947 
5.144496642 7.896126338 

2.37881299 0.9322636708 
2.457977546 0.7147345278 

2.613334038 9.486748007 
2.533492389 9.123949447 

2.599104696 8.910915134 
2.533492389 9.123949447 

3.484812057 1.015719356 
3.263727126 1.12414542 

3.164690767 1.325988517 
3.263727126 1.12414542 

2.177488173 3.345688632 
2.09737817 3.494299818 

4.122858421 1.442530437 
4.010659431 1.472273972 

3.917583708 1.592845694 
4.010659431 1.472273972 

1.41480983 2.322546652 
1.538483053 2.478579486 

1.41480983 2.322546652 
1.583201313 2.066086322 

0.7419749587 8.115566014 
0.6317528768 7.985808664 

7.308389054 6.106540849 
7.409636276 6.160115947 

4.199415443 2.330916149 
4.435461701 2.700667793 

4.165808921 1.936931161 
4.271141156 2.128623228 

2.457977546 0.7147345278 
2.457076791 0.5474947544 

0.9821677575 7.463261658 
1.25369164 7.441438703 

5.057619596 6.607725572 
4.908773743 6.885639908 

1.150636529 9.290205736 
1.376432479 8.677917787 

3.495967801 0.5057722288 
3.34495177 0.5102429114 

4.52336669 6.958797656 
4.365239928 6.64077821 

0.9635448685 6.987231882 
0.8078396832 7.195449359 

2.571338393 7.593812532 
2.755867058 7.572635997 

7.188074906 6.294377841 
7.409636276 6.160115947 

2.356125078 8.320820347 
2.157049011 8.329612538 

2.055430286 8.503883864 
2.157049011 8.329612538 

6.991902193 8.034480397 
6.911304662 7.808157434 

0.452435165 6.739773356 
0.7243731257 6.620679752 

0.7419749587 8.115566014 
0.708498976 8.325680431 

0.708498976 8.325680431 
0.7357586349 8.5307423 

6.284814399 5.655712316 
6.635135566 5.664937343 

7.279918378 7.770840315 
7.15944714 7.509462371 

1.250266508 8.758094379 
1.376432479 8.677917787 

3.285542755 3.903363806 
3.544120776 3.857048258 

3.738181896 3.988213059 
3.544120776 3.857048258 

5.753067262 7.772662194 
5.799832158 7.590770761 

1.109017697 8.046758757 
0.8719903537 7.874680512 

1.250266508 8.758094379 
1.046025512 8.69741197 

2.126881949 7.772077211 
2.244315688 8.077937863 

4.288023609 7.276491297 
3.982791519 7.449338757 

3.721381516 7.542078389 
3.982791519 7.449338757 

2.515655057 1.9657065 
2.684363833 1.801940921 

2.126881949 7.772077211 
2.208723771 7.703861402 

2.411086097 7.708291828 
2.208723771 7.703861402 

3.213461669 0.8888691113 
3.263727126 1.12414542 

6.315255059 7.990247285 
6.467984377 8.210150959 

2.043866801 8.025581241 
2.365749839 7.898262529 

6.298853071 4.769547911 
6.158061932 5.064148712 

2.898128712 7.751963552 
3.015255941 7.919601376 

3.069078099 8.05802273 
3.015255941 7.919601376 

2.365749839 7.898262529 
2.208723771 7.703861402 

6.721853719 6.564574757 
6.588840815 6.442463916 

4.082941293 7.609624176 
3.982791519 7.449338757 

6.588840815 6.442463916 
6.603929438 6.688961645 

6.284814399 5.655712316 
6.02061294 5.869942372 

5.826676028 6.095483594 
6.02061294 5.869942372 

2.365749839 7.898262529 
2.411086097 7.708291828 

0.8102802091 6.417699942 
1.047289523 6.376072783 

2.445903312 2.185225733 
2.470932688 2.344554312 

5.368063601 6.684123228 
5.62160945 6.745006929 

2.755867058 7.572635997 
2.898128712 7.751963552 

2.705219826 7.996805135 
3.015255941 7.919601376 

4.194923507 6.270050952 
4.526421382 6.129439634 

6.783189906 6.800429977 
6.8666349 6.70361287 

6.981265553 6.639723376 
6.8666349 6.70361287 

4.194923507 6.270050952 
4.250896949 6.479432833 

4.365239928 6.64077821 
4.250896949 6.479432833 

5.726444984 7.060556026 
5.669349538 6.896056697 

5.948185163 6.779759864 
5.669349538 6.896056697 

7.409636276 6.160115947 
7.474170208 6.22721574 

7.086948014 5.381648463 
7.461060224 5.485126145 

2.447031639 3.247761405 
2.383420071 2.956347506 

3.362895417 0.709544079 
3.584684231 0.7830506974 

4.848033453 5.422441299 
5.162152023 5.434378465 

4.986265483 8.035384732 
5.146221434 7.611793428 

4.199415443 2.330916149 
4.296269998 2.212655987 

4.271141156 2.128623228 
4.296269998 2.212655987 

2.330499113 7.358133864 
2.089294328 7.23757373 

5.481243719 6.038358345 
5.239515152 6.013247042 

5.085112705 5.938594937 
5.239515152 6.013247042 

7.086948014 5.381648463 
7.028582754 5.513960701 

6.942165964 5.651294326 
7.028582754 5.513960701 

4.008063492 3.069675504 
4.152144365 2.872715069 

6.545319765 6.856187197 
6.206931629 6.722350487 

7.263288795 6.538998964 
7.1770233 6.662778599 

6.062803271 6.338217593 
5.866946933 6.405546662 

5.746615919 6.524851075 
5.866946933 6.405546662 

6.135412026 5.954145274 
6.02061294 5.869942372 

1.932647951 6.168764786 
1.792704406 6.027235324 

2.365749839 7.898262529 
2.443994398 8.05136826 

1.304149762 7.733759096 
1.309914517 7.965100016 

4.45337334 1.323654546 
4.358849284 1.185097927 

5.138061136 4.802214629 
5.014702054 5.19268771 

5.923090518 6.511689456 
5.866946933 6.405546662 

1.804199251 2.158064965 
1.583201313 2.066086322 

0.452435165 6.739773356 
0.6921385831 6.869905111 

0.9635448685 6.987231882 
0.6921385831 6.869905111 

6.907618098 6.329165855 
6.588840815 6.442463916 

0.5650978466 8.622290056 
0.6590468037 8.555787254 

0.7357586349 8.5307423 
0.6590468037 8.555787254 

1.79059391 9.269711335 
1.704131274 9.168244679 

1.595629358 9.065410071 
1.704131274 9.168244679 

3.670817376 7.908464475 
3.533274927 8.348372927 

1.573991839 7.48529982 
1.790790253 7.592629179 

1.899267637 7.678040887 
1.790790253 7.592629179 

1.991122645 3.356586345 
1.946761303 3.451700543 

1.347012622 6.542048107 
1.119834664 6.549916529 

1.511364908 8.396574333 
1.646993662 8.324668163 

2.423665314 6.2467827 
2.20414619 6.02709389 

4.848033453 5.422441299 
5.014702054 5.19268771 

3.34495177 0.5102429114 
3.3850998 0.3751713059 

1.661178083 1.388802245 
1.923185389 1.318561256 

2.062935736 1.352069722 
1.923185389 1.318561256 

2.055430286 8.503883864 
1.66000615 8.554680992 

1.109017697 8.046758757 
1.309914517 7.965100016 

1.841520721 6.303604395 
2.006647687 6.348711352 

1.924645336 1.516461421 
1.923185389 1.318561256 

5.726444984 7.060556026 
5.864549958 7.065250381 

1.41480983 2.322546652 
1.635197689 2.194081436 

1.804199251 2.158064965 
1.635197689 2.194081436 

4.091826053 0.5959983481 
4.095096866 0.7434830037 

4.114492707 0.8287327239 
4.095096866 0.7434830037 

3.285542755 3.903363806 
3.374977942 3.714473817 

3.223293146 3.515739652 
3.374977942 3.714473817 

5.574409602 7.971728318 
5.43997769 8.162172756 

0.7243731257 6.620679752 
0.7871909692 6.546532084 

2.969996341 1.748868329 
2.684363833 1.801940921 

7.17523546 5.897875887 
7.23659451 5.720396751 

2.09737817 3.494299818 
2.047747611 3.459059025 

1.991122645 3.356586345 
2.047747611 3.459059025 

2.974233478 3.379792369 
2.806756638 3.551619231 

4.986265483 8.035384732 
5.18957718 8.097086873 

5.187568473 6.396475773 
5.239515152 6.013247042 

3.362895417 0.709544079 
3.34495177 0.5102429114 

6.545319765 6.856187197 
6.373957762 6.683241604 

6.378873231 6.447852424 
6.373957762 6.683241604 

3.531845589 2.63463509 
3.324060287 2.408084007 

3.32345634 2.210715231 
3.324060287 2.408084007 

3.290846639 8.914674943 
2.874714361 8.693782179 

2.512535026 8.579667432 
2.874714361 8.693782179 

3.751956329 1.434354756 
3.630518577 1.601612949 

3.566451275 1.785155069 
3.630518577 1.601612949 

5.18957718 8.097086873 
5.144496642 7.896126338 

2.045529746 7.655618757 
2.067033606 7.556445289 

1.891527287 2.851565693 
1.709630847 2.72307032 

2.82282745 1.561769046 
2.863390668 1.41799003 

6.545319765 6.856187197 
6.419609226 6.844227497 

6.267471065 6.905519742 
6.419609226 6.844227497 

3.943550106 2.554102751 
4.199415443 2.330916149 

3.943550106 2.554102751 
3.702108186 2.345511113 

3.619939215 2.079957203 
3.702108186 2.345511113 

2.37881299 0.9322636708 
2.393211528 0.6893892639 

3.223293146 3.515739652 
3.193049413 3.630228052 

6.284814399 5.655712316 
6.188848636 5.836034713 

2.457076791 0.5474947544 
2.393211528 0.6893892639 

1.668732046 6.394178734 
1.347012622 6.542048107 

1.582599083 6.677560086 
1.817968846 6.739261249 

1.868903382 7.475231828 
1.713685795 7.349481822 

5.146221434 7.611793428 
4.964315594 7.645391263 

7.23659451 5.720396751 
7.303889201 5.622867131 

3.766047019 8.512860606 
3.722262112 8.255577695 

3.670817376 7.908464475 
3.722262112 8.255577695 

1.635197689 2.194081436 
1.649729365 2.293344726 

5.901075836 5.550239624 
5.713655972 5.616515231 

3.32345634 2.210715231 
3.42071907 2.067786928 

7.474170208 6.22721574 
7.531169223 6.216267949 

2.721635446 2.122689614 
2.736740569 2.278251924 

2.856903486 2.451935381 
2.736740569 2.278251924 

5.948185163 6.779759864 
5.738041119 6.654560391 

5.572836333 6.487541996 
5.738041119 6.654560391 

4.252920768 5.924683099 
4.825759429 5.985911133 

5.481243719 6.038358345 
4.825759429 5.985911133 

2.461002068 7.018882815 
2.404013921 7.223482607 

2.330499113 7.358133864 
2.404013921 7.223482607 

3.359634978 7.005704977 
3.367118869 7.227471125 

4.727788381 5.64490358 
4.825759429 5.985911133 

6.315255059 7.990247285 
6.199054832 7.9993822 

2.214457899 3.638416728 
2.007219055 3.45823608 

4.025739493 3.824975798 
4.267751912 3.569776196 

4.543135057 3.359094082 
4.267751912 3.569776196 

3.711314405 3.007894482 
3.629846677 3.253889294 

4.865547481 5.825342549 
4.825759429 5.985911133 

6.940500169 7.069360014 
7.064406452 6.934019806 

5.746615919 6.524851075 
5.738041119 6.654560391 

1.365199298 9.074167336 
1.36395215 9.171609539 

1.404207403 2.713850188 
1.507534191 2.607954262 

1.538483053 2.478579486 
1.507534191 2.607954262 

3.534530133 2.268525178 
3.702108186 2.345511113 

6.497350187 5.242084138 
6.748254964 5.145137398 

2.705219826 7.996805135 
2.525451024 7.941381686 

2.365749839 7.898262529 
2.525451024 7.941381686 

6.083968023 6.608356291 
5.987767141 6.595780615 

5.923090518 6.511689456 
5.987767141 6.595780615 

4.165808921 1.936931161 
3.95103178 1.853440992 

7.461060224 5.485126145 
7.356677674 5.58110573 

7.303889201 5.622867131 
7.356677674 5.58110573 

7.279918378 7.770840315 
7.129272615 7.877076161 

6.991902193 8.034480397 
7.129272615 7.877076161 

3.439581873 1.654058572 
3.288769654 1.4531667 

3.164690767 1.325988517 
3.288769654 1.4531667 

2.766776268 8.850818981 
2.874714361 8.693782179 

5.18957718 8.097086873 
5.290214057 8.118243105 

4.52336669 6.958797656 
4.341685201 7.066480507 

4.288023609 7.276491297 
4.341685201 7.066480507 

6.19955701 7.36540721 
6.401430001 7.296477375 

2.785457123 8.485516596 
2.874714361 8.693782179 

1.964653139 8.223260723 
2.157049011 8.329612538 

7.526658276 6.963394511 
7.583030014 6.821989886 

7.620066519 6.721046889 
7.583030014 6.821989886 

1.376432479 8.677917787 
1.511364908 8.396574333 

3.407986529 1.832375518 
3.42071907 2.067786928 

1.964653139 8.223260723 
1.932808067 8.418866365 

2.755867058 7.572635997 
2.760024752 7.448789932 

5.716136856 7.359521718 
5.664988924 7.541060416 

5.58097539 7.683386166 
5.664988924 7.541060416 

3.926673156 6.841032376 
4.139355353 6.739161786 

4.365239928 6.64077821 
4.139355353 6.739161786 

2.752061562 0.8073436802 
2.796070958 0.9565880836 

1.376432479 8.677917787 
1.324815929 8.412293246 

0.7130328281 7.601420203 
0.4657303852 7.47763279 

1.868903382 7.475231828 
1.790790253 7.592629179 

2.170201469 9.201497344 
2.391446529 9.324294838 

2.613334038 9.486748007 
2.391446529 9.324294838 

2.337866704 1.364586559 
2.632041655 1.587635222 

2.969996341 1.748868329 
2.632041655 1.587635222 

6.206931629 6.722350487 
6.373957762 6.683241604 

5.057619596 6.607725572 
5.178624944 6.67054517 

5.368063601 6.684123228 
5.178624944 6.67054517 

5.255947529 7.728535947 
5.146221434 7.611793428 

2.255766977 0.6602582656 
2.077860841 0.7164307407 

1.925919879 6.888853325 
1.817968846 6.739261249 

0.5428143536 7.641419522 
0.5168617545 7.563366569 

0.4657303852 7.47763279 
0.5168617545 7.563366569 

2.461002068 7.018882815 
2.901719096 6.826923337 

2.060000638 5.914392947 
2.291738684 5.89705205 

2.48518155 5.86173872 
2.291738684 5.89705205 

1.638000523 3.279058203 
1.869775531 3.394485511 

2.007219055 3.45823608 
1.869775531 3.394485511 

3.367118869 7.227471125 
3.435123939 7.322980125 

3.225923547 2.839400699 
3.347115361 2.673352152 

3.531845589 2.63463509 
3.347115361 2.673352152 

3.533274927 8.348372927 
3.722262112 8.255577695 

3.092822516 6.321241871 
3.129780964 6.405812327 

2.383420071 2.956347506 
2.578152784 2.906228396 

2.733955064 2.856678867 
2.578152784 2.906228396 

4.574504904 7.280031745 
4.341685201 7.066480507 

4.811383502 7.415385531 
4.712463472 7.308968935 

1.628813669 7.004114133 
1.738081232 7.240757088 

1.868903382 7.475231828 
1.738081232 7.240757088 

4.865547481 5.825342549 
5.023705785 5.679898903 

5.162152023 5.434378465 
5.023705785 5.679898903 

2.867460122 2.248228578 
2.736740569 2.278251924 

1.304149762 7.733759096 
0.8238585292 7.993723362 

5.799832158 7.590770761 
5.664988924 7.541060416 

2.461002068 7.018882815 
2.289330995 7.111406277 

1.379571583 7.237982104 
1.148317106 7.153999028 

4.546276397 3.133611073 
4.649865437 3.014027897 

2.796070958 0.9565880836 
2.841992366 0.870292328 

2.974851128 0.7974462922 
2.841992366 0.870292328 

3.3850998 0.3751713059 
3.26912552 0.3546461839 

0.9635448685 6.987231882 
1.020143912 6.764795884 

1.92319734 1.711003266 
1.747354372 1.818027044 

1.545569041 1.762803921 
1.747354372 1.818027044 

6.884886404 5.373127643 
7.028582754 5.513960701 

3.943550106 2.554102751 
3.766023984 2.786319712 

3.711314405 3.007894482 
3.766023984 2.786319712 

5.738041119 6.654560391 
5.62160945 6.745006929 

1.697771248 7.831568958 
1.877570557 7.90704148 

4.252920768 5.924683099 
4.509223755 5.764840206 

4.727788381 5.64490358 
4.509223755 5.764840206 

0.6084456245 7.340585303 
0.7132718888 7.278616754 

0.8078396832 7.195449359 
0.7132718888 7.278616754 

1.661178083 1.388802245 
1.809021137 1.416825885 

1.924645336 1.516461421 
1.809021137 1.416825885 

1.713685795 7.349481822 
1.738081232 7.240757088 

3.202747519 1.860495881 
3.142326516 2.034417473 

3.148225221 2.188706362 
3.142326516 2.034417473 

4.341685201 7.066480507 
4.139355353 6.739161786 

1.047289523 6.376072783 
1.115058926 6.293830556 

3.072186059 2.4954802 
3.347115361 2.673352152 

1.109017697 8.046758757 
0.8238585292 7.993723362 

6.467984377 8.210150959 
6.287138278 8.113083968 

1.79059391 9.269711335 
1.490351769 9.267710685 

2.806756638 3.551619231 
2.733282032 3.618104339 

5.440029795 7.670044636 
5.255947529 7.728535947 

5.506086173 4.775199318 
5.658074726 4.685880241 

7.568085359 6.506600272 
7.474170208 6.22721574 

7.194060732 7.084942586 
6.940500169 7.069360014 

2.754722826 9.136197768 
2.651233394 9.144621764 

6.635135566 5.664937343 
6.942165964 5.651294326 

2.850474767 6.654184917 
2.70744649 6.616936445 

2.632777573 2.65503184 
2.578152784 2.906228396 

7.41313219 6.65534232 
7.568085359 6.506600272 

2.067033606 7.556445289 
2.227181729 7.50816553 

2.139522805 2.100237054 
1.901472764 1.982425607 

6.721853719 6.564574757 
6.8666349 6.70361287 

5.162152023 5.434378465 
5.014702054 5.19268771 

7.194060732 7.084942586 
7.096439112 7.149835478 

7.064406452 6.934019806 
7.096439112 7.149835478 

5.948185163 6.779759864 
5.987767141 6.595780615 

5.43997769 8.162172756 
5.356033841 8.144679368 

5.290214057 8.118243105 
5.356033841 8.144679368 

7.340451928 7.28477819 
7.526658276 6.963394511 

7.340451928 7.28477819 
7.242863879 7.447392552 

7.15944714 7.509462371 
7.242863879 7.447392552 

1.946761303 3.451700543 
2.007219055 3.45823608 

2.316977127 2.44011922 
2.480356966 2.566744451 

2.632777573 2.65503184 
2.480356966 2.566744451 

3.766047019 8.512860606 
3.609158312 8.494349153 

2.512535026 8.579667432 
2.644581727 8.728917318 

2.766776268 8.850818981 
2.644581727 8.728917318 

4.358849284 1.185097927 
4.351690228 1.04485026 

5.479946741 7.006685041 
5.199329985 7.28194804 

5.479946741 7.006685041 
5.741319969 6.902317041 

5.948185163 6.779759864 
5.741319969 6.902317041 

3.129780964 6.405812327 
3.200356662 6.428339256 

6.743493082 7.97335098 
6.879602118 7.989878434 

6.991902193 8.034480397 
6.879602118 7.989878434 

1.490351769 9.267710685 
1.36395215 9.171609539 

3.285542755 3.903363806 
3.46588624 3.583858111 

6.907618098 6.329165855 
6.981265553 6.639723376 

4.199415443 2.330916149 
4.556468226 2.057717665 

4.940496219 1.737582959 
4.556468226 2.057717665 

4.538756025 1.818783066 
4.651688344 1.692870579 

4.546809348 1.609257695 
4.651688344 1.692870579 

6.684132503 6.124339586 
6.614946204 6.289756719 

6.588840815 6.442463916 
6.614946204 6.289756719 

3.531845589 2.63463509 
3.705638597 2.601311659 

3.439581873 1.654058572 
3.630518577 1.601612949 

3.000517666 2.736054827 
3.066129108 2.64868954 

3.072186059 2.4954802 
3.066129108 2.64868954 

2.684363833 1.801940921 
2.632041655 1.587635222 

1.841807986 8.841708023 
2.020995758 9.028145992 

2.170201469 9.201497344 
2.020995758 9.028145992 

2.289330995 7.111406277 
2.404013921 7.223482607 

1.404207403 2.713850188 
1.550130822 2.695616387 

1.709630847 2.72307032 
1.550130822 2.695616387 

3.21469348 2.117662091 
3.287343198 2.116449238 

3.42071907 2.067786928 
3.287343198 2.116449238 

6.378873231 6.447852424 
6.588840815 6.442463916 

2.515655057 1.9657065 
2.132238893 1.674818512 

3.338033377 6.490665069 
3.25222186 6.44003061 

3.200356662 6.428339256 
3.25222186 6.44003061 

6.684132503 6.124339586 
6.997901705 5.868121106 

5.741319969 6.902317041 
5.669349538 6.896056697 

3.84444388 7.168313378 
3.982791519 7.449338757 

6.378873231 6.447852424 
6.163808771 6.551501124 

6.083968023 6.608356291 
6.163808771 6.551501124 

6.334240318 6.141701153 
6.378873231 6.447852424 

1.661178083 1.388802245 
1.869893705 1.499325142 

2.132238893 1.674818512 
1.869893705 1.499325142 

6.287138278 8.113083968 
6.189785406 8.108140318 

3.142326516 2.034417473 
3.21469348 2.117662091 

3.290846639 8.914674943 
3.169199312 8.624438033 

3.1169036 8.314361615 
3.169199312 8.624438033 

4.526421382 6.129439634 
4.825759429 5.985911133 

3.46588624 3.583858111 
3.374977942 3.714473817 

2.214457899 3.638416728 
2.377614641 3.428836619 

6.334240318 6.141701153 
6.245840625 6.063304598 

6.135412026 5.954145274 
6.245840625 6.063304598 

1.946761303 3.451700543 
1.869775531 3.394485511 

6.068817563 8.171329254 
6.143054861 8.075228695 

6.199054832 7.9993822 
6.143054861 8.075228695 

3.495967801 0.5057722288 
3.3850998 0.3751713059 

3.495967801 0.5057722288 
3.435794637 0.5969116178 

3.362895417 0.709544079 
3.435794637 0.5969116178 

6.467984377 8.210150959 
6.559743804 8.217407098 

6.647734204 8.227478623 
6.559743804 8.217407098 

5.449997531 5.684321043 
5.239515152 6.013247042 

2.512535026 8.579667432 
2.309274876 8.536666305 

2.055430286 8.503883864 
2.309274876 8.536666305 

3.202747519 1.860495881 
3.027261785 1.564769023 

6.309617989 5.435172331 
6.284814399 5.655712316 

5.866946933 6.405546662 
5.708803683 6.237367745 

7.461060224 5.485126145 
7.227566442 5.650272621 

6.997901705 5.868121106 
7.227566442 5.650272621 

6.070472438 7.8647937 
6.199054832 7.9993822 

2.901719096 6.826923337 
2.931081386 6.99783676 

2.898389124 7.159803115 
2.931081386 6.99783676 

3.705638597 2.601311659 
3.619027741 2.524541703 

6.315255059 7.990247285 
6.287138278 8.113083968 

4.526421382 6.129439634 
4.591446424 6.311297674 

4.678420422 6.480711316 
4.591446424 6.311297674 

6.373957762 6.683241604 
6.419609226 6.844227497 

0.7130328281 7.601420203 
0.5292343627 7.909025298 

3.705638597 2.601311659 
3.766023984 2.786319712 

4.082941293 7.609624176 
4.196078451 7.428028473 

4.288023609 7.276491297 
4.196078451 7.428028473 

0.5292343627 7.909025298 
0.6317528768 7.985808664 

5.901075836 5.550239624 
5.946791297 5.717637184 

6.02061294 5.869942372 
5.946791297 5.717637184 

1.66000615 8.554680992 
1.376432479 8.677917787 

1.868903382 7.475231828 
2.067033606 7.556445289 

1.545569041 1.762803921 
1.744271854 1.901859223 

1.901472764 1.982425607 
1.744271854 1.901859223 

3.407986529 1.832375518 
3.566451275 1.785155069 

7.194060732 7.084942586 
7.335853854 7.019462196 

7.526658276 6.963394511 
7.335853854 7.019462196 

5.162152023 5.434378465 
5.307642641 5.529280222 

6.070472438 7.8647937 
6.143054861 8.075228695 

1.379571583 7.237982104 
1.290151247 7.348728439 

1.25369164 7.441438703 
1.290151247 7.348728439 

3.930959032 2.146635747 
3.702108186 2.345511113 

2.367508479 8.88605511 
2.599104696 8.910915134 

1.490351769 9.267710685 
1.36349333 9.26017753 

3.352675297 7.541127597 
3.558236742 7.504269302 

3.721381516 7.542078389 
3.558236742 7.504269302 

2.337866704 1.364586559 
2.132238893 1.674818512 

4.378204131 7.62083811 
4.196078451 7.428028473 

4.77511344 2.42520126 
4.868617851 2.478686746 

5.030184093 2.543593456 
4.868617851 2.478686746 

2.337866704 1.364586559 
2.274492065 1.498781587 

1.924645336 1.516461421 
1.869893705 1.499325142 

3.166371667 0.2960513296 
3.236816061 0.2837392112 

3.26912552 0.3546461839 
3.236816061 0.2837392112 

4.651688344 1.692870579 
4.715347416 1.827184614 

3.338033377 6.490665069 
3.243720602 6.291674437 

5.708803683 6.237367745 
5.792375081 6.196661041 

5.826676028 6.095483594 
5.792375081 6.196661041 

6.158061932 5.064148712 
6.021051534 4.828995932 

6.158061932 5.064148712 
6.136504096 5.181594885 

6.135204836 5.333929277 
6.136504096 5.181594885 

3.097208501 6.123270206 
3.171305837 6.220128128 

3.243720602 6.291674437 
3.171305837 6.220128128 

3.930959032 2.146635747 
3.897081923 2.027687222 

3.95103178 1.853440992 
3.897081923 2.027687222 

1.871818957 1.062937196 
1.756686653 1.179868568 

3.090650472 8.716064505 
3.169199312 8.624438033 

2.754722826 9.136197768 
3.013326142 9.095183752 

6.070472438 7.8647937 
6.17771345 7.58235747 

1.638000523 3.279058203 
1.771213942 3.071255771 

1.891527287 2.851565693 
1.771213942 3.071255771 

2.931209266 2.055325738 
3.142326516 2.034417473 

2.316977127 2.44011922 
2.357291784 2.37240571 

2.470932688 2.344554312 
2.357291784 2.37240571 

4.591446424 6.311297674 
4.7284225 6.290047472 

2.705219826 7.996805135 
2.562307298 7.837322335 

2.411086097 7.708291828 
2.562307298 7.837322335 

5.014702054 5.19268771 
4.828231164 5.161097151 

2.310873224 6.409712282 
2.285492333 6.281744135 

3.287343198 2.116449238 
3.32345634 2.210715231 

2.931209266 2.055325738 
3.011470867 2.234945549 

3.082328634 2.3305011 
3.011470867 2.234945549 

6.940500169 7.069360014 
7.019894466 7.079176144 

7.096439112 7.149835478 
7.019894466 7.079176144 

4.848033453 5.422441299 
4.756606101 5.367544003 

2.044910265 8.82589449 
2.020995758 9.028145992 

7.531169223 6.216267949 
7.576158173 6.244801885 

1.309914517 7.965100016 
1.438595154 7.921598903 

1.456541851 8.012057299 
1.438595154 7.921598903 

1.576150856 5.981150929 
1.650098381 6.070159629 

1.713471681 6.17125743 
1.650098381 6.070159629 

5.481243719 6.038358345 
5.345250294 6.180661392 

4.45337334 1.323654546 
4.279614541 1.579997259 

1.991122645 3.356586345 
1.869775531 3.394485511 

3.225923547 2.839400699 
3.066129108 2.64868954 

2.457977546 0.7147345278 
2.393211528 0.6893892639 

6.497350187 5.242084138 
6.446433707 4.946244638 

1.705641035 8.160668248 
1.853882616 8.193658637 

1.964653139 8.223260723 
1.853882616 8.193658637 

6.912065388 5.97762909 
6.997901705 5.868121106 

5.239515152 6.013247042 
5.345250294 6.180661392 

3.609158312 8.494349153 
3.567624851 8.427018397 

3.533274927 8.348372927 
3.567624851 8.427018397 

2.37881299 0.9322636708 
2.357764592 1.179153776 

2.337866704 1.364586559 
2.357764592 1.179153776 

3.290846639 8.914674943 
3.146308838 8.980846705 

3.013326142 9.095183752 
3.146308838 8.980846705 

3.745242513 0.8895507773 
3.93184304 0.7693918402 

5.187568473 6.396475773 
5.178624944 6.67054517 

1.119834664 6.549916529 
1.047289523 6.376072783 

5.345250294 6.180661392 
5.190078596 6.232840901 

2.457076791 0.5474947544 
2.557070458 0.5191196523 

2.166580843 6.707473471 
2.018504149 6.793599805 

1.925919879 6.888853325 
2.018504149 6.793599805 

3.374977942 3.714473817 
3.544120776 3.857048258 

4.252920768 5.924683099 
4.364962131 6.084995315 

6.206931629 6.722350487 
6.163808771 6.551501124 

2.445903312 2.185225733 
2.444631679 2.059276095 

2.515655057 1.9657065 
2.444631679 2.059276095 

2.423665314 6.2467827 
2.327230915 6.24813144 

2.285492333 6.281744135 
2.327230915 6.24813144 

3.619939215 2.079957203 
3.897081923 2.027687222 

6.068627882 7.092847439 
5.962858107 7.108963403 

5.864549958 7.065250381 
5.962858107 7.108963403 

6.334240318 6.141701153 
6.453353771 6.034551036 

3.34495177 0.5102429114 
3.435794637 0.5969116178 

2.289330995 7.111406277 
2.183016622 7.159250864 

2.089294328 7.23757373 
2.183016622 7.159250864 

2.443994398 8.05136826 
2.525451024 7.941381686 

2.512535026 8.579667432 
2.636750838 8.471213671 

5.449997531 5.684321043 
5.713655972 5.616515231 

1.628813669 7.004114133 
1.678314643 7.457236078 

1.697771248 7.831568958 
1.678314643 7.457236078 

6.188848636 5.836034713 
6.02061294 5.869942372 

1.324815929 8.412293246 
1.399946045 8.272898071 

1.431325982 8.126483811 
1.399946045 8.272898071 

1.697771248 7.831568958 
1.790790253 7.592629179 

6.907618098 6.329165855 
6.614946204 6.289756719 

1.150636529 9.290205736 
1.282042067 9.230827193 

1.36395215 9.171609539 
1.282042067 9.230827193 

0.7559336792 8.816944367 
0.9160539825 8.741459019 

1.046025512 8.69741197 
0.9160539825 8.741459019 

1.583201313 2.066086322 
1.635197689 2.194081436 

6.684132503 6.124339586 
6.559185298 6.091367848 

1.756686653 1.179868568 
1.923185389 1.318561256 

2.733282032 3.618104339 
2.66207669 3.68048704 

7.064406452 6.934019806 
7.019894466 7.079176144 

3.352675297 7.541127597 
3.140955651 7.623093523 

2.898128712 7.751963552 
3.140955651 7.623093523 

1.932808067 8.418866365 
1.994373975 8.438913583 

2.055430286 8.503883864 
1.994373975 8.438913583 

3.108315313 7.049066641 
2.931081386 6.99783676 

4.756606101 5.367544003 
4.687912018 5.336559785 

3.439581873 1.654058572 
3.438161853 1.722000799 

3.407986529 1.832375518 
3.438161853 1.722000799 

5.449997531 5.684321043 
5.211887835 5.682777087 

5.023705785 5.679898903 
5.211887835 5.682777087 

5.199329985 7.28194804 
5.167188266 7.448669487 

5.146221434 7.611793428 
5.167188266 7.448669487 

6.284814399 5.655712316 
6.069271415 5.61961172 

3.534530133 2.268525178 
3.32345634 2.210715231 

5.030184093 2.543593456 
5.071258479 2.347081003 

5.073322419 2.139153518 
5.071258479 2.347081003 

1.573991839 7.48529982 
1.678314643 7.457236078 

3.027261785 1.564769023 
2.863390668 1.41799003 

5.014702054 5.19268771 
4.892408382 5.402951934 

4.727788381 5.64490358 
4.892408382 5.402951934 

3.738181896 3.988213059 
3.881931078 3.888082334 

4.025739493 3.824975798 
3.881931078 3.888082334 

5.948185163 6.779759864 
5.962858107 7.108963403 

3.765771882 1.809223272 
3.838404381 1.711220253 

3.917583708 1.592845694 
3.838404381 1.711220253 

1.582599083 6.677560086 
1.598224194 6.892622638 

1.628813669 7.004114133 
1.598224194 6.892622638 

1.309914517 7.965100016 
1.456541851 8.012057299 

1.868903382 7.475231828 
1.678314643 7.457236078 

3.333614623 8.015064433 
3.140955651 7.623093523 

1.868903382 7.475231828 
1.946300438 7.580479675 

2.045529746 7.655618757 
1.946300438 7.580479675 

4.687912018 5.336559785 
4.631539629 5.318868507 

1.25369164 7.441438703 
1.304149762 7.733759096 

1.792704406 6.027235324 
1.689894103 5.999212924 

1.576150856 5.981150929 
1.689894103 5.999212924 

4.892408382 5.402951934 
4.848033453 5.422441299 

6.062803271 6.338217593 
6.163808771 6.551501124 

2.132238893 1.674818512 
2.351613691 1.725976885 

6.603929438 6.688961645 
6.373957762 6.683241604 

1.018946384 7.637359269 
1.041186466 7.846792265 

1.109017697 8.046758757 
1.041186466 7.846792265 

2.533492389 9.123949447 
2.592407248 9.18427906 

2.651233394 9.144621764 
2.592407248 9.18427906 

5.726444984 7.060556026 
5.741319969 6.902317041 

2.70744649 6.616936445 
2.752381792 6.540649719 

2.78623507 6.470074518 
2.752381792 6.540649719 

6.907618098 6.329165855 
6.890806147 6.104625303 

6.912065388 5.97762909 
6.890806147 6.104625303 

5.085112705 5.938594937 
4.825759429 5.985911133 

6.911304662 7.808157434 
6.879602118 7.989878434 

1.877570557 7.90704148 
1.973494687 7.972303269 

2.043866801 8.025581241 
1.973494687 7.972303269 

2.48518155 5.86173872 
2.492004832 5.940253524 

2.48005221 6.001949876 
2.492004832 5.940253524 

2.867460122 2.248228578 
3.011470867 2.234945549 

3.84444388 7.168313378 
4.053842914 7.197513119 

4.288023609 7.276491297 
4.053842914 7.197513119 

1.946300438 7.580479675 
1.899267637 7.678040887 

2.636750838 8.471213671 
2.755750735 8.253963073 

0.8238585292 7.993723362 
0.8719903537 7.874680512 

4.45337334 1.323654546 
4.289265247 1.38320669 

4.122858421 1.442530437 
4.289265247 1.38320669 

5.923090518 6.511689456 
5.842808822 6.497595683 

5.746615919 6.524851075 
5.842808822 6.497595683 

4.008063492 3.069675504 
4.173762945 3.074417694 

4.322217866 3.117711321 
4.173762945 3.074417694 

2.166580843 6.707473471 
1.972187136 6.729692603 

1.817968846 6.739261249 
1.972187136 6.729692603 

1.713685795 7.349481822 
1.678314643 7.457236078 

1.573991839 7.48529982 
1.620458269 7.388540629 

1.713685795 7.349481822 
1.620458269 7.388540629 

2.214457899 3.638416728 
2.09737817 3.494299818 

2.53457747 3.801052782 
2.422011101 3.672747908 

2.067033606 7.556445289 
1.946300438 7.580479675 

6.401430001 7.296477375 
6.509858759 7.369686511 

6.590110263 7.439300979 
6.509858759 7.369686511 

1.545569041 1.762803921 
1.661178083 1.388802245 

6.684132503 6.124339586 
6.890806147 6.104625303 

1.583201313 2.066086322 
1.589827386 1.910978806 

5.658074726 4.685880241 
5.665137152 4.833142034 

5.659078467 4.945182989 
5.665137152 4.833142034 

3.148225221 2.188706362 
3.011470867 2.234945549 

6.298853071 4.769547911 
6.358845915 4.878485368 

6.446433707 4.946244638 
6.358845915 4.878485368 

7.17523546 5.897875887 
6.997901705 5.868121106 

6.748254964 5.145137398 
6.934962849 5.155774416 

5.792375081 6.196661041 
5.866946933 6.405546662 

7.340451928 7.28477819 
7.434382017 6.902242086 

7.568085359 6.506600272 
7.434382017 6.902242086 

0.7130328281 7.601420203 
0.5168617545 7.563366569 

6.062803271 6.338217593 
6.245840625 6.063304598 

2.673449928 7.310552283 
2.726206922 7.390659221 

2.760024752 7.448789932 
2.726206922 7.390659221 

2.684363833 1.801940921 
2.758098567 1.634882103 

2.82282745 1.561769046 
2.758098567 1.634882103 

4.940496219 1.737582959 
4.792367342 1.746872936 

4.651688344 1.692870579 
4.792367342 1.746872936 

1.150636529 9.290205736 
1.272492 9.298466343 

1.36349333 9.26017753 
1.272492 9.298466343 

3.619939215 2.079957203 
3.930959032 2.146635747 

2.632777573 2.65503184 
2.522405185 2.804866217 

2.383420071 2.956347506 
2.522405185 2.804866217 

2.969996341 1.748868329 
2.758098567 1.634882103 

3.338033377 6.490665069 
3.345323297 6.755891253 

3.359634978 7.005704977 
3.345323297 6.755891253 

7.64112188 6.097609403 
7.602703705 6.181686468 

7.576158173 6.244801885 
7.602703705 6.181686468 

7.41313219 6.65534232 
7.620066519 6.721046889 

3.766047019 8.512860606 
3.565012749 8.28765979 

3.333614623 8.015064433 
3.565012749 8.28765979 

1.747354372 1.818027044 
1.744271854 1.901859223 

4.678420422 6.480711316 
4.820379611 6.408127935 

4.975520041 6.352646831 
4.820379611 6.408127935 

2.025399172 2.557106916 
2.079924072 2.436854477 

2.147760507 2.314734088 
2.079924072 2.436854477 

5.866946933 6.405546662 
5.842808822 6.497595683 

2.796070958 0.9565880836 
2.571367136 0.9370377295 

2.37881299 0.9322636708 
2.571367136 0.9370377295 

4.962629799 7.145084181 
5.082995028 7.248558817 

5.199329985 7.28194804 
5.082995028 7.248558817 

3.566451275 1.785155069 
3.438161853 1.722000799 

7.17523546 5.897875887 
7.069166134 5.756682422 

6.942165964 5.651294326 
7.069166134 5.756682422 

7.119635994 5.139146269 
7.021855908 5.286512914 

6.884886404 5.373127643 
7.021855908 5.286512914 

1.756686653 1.179868568 
1.721226486 1.284067043 

1.661178083 1.388802245 
1.721226486 1.284067043 

5.60535911 5.435381888 
5.656425554 5.528762207 

5.713655972 5.616515231 
5.656425554 5.528762207 

1.150636529 9.290205736 
1.209821011 9.022260045 

1.250266508 8.758094379 
1.209821011 9.022260045 

6.062803271 6.338217593 
6.019767775 6.469626838 

5.987767141 6.595780615 
6.019767775 6.469626838 

4.485847809 5.286420307 
4.573511374 5.306876544 

4.631539629 5.318868507 
4.573511374 5.306876544 

2.356125078 8.320820347 
2.309274876 8.536666305 

1.967460842 0.7940785436 
2.026215022 0.7641451462 

2.077860841 0.7164307407 
2.026215022 0.7641451462 

5.572836333 6.487541996 
5.475478051 6.579806993 

5.368063601 6.684123228 
5.475478051 6.579806993 

5.923090518 6.511689456 
6.019767775 6.469626838 

4.378204131 7.62083811 
4.681322788 7.825014727 

4.986265483 8.035384732 
4.681322788 7.825014727 

1.790790253 7.592629179 
1.946300438 7.580479675 

2.571338393 7.593812532 
2.719218485 7.669036373 

2.898128712 7.751963552 
2.719218485 7.669036373 

1.804199251 2.158064965 
1.901472764 1.982425607 

2.898389124 7.159803115 
2.707319329 7.129453122 

4.942197822 1.983343084 
4.715347416 1.827184614 

2.177488173 3.345688632 
1.991122645 3.356586345 

0.3150898459 8.157918962 
0.4458268683 8.031331914 

0.5292343627 7.909025298 
0.4458268683 8.031331914 

2.310873224 6.409712282 
2.327230915 6.24813144 

4.942197822 1.983343084 
4.923715511 1.862558412 

4.940496219 1.737582959 
4.923715511 1.862558412 

2.310873224 6.409712282 
2.146270738 6.37816983 

2.006647687 6.348711352 
2.146270738 6.37816983 

4.964315594 7.645391263 
5.144496642 7.896126338 

6.206931629 6.722350487 
6.262691389 6.590337762 

6.378873231 6.447852424 
6.262691389 6.590337762 

6.635135566 5.664937343 
6.453353771 6.034551036 

4.37691695 2.847645721 
4.25349122 2.854075726 

4.152144365 2.872715069 
4.25349122 2.854075726 

6.019767775 6.469626838 
6.083968023 6.608356291 

7.021855908 5.286512914 
7.086948014 5.381648463 

3.202747519 1.860495881 
3.317847618 1.967818319 

3.42071907 2.067786928 
3.317847618 1.967818319 

6.188848636 5.836034713 
6.166315564 5.895569364 

6.135412026 5.954145274 
6.166315564 5.895569364 

3.565012749 8.28765979 
3.533274927 8.348372927 

2.208723771 7.703861402 
2.227181729 7.50816553 

2.157049011 8.329612538 
2.208217533 8.197531227 

2.244315688 8.077937863 
2.208217533 8.197531227 

5.307642641 5.529280222 
5.211887835 5.682777087 

2.624867807 0.4151804802 
2.591375153 0.4657485002 

2.557070458 0.5191196523 
2.591375153 0.4657485002 

3.072186059 2.4954802 
3.147816226 2.653024682 

6.069271415 5.61961172 
5.946791297 5.717637184 

2.170201469 9.201497344 
1.985798854 9.223446745 

1.79059391 9.269711335 
1.985798854 9.223446745 

2.707319329 7.129453122 
2.615964749 7.063491826 

7.434382017 6.902242086 
7.335853854 7.019462196 

2.214457899 3.638416728 
2.318171441 3.654219793 

2.422011101 3.672747908 
2.318171441 3.654219793 

4.351690228 1.04485026 
4.371136859 0.9648546511 

3.670817376 7.908464475 
3.507672815 7.971848209 

3.333614623 8.015064433 
3.507672815 7.971848209 

6.068817563 8.171329254 
6.129098156 8.141642627 

6.189785406 8.108140318 
6.129098156 8.141642627 

7.526658276 6.963394511 
7.455520318 6.79908093 

7.41313219 6.65534232 
7.455520318 6.79908093 

2.045529746 7.655618757 
2.208723771 7.703861402 

5.307642641 5.529280222 
5.60535911 5.435381888 

2.66207669 3.68048704 
2.609392646 3.730039095 

0.7419749587 8.115566014 
0.5525399777 8.147459108 

6.17771345 7.58235747 
6.187982718 7.480511913 

6.19955701 7.36540721 
6.187982718 7.480511913 

2.274492065 1.498781587 
2.317064815 1.601168637 

2.351613691 1.725976885 
2.317064815 1.601168637 

1.646993662 8.324668163 
1.648326742 8.435966186 

1.66000615 8.554680992 
1.648326742 8.435966186 

5.572836333 6.487541996 
5.708803683 6.237367745 

5.572836333 6.487541996 
5.711499451 6.440885385 

5.866946933 6.405546662 
5.711499451 6.440885385 

3.435123939 7.322980125 
3.394624574 7.431856059 

3.352675297 7.541127597 
3.394624574 7.431856059 

1.545569041 1.762803921 
1.688105466 1.963850739 

1.804199251 2.158064965 
1.688105466 1.963850739 

5.307642641 5.529280222 
5.384433842 5.600654419 

5.449997531 5.684321043 
5.384433842 5.600654419 

3.95103178 1.853440992 
3.838404381 1.711220253 

2.974851128 0.7974462922 
3.094522427 0.8371537145 

3.213461669 0.8888691113 
3.094522427 0.8371537145 

6.907618098 6.329165855 
7.04051321 6.300802195 

7.188074906 6.294377841 
7.04051321 6.300802195 

2.53457747 3.801052782 
2.571985058 3.765545938 

2.609392646 3.730039095 
2.571985058 3.765545938 

3.943550106 2.554102751 
3.814696237 2.587682238 

3.705638597 2.601311659 
3.814696237 2.587682238 

2.613334038 9.486748007 
2.592407248 9.18427906 

1.628813669 7.004114133 
1.772471628 6.944195795 

1.925919879 6.888853325 
1.772471628 6.944195795 

3.745242513 0.8895507773 
3.624922098 0.9487661729 

3.484812057 1.015719356 
3.624922098 0.9487661729 

0.3150898459 8.157918962 
0.4455534035 8.145291575 

0.5525399777 8.147459108 
0.4455534035 8.145291575 

3.515616682 3.299798701 
3.491104489 3.441544927 

3.46588624 3.583858111 
3.491104489 3.441544927 

2.461002068 7.018882815 
2.584648185 7.16984399 

2.673449928 7.310552283 
2.584648185 7.16984399 

4.526421382 6.129439634 
4.448980428 6.095594472 

4.364962131 6.084995315 
4.448980428 6.095594472 

3.3850998 0.3751713059 
3.236816061 0.2837392112 

2.946010414 2.915144942 
3.048126063 3.103760315 

3.151527571 3.28518332 
3.048126063 3.103760315 

3.290846639 8.914674943 
3.185647851 8.825360926 

3.090650472 8.716064505 
3.185647851 8.825360926 

0.9821677575 7.463261658 
1.162416345 7.592377026 

1.304149762 7.733759096 
1.162416345 7.592377026 

2.166580843 6.707473471 
2.222516243 6.554827546 

2.310873224 6.409712282 
2.222516243 6.554827546 

2.623634865 3.166664829 
2.641123716 2.900947361 

2.632777573 2.65503184 
2.641123716 2.900947361 

2.356125078 8.320820347 
2.208217533 8.197531227 

2.976742951 1.305679864 
2.959933292 1.381606723 

2.863390668 1.41799003 
2.959933292 1.381606723 

4.519198942 2.391367687 
4.582529637 2.590874106 

2.615964749 7.063491826 
2.551359071 7.051774292 

2.461002068 7.018882815 
2.551359071 7.051774292 

1.018946384 7.637359269 
1.162416345 7.592377026 

1.324815929 8.412293246 
1.418858811 8.407466433 

1.511364908 8.396574333 
1.418858811 8.407466433 

3.225923547 2.839400699 
3.048126063 3.103760315 

3.225923547 2.839400699 
3.188672415 2.747462342 

3.147816226 2.653024682 
3.188672415 2.747462342 

7.119635994 5.139146269 
7.027299421 5.147460343 

6.934962849 5.155774416 
7.027299421 5.147460343 

0.9821677575 7.463261658 
0.8505423796 7.515064803 

0.7130328281 7.601420203 
0.8505423796 7.515064803 

3.324060287 2.408084007 
3.347115361 2.673352152 

5.746615919 6.524851075 
5.711499451 6.440885385 

4.792367342 1.746872936 
4.715347416 1.827184614 

2.060000638 5.914392947 
2.137623891 5.967858846 

2.20414619 6.02709389 
2.137623891 5.967858846 

7.526658276 6.963394511 
7.434382017 6.902242086 

1.92319734 1.711003266 
2.026987918 1.692470436 

2.132238893 1.674818512 
2.026987918 1.692470436 

3.95103178 1.853440992 
3.85889008 1.830502079 

3.765771882 1.809223272 
3.85889008 1.830502079 

2.170201469 9.201497344 
2.110788324 9.013353273 

2.044910265 8.82589449 
2.110788324 9.013353273 

2.310873224 6.409712282 
2.423665314 6.2467827 

1.638000523 3.279058203 
1.790338812 3.36722701 

1.946761303 3.451700543 
1.790338812 3.36722701 

2.641123716 2.900947361 
2.733955064 2.856678867 

6.981265553 6.639723376 
7.12170018 6.588994815 

7.263288795 6.538998964 
7.12170018 6.588994815 

4.574504904 7.280031745 
4.647830136 7.296428059 

4.712463472 7.308968935 
4.647830136 7.296428059 

6.453353771 6.034551036 
6.508564095 6.058902341 

6.559185298 6.091367848 
6.508564095 6.058902341 

2.020904835 7.034768178 
2.183016622 7.159250864 

1.244917788 6.216093149 
1.165517982 6.383647798 

1.119834664 6.549916529 
1.165517982 6.383647798 

0.8102802091 6.417699942 
0.7987355891 6.482116013 

0.7871909692 6.546532084 
0.7987355891 6.482116013 

2.020904835 7.034768178 
2.054939106 7.135116061 

2.089294328 7.23757373 
2.054939106 7.135116061 

2.901719096 6.826923337 
3.006362117 6.942444916 

3.108315313 7.049066641 
3.006362117 6.942444916 

5.658074726 4.685880241 
5.7731841 4.714925823 

5.886916506 4.744909994 
5.7731841 4.714925823 

4.194923507 6.270050952 
4.364962131 6.084995315 

4.45653144 0.846620322 
4.406656651 0.9108166895 

4.371136859 0.9648546511 
4.406656651 0.9108166895 

1.697771248 7.831568958 
1.438595154 7.921598903 

0.3150898459 8.157918962 
0.5688506906 8.075557219 

0.8238585292 7.993723362 
0.5688506906 8.075557219 

2.157049011 8.329612538 
1.994373975 8.438913583 

6.083968023 6.608356291 
6.146665551 6.663197475 

6.206931629 6.722350487 
6.146665551 6.663197475 

2.480356966 2.566744451 
2.470932688 2.344554312 

1.244917788 6.216093149 
1.576150856 5.981150929 

2.636750838 8.471213671 
2.707653007 8.472823278 

2.785457123 8.485516596 
2.707653007 8.472823278 

1.244917788 6.216093149 
1.179988357 6.254961852 

1.115058926 6.293830556 
1.179988357 6.254961852 

2.443994398 8.05136826 
2.575132445 8.025296304 

2.705219826 7.996805135 
2.575132445 8.025296304 

4.649865437 3.014027897 
4.37691695 2.847645721 

4.649865437 3.014027897 
4.755778792 2.967917512 

4.860101677 2.924851146 
4.755778792 2.967917512 

2.562307298 7.837322335 
2.571338393 7.593812532 

5.901075836 5.550239624 
5.984452584 5.583981455 

6.069271415 5.61961172 
5.984452584 5.583981455 

1.379571583 7.237982104 
1.477527374 7.360862349 

1.573991839 7.48529982 
1.477527374 7.360862349 

4.975520041 6.352646831 
5.190078596 6.232840901 

2.752061562 0.8073436802 
2.841992366 0.870292328 

7.461060224 5.485126145 
7.514572791 5.995863208 

7.568085359 6.506600272 
7.514572791 5.995863208 

2.14316883 7.456663504 
2.105166569 7.505995141 

2.067033606 7.556445289 
2.105166569 7.505995141 

5.946791297 5.717637184 
5.984452584 5.583981455 

4.538756025 1.818783066 
4.349827577 1.878465463 

4.165808921 1.936931161 
4.349827577 1.878465463 

5.187568473 6.396475773 
5.192780765 6.313907994 

5.190078596 6.232840901 
5.192780765 6.313907994 

4.091826053 0.5959983481 
4.011834547 0.6826950942 

3.93184304 0.7693918402 
4.011834547 0.6826950942 

1.545569041 1.762803921 
1.567698213 1.836891364 

1.589827386 1.910978806 
1.567698213 1.836891364 

1.841807986 8.841708023 
1.74548707 8.705364036 

1.66000615 8.554680992 
1.74548707 8.705364036 

1.582599083 6.677560086 
1.464805852 6.609804096 

1.347012622 6.542048107 
1.464805852 6.609804096 

5.716136856 7.359521718 
5.757984507 7.47514624 

5.799832158 7.590770761 
5.757984507 7.47514624 

