1.431164278 8.127737449 
1.695991482 7.835283092 

3.213461669 0.8888691113 
2.973761123 1.749028156 

2.973761123 1.749028156 
3.572055007 1.78124815 

2.410332326 7.707044594 
2.876352528 7.752062375 

3.715849011 7.542505064 
2.876352528 7.752062375 

4.433930375 2.698293028 
4.543135057 3.359094082 

2.050052904 8.020263903 
2.132448307 7.757807098 

5.05969621 6.607937237 
4.7710463 6.782501357 

2.76586996 8.851175822 
3.290846639 8.914674943 

2.050052904 8.020263903 
1.962510238 8.223713477 

4.754528885 4.760345426 
4.471534652 4.504793822 

5.660733471 4.948137037 
5.602666433 5.432092381 

2.973761123 1.749028156 
3.202722108 1.862871476 

6.379837631 6.448268673 
6.684132503 6.124339586 

5.946733165 6.778850518 
6.08349521 6.608106431 

6.498992743 5.240037933 
6.913347268 5.977643947 

2.856329216 2.450340549 
3.081975369 2.329121707 

6.913347268 5.977643947 
6.684132503 6.124339586 

2.76586996 8.851175822 
2.052731515 8.503046717 

0.8034958946 7.188646831 
0.425514779 6.738715743 

1.634656008 7.009667609 
1.381026322 7.237391595 

1.962510238 8.223713477 
1.656127889 8.543162037 

2.100439001 7.23411874 
1.634656008 7.009667609 

3.744763816 0.8898602543 
3.751956329 1.434354756 

7.568085359 6.506600272 
6.942118176 7.069076204 

6.379837631 6.448268673 
6.723706585 6.563289524 

3.712859044 3.00840232 
4.000201625 3.074247244 

1.431164278 8.127737449 
1.305402175 7.739984052 

1.695991482 7.835283092 
1.896662681 7.674390704 

6.498992743 5.240037933 
6.629488363 5.669030621 

4.433930375 2.698293028 
5.030184093 2.543593456 

6.065612657 7.094188468 
5.946733165 6.778850518 

7.568085359 6.506600272 
6.906147228 6.332092609 

6.684132503 6.124339586 
6.906147228 6.332092609 

3.332645319 2.206434124 
3.081975369 2.329121707 

3.764752395 1.81082334 
3.572055007 1.78124815 

4.194777029 4.146324099 
4.040689686 3.833470879 

4.7710463 6.782501357 
4.664883655 6.477492822 

7.339670224 7.28320187 
6.809543028 7.376007229 

5.48550726 6.039045254 
5.831883764 6.095176542 

4.471534652 4.504793822 
4.340947333 4.341108605 

4.194777029 4.146324099 
4.340947333 4.341108605 

2.635488441 2.652570029 
2.856329216 2.450340549 

2.410332326 7.707044594 
2.56816476 7.591339287 

6.913347268 5.977643947 
7.308389054 6.106540849 

5.200263311 7.283176353 
4.811383502 7.415385531 

6.065612657 7.094188468 
5.683408134 7.354397086 

3.151814211 3.281447709 
3.211712819 2.880562271 

1.891527287 2.851565693 
2.448084624 3.248644645 

2.508847732 1.961881468 
2.717727243 2.12216419 

4.664883655 6.477492822 
4.366535964 6.639727557 

1.656127889 8.543162037 
1.51482723 8.915604665 

2.752648634 8.251024303 
2.876352528 7.752062375 

2.717727243 2.12216419 
2.147760507 2.314734088 

2.147760507 2.314734088 
2.316977127 2.44011922 

5.683408134 7.354397086 
5.72635284 7.058561414 

0.7071572935 7.598967055 
1.018946384 7.637359269 

1.305402175 7.739984052 
1.018946384 7.637359269 

6.809543028 7.376007229 
6.942118176 7.069076204 

4.19558049 2.325707655 
4.518575354 2.39103957 

1.634656008 7.009667609 
1.192936228 6.930262486 

2.100439001 7.23411874 
2.137485165 7.456000565 

1.545569041 1.762803921 
2.147760507 2.314734088 

6.552927199 6.907606606 
7.166603338 6.665444929 

1.192936228 6.930262486 
0.8034958946 7.188646831 

6.809543028 7.376007229 
6.911304662 7.808157434 

5.05969621 6.607937237 
5.194058928 6.42110955 

5.576571623 7.673979285 
5.752629219 7.770709299 

6.067446145 7.86150305 
5.752629219 7.770709299 

7.166603338 6.665444929 
6.942118176 7.069076204 

3.151814211 3.281447709 
2.974233478 3.379792369 

2.513080537 8.580261508 
2.752648634 8.251024303 

1.695991482 7.835283092 
1.110084634 8.046469103 

2.137485165 7.456000565 
1.870947101 7.455052085 

3.631098358 2.074233959 
3.764752395 1.81082334 

2.533405575 3.798473213 
2.448084624 3.248644645 

6.629488363 5.669030621 
6.913347268 5.977643947 

3.202722108 1.862871476 
3.409410541 1.833477196 

3.766047019 8.512860606 
3.116634862 8.312795411 

2.752648634 8.251024303 
3.116634862 8.312795411 

5.683408134 7.354397086 
6.067446145 7.86150305 

3.097161082 6.124527507 
2.73916582 6.296646909 

1.253410343 8.75370606 
1.51482723 8.915604665 

1.431164278 8.127737449 
1.644540334 8.311112786 

4.664883655 6.477492822 
5.194058928 6.42110955 

3.213461669 0.8888691113 
3.485895943 1.015271821 

4.433930375 2.698293028 
4.518575354 2.39103957 

4.935513585 1.717869146 
4.165238465 1.935306485 

3.631098358 2.074233959 
4.165238465 1.935306485 

6.315255059 7.990247285 
6.195756209 7.36511288 

6.065612657 7.094188468 
6.195756209 7.36511288 

6.723706585 6.563289524 
6.953787148 6.60722268 

3.213461669 0.8888691113 
3.167675808 0.2946369009 

2.448084624 3.248644645 
2.36876488 3.417157755 

7.166603338 6.665444929 
6.953787148 6.60722268 

4.518575354 2.39103957 
4.771219672 2.424834539 

5.580375281 6.491569397 
5.744769467 6.525945018 

0.8034958946 7.188646831 
0.9714768026 7.463280472 

2.973761123 1.749028156 
2.82282745 1.561769046 

1.192936228 6.930262486 
1.246284999 6.210942075 

3.116634862 8.312795411 
3.069685279 8.057083685 

4.252634932 5.926451514 
4.196995095 6.259924555 

3.927566086 6.838794497 
4.196995095 6.259924555 

3.751956329 1.434354756 
3.917583708 1.592845694 

0.3150898459 8.157918962 
0.708498976 8.325680431 

5.602666433 5.432092381 
5.429589079 5.694980268 

3.631098358 2.074233959 
3.549825111 2.266975361 

7.461060224 5.485126145 
6.942165964 5.651294326 

1.843166049 8.843105519 
1.592410617 9.066952347 

1.133041315 9.297000382 
1.592410617 9.066952347 

6.953787148 6.60722268 
6.552927199 6.907606606 

5.831883764 6.095176542 
6.134185558 5.967950379 

3.213461669 0.8888691113 
3.166390718 1.328808913 

3.572055007 1.78124815 
3.166390718 1.328808913 

6.273444871 5.642253318 
6.135453467 5.334570213 

0.425514779 6.738715743 
1.012202914 6.76495177 

1.192936228 6.930262486 
1.012202914 6.76495177 

5.200263311 7.283176353 
5.72635284 7.058561414 

4.7710463 6.782501357 
4.9094396 6.887433426 

3.290846639 8.914674943 
3.231320994 8.577019272 

6.906147228 6.332092609 
6.723706585 6.563289524 

2.508847732 1.961881468 
2.35239372 1.727300511 

2.147760507 2.314734088 
2.140532482 2.100906202 

1.38108294 2.317228416 
1.647308042 2.293360391 

6.065612657 7.094188468 
6.267995865 6.904116289 

5.946733165 6.778850518 
6.267995865 6.904116289 

2.56816476 7.591339287 
2.316736956 7.368982045 

2.052731515 8.503046717 
2.046247839 8.828497328 

6.942118176 7.069076204 
6.781868858 6.801692555 

2.410332326 7.707044594 
2.443935075 8.052781258 

2.367387277 8.350251177 
2.443935075 8.052781258 

7.278393299 7.7715311 
6.911304662 7.808157434 

3.744763816 0.8898602543 
3.583803169 0.7811694175 

4.730685497 5.645690736 
4.865389421 5.824320941 

3.081975369 2.329121707 
3.531830538 2.633418089 

2.375309539 0.9077419498 
2.255773846 0.6541023118 

7.308389054 6.106540849 
7.188074906 6.294377841 

4.375409929 7.636732977 
4.290374769 7.278683162 

4.290374769 7.278683162 
4.580719801 7.26755095 

1.843166049 8.843105519 
2.046247839 8.828497328 

6.315255059 7.990247285 
5.574406629 7.969737253 

7.119039341 5.140358054 
7.086547489 5.381405234 

5.574406629 7.969737253 
5.576571623 7.673979285 

1.110084634 8.046469103 
1.305402175 7.739984052 

0.3150898459 8.157918962 
0.6317528768 7.985808664 

1.891527287 2.851565693 
2.025399172 2.557106916 

2.876352528 7.752062375 
2.443935075 8.052781258 

4.45337334 1.323654546 
3.917583708 1.592845694 

2.876352528 7.752062375 
2.709841444 7.982447797 

5.660733471 4.948137037 
5.507992677 4.777286724 

5.13764806 4.806466573 
5.507992677 4.777286724 

5.72635284 7.058561414 
5.472949306 6.992877187 

3.116634862 8.312795411 
3.231320994 8.577019272 

6.08349521 6.608106431 
6.060609567 6.333403443 

5.831883764 6.095176542 
6.060609567 6.333403443 

2.513080537 8.580261508 
2.602428732 8.910790602 

3.167675808 0.2946369009 
3.362895417 0.709544079 

3.485895943 1.015271821 
3.362895417 0.709544079 

3.712859044 3.00840232 
3.756274544 3.278186006 

2.533405575 3.798473213 
2.36876488 3.417157755 

2.140532482 2.100906202 
2.717727243 2.12216419 

4.252634932 5.926451514 
4.72753944 6.291101204 

5.05969621 6.607937237 
4.72753944 6.291101204 

1.843950353 6.308395363 
1.618348651 6.65356433 

1.843950353 6.308395363 
1.932219068 6.169628818 

6.195756209 7.36511288 
5.683408134 7.354397086 

2.132448307 7.757807098 
2.244828218 7.505714796 

2.453806852 7.009415164 
2.244828218 7.505714796 

3.231320994 8.577019272 
3.367978884 8.398587152 

2.717727243 2.12216419 
2.418803657 2.191454302 

2.140532482 2.100906202 
1.804199251 2.158064965 

3.944970249 2.552607377 
3.619726021 2.523907531 

3.549825111 2.266975361 
3.619726021 2.523907531 

2.137485165 7.456000565 
2.244828218 7.505714796 

2.850889615 6.654881996 
3.338033377 6.490665069 

7.568085359 6.506600272 
7.263288795 6.538998964 

6.809543028 7.376007229 
6.590110263 7.439300979 

1.695991482 7.835283092 
1.468653391 8.017787676 

7.166603338 6.665444929 
7.41313219 6.65534232 

3.764752395 1.81082334 
4.122858421 1.442530437 

6.060609567 6.333403443 
6.134185558 5.967950379 

1.468653391 8.017787676 
1.431164278 8.127737449 

0.9714768026 7.463280472 
0.4261621162 7.471132832 

2.48005221 6.001949876 
2.698251479 6.126273962 

2.73916582 6.296646909 
2.698251479 6.126273962 

2.752648634 8.251024303 
2.367387277 8.350251177 

2.856329216 2.450340549 
2.867363248 2.250633761 

2.933600398 2.056602483 
2.867363248 2.250633761 

1.192936228 6.930262486 
1.381026322 7.237391595 

2.36876488 3.417157755 
2.17744961 3.355583072 

2.316736956 7.368982045 
2.244828218 7.505714796 

0.9714768026 7.463280472 
1.148317106 7.153999028 

1.192936228 6.930262486 
1.148317106 7.153999028 

4.72753944 6.291101204 
4.664883655 6.477492822 

3.927566086 6.838794497 
3.834775726 7.152884038 

3.715849011 7.542505064 
3.834775726 7.152884038 

2.645309674 3.187681645 
2.448084624 3.248644645 

2.020568777 7.035389574 
1.925361995 6.88897034 

3.151814211 3.281447709 
3.223866666 3.524131784 

5.13764806 4.806466573 
4.92042937 4.947473244 

4.754528885 4.760345426 
4.92042937 4.947473244 

5.660733471 4.948137037 
5.884266757 4.747359782 

1.018946384 7.637359269 
0.9714768026 7.463280472 

2.363516652 1.360237277 
2.067077443 1.352074933 

2.76586996 8.851175822 
2.602428732 8.910790602 

5.580375281 6.491569397 
5.621516608 6.743603541 

0.708498976 8.325680431 
0.6317528768 7.985808664 

7.568085359 6.506600272 
7.64112188 6.097609403 

4.290374769 7.278683162 
3.927566086 6.838794497 

2.310873224 6.409712282 
1.932219068 6.169628818 

6.647734204 8.227478623 
6.743493082 7.97335098 

6.911304662 7.808157434 
6.743493082 7.97335098 

1.647308042 2.293360391 
1.611581204 2.422121421 

2.752648634 8.251024303 
3.069685279 8.057083685 

1.924609958 1.517547812 
1.922307679 1.708307932 

5.621516608 6.743603541 
5.946733165 6.778850518 

2.973761123 1.749028156 
2.933600398 2.056602483 

4.45337334 1.323654546 
4.548437796 1.610302654 

3.583803169 0.7811694175 
3.484342367 0.4985185929 

4.7710463 6.782501357 
4.523859966 6.960350636 

0.8034958946 7.188646831 
1.148317106 7.153999028 

3.619726021 2.523907531 
3.531830538 2.633418089 

3.202722108 1.862871476 
3.209673235 2.09793688 

3.332645319 2.206434124 
3.209673235 2.09793688 

1.38108294 2.317228416 
1.611581204 2.422121421 

1.644540334 8.311112786 
1.701891493 8.160834961 

2.624867807 0.4151804802 
2.752061562 0.8073436802 

3.081975369 2.329121707 
2.867363248 2.250633761 

4.433930375 2.698293028 
4.37771373 2.848982597 

2.876352528 7.752062375 
3.328813647 8.013691055 

1.804199251 2.158064965 
1.647308042 2.293360391 

4.322217866 3.117711321 
4.37771373 2.848982597 

2.850889615 6.654881996 
2.90092727 6.817150006 

3.211712819 2.880562271 
3.002857084 2.738683069 

2.946542436 2.915929872 
3.002857084 2.738683069 

2.709841444 7.982447797 
2.752648634 8.251024303 

5.576571623 7.673979285 
5.255906073 7.734666619 

0.8034958946 7.188646831 
1.012202914 6.76495177 

0.4261621162 7.471132832 
0.6044413867 7.342799069 

4.543135057 3.359094082 
4.54716687 3.133672145 

4.322217866 3.117711321 
4.54716687 3.133672145 

2.625346161 9.482522345 
2.753403797 9.136807009 

2.76586996 8.851175822 
2.753403797 9.136807009 

6.781868858 6.801692555 
6.723706585 6.563289524 

3.715849011 7.542505064 
4.084629044 7.610168306 

4.375409929 7.636732977 
4.084629044 7.610168306 

3.572055007 1.78124815 
3.470099024 1.641532715 

1.924609958 1.517547812 
2.067077443 1.352074933 

3.485895943 1.015271821 
3.583803169 0.7811694175 

6.135453467 5.334570213 
6.309121564 5.436048112 

6.498992743 5.240037933 
6.309121564 5.436048112 

0.7559336792 8.816944367 
0.5650978466 8.622290056 

2.973761123 1.749028156 
3.027205273 1.563475813 

4.983562464 8.043517018 
5.438251831 7.67063744 

7.188074906 6.294377841 
7.263288795 6.538998964 

6.913347268 5.977643947 
6.942165964 5.651294326 

2.132448307 7.757807098 
2.030436863 7.657447562 

1.381026322 7.237391595 
0.9616579333 6.983359579 

6.913347268 5.977643947 
7.165330762 5.914321788 

3.367978884 8.398587152 
3.533988443 8.345437495 

2.410332326 7.707044594 
2.244828218 7.505714796 

5.901302673 5.551203088 
6.135453467 5.334570213 

1.431164278 8.127737449 
1.512409504 8.392333385 

1.656127889 8.543162037 
1.512409504 8.392333385 

2.752648634 8.251024303 
2.785457123 8.485516596 

5.200263311 7.283176353 
5.255906073 7.734666619 

4.45653144 0.846620322 
4.139362568 0.9193505417 

6.723706585 6.563289524 
6.603685767 6.691075589 

6.552927199 6.907606606 
6.603685767 6.691075589 

5.429589079 5.694980268 
5.08393934 5.936032583 

2.717727243 2.12216419 
2.933600398 2.056602483 

0.6317528768 7.985808664 
0.7071572935 7.598967055 

6.647734204 8.227478623 
6.992105211 8.033589341 

0.6317528768 7.985808664 
0.8719903537 7.874680512 

1.018946384 7.637359269 
0.8719903537 7.874680512 

0.9616579333 6.983359579 
1.192936228 6.930262486 

4.548437796 1.610302654 
4.279614541 1.579997259 

4.122858421 1.442530437 
4.279614541 1.579997259 

4.165238465 1.935306485 
3.929462999 2.146029228 

1.611581204 2.422121421 
1.536729207 2.477483742 

3.285542755 3.903363806 
3.193248081 3.629792885 

2.974233478 3.379792369 
3.193248081 3.629792885 

2.717727243 2.12216419 
2.867363248 2.250633761 

5.194058928 6.42110955 
4.978354789 6.353997819 

4.72753944 6.291101204 
4.978354789 6.353997819 

4.730685497 5.645690736 
5.162223796 5.431798768 

1.670260514 6.394748512 
1.843950353 6.308395363 

3.027205273 1.563475813 
2.82282745 1.561769046 

2.922909829 7.189028926 
2.676928024 7.309740533 

2.73916582 6.296646909 
2.78623507 6.470074518 

1.012202914 6.76495177 
1.104980802 6.568175221 

1.618348651 6.65356433 
1.192936228 6.930262486 

3.166390718 1.328808913 
2.984962987 1.314390724 

3.027205273 1.563475813 
2.984962987 1.314390724 

1.246284999 6.210942075 
1.346110506 6.543164002 

0.7071572935 7.598967055 
0.5428143536 7.641419522 

7.41313219 6.65534232 
7.263288795 6.538998964 

4.543135057 3.359094082 
4.860101677 2.924851146 

5.030184093 2.543593456 
4.860101677 2.924851146 

2.310873224 6.409712282 
2.73916582 6.296646909 

6.302262871 4.771239201 
6.022820637 4.828689983 

5.884266757 4.747359782 
6.022820637 4.828689983 

3.213461669 0.8888691113 
3.362895417 0.709544079 

1.967460842 0.7940785436 
1.871818957 1.062937196 

6.781868858 6.801692555 
6.603685767 6.691075589 

1.110084634 8.046469103 
0.7419749587 8.115566014 

2.635488441 2.652570029 
3.002857084 2.738683069 

5.472949306 6.992877187 
5.669434154 6.89534839 

5.621516608 6.743603541 
5.669434154 6.89534839 

4.554839589 1.823443693 
4.715540936 1.82463844 

4.935513585 1.717869146 
4.715540936 1.82463844 

1.51482723 8.915604665 
1.365199298 9.074167336 

4.9094396 6.887433426 
4.974655053 7.153926199 

2.602428732 8.910790602 
2.753403797 9.136807009 

4.92042937 4.947473244 
4.83134408 5.15492866 

6.629488363 5.669030621 
6.885698249 5.372935539 

4.83134408 5.15492866 
4.487916448 5.285484315 

1.253410343 8.75370606 
1.512409504 8.392333385 

6.942165964 5.651294326 
6.885698249 5.372935539 

4.139362568 0.9193505417 
4.114492707 0.8287327239 

2.82282745 1.561769046 
2.595507454 1.636641272 

2.35239372 1.727300511 
2.595507454 1.636641272 

3.715849011 7.542505064 
3.328813647 8.013691055 

3.715849011 7.542505064 
3.667092753 7.898598424 

3.332645319 2.206434124 
3.143321779 2.178147857 

2.933600398 2.056602483 
3.143321779 2.178147857 

4.983562464 8.043517018 
4.96437732 7.65058951 

4.811383502 7.415385531 
4.96437732 7.65058951 

4.580719801 7.26755095 
4.523859966 6.960350636 

2.508847732 1.961881468 
2.595507454 1.636641272 

3.515616682 3.299798701 
3.629846677 3.253889294 

3.756274544 3.278186006 
3.629846677 3.253889294 

1.577602489 7.484506501 
1.870947101 7.455052085 

2.050052904 8.020263903 
2.241944005 8.076372532 

2.443935075 8.052781258 
2.241944005 8.076372532 

3.358183079 7.005663787 
3.10843564 7.041458159 

2.922909829 7.189028926 
3.10843564 7.041458159 

1.896662681 7.674390704 
2.030436863 7.657447562 

3.097161082 6.124527507 
2.698251479 6.126273962 

5.077222796 2.137890935 
4.943101581 1.984240069 

4.72753944 6.291101204 
4.524494542 6.12997951 

2.189526429 9.198278906 
2.36840116 8.888030966 

2.513080537 8.580261508 
2.36840116 8.888030966 

1.634656008 7.009667609 
1.714708356 7.33880159 

4.122858421 1.442530437 
4.45653144 0.846620322 

7.339670224 7.28320187 
7.197282169 7.072365733 

3.116634862 8.312795411 
2.785457123 8.485516596 

2.785457123 8.485516596 
3.020740908 8.64723771 

5.05969621 6.607937237 
4.978354789 6.353997819 

1.381026322 7.237391595 
1.714708356 7.33880159 

2.533405575 3.798473213 
2.667029648 3.428366031 

2.645309674 3.187681645 
2.667029648 3.428366031 

6.885698249 5.372935539 
7.086547489 5.381405234 

4.771219672 2.424834539 
4.583568327 2.589869067 

4.433930375 2.698293028 
4.583568327 2.589869067 

3.143321779 2.178147857 
3.209673235 2.09793688 

4.730685497 5.645690736 
4.85173107 5.419236004 

4.45653144 0.846620322 
4.114492707 0.8287327239 

1.431164278 8.127737449 
1.701891493 8.160834961 

3.631098358 2.074233959 
3.429010011 2.069237474 

6.067446145 7.86150305 
6.068817563 8.171329254 

2.050052904 8.020263903 
1.896662681 7.674390704 

6.267995865 6.904116289 
6.212808244 6.727947394 

3.081975369 2.329121707 
3.143321779 2.178147857 

3.069685279 8.057083685 
3.328813647 8.013691055 

3.020740908 8.64723771 
3.090650472 8.716064505 

5.438251831 7.67063744 
5.576571623 7.673979285 

2.635488441 2.652570029 
2.733955064 2.856678867 

2.946542436 2.915929872 
2.733955064 2.856678867 

7.568085359 6.506600272 
7.620066519 6.721046889 

3.081975369 2.329121707 
3.069639844 2.494927264 

2.624867807 0.4151804802 
2.392202977 0.6897750952 

2.255773846 0.6541023118 
2.392202977 0.6897750952 

1.670260514 6.394748512 
1.713104501 6.170563209 

3.097161082 6.124527507 
3.092119082 6.323557577 

3.069639844 2.494927264 
2.856329216 2.450340549 

4.983562464 8.043517018 
5.142848193 7.899523594 

5.255906073 7.734666619 
5.142848193 7.899523594 

2.375309539 0.9077419498 
2.457419571 0.7153551271 

2.625346161 9.482522345 
2.534820161 9.124705227 

2.602428732 8.910790602 
2.534820161 9.124705227 

3.485895943 1.015271821 
3.263727126 1.12414542 

3.166390718 1.328808913 
3.263727126 1.12414542 

2.17744961 3.355583072 
2.097834377 3.493701321 

4.122858421 1.442530437 
4.010659431 1.472273972 

3.917583708 1.592845694 
4.010659431 1.472273972 

1.38108294 2.317228416 
1.536729207 2.477483742 

1.38108294 2.317228416 
1.581179157 2.067465537 

0.7419749587 8.115566014 
0.6317528768 7.985808664 

7.308389054 6.106540849 
7.409636276 6.160115947 

4.19558049 2.325707655 
4.433930375 2.698293028 

4.165238465 1.935306485 
4.271141156 2.128623228 

2.457419571 0.7153551271 
2.457076791 0.5474947544 

0.9714768026 7.463280472 
1.25369164 7.441438703 

5.05969621 6.607937237 
4.9094396 6.887433426 

1.133041315 9.297000382 
1.377772813 8.677314655 

3.484342367 0.4985185929 
3.345509103 0.5099984782 

4.523859966 6.960350636 
4.366535964 6.639727557 

0.9616579333 6.983359579 
0.8034958946 7.188646831 

2.56816476 7.591339287 
2.756092156 7.573688989 

7.188074906 6.294377841 
7.409636276 6.160115947 

2.367387277 8.350251177 
2.157753284 8.330110861 

2.052731515 8.503046717 
2.157753284 8.330110861 

6.992105211 8.033589341 
6.911304662 7.808157434 

0.425514779 6.738715743 
0.7201187903 6.622086423 

0.7419749587 8.115566014 
0.708498976 8.325680431 

0.708498976 8.325680431 
0.7357586349 8.5307423 

6.273444871 5.642253318 
6.629488363 5.669030621 

7.278393299 7.7715311 
7.15944714 7.509462371 

1.253410343 8.75370606 
1.377772813 8.677314655 

3.285542755 3.903363806 
3.544120776 3.857048258 

3.738181896 3.988213059 
3.544120776 3.857048258 

5.752629219 7.770709299 
5.810985305 7.587954096 

1.110084634 8.046469103 
0.8719903537 7.874680512 

1.253410343 8.75370606 
1.046025512 8.69741197 

2.132448307 7.757807098 
2.241944005 8.076372532 

4.290374769 7.278683162 
3.981671388 7.447189724 

3.715849011 7.542505064 
3.981671388 7.447189724 

2.508847732 1.961881468 
2.68314736 1.802808764 

2.132448307 7.757807098 
2.204738054 7.705688276 

2.410332326 7.707044594 
2.204738054 7.705688276 

3.213461669 0.8888691113 
3.263727126 1.12414542 

6.315255059 7.990247285 
6.467984377 8.210150959 

2.050052904 8.020263903 
2.363694385 7.888552263 

6.302262871 4.771239201 
6.158568025 5.063227427 

2.876352528 7.752062375 
3.01254789 7.919444155 

3.069685279 8.057083685 
3.01254789 7.919444155 

2.363694385 7.888552263 
2.204738054 7.705688276 

6.723706585 6.563289524 
6.600053155 6.433892084 

4.084629044 7.610168306 
3.981671388 7.447189724 

6.600053155 6.433892084 
6.603685767 6.691075589 

6.273444871 5.642253318 
6.021593543 5.870908669 

5.831883764 6.095176542 
6.021593543 5.870908669 

2.363694385 7.888552263 
2.410332326 7.707044594 

0.8102802091 6.417699942 
1.047279178 6.377663606 

2.418803657 2.191454302 
2.476971469 2.343824899 

5.365346509 6.684383996 
5.621516608 6.743603541 

2.756092156 7.573688989 
2.876352528 7.752062375 

2.709841444 7.982447797 
3.01254789 7.919444155 

4.196995095 6.259924555 
4.524494542 6.12997951 

6.781868858 6.801692555 
6.867211787 6.701642162 

6.953787148 6.60722268 
6.867211787 6.701642162 

4.196995095 6.259924555 
4.250623256 6.47787275 

4.366535964 6.639727557 
4.250623256 6.47787275 

5.72635284 7.058561414 
5.669434154 6.89534839 

5.946733165 6.778850518 
5.669434154 6.89534839 

7.409636276 6.160115947 
7.474170208 6.22721574 

7.086547489 5.381405234 
7.461060224 5.485126145 

2.448084624 3.248644645 
2.383420071 2.956347506 

3.362895417 0.709544079 
3.583803169 0.7811694175 

4.85173107 5.419236004 
5.162223796 5.431798768 

4.983562464 8.043517018 
5.14464932 7.618301586 

4.19558049 2.325707655 
4.295573822 2.213209293 

4.271141156 2.128623228 
4.295573822 2.213209293 

2.316736956 7.368982045 
2.100439001 7.23411874 

5.48550726 6.039045254 
5.239840046 6.016996615 

5.08393934 5.936032583 
5.239840046 6.016996615 

7.086547489 5.381405234 
7.028582754 5.513960701 

6.942165964 5.651294326 
7.028582754 5.513960701 

4.000201625 3.074247244 
4.152622247 2.873309851 

6.552927199 6.907606606 
6.212808244 6.727947394 

7.263288795 6.538998964 
7.166603338 6.665444929 

6.060609567 6.333403443 
5.865699156 6.407100974 

5.744769467 6.525945018 
5.865699156 6.407100974 

6.134185558 5.967950379 
6.021593543 5.870908669 

1.932219068 6.169628818 
1.792704406 6.027235324 

2.363694385 7.888552263 
2.443935075 8.052781258 

1.305402175 7.739984052 
1.306607774 7.972157499 

4.45337334 1.323654546 
4.358849284 1.185097927 

5.13764806 4.806466573 
5.04192005 5.178946914 

5.924170179 6.533454182 
5.865699156 6.407100974 

1.804199251 2.158064965 
1.581179157 2.067465537 

0.9616579333 6.983359579 
0.6912906231 6.869786292 

6.906147228 6.332092609 
6.600053155 6.433892084 

0.5650978466 8.622290056 
0.6590468037 8.555787254 

0.7357586349 8.5307423 
0.6590468037 8.555787254 

1.786767242 9.269963816 
1.704131274 9.168244679 

1.592410617 9.066952347 
1.704131274 9.168244679 

3.667092753 7.898598424 
3.533988443 8.345437495 

1.577602489 7.484506501 
1.793135601 7.590685492 

1.896662681 7.674390704 
1.793135601 7.590685492 

1.992216386 3.356814129 
1.946761303 3.451700543 

1.346110506 6.543164002 
1.104980802 6.568175221 

1.512409504 8.392333385 
1.644540334 8.311112786 

2.423665314 6.2467827 
2.204023612 6.026700556 

4.85173107 5.419236004 
5.04192005 5.178946914 

3.345509103 0.5099984782 
3.384099737 0.3733695107 

1.661178083 1.388802245 
1.923185389 1.318561256 

2.067077443 1.352074933 
1.923185389 1.318561256 

2.052731515 8.503046717 
1.656127889 8.543162037 

1.110084634 8.046469103 
1.306607774 7.972157499 

1.843950353 6.308395363 
2.005774806 6.348495705 

1.924609958 1.517547812 
1.923185389 1.318561256 

5.72635284 7.058561414 
5.869124489 7.066160131 

1.804199251 2.158064965 
1.632863555 2.19469268 

4.091826053 0.5959983481 
4.095096866 0.7434830037 

4.114492707 0.8287327239 
4.095096866 0.7434830037 

3.285542755 3.903363806 
3.374085039 3.713533176 

3.223866666 3.524131784 
3.374085039 3.713533176 

5.574406629 7.969737253 
5.43997769 8.162172756 

0.7201187903 6.622086423 
0.7871909692 6.546532084 

2.973761123 1.749028156 
2.68314736 1.802808764 

7.165330762 5.914321788 
7.235929214 5.721955003 

2.097834377 3.493701321 
2.047747611 3.459059025 

1.992216386 3.356814129 
2.047747611 3.459059025 

2.974233478 3.379792369 
2.806756638 3.551619231 

5.194058928 6.42110955 
5.239840046 6.016996615 

3.362895417 0.709544079 
3.345509103 0.5099984782 

6.552927199 6.907606606 
6.375461443 6.688386196 

6.379837631 6.448268673 
6.375461443 6.688386196 

3.531830538 2.633418089 
3.323202967 2.403498366 

3.332645319 2.206434124 
3.323202967 2.403498366 

3.290846639 8.914674943 
2.874714361 8.693782179 

2.513080537 8.580261508 
2.874714361 8.693782179 

3.751956329 1.434354756 
3.629032271 1.60283951 

3.572055007 1.78124815 
3.629032271 1.60283951 

5.175909991 8.123856976 
5.142848193 7.899523594 

2.030436863 7.657447562 
2.085658706 7.559345403 

1.891527287 2.851565693 
1.709630847 2.72307032 

2.82282745 1.561769046 
2.863390668 1.41799003 

6.552927199 6.907606606 
6.418773844 6.844792253 

6.267995865 6.904116289 
6.418773844 6.844792253 

3.944970249 2.552607377 
4.19558049 2.325707655 

3.944970249 2.552607377 
3.701440924 2.343256232 

3.631098358 2.074233959 
3.701440924 2.343256232 

2.375309539 0.9077419498 
2.392202977 0.6897750952 

3.223866666 3.524131784 
3.193248081 3.629792885 

6.273444871 5.642253318 
6.21314891 5.844307499 

2.457076791 0.5474947544 
2.392202977 0.6897750952 

1.670260514 6.394748512 
1.346110506 6.543164002 

1.618348651 6.65356433 
1.816375966 6.737746326 

1.870947101 7.455052085 
1.714708356 7.33880159 

5.14464932 7.618301586 
4.96437732 7.65058951 

7.235929214 5.721955003 
7.303889201 5.622867131 

3.766047019 8.512860606 
3.721841705 8.253199034 

3.667092753 7.898598424 
3.721841705 8.253199034 

1.632863555 2.19469268 
1.647308042 2.293360391 

5.901302673 5.551203088 
5.711461768 5.617241842 

3.332645319 2.206434124 
3.429010011 2.069237474 

7.474170208 6.22721574 
7.531169223 6.216267949 

2.717727243 2.12216419 
2.738207624 2.280297907 

2.856329216 2.450340549 
2.738207624 2.280297907 

5.946733165 6.778850518 
5.73727072 6.652961388 

5.580375281 6.491569397 
5.73727072 6.652961388 

4.252634932 5.926451514 
4.826130779 5.983974127 

5.48550726 6.039045254 
4.826130779 5.983974127 

2.453806852 7.009415164 
2.40332678 7.222652288 

2.316736956 7.368982045 
2.40332678 7.222652288 

3.358183079 7.005663787 
3.367582949 7.227952213 

4.730685497 5.645690736 
4.826130779 5.983974127 

6.315255059 7.990247285 
6.199054832 7.9993822 

2.215206722 3.636812976 
2.007219055 3.45823608 

4.040689686 3.833470879 
4.266748344 3.571562246 

4.543135057 3.359094082 
4.266748344 3.571562246 

3.712859044 3.00840232 
3.629846677 3.253889294 

4.865389421 5.824320941 
4.826130779 5.983974127 

6.942118176 7.069076204 
7.064406452 6.934019806 

5.744769467 6.525945018 
5.73727072 6.652961388 

1.365199298 9.074167336 
1.365229824 9.17303571 

1.404207403 2.713850188 
1.507534191 2.607954262 

1.536729207 2.477483742 
1.507534191 2.607954262 

3.549825111 2.266975361 
3.701440924 2.343256232 

6.498992743 5.240037933 
6.741383575 5.132209285 

2.709841444 7.982447797 
2.525826912 7.940743919 

2.363694385 7.888552263 
2.525826912 7.940743919 

6.08349521 6.608106431 
5.990549947 6.589741248 

5.924170179 6.533454182 
5.990549947 6.589741248 

4.165238465 1.935306485 
3.964407541 1.86795216 

7.461060224 5.485126145 
7.356677674 5.58110573 

7.303889201 5.622867131 
7.356677674 5.58110573 

6.992105211 8.033589341 
7.108565824 7.878855157 

3.470099024 1.641532715 
3.29156801 1.455138395 

3.166390718 1.328808913 
3.29156801 1.455138395 

2.76586996 8.851175822 
2.874714361 8.693782179 

5.175909991 8.123856976 
5.289229538 8.118904909 

4.523859966 6.960350636 
4.343268567 7.06738739 

4.290374769 7.278683162 
4.343268567 7.06738739 

6.195756209 7.36511288 
6.401430001 7.296477375 

2.785457123 8.485516596 
2.874714361 8.693782179 

1.962510238 8.223713477 
2.157753284 8.330110861 

7.526658276 6.963394511 
7.583030014 6.821989886 

7.620066519 6.721046889 
7.583030014 6.821989886 

1.377772813 8.677314655 
1.512409504 8.392333385 

3.409410541 1.833477196 
3.429010011 2.069237474 

1.962510238 8.223713477 
1.933444771 8.417385419 

2.756092156 7.573688989 
2.760024752 7.448789932 

5.683408134 7.354397086 
5.670845172 7.529863478 

5.576571623 7.673979285 
5.670845172 7.529863478 

3.927566086 6.838794497 
4.139355353 6.739161786 

4.366535964 6.639727557 
4.139355353 6.739161786 

2.752061562 0.8073436802 
2.796070958 0.9565880836 

1.377772813 8.677314655 
1.324815929 8.412293246 

0.7071572935 7.598967055 
0.4261621162 7.471132832 

1.870947101 7.455052085 
1.793135601 7.590685492 

2.189526429 9.198278906 
2.39238422 9.324349742 

2.625346161 9.482522345 
2.39238422 9.324349742 

2.363516652 1.360237277 
2.629374579 1.584822126 

2.973761123 1.749028156 
2.629374579 1.584822126 

6.212808244 6.727947394 
6.375461443 6.688386196 

5.05969621 6.607937237 
5.142164155 6.70505636 

5.365346509 6.684383996 
5.142164155 6.70505636 

5.255906073 7.734666619 
5.14464932 7.618301586 

2.255773846 0.6541023118 
2.078912757 0.7158862883 

1.925361995 6.88897034 
1.816375966 6.737746326 

0.5428143536 7.641419522 
0.5144961551 7.561594285 

0.4261621162 7.471132832 
0.5144961551 7.561594285 

2.060742934 5.914675818 
2.293109286 5.896617419 

2.492179697 5.85431368 
2.293109286 5.896617419 

1.638000523 3.279058203 
1.869775531 3.394485511 

2.007219055 3.45823608 
1.869775531 3.394485511 

3.367582949 7.227952213 
3.436992281 7.31991457 

3.211712819 2.880562271 
3.345138643 2.675052266 

3.531830538 2.633418089 
3.345138643 2.675052266 

3.533988443 8.345437495 
3.721841705 8.253199034 

3.092119082 6.323557577 
3.12953811 6.405374376 

2.383420071 2.956347506 
2.578152784 2.906228396 

2.733955064 2.856678867 
2.578152784 2.906228396 

4.580719801 7.26755095 
4.343268567 7.06738739 

4.811383502 7.415385531 
4.712463472 7.308968935 

1.634656008 7.009667609 
1.737702148 7.234203745 

1.870947101 7.455052085 
1.737702148 7.234203745 

4.865389421 5.824320941 
5.021708905 5.681623027 

5.162223796 5.431798768 
5.021708905 5.681623027 

2.867363248 2.250633761 
2.738207624 2.280297907 

1.305402175 7.739984052 
0.8238585292 7.993723362 

5.810985305 7.587954096 
5.670845172 7.529863478 

2.453806852 7.009415164 
2.291193552 7.1099257 

1.381026322 7.237391595 
1.148317106 7.153999028 

4.54716687 3.133672145 
4.658830087 3.039980276 

2.796070958 0.9565880836 
2.843114048 0.8694163384 

2.985668771 0.7828158477 
2.843114048 0.8694163384 

3.384099737 0.3733695107 
3.269200314 0.3525307264 

0.9616579333 6.983359579 
1.012202914 6.76495177 

1.922307679 1.708307932 
1.74838274 1.817304041 

1.545569041 1.762803921 
1.74838274 1.817304041 

6.885698249 5.372935539 
7.028582754 5.513960701 

3.944970249 2.552607377 
3.765891372 2.785660432 

3.712859044 3.00840232 
3.765891372 2.785660432 

5.73727072 6.652961388 
5.621516608 6.743603541 

1.695991482 7.835283092 
1.89380864 7.89739959 

4.252634932 5.926451514 
4.509223755 5.764840206 

4.730685497 5.645690736 
4.509223755 5.764840206 

0.6044413867 7.342799069 
0.7132718888 7.278616754 

0.8034958946 7.188646831 
0.7132718888 7.278616754 

1.661178083 1.388802245 
1.809021137 1.416825885 

1.924609958 1.517547812 
1.809021137 1.416825885 

1.714708356 7.33880159 
1.737702148 7.234203745 

3.202722108 1.862871476 
3.142880964 2.036235634 

3.143321779 2.178147857 
3.142880964 2.036235634 

4.343268567 7.06738739 
4.139355353 6.739161786 

1.047279178 6.377663606 
1.114381688 6.292182291 

3.069639844 2.494927264 
3.345138643 2.675052266 

1.110084634 8.046469103 
0.8238585292 7.993723362 

6.467984377 8.210150959 
6.287138278 8.113083968 

1.786767242 9.269963816 
1.483293471 9.276028143 

2.806756638 3.551619231 
2.733282032 3.618104339 

5.438251831 7.67063744 
5.255906073 7.734666619 

5.507992677 4.777286724 
5.658074726 4.685880241 

7.568085359 6.506600272 
7.474170208 6.22721574 

7.197282169 7.072365733 
6.942118176 7.069076204 

2.753403797 9.136807009 
2.651233394 9.144621764 

6.629488363 5.669030621 
6.942165964 5.651294326 

2.850889615 6.654881996 
2.70744649 6.616936445 

2.635488441 2.652570029 
2.578152784 2.906228396 

7.41313219 6.65534232 
7.568085359 6.506600272 

2.085658706 7.559345403 
2.244828218 7.505714796 

2.140532482 2.100906202 
1.901472764 1.982425607 

6.723706585 6.563289524 
6.867211787 6.701642162 

5.162223796 5.431798768 
5.04192005 5.178946914 

7.197282169 7.072365733 
7.097121485 7.149068815 

7.064406452 6.934019806 
7.097121485 7.149068815 

5.946733165 6.778850518 
5.990549947 6.589741248 

5.43997769 8.162172756 
5.356033841 8.144679368 

5.289229538 8.118904909 
5.356033841 8.144679368 

7.339670224 7.28320187 
7.526658276 6.963394511 

7.339670224 7.28320187 
7.242863879 7.447392552 

7.15944714 7.509462371 
7.242863879 7.447392552 

1.946761303 3.451700543 
2.007219055 3.45823608 

2.316977127 2.44011922 
2.480505075 2.56540855 

2.635488441 2.652570029 
2.480505075 2.56540855 

3.766047019 8.512860606 
3.609158312 8.494349153 

2.513080537 8.580261508 
2.644581727 8.728917318 

2.76586996 8.851175822 
2.644581727 8.728917318 

4.358849284 1.185097927 
4.351690228 1.04485026 

5.472949306 6.992877187 
5.200263311 7.283176353 

5.472949306 6.992877187 
5.759496877 6.869830765 

5.946733165 6.778850518 
5.759496877 6.869830765 

3.12953811 6.405374376 
3.200356662 6.428339256 

6.743493082 7.97335098 
6.879602118 7.989878434 

6.992105211 8.033589341 
6.879602118 7.989878434 

1.483293471 9.276028143 
1.365229824 9.17303571 

3.285542755 3.903363806 
3.46588624 3.583858111 

6.906147228 6.332092609 
6.953787148 6.60722268 

4.19558049 2.325707655 
4.556352622 2.056703452 

4.935513585 1.717869146 
4.556352622 2.056703452 

4.554839589 1.823443693 
4.661054835 1.695688485 

4.548437796 1.610302654 
4.661054835 1.695688485 

6.684132503 6.124339586 
6.615125942 6.290415808 

6.600053155 6.433892084 
6.615125942 6.290415808 

3.531830538 2.633418089 
3.713295285 2.616337274 

3.470099024 1.641532715 
3.629032271 1.60283951 

3.002857084 2.738683069 
3.067683551 2.65236302 

3.069639844 2.494927264 
3.067683551 2.65236302 

2.68314736 1.802808764 
2.629374579 1.584822126 

1.843166049 8.843105519 
2.031849243 9.038374778 

2.189526429 9.198278906 
2.031849243 9.038374778 

2.291193552 7.1099257 
2.40332678 7.222652288 

1.404207403 2.713850188 
1.550130822 2.695616387 

1.709630847 2.72307032 
1.550130822 2.695616387 

3.209673235 2.09793688 
3.28786318 2.115981161 

3.429010011 2.069237474 
3.28786318 2.115981161 

6.379837631 6.448268673 
6.600053155 6.433892084 

2.508847732 1.961881468 
2.137627859 1.67261607 

3.338033377 6.490665069 
3.25222186 6.44003061 

3.200356662 6.428339256 
3.25222186 6.44003061 

6.684132503 6.124339586 
6.998668567 5.868793012 

5.759496877 6.869830765 
5.669434154 6.89534839 

3.834775726 7.152884038 
3.981671388 7.447189724 

6.379837631 6.448268673 
6.164119593 6.552624231 

6.08349521 6.608106431 
6.164119593 6.552624231 

6.334618222 6.140604001 
6.379837631 6.448268673 

1.661178083 1.388802245 
1.869893705 1.499325142 

2.137627859 1.67261607 
1.869893705 1.499325142 

6.287138278 8.113083968 
6.189785406 8.108140318 

3.142880964 2.036235634 
3.209673235 2.09793688 

3.290846639 8.914674943 
3.169199312 8.624438033 

3.116634862 8.312795411 
3.169199312 8.624438033 

4.524494542 6.12997951 
4.826130779 5.983974127 

3.46588624 3.583858111 
3.374085039 3.713533176 

2.215206722 3.636812976 
2.36876488 3.417157755 

6.334618222 6.140604001 
6.245248996 6.063017361 

6.134185558 5.967950379 
6.245248996 6.063017361 

1.946761303 3.451700543 
1.869775531 3.394485511 

6.068817563 8.171329254 
6.143054861 8.075228695 

6.199054832 7.9993822 
6.143054861 8.075228695 

3.484342367 0.4985185929 
3.384099737 0.3733695107 

3.484342367 0.4985185929 
3.435806913 0.5961471724 

3.362895417 0.709544079 
3.435806913 0.5961471724 

6.467984377 8.210150959 
6.559743804 8.217407098 

6.647734204 8.227478623 
6.559743804 8.217407098 

5.429589079 5.694980268 
5.239840046 6.016996615 

2.513080537 8.580261508 
2.310192296 8.535098454 

2.052731515 8.503046717 
2.310192296 8.535098454 

3.202722108 1.862871476 
3.027205273 1.563475813 

6.309121564 5.436048112 
6.273444871 5.642253318 

5.865699156 6.407100974 
5.699791088 6.233023017 

7.461060224 5.485126145 
7.227566442 5.650272621 

6.998668567 5.868793012 
7.227566442 5.650272621 

6.067446145 7.86150305 
6.199054832 7.9993822 

2.90092727 6.817150006 
2.932505407 6.999389841 

2.922909829 7.189028926 
2.932505407 6.999389841 

3.713295285 2.616337274 
3.619726021 2.523907531 

6.315255059 7.990247285 
6.287138278 8.113083968 

4.524494542 6.12997951 
4.591385221 6.312223904 

4.664883655 6.477492822 
4.591385221 6.312223904 

6.375461443 6.688386196 
6.418773844 6.844792253 

0.7071572935 7.598967055 
0.5292343627 7.909025298 

3.713295285 2.616337274 
3.765891372 2.785660432 

4.084629044 7.610168306 
4.197087379 7.429662177 

4.290374769 7.278683162 
4.197087379 7.429662177 

0.5292343627 7.909025298 
0.6317528768 7.985808664 

5.901302673 5.551203088 
5.945209439 5.716273133 

6.021593543 5.870908669 
5.945209439 5.716273133 

1.656127889 8.543162037 
1.377772813 8.677314655 

1.870947101 7.455052085 
2.085658706 7.559345403 

1.545569041 1.762803921 
1.744271854 1.901859223 

1.901472764 1.982425607 
1.744271854 1.901859223 

3.409410541 1.833477196 
3.572055007 1.78124815 

7.197282169 7.072365733 
7.335099738 7.019477773 

7.526658276 6.963394511 
7.335099738 7.019477773 

5.162223796 5.431798768 
5.30417335 5.53402318 

6.067446145 7.86150305 
6.143054861 8.075228695 

1.381026322 7.237391595 
1.290151247 7.348728439 

1.25369164 7.441438703 
1.290151247 7.348728439 

3.929462999 2.146029228 
3.701440924 2.343256232 

2.36840116 8.888030966 
2.602428732 8.910790602 

1.483293471 9.276028143 
1.364095441 9.261100764 

3.352675297 7.541127597 
3.558236742 7.504269302 

3.715849011 7.542505064 
3.558236742 7.504269302 

2.363516652 1.360237277 
2.137627859 1.67261607 

4.375409929 7.636732977 
4.197087379 7.429662177 

4.771219672 2.424834539 
4.867940011 2.478354832 

5.030184093 2.543593456 
4.867940011 2.478354832 

2.363516652 1.360237277 
2.276102713 1.497031536 

1.924609958 1.517547812 
1.869893705 1.499325142 

3.167675808 0.2946369009 
3.250698049 0.2456110319 

3.269200314 0.3525307264 
3.250698049 0.2456110319 

4.661054835 1.695688485 
4.715540936 1.82463844 

3.338033377 6.490665069 
3.243720602 6.291674437 

5.699791088 6.233023017 
5.792170431 6.195516798 

5.831883764 6.095176542 
5.792170431 6.195516798 

6.158568025 5.063227427 
6.022820637 4.828689983 

6.158568025 5.063227427 
6.126306828 5.184281643 

6.135453467 5.334570213 
6.126306828 5.184281643 

3.097161082 6.124527507 
3.171305837 6.220128128 

3.243720602 6.291674437 
3.171305837 6.220128128 

3.929462999 2.146029228 
3.896901434 2.02619424 

3.964407541 1.86795216 
3.896901434 2.02619424 

1.871818957 1.062937196 
1.756686653 1.179868568 

3.090650472 8.716064505 
3.169199312 8.624438033 

2.753403797 9.136807009 
3.013326142 9.095183752 

6.067446145 7.86150305 
6.17771345 7.58235747 

1.638000523 3.279058203 
1.771213942 3.071255771 

1.891527287 2.851565693 
1.771213942 3.071255771 

2.933600398 2.056602483 
3.142880964 2.036235634 

2.316977127 2.44011922 
2.358178283 2.372235842 

2.476971469 2.343824899 
2.358178283 2.372235842 

4.591385221 6.312223904 
4.72753944 6.291101204 

2.709841444 7.982447797 
2.563288293 7.837890942 

2.410332326 7.707044594 
2.563288293 7.837890942 

5.04192005 5.178946914 
4.83134408 5.15492866 

2.310873224 6.409712282 
2.285492333 6.281744135 

3.28786318 2.115981161 
3.332645319 2.206434124 

2.933600398 2.056602483 
3.01290175 2.234073323 

3.081975369 2.329121707 
3.01290175 2.234073323 

6.942118176 7.069076204 
7.019894466 7.079176144 

7.097121485 7.149068815 
7.019894466 7.079176144 

4.85173107 5.419236004 
4.756606101 5.367544003 

2.046247839 8.828497328 
2.031849243 9.038374778 

7.531169223 6.216267949 
7.576158173 6.244801885 

1.306607774 7.972157499 
1.438198371 7.922739384 

1.468653391 8.017787676 
1.438198371 7.922739384 

1.541040537 5.945100905 
1.648928175 6.065440686 

1.713104501 6.170563209 
1.648928175 6.065440686 

5.48550726 6.039045254 
5.345250294 6.180661392 

4.45337334 1.323654546 
4.279614541 1.579997259 

1.992216386 3.356814129 
1.869775531 3.394485511 

3.211712819 2.880562271 
3.067683551 2.65236302 

2.457419571 0.7153551271 
2.392202977 0.6897750952 

6.498992743 5.240037933 
6.468319186 4.969329271 

1.701891493 8.160834961 
1.854492142 8.193909364 

1.962510238 8.223713477 
1.854492142 8.193909364 

6.913347268 5.977643947 
6.998668567 5.868793012 

5.239840046 6.016996615 
5.345250294 6.180661392 

3.609158312 8.494349153 
3.567624851 8.427018397 

3.533988443 8.345437495 
3.567624851 8.427018397 

2.375309539 0.9077419498 
2.358421752 1.179087749 

2.363516652 1.360237277 
2.358421752 1.179087749 

3.290846639 8.914674943 
3.146308838 8.980846705 

3.013326142 9.095183752 
3.146308838 8.980846705 

3.744763816 0.8898602543 
3.93184304 0.7693918402 

1.104980802 6.568175221 
1.047279178 6.377663606 

5.345250294 6.180661392 
5.190078596 6.232840901 

2.457076791 0.5474947544 
2.557070458 0.5191196523 

2.166580843 6.707473471 
2.018504149 6.793599805 

1.925361995 6.88897034 
2.018504149 6.793599805 

3.374085039 3.713533176 
3.544120776 3.857048258 

4.252634932 5.926451514 
4.364004047 6.085801857 

6.212808244 6.727947394 
6.164119593 6.552624231 

2.418803657 2.191454302 
2.444037549 2.059509351 

2.508847732 1.961881468 
2.444037549 2.059509351 

2.423665314 6.2467827 
2.327230915 6.24813144 

2.285492333 6.281744135 
2.327230915 6.24813144 

3.631098358 2.074233959 
3.896901434 2.02619424 

6.065612657 7.094188468 
5.961808318 7.10845946 

5.869124489 7.066160131 
5.961808318 7.10845946 

6.334618222 6.140604001 
6.421844165 6.040111464 

3.345509103 0.5099984782 
3.435806913 0.5961471724 

2.291193552 7.1099257 
2.182734595 7.159537489 

2.100439001 7.23411874 
2.182734595 7.159537489 

2.443935075 8.052781258 
2.525826912 7.940743919 

2.513080537 8.580261508 
2.637603587 8.475353947 

5.429589079 5.694980268 
5.711461768 5.617241842 

1.634656008 7.009667609 
1.681089731 7.455189973 

1.695991482 7.835283092 
1.681089731 7.455189973 

6.21314891 5.844307499 
6.021593543 5.870908669 

1.324815929 8.412293246 
1.400154964 8.271103427 

1.431164278 8.127737449 
1.400154964 8.271103427 

1.695991482 7.835283092 
1.793135601 7.590685492 

6.906147228 6.332092609 
6.615125942 6.290415808 

1.133041315 9.297000382 
1.280704849 9.231376967 

1.365229824 9.17303571 
1.280704849 9.231376967 

0.7559336792 8.816944367 
0.9160539825 8.741459019 

1.046025512 8.69741197 
0.9160539825 8.741459019 

1.581179157 2.067465537 
1.632863555 2.19469268 

6.684132503 6.124339586 
6.559185298 6.091367848 

1.756686653 1.179868568 
1.923185389 1.318561256 

2.733282032 3.618104339 
2.66207669 3.68048704 

7.064406452 6.934019806 
7.019894466 7.079176144 

3.352675297 7.541127597 
3.138870218 7.623843769 

2.876352528 7.752062375 
3.138870218 7.623843769 

1.933444771 8.417385419 
1.998779017 8.422003138 

2.052731515 8.503046717 
1.998779017 8.422003138 

3.10843564 7.041458159 
2.932505407 6.999389841 

4.756606101 5.367544003 
4.687912018 5.336559785 

3.470099024 1.641532715 
3.440117236 1.721073355 

3.409410541 1.833477196 
3.440117236 1.721073355 

5.429589079 5.694980268 
5.213169791 5.68232546 

5.021708905 5.681623027 
5.213169791 5.68232546 

5.200263311 7.283176353 
5.167188266 7.448669487 

5.14464932 7.618301586 
5.167188266 7.448669487 

6.273444871 5.642253318 
6.069429059 5.619929481 

3.549825111 2.266975361 
3.332645319 2.206434124 

5.030184093 2.543593456 
5.071387874 2.345795561 

5.077222796 2.137890935 
5.071387874 2.345795561 

1.577602489 7.484506501 
1.681089731 7.455189973 

3.027205273 1.563475813 
2.863390668 1.41799003 

4.730685497 5.645690736 
4.906846712 5.404378215 

3.738181896 3.988213059 
3.883242434 3.887958547 

4.040689686 3.833470879 
3.883242434 3.887958547 

5.946733165 6.778850518 
5.961808318 7.10845946 

3.764752395 1.81082334 
3.840214237 1.713402153 

3.917583708 1.592845694 
3.840214237 1.713402153 

1.618348651 6.65356433 
1.599260339 6.889272899 

1.634656008 7.009667609 
1.599260339 6.889272899 

1.306607774 7.972157499 
1.468653391 8.017787676 

1.870947101 7.455052085 
1.681089731 7.455189973 

3.328813647 8.013691055 
3.138870218 7.623843769 

1.870947101 7.455052085 
1.946676445 7.575040236 

2.030436863 7.657447562 
1.946676445 7.575040236 

4.687912018 5.336559785 
4.631539629 5.318868507 

1.25369164 7.441438703 
1.305402175 7.739984052 

1.792704406 6.027235324 
1.687411053 5.997814486 

1.541040537 5.945100905 
1.687411053 5.997814486 

4.906846712 5.404378215 
4.85173107 5.419236004 

6.060609567 6.333403443 
6.164119593 6.552624231 

2.137627859 1.67261607 
2.35239372 1.727300511 

6.603685767 6.691075589 
6.375461443 6.688386196 

1.018946384 7.637359269 
1.041186466 7.846792265 

1.110084634 8.046469103 
1.041186466 7.846792265 

2.534820161 9.124705227 
2.592893173 9.185967103 

2.651233394 9.144621764 
2.592893173 9.185967103 

5.72635284 7.058561414 
5.759496877 6.869830765 

2.70744649 6.616936445 
2.752381792 6.540649719 

2.78623507 6.470074518 
2.752381792 6.540649719 

6.906147228 6.332092609 
6.890806147 6.104625303 

6.913347268 5.977643947 
6.890806147 6.104625303 

5.08393934 5.936032583 
4.826130779 5.983974127 

6.911304662 7.808157434 
6.879602118 7.989878434 

1.89380864 7.89739959 
1.974822428 7.972438739 

2.050052904 8.020263903 
1.974822428 7.972438739 

2.492179697 5.85431368 
2.492173836 5.939559684 

2.48005221 6.001949876 
2.492173836 5.939559684 

2.867363248 2.250633761 
3.01290175 2.234073323 

3.834775726 7.152884038 
4.052296475 7.19687504 

4.290374769 7.278683162 
4.052296475 7.19687504 

1.946676445 7.575040236 
1.896662681 7.674390704 

2.637603587 8.475353947 
2.752648634 8.251024303 

0.8238585292 7.993723362 
0.8719903537 7.874680512 

4.45337334 1.323654546 
4.289265247 1.38320669 

4.122858421 1.442530437 
4.289265247 1.38320669 

5.924170179 6.533454182 
5.843173697 6.498671518 

5.744769467 6.525945018 
5.843173697 6.498671518 

4.000201625 3.074247244 
4.172532892 3.074526393 

4.322217866 3.117711321 
4.172532892 3.074526393 

2.166580843 6.707473471 
1.972187136 6.729692603 

1.816375966 6.737746326 
1.972187136 6.729692603 

1.714708356 7.33880159 
1.681089731 7.455189973 

1.577602489 7.484506501 
1.621581181 7.387764024 

1.714708356 7.33880159 
1.621581181 7.387764024 

2.215206722 3.636812976 
2.097834377 3.493701321 

2.533405575 3.798473213 
2.422011101 3.672747908 

2.085658706 7.559345403 
1.946676445 7.575040236 

6.401430001 7.296477375 
6.509858759 7.369686511 

6.590110263 7.439300979 
6.509858759 7.369686511 

1.545569041 1.762803921 
1.661178083 1.388802245 

6.684132503 6.124339586 
6.890806147 6.104625303 

1.581179157 2.067465537 
1.589827386 1.910978806 

5.658074726 4.685880241 
5.66514077 4.834536214 

5.660733471 4.948137037 
5.66514077 4.834536214 

3.143321779 2.178147857 
3.01290175 2.234073323 

6.302262871 4.771239201 
6.359763251 4.878974982 

7.165330762 5.914321788 
6.998668567 5.868793012 

6.741383575 5.132209285 
6.93363646 5.155322751 

5.792170431 6.195516798 
5.865699156 6.407100974 

7.339670224 7.28320187 
7.434382017 6.902242086 

7.568085359 6.506600272 
7.434382017 6.902242086 

0.7071572935 7.598967055 
0.5144961551 7.561594285 

6.060609567 6.333403443 
6.245248996 6.063017361 

2.676928024 7.309740533 
2.726206922 7.390659221 

2.760024752 7.448789932 
2.726206922 7.390659221 

2.68314736 1.802808764 
2.758098567 1.634882103 

2.82282745 1.561769046 
2.758098567 1.634882103 

4.935513585 1.717869146 
4.791795217 1.745630652 

4.661054835 1.695688485 
4.791795217 1.745630652 

1.133041315 9.297000382 
1.266691677 9.309704766 

1.364095441 9.261100764 
1.266691677 9.309704766 

3.631098358 2.074233959 
3.929462999 2.146029228 

2.635488441 2.652570029 
2.522405185 2.804866217 

2.383420071 2.956347506 
2.522405185 2.804866217 

2.973761123 1.749028156 
2.758098567 1.634882103 

3.338033377 6.490665069 
3.345323297 6.755891253 

3.358183079 7.005663787 
3.345323297 6.755891253 

7.64112188 6.097609403 
7.602703705 6.181686468 

7.576158173 6.244801885 
7.602703705 6.181686468 

7.41313219 6.65534232 
7.620066519 6.721046889 

3.766047019 8.512860606 
3.565012749 8.28765979 

3.328813647 8.013691055 
3.565012749 8.28765979 

1.74838274 1.817304041 
1.744271854 1.901859223 

4.664883655 6.477492822 
4.818944809 6.408473185 

4.978354789 6.353997819 
4.818944809 6.408473185 

2.025399172 2.557106916 
2.079924072 2.436854477 

2.147760507 2.314734088 
2.079924072 2.436854477 

5.865699156 6.407100974 
5.843173697 6.498671518 

2.796070958 0.9565880836 
2.570128823 0.9363245096 

2.375309539 0.9077419498 
2.570128823 0.9363245096 

4.974655053 7.153926199 
5.083587876 7.266822679 

5.200263311 7.283176353 
5.083587876 7.266822679 

3.572055007 1.78124815 
3.440117236 1.721073355 

7.165330762 5.914321788 
7.069505409 5.75802296 

6.942165964 5.651294326 
7.069505409 5.75802296 

7.119039341 5.140358054 
7.021523501 5.297432396 

6.885698249 5.372935539 
7.021523501 5.297432396 

1.756686653 1.179868568 
1.721226486 1.284067043 

1.661178083 1.388802245 
1.721226486 1.284067043 

5.602666433 5.432092381 
5.656425554 5.528762207 

5.711461768 5.617241842 
5.656425554 5.528762207 

1.133041315 9.297000382 
1.208917119 9.024061222 

1.253410343 8.75370606 
1.208917119 9.024061222 

6.060609567 6.333403443 
6.018550046 6.471419703 

5.990549947 6.589741248 
6.018550046 6.471419703 

4.487916448 5.285484315 
4.573511374 5.306876544 

4.631539629 5.318868507 
4.573511374 5.306876544 

2.367387277 8.350251177 
2.310192296 8.535098454 

1.967460842 0.7940785436 
2.026215022 0.7641451462 

2.078912757 0.7158862883 
2.026215022 0.7641451462 

5.580375281 6.491569397 
5.479334784 6.57577778 

5.365346509 6.684383996 
5.479334784 6.57577778 

5.924170179 6.533454182 
6.018550046 6.471419703 

4.375409929 7.636732977 
4.682868216 7.82730693 

4.983562464 8.043517018 
4.682868216 7.82730693 

1.793135601 7.590685492 
1.946676445 7.575040236 

2.56816476 7.591339287 
2.719663475 7.669510963 

2.876352528 7.752062375 
2.719663475 7.669510963 

1.804199251 2.158064965 
1.901472764 1.982425607 

2.922909829 7.189028926 
2.710392212 7.130808042 

4.943101581 1.984240069 
4.715540936 1.82463844 

2.17744961 3.355583072 
1.992216386 3.356814129 

0.3150898459 8.157918962 
0.4458268683 8.031331914 

0.5292343627 7.909025298 
0.4458268683 8.031331914 

2.310873224 6.409712282 
2.327230915 6.24813144 

4.943101581 1.984240069 
4.923666716 1.861217145 

4.935513585 1.717869146 
4.923666716 1.861217145 

2.310873224 6.409712282 
2.146270738 6.37816983 

2.005774806 6.348495705 
2.146270738 6.37816983 

4.96437732 7.65058951 
5.142848193 7.899523594 

6.212808244 6.727947394 
6.264890362 6.586227575 

6.379837631 6.448268673 
6.264890362 6.586227575 

6.629488363 5.669030621 
6.421844165 6.040111464 

4.37771373 2.848982597 
4.264483007 2.836659032 

4.152622247 2.873309851 
4.264483007 2.836659032 

6.018550046 6.471419703 
6.08349521 6.608106431 

7.021523501 5.297432396 
7.086547489 5.381405234 

3.202722108 1.862871476 
3.318682443 1.96844651 

3.429010011 2.069237474 
3.318682443 1.96844651 

6.21314891 5.844307499 
6.167060502 5.896211905 

6.134185558 5.967950379 
6.167060502 5.896211905 

3.565012749 8.28765979 
3.533988443 8.345437495 

2.204738054 7.705688276 
2.244828218 7.505714796 

2.157753284 8.330110861 
2.210603798 8.199391125 

2.241944005 8.076372532 
2.210603798 8.199391125 

5.30417335 5.53402318 
5.213169791 5.68232546 

2.624867807 0.4151804802 
2.591375153 0.4657485002 

2.557070458 0.5191196523 
2.591375153 0.4657485002 

3.069639844 2.494927264 
3.147816226 2.653024682 

6.069429059 5.619929481 
5.945209439 5.716273133 

2.189526429 9.198278906 
1.987488892 9.223263876 

1.786767242 9.269963816 
1.987488892 9.223263876 

2.710392212 7.130808042 
2.615964749 7.063491826 

7.434382017 6.902242086 
7.335099738 7.019477773 

2.215206722 3.636812976 
2.318171441 3.654219793 

2.422011101 3.672747908 
2.318171441 3.654219793 

4.351690228 1.04485026 
4.371136859 0.9648546511 

3.667092753 7.898598424 
3.508539944 7.971171925 

3.328813647 8.013691055 
3.508539944 7.971171925 

6.068817563 8.171329254 
6.129098156 8.141642627 

6.189785406 8.108140318 
6.129098156 8.141642627 

7.526658276 6.963394511 
7.455520318 6.79908093 

7.41313219 6.65534232 
7.455520318 6.79908093 

2.030436863 7.657447562 
2.204738054 7.705688276 

5.30417335 5.53402318 
5.602666433 5.432092381 

2.66207669 3.68048704 
2.609392646 3.730039095 

0.7419749587 8.115566014 
0.5525399777 8.147459108 

6.17771345 7.58235747 
6.187982718 7.480511913 

6.195756209 7.36511288 
6.187982718 7.480511913 

2.276102713 1.497031536 
2.317064815 1.601168637 

2.35239372 1.727300511 
2.317064815 1.601168637 

1.644540334 8.311112786 
1.648312194 8.435395374 

1.656127889 8.543162037 
1.648312194 8.435395374 

5.580375281 6.491569397 
5.699791088 6.233023017 

5.580375281 6.491569397 
5.711046596 6.44184279 

5.865699156 6.407100974 
5.711046596 6.44184279 

3.436992281 7.31991457 
3.394923621 7.431110837 

3.352675297 7.541127597 
3.394923621 7.431110837 

1.545569041 1.762803921 
1.688105466 1.963850739 

1.804199251 2.158064965 
1.688105466 1.963850739 

5.30417335 5.53402318 
5.383651458 5.601185309 

5.429589079 5.694980268 
5.383651458 5.601185309 

3.964407541 1.86795216 
3.840214237 1.713402153 

2.985668771 0.7828158477 
3.094128929 0.8364765566 

3.213461669 0.8888691113 
3.094128929 0.8364765566 

6.906147228 6.332092609 
7.04051321 6.300802195 

7.188074906 6.294377841 
7.04051321 6.300802195 

2.533405575 3.798473213 
2.571985058 3.765545938 

2.609392646 3.730039095 
2.571985058 3.765545938 

3.944970249 2.552607377 
3.814271592 2.588214783 

3.713295285 2.616337274 
3.814271592 2.588214783 

2.625346161 9.482522345 
2.592893173 9.185967103 

1.634656008 7.009667609 
1.784565124 6.937027789 

1.925361995 6.88897034 
1.784565124 6.937027789 

3.744763816 0.8898602543 
3.633029633 0.9472389932 

3.485895943 1.015271821 
3.633029633 0.9472389932 

0.3150898459 8.157918962 
0.4455534035 8.145291575 

0.5525399777 8.147459108 
0.4455534035 8.145291575 

3.515616682 3.299798701 
3.491104489 3.441544927 

3.46588624 3.583858111 
3.491104489 3.441544927 

2.453806852 7.009415164 
2.582977567 7.167664265 

2.676928024 7.309740533 
2.582977567 7.167664265 

4.524494542 6.12997951 
4.448980428 6.095594472 

4.364004047 6.085801857 
4.448980428 6.095594472 

2.946542436 2.915929872 
3.047238993 3.090568874 

3.151814211 3.281447709 
3.047238993 3.090568874 

3.290846639 8.914674943 
3.185647851 8.825360926 

3.090650472 8.716064505 
3.185647851 8.825360926 

0.9714768026 7.463280472 
1.162416345 7.592377026 

1.305402175 7.739984052 
1.162416345 7.592377026 

2.166580843 6.707473471 
2.222516243 6.554827546 

2.310873224 6.409712282 
2.222516243 6.554827546 

2.645309674 3.187681645 
2.641669028 2.90317217 

2.635488441 2.652570029 
2.641669028 2.90317217 

2.367387277 8.350251177 
2.210603798 8.199391125 

2.984962987 1.314390724 
2.960280752 1.381412488 

2.863390668 1.41799003 
2.960280752 1.381412488 

4.518575354 2.39103957 
4.583568327 2.589869067 

2.615964749 7.063491826 
2.550086723 7.051007153 

2.453806852 7.009415164 
2.550086723 7.051007153 

1.018946384 7.637359269 
1.162416345 7.592377026 

1.324815929 8.412293246 
1.419985608 8.407273027 

1.512409504 8.392333385 
1.419985608 8.407273027 

3.211712819 2.880562271 
3.047238993 3.090568874 

3.147816226 2.653024682 
3.18903489 2.750498926 

7.119039341 5.140358054 
7.027299421 5.147460343 

6.93363646 5.155322751 
7.027299421 5.147460343 

0.9714768026 7.463280472 
0.8505423796 7.515064803 

0.7071572935 7.598967055 
0.8505423796 7.515064803 

3.323202967 2.403498366 
3.345138643 2.675052266 

5.744769467 6.525945018 
5.711046596 6.44184279 

4.791795217 1.745630652 
4.715540936 1.82463844 

2.060742934 5.914675818 
2.146842423 5.966594711 

2.204023612 6.026700556 
2.146842423 5.966594711 

7.526658276 6.963394511 
7.434382017 6.902242086 

1.922307679 1.708307932 
2.026338485 1.692500773 

2.137627859 1.67261607 
2.026338485 1.692500773 

3.964407541 1.86795216 
3.857893989 1.839684554 

3.764752395 1.81082334 
3.857893989 1.839684554 

2.189526429 9.198278906 
2.13856935 9.014179511 

2.046247839 8.828497328 
2.13856935 9.014179511 

2.310873224 6.409712282 
2.423665314 6.2467827 

1.638000523 3.279058203 
1.790338812 3.36722701 

1.946761303 3.451700543 
1.790338812 3.36722701 

2.641669028 2.90317217 
2.733955064 2.856678867 

6.953787148 6.60722268 
7.119225466 6.588395398 

7.263288795 6.538998964 
7.119225466 6.588395398 

4.580719801 7.26755095 
4.647576632 7.295955257 

4.712463472 7.308968935 
4.647576632 7.295955257 

6.421844165 6.040111464 
6.50685639 6.058795793 

6.559185298 6.091367848 
6.50685639 6.058795793 

2.020568777 7.035389574 
2.182734595 7.159537489 

1.246284999 6.210942075 
1.164798267 6.385193171 

1.104980802 6.568175221 
1.164798267 6.385193171 

0.8102802091 6.417699942 
0.7987355891 6.482116013 

0.7871909692 6.546532084 
0.7987355891 6.482116013 

2.020568777 7.035389574 
2.037319463 7.136104826 

2.100439001 7.23411874 
2.037319463 7.136104826 

2.90092727 6.817150006 
3.006505373 6.941748775 

3.10843564 7.041458159 
3.006505373 6.941748775 

5.658074726 4.685880241 
5.7731841 4.714925823 

5.884266757 4.747359782 
5.7731841 4.714925823 

4.196995095 6.259924555 
4.364004047 6.085801857 

4.45653144 0.846620322 
4.406656651 0.9108166895 

4.371136859 0.9648546511 
4.406656651 0.9108166895 

1.695991482 7.835283092 
1.438198371 7.922739384 

0.3150898459 8.157918962 
0.5688506906 8.075557219 

0.8238585292 7.993723362 
0.5688506906 8.075557219 

2.157753284 8.330110861 
1.998779017 8.422003138 

6.08349521 6.608106431 
6.147079233 6.663650405 

6.212808244 6.727947394 
6.147079233 6.663650405 

2.480505075 2.56540855 
2.476971469 2.343824899 

2.637603587 8.475353947 
2.707253177 8.472937829 

2.785457123 8.485516596 
2.707253177 8.472937829 

1.246284999 6.210942075 
1.144427887 6.207793428 

2.443935075 8.052781258 
2.57603649 8.024737068 

2.709841444 7.982447797 
2.57603649 8.024737068 

4.658830087 3.039980276 
4.37771373 2.848982597 

4.860101677 2.924851146 
4.755778792 2.967917512 

2.563288293 7.837890942 
2.56816476 7.591339287 

5.901302673 5.551203088 
5.98417916 5.584742468 

6.069429059 5.619929481 
5.98417916 5.584742468 

1.381026322 7.237391595 
1.477527374 7.360862349 

1.577602489 7.484506501 
1.477527374 7.360862349 

4.978354789 6.353997819 
5.190078596 6.232840901 

2.752061562 0.8073436802 
2.843114048 0.8694163384 

7.461060224 5.485126145 
7.514572791 5.995863208 

7.568085359 6.506600272 
7.514572791 5.995863208 

2.137485165 7.456000565 
2.10547892 7.50644579 

2.085658706 7.559345403 
2.10547892 7.50644579 

5.945209439 5.716273133 
5.98417916 5.584742468 

4.554839589 1.823443693 
4.351401202 1.878287089 

4.165238465 1.935306485 
4.351401202 1.878287089 

5.194058928 6.42110955 
5.193016206 6.315722454 

5.190078596 6.232840901 
5.193016206 6.315722454 

4.091826053 0.5959983481 
4.011834547 0.6826950942 

3.93184304 0.7693918402 
4.011834547 0.6826950942 

1.545569041 1.762803921 
1.567698213 1.836891364 

1.589827386 1.910978806 
1.567698213 1.836891364 

1.843166049 8.843105519 
1.744867269 8.704215505 

1.656127889 8.543162037 
1.744867269 8.704215505 

1.618348651 6.65356433 
1.473754454 6.613748934 

1.346110506 6.543164002 
1.473754454 6.613748934 

5.683408134 7.354397086 
5.757430459 7.47481382 

5.810985305 7.587954096 
5.757430459 7.47481382 

2.13856935 9.014179511 
2.36840116 8.888030966 

6.552927199 6.907606606 
6.664749756 6.845405826 

6.781868858 6.801692555 
6.664749756 6.845405826 

4.755778792 2.967917512 
4.702773314 2.991889607 

4.658830087 3.039980276 
4.702773314 2.991889607 

2.031849243 9.038374778 
2.13856935 9.014179511 

1.618348651 6.65356433 
1.640722174 6.526572837 

1.670260514 6.394748512 
1.640722174 6.526572837 

6.468319186 4.969329271 
6.414173596 4.924456866 

6.359763251 4.878974982 
6.414173596 4.924456866 

5.04192005 5.178946914 
4.978174931 5.298775057 

4.906846712 5.404378215 
4.978174931 5.298775057 

5.670845172 7.529863478 
5.757430459 7.47481382 

0.425514779 6.738715743 
0.5538438908 6.805166132 

0.6912906231 6.869786292 
0.5538438908 6.805166132 

7.108565824 7.878855157 
6.911304662 7.808157434 

7.108565824 7.878855157 
7.193479562 7.825193129 

7.278393299 7.7715311 
7.193479562 7.825193129 

1.541040537 5.945100905 
1.394063767 6.078267071 

1.246284999 6.210942075 
1.394063767 6.078267071 

5.142164155 6.70505636 
5.1707131 6.556824243 

5.194058928 6.42110955 
5.1707131 6.556824243 

1.266691677 9.309704766 
1.280704849 9.231376967 

1.870947101 7.455052085 
1.885604345 7.567160505 

1.896662681 7.674390704 
1.885604345 7.567160505 

2.418803657 2.191454302 
2.358178283 2.372235842 

4.983562464 8.043517018 
5.087654859 8.08191919 

5.175909991 8.123856976 
5.087654859 8.08191919 

1.946676445 7.575040236 
1.885604345 7.567160505 

2.453806852 7.009415164 
2.676931359 6.916714414 

2.90092727 6.817150006 
2.676931359 6.916714414 

6.264890362 6.586227575 
6.164119593 6.552624231 

2.367387277 8.350251177 
2.435709142 8.460351154 

2.513080537 8.580261508 
2.435709142 8.460351154 

3.211712819 2.880562271 
2.946542436 2.915929872 

3.211712819 2.880562271 
3.20702469 2.820454176 

3.18903489 2.750498926 
3.20702469 2.820454176 

5.683408134 7.354397086 
5.562294312 7.511632933 

5.438251831 7.67063744 
5.562294312 7.511632933 

1.648928175 6.065440686 
1.687411053 5.997814486 

3.250698049 0.2456110319 
3.317398893 0.3094902713 

3.384099737 0.3733695107 
3.317398893 0.3094902713 

2.418803657 2.191454302 
2.279407794 2.145719568 

2.140532482 2.100906202 
2.279407794 2.145719568 

2.316736956 7.368982045 
2.137485165 7.456000565 

4.865389421 5.824320941 
4.97466438 5.880176762 

5.08393934 5.936032583 
4.97466438 5.880176762 

1.144427887 6.207793428 
1.129404788 6.249987859 

1.114381688 6.292182291 
1.129404788 6.249987859 

1.38108294 2.317228416 
1.506973248 2.255960548 

1.632863555 2.19469268 
1.506973248 2.255960548 

