3.211493515 0.8942092399 
2.960061414 1.758858461 

2.960061414 1.758858461 
3.56926777 1.773436502 

3.720754814 7.516818165 
2.908225165 7.741637977 

4.434831828 2.69774598 
4.543575136 3.356337605 

2.024366316 8.046278109 
2.128929259 7.762079228 

5.049880338 6.599593817 
4.759037167 6.832188092 

2.76586996 8.851175822 
3.290448453 8.915039447 

2.024366316 8.046278109 
1.958975769 8.229901061 

4.754528885 4.760345426 
4.471534652 4.504793822 

5.660733471 4.948137037 
5.596922228 5.437139611 

2.960061414 1.758858461 
3.191713345 1.881459095 

6.386981561 6.452313301 
6.684691618 6.126729419 

5.946417277 6.780908861 
6.091677544 6.594193944 

6.499333954 5.238967713 
6.915918515 5.979227654 

2.857714048 2.447799894 
3.085080228 2.329961403 

6.915918515 5.979227654 
6.684691618 6.126729419 

2.76586996 8.851175822 
2.04791076 8.503627303 

0.7991878085 7.181949534 
0.4082857319 6.73803887 

1.638612144 7.014074633 
1.380630241 7.236656157 

3.744763816 0.8898602543 
3.751956329 1.434354756 

7.551549774 6.493718644 
6.944127954 7.065675141 

6.386981561 6.452313301 
6.722744433 6.542573725 

3.717239849 3.006797259 
4.012578007 3.087920895 

1.417759178 8.126333697 
1.310882645 7.736378742 

1.684449581 7.850337129 
1.895136652 7.679649425 

6.499333954 5.238967713 
6.629488363 5.669030621 

4.434831828 2.69774598 
5.030184093 2.543593456 

6.058661753 7.080292679 
5.946417277 6.780908861 

7.551549774 6.493718644 
6.904268206 6.333274194 

6.684691618 6.126729419 
6.904268206 6.333274194 

3.33063047 2.214479052 
3.085080228 2.329961403 

3.763745237 1.810440862 
3.56926777 1.773436502 

4.194777029 4.146324099 
4.040058052 3.833228322 

7.341988456 7.308239776 
6.80978782 7.368384629 

5.48842217 6.041057739 
5.817998253 6.097319089 

4.471534652 4.504793822 
4.340947333 4.341108605 

4.194777029 4.146324099 
4.340947333 4.341108605 

2.646333663 2.644193938 
2.857714048 2.447799894 

2.403011325 7.686144338 
2.593534058 7.599223566 

6.915918515 5.979227654 
7.308538613 6.124361271 

5.227338082 7.244255541 
4.810340686 7.429299994 

6.058661753 7.080292679 
5.687686864 7.357897032 

3.150525757 3.281185787 
3.221950287 2.901506457 

1.907948133 2.86928632 
2.44678217 3.24804909 

2.523733481 1.969566621 
2.725623864 2.104772772 

4.659051164 6.480541495 
4.363477832 6.63962116 

1.643844935 8.565641624 
1.516135672 8.911952948 

2.75484293 8.251781604 
2.908225165 7.741637977 

2.725623864 2.104772772 
2.154955758 2.311215399 

2.154955758 2.311215399 
2.309438859 2.431873006 

5.687686864 7.357897032 
5.723420878 7.056162833 

0.7076260652 7.592087805 
1.016025512 7.642859897 

1.310882645 7.736378742 
1.016025512 7.642859897 

6.80978782 7.368384629 
6.944127954 7.065675141 

4.193928565 2.327215928 
4.520905029 2.392212403 

1.638612144 7.014074633 
1.191503272 6.930488134 

2.109655048 7.248063452 
2.138688108 7.421573762 

1.545569041 1.762803921 
2.154955758 2.311215399 

6.551292564 6.906713578 
7.166994244 6.664416813 

1.191503272 6.930488134 
0.7991878085 7.181949534 

6.80978782 7.368384629 
6.910631218 7.805300247 

5.049880338 6.599593817 
5.188646503 6.422603804 

5.5878681 7.687187704 
5.753673192 7.771751421 

6.06341232 7.883344605 
5.753673192 7.771751421 

7.166994244 6.664416813 
6.944127954 7.065675141 

3.150525757 3.281185787 
2.976171531 3.387031644 

2.499059482 8.577701847 
2.75484293 8.251781604 

1.684449581 7.850337129 
1.123535987 8.046842367 

2.138688108 7.421573762 
1.878333924 7.453406054 

3.629682769 2.074596815 
3.763745237 1.810440862 

2.553992517 3.82135916 
2.44678217 3.24804909 

6.629488363 5.669030621 
6.915918515 5.979227654 

3.191713345 1.881459095 
3.409524046 1.846777748 

3.74898807 8.527042162 
3.118062657 8.304260685 

2.75484293 8.251781604 
3.118062657 8.304260685 

5.687686864 7.357897032 
6.06341232 7.883344605 

3.083326538 6.100531536 
2.740888193 6.294885901 

1.252616596 8.754921364 
1.516135672 8.911952948 

1.417759178 8.126333697 
1.642852442 8.310038898 

4.659051164 6.480541495 
5.188646503 6.422603804 

3.211493515 0.8942092399 
3.485895943 1.015271821 

4.434831828 2.69774598 
4.520905029 2.392212403 

4.931527477 1.702098095 
4.171005049 1.933109598 

3.629682769 2.074596815 
4.171005049 1.933109598 

6.314910514 7.990498805 
6.19596212 7.36244014 

6.058661753 7.080292679 
6.19596212 7.36244014 

6.722744433 6.542573725 
6.952496165 6.606317132 

3.211493515 0.8942092399 
3.168322016 0.2939360451 

2.44678217 3.24804909 
2.370370332 3.420132226 

7.166994244 6.664416813 
6.952496165 6.606317132 

4.520905029 2.392212403 
4.784408085 2.415088468 

5.581979461 6.489072996 
5.745290174 6.524842138 

0.7991878085 7.181949534 
0.9719142838 7.465519283 

2.960061414 1.758858461 
2.823203101 1.563071775 

1.191503272 6.930488134 
1.246967106 6.215860995 

3.118062657 8.304260685 
3.07002197 8.05829098 

4.193281806 5.894330497 
4.198113275 6.251417103 

3.933070954 6.838938641 
4.198113275 6.251417103 

3.751956329 1.434354756 
3.918067186 1.591252514 

0.3177640409 8.159037341 
0.719746602 8.326844745 

5.596922228 5.437139611 
5.432285128 5.707494115 

3.629682769 2.074596815 
3.548630437 2.266892058 

7.461060224 5.485126145 
6.942165964 5.651294326 

1.852870972 8.853494346 
1.594126104 9.065832605 

1.133663623 9.29531068 
1.594126104 9.065832605 

6.952496165 6.606317132 
6.551292564 6.906713578 

5.817998253 6.097319089 
6.130041368 5.96955538 

3.211493515 0.8942092399 
3.167834527 1.331163738 

3.56926777 1.773436502 
3.167834527 1.331163738 

6.273660825 5.643700895 
6.135453467 5.334570213 

0.4082857319 6.73803887 
1.004160596 6.765835316 

1.191503272 6.930488134 
1.004160596 6.765835316 

5.227338082 7.244255541 
5.723420878 7.056162833 

4.759037167 6.832188092 
4.908127863 6.885912049 

3.290448453 8.915039447 
3.230687871 8.575106954 

6.904268206 6.333274194 
6.722744433 6.542573725 

2.523733481 1.969566621 
2.353740031 1.728892795 

2.154955758 2.311215399 
2.128243523 2.106671797 

1.332516219 2.309570157 
1.643320094 2.293061594 

6.058661753 7.080292679 
6.262067961 6.913086312 

5.946417277 6.780908861 
6.262067961 6.913086312 

2.593534058 7.599223566 
2.313769578 7.371995505 

2.04791076 8.503627303 
2.045830905 8.832290643 

6.944127954 7.065675141 
6.798690956 6.812710024 

2.403011325 7.686144338 
2.44650157 8.046083373 

2.365792782 8.350465622 
2.44650157 8.046083373 

7.277760273 7.768036109 
6.910631218 7.805300247 

3.744763816 0.8898602543 
3.582927394 0.7792994253 

4.732930582 5.645434994 
4.868376088 5.826188701 

3.085080228 2.329961403 
3.526226275 2.628439565 

2.373104495 0.8918056386 
2.256429094 0.6550867044 

7.308538613 6.124361271 
7.189058996 6.294987272 

4.375010187 7.634920264 
4.296589193 7.286544414 

4.296589193 7.286544414 
4.58453668 7.245867561 

1.852870972 8.853494346 
2.045830905 8.832290643 

6.314910514 7.990498805 
5.574801301 7.968367742 

7.11774161 5.141593511 
7.08563849 5.379756803 

5.574801301 7.968367742 
5.5878681 7.687187704 

1.123535987 8.046842367 
1.310882645 7.736378742 

0.3177640409 8.159037341 
0.6356038021 7.985669876 

1.907948133 2.86928632 
2.012824062 2.554295668 

2.908225165 7.741637977 
2.44650157 8.046083373 

4.454141225 1.325528744 
3.918067186 1.591252514 

2.908225165 7.741637977 
2.711615522 7.980848177 

5.660733471 4.948137037 
5.509425972 4.773542082 

5.13764806 4.806466573 
5.509425972 4.773542082 

5.723420878 7.056162833 
5.473926179 6.993125979 

3.118062657 8.304260685 
3.230687871 8.575106954 

6.091677544 6.594193944 
6.059462208 6.339920564 

5.817998253 6.097319089 
6.059462208 6.339920564 

2.499059482 8.577701847 
2.600320451 8.90791686 

3.168322016 0.2939360451 
3.362895417 0.709544079 

3.485895943 1.015271821 
3.362895417 0.709544079 

3.717239849 3.006797259 
3.756274544 3.278186006 

2.553992517 3.82135916 
2.370370332 3.420132226 

2.128243523 2.106671797 
2.725623864 2.104772772 

4.193281806 5.894330497 
4.731852785 6.299336448 

5.049880338 6.599593817 
4.731852785 6.299336448 

1.845001762 6.307005808 
1.616984234 6.654314909 

1.845001762 6.307005808 
1.949612272 6.151063641 

6.19596212 7.36244014 
5.687686864 7.357897032 

2.128929259 7.762079228 
2.24047107 7.504068009 

2.452488919 7.012352888 
2.24047107 7.504068009 

3.230687871 8.575106954 
3.367978884 8.398587152 

2.725623864 2.104772772 
2.422337776 2.189164275 

2.128243523 2.106671797 
1.801741456 2.173720162 

3.938091549 2.559783067 
3.621529224 2.524226605 

3.548630437 2.266892058 
3.621529224 2.524226605 

2.138688108 7.421573762 
2.24047107 7.504068009 

2.859492923 6.653615125 
3.390042482 6.458742858 

7.551549774 6.493718644 
7.258400873 6.529492451 

6.80978782 7.368384629 
6.601452421 7.456826849 

1.684449581 7.850337129 
1.466924466 8.017599517 

7.166994244 6.664416813 
7.412532535 6.653103524 

3.763745237 1.810440862 
4.124917324 1.438072611 

6.059462208 6.339920564 
6.130041368 5.96955538 

1.466924466 8.017599517 
1.417759178 8.126333697 

0.9719142838 7.465519283 
0.4319954249 7.467977148 

2.48005221 6.001949876 
2.700219337 6.125535191 

2.740888193 6.294885901 
2.700219337 6.125535191 

2.75484293 8.251781604 
2.365792782 8.350465622 

2.857714048 2.447799894 
2.899057978 2.25623299 

2.936231111 2.036276263 
2.899057978 2.25623299 

1.191503272 6.930488134 
1.380630241 7.236656157 

2.370370332 3.420132226 
2.174888097 3.355211541 

2.313769578 7.371995505 
2.24047107 7.504068009 

0.9719142838 7.465519283 
1.148317106 7.153999028 

1.191503272 6.930488134 
1.148317106 7.153999028 

4.731852785 6.299336448 
4.659051164 6.480541495 

3.933070954 6.838938641 
3.835428611 7.157094202 

3.720754814 7.516818165 
3.835428611 7.157094202 

2.63256126 3.176357039 
2.44678217 3.24804909 

2.020568777 7.035389574 
1.925361995 6.88897034 

3.150525757 3.281185787 
3.222187731 3.523025159 

5.13764806 4.806466573 
4.919890519 4.948570934 

4.754528885 4.760345426 
4.919890519 4.948570934 

5.660733471 4.948137037 
5.885793072 4.748270874 

1.016025512 7.642859897 
0.9719142838 7.465519283 

2.357755973 1.343759039 
2.070505705 1.351691726 

2.76586996 8.851175822 
2.600320451 8.90791686 

5.581979461 6.489072996 
5.621928866 6.744389951 

0.719746602 8.326844745 
0.6356038021 7.985669876 

7.551549774 6.493718644 
7.640236025 6.099678701 

4.296589193 7.286544414 
3.933070954 6.838938641 

2.308754025 6.408089351 
1.949612272 6.151063641 

6.646982931 8.228021617 
6.743493082 7.97335098 

6.910631218 7.805300247 
6.743493082 7.97335098 

1.643320094 2.293061594 
1.607209489 2.420611972 

2.75484293 8.251781604 
3.07002197 8.05829098 

1.924609958 1.517547812 
1.922307679 1.708307932 

5.621928866 6.744389951 
5.946417277 6.780908861 

2.960061414 1.758858461 
2.936231111 2.036276263 

4.454141225 1.325528744 
4.555021079 1.615446284 

3.582927394 0.7792994253 
3.475042021 0.4927156843 

4.759037167 6.832188092 
4.524351541 6.962348701 

0.7991878085 7.181949534 
1.148317106 7.153999028 

3.621529224 2.524226605 
3.526226275 2.628439565 

3.33063047 2.214479052 
3.220625196 2.112187336 

1.332516219 2.309570157 
1.607209489 2.420611972 

1.642852442 8.310038898 
1.699859495 8.160662739 

2.674150669 0.4419292719 
2.755289258 0.8153693886 

3.085080228 2.329961403 
2.899057978 2.25623299 

4.434831828 2.69774598 
4.379570413 2.851614481 

2.908225165 7.741637977 
3.331715553 8.005497508 

1.801741456 2.173720162 
1.643320094 2.293061594 

4.334770856 3.093335418 
4.379570413 2.851614481 

2.859492923 6.653615125 
2.915239851 6.811557207 

3.221950287 2.901506457 
3.016165704 2.742794691 

2.970338784 2.906557309 
3.016165704 2.742794691 

2.711615522 7.980848177 
2.75484293 8.251781604 

5.5878681 7.687187704 
5.254389936 7.71902349 

0.7991878085 7.181949534 
1.004160596 6.765835316 

0.4319954249 7.467977148 
0.6054650868 7.330147351 

4.543575136 3.356337605 
4.558958493 3.131399953 

4.334770856 3.093335418 
4.558958493 3.131399953 

2.634955859 9.479141816 
2.752923742 9.138779885 

2.76586996 8.851175822 
2.752923742 9.138779885 

6.798690956 6.812710024 
6.722744433 6.542573725 

3.720754814 7.516818165 
4.080429225 7.608561964 

4.375010187 7.634920264 
4.080429225 7.608561964 

3.56926777 1.773436502 
3.45371476 1.630854279 

1.924609958 1.517547812 
2.070505705 1.351691726 

3.485895943 1.015271821 
3.582927394 0.7792994253 

6.135453467 5.334570213 
6.309121564 5.436048112 

6.499333954 5.238967713 
6.309121564 5.436048112 

0.7559336792 8.816944367 
0.5650978466 8.622290056 

2.960061414 1.758858461 
3.026826636 1.565467405 

4.983562464 8.043517018 
5.438252741 7.67113779 

7.189058996 6.294987272 
7.258400873 6.529492451 

6.915918515 5.979227654 
6.942165964 5.651294326 

1.380630241 7.236656157 
0.9601483852 6.980261737 

6.915918515 5.979227654 
7.162903642 5.914210641 

3.367978884 8.398587152 
3.533988443 8.345437495 

2.403011325 7.686144338 
2.24047107 7.504068009 

5.901678538 5.553233711 
6.135453467 5.334570213 

1.417759178 8.126333697 
1.512843741 8.393365222 

1.643844935 8.565641624 
1.512843741 8.393365222 

2.75484293 8.251781604 
2.785519475 8.460893379 

5.227338082 7.244255541 
5.254389936 7.71902349 

4.483930757 0.8394932767 
4.142087561 0.918700349 

6.722744433 6.542573725 
6.605478214 6.689652896 

6.551292564 6.906713578 
6.605478214 6.689652896 

5.432285128 5.707494115 
5.088293966 5.93355305 

2.725623864 2.104772772 
2.936231111 2.036276263 

0.6356038021 7.985669876 
0.7076260652 7.592087805 

6.646982931 8.228021617 
6.992105211 8.033589341 

0.6356038021 7.985669876 
0.8539537436 7.865313834 

1.016025512 7.642859897 
0.8539537436 7.865313834 

0.9601483852 6.980261737 
1.191503272 6.930488134 

4.555021079 1.615446284 
4.281424979 1.5803334 

4.124917324 1.438072611 
4.281424979 1.5803334 

4.171005049 1.933109598 
3.929462999 2.146029228 

1.607209489 2.420611972 
1.533253021 2.475311938 

3.285542755 3.903363806 
3.190743957 3.627130066 

2.976171531 3.387031644 
3.190743957 3.627130066 

2.725623864 2.104772772 
2.899057978 2.25623299 

5.188646503 6.422603804 
4.983764951 6.376999156 

4.731852785 6.299336448 
4.983764951 6.376999156 

4.732930582 5.645434994 
5.163573085 5.433329603 

1.665870178 6.397468371 
1.845001762 6.307005808 

3.026826636 1.565467405 
2.823203101 1.563071775 

2.912541098 7.192792354 
2.679897532 7.308698859 

2.740888193 6.294885901 
2.78623507 6.470074518 

1.004160596 6.765835316 
1.107353472 6.568820203 

1.616984234 6.654314909 
1.191503272 6.930488134 

3.167834527 1.331163738 
2.98379172 1.312616826 

3.026826636 1.565467405 
2.98379172 1.312616826 

1.246967106 6.215860995 
1.330870258 6.572480033 

0.7076260652 7.592087805 
0.5267428029 7.662474132 

7.412532535 6.653103524 
7.258400873 6.529492451 

4.543575136 3.356337605 
4.860101677 2.924851146 

5.030184093 2.543593456 
4.860101677 2.924851146 

2.308754025 6.408089351 
2.740888193 6.294885901 

6.297233701 4.78527007 
6.020609809 4.825353458 

5.885793072 4.748270874 
6.020609809 4.825353458 

3.211493515 0.8942092399 
3.362895417 0.709544079 

1.967460842 0.7940785436 
1.871818957 1.062937196 

6.798690956 6.812710024 
6.605478214 6.689652896 

1.123535987 8.046842367 
0.7604879636 8.107231438 

2.646333663 2.644193938 
3.016165704 2.742794691 

5.473926179 6.993125979 
5.675555916 6.890605784 

5.621928866 6.744389951 
5.675555916 6.890605784 

4.553793511 1.823685072 
4.716741189 1.823524692 

4.931527477 1.702098095 
4.716741189 1.823524692 

1.516135672 8.911952948 
1.365199298 9.074167336 

4.908127863 6.885912049 
4.974655053 7.153926199 

2.600320451 8.90791686 
2.752923742 9.138779885 

4.919890519 4.948570934 
4.831199429 5.150027248 

6.629488363 5.669030621 
6.887192211 5.371388439 

4.831199429 5.150027248 
4.489972674 5.284553938 

1.252616596 8.754921364 
1.512843741 8.393365222 

6.942165964 5.651294326 
6.887192211 5.371388439 

4.142087561 0.918700349 
4.117366918 0.8286262381 

2.823203101 1.563071775 
2.595395083 1.638777511 

2.353740031 1.728892795 
2.595395083 1.638777511 

3.720754814 7.516818165 
3.331715553 8.005497508 

3.720754814 7.516818165 
3.667888339 7.893541304 

2.936231111 2.036276263 
3.135721604 2.170301252 

4.983562464 8.043517018 
4.962360015 7.648321416 

4.810340686 7.429299994 
4.962360015 7.648321416 

4.58453668 7.245867561 
4.524351541 6.962348701 

2.523733481 1.969566621 
2.595395083 1.638777511 

3.515616682 3.299798701 
3.629846677 3.253889294 

3.756274544 3.278186006 
3.629846677 3.253889294 

1.578085018 7.483712819 
1.878333924 7.453406054 

2.024366316 8.046278109 
2.236226945 8.076171618 

2.44650157 8.046083373 
2.236226945 8.076171618 

3.358183079 7.005663787 
3.105001087 7.043209501 

2.912541098 7.192792354 
3.105001087 7.043209501 

1.895136652 7.679649425 
2.052125394 7.664741833 

3.083326538 6.100531536 
2.700219337 6.125535191 

5.078442756 2.123042839 
4.943942907 1.984716531 

4.731852785 6.299336448 
4.545550356 6.120231643 

2.18969761 9.194852546 
2.376493021 8.864432269 

2.499059482 8.577701847 
2.376493021 8.864432269 

1.638612144 7.014074633 
1.72002954 7.347084379 

4.124917324 1.438072611 
4.483930757 0.8394932767 

7.341988456 7.308239776 
7.197406078 7.075136553 

3.118062657 8.304260685 
2.785519475 8.460893379 

2.785519475 8.460893379 
3.017859784 8.644525209 

5.049880338 6.599593817 
4.983764951 6.376999156 

1.380630241 7.236656157 
1.72002954 7.347084379 

2.553992517 3.82135916 
2.666314738 3.429563017 

2.63256126 3.176357039 
2.666314738 3.429563017 

6.887192211 5.371388439 
7.08563849 5.379756803 

4.784408085 2.415088468 
4.585236948 2.591989395 

4.434831828 2.69774598 
4.585236948 2.591989395 

3.135721604 2.170301252 
3.220625196 2.112187336 

4.732930582 5.645434994 
4.852357445 5.419217942 

4.483930757 0.8394932767 
4.117366918 0.8286262381 

1.417759178 8.126333697 
1.699859495 8.160662739 

3.629682769 2.074596815 
3.419378255 2.083245664 

6.06341232 7.883344605 
6.068635022 8.170141946 

6.262067961 6.913086312 
6.22624388 6.731866793 

3.085080228 2.329961403 
3.135721604 2.170301252 

3.07002197 8.05829098 
3.331715553 8.005497508 

3.017859784 8.644525209 
3.090650472 8.716064505 

5.438252741 7.67113779 
5.5878681 7.687187704 

2.646333663 2.644193938 
2.734794044 2.855294787 

2.970338784 2.906557309 
2.734794044 2.855294787 

7.551549774 6.493718644 
7.620210605 6.720740127 

3.085080228 2.329961403 
3.053911718 2.491268897 

2.674150669 0.4419292719 
2.394880452 0.6896312499 

2.256429094 0.6550867044 
2.394880452 0.6896312499 

1.665870178 6.397468371 
1.712739525 6.169873153 

3.083326538 6.100531536 
3.092115746 6.323390812 

3.053911718 2.491268897 
2.857714048 2.447799894 

4.983562464 8.043517018 
5.143945404 7.899767206 

5.254389936 7.71902349 
5.143945404 7.899767206 

2.373104495 0.8918056386 
2.456864944 0.7159720028 

2.634955859 9.479141816 
2.535651608 9.126750713 

2.600320451 8.90791686 
2.535651608 9.126750713 

3.485895943 1.015271821 
3.263727126 1.12414542 

3.167834527 1.331163738 
3.263727126 1.12414542 

2.174888097 3.355211541 
2.097834377 3.493701321 

4.124917324 1.438072611 
4.008160219 1.443282301 

1.332516219 2.309570157 
1.533253021 2.475311938 

1.332516219 2.309570157 
1.578374402 2.0712085 

0.7604879636 8.107231438 
0.6356038021 7.985669876 

7.308538613 6.124361271 
7.409033279 6.160329109 

4.193928565 2.327215928 
4.434831828 2.69774598 

4.171005049 1.933109598 
4.271141156 2.128623228 

2.456864944 0.7159720028 
2.457076791 0.5474947544 

0.9719142838 7.465519283 
1.254279066 7.442934435 

5.049880338 6.599593817 
4.908127863 6.885912049 

1.133663623 9.29531068 
1.380100789 8.67541955 

3.475042021 0.4927156843 
3.346063092 0.5097555116 

4.524351541 6.962348701 
4.363477832 6.63962116 

0.9601483852 6.980261737 
0.7991878085 7.181949534 

2.593534058 7.599223566 
2.756230188 7.574984382 

7.189058996 6.294987272 
7.409033279 6.160329109 

2.365792782 8.350465622 
2.146530268 8.341287075 

2.04791076 8.503627303 
2.146530268 8.341287075 

6.992105211 8.033589341 
6.910631218 7.805300247 

0.4082857319 6.73803887 
0.7162428593 6.623289382 

0.7604879636 8.107231438 
0.719746602 8.326844745 

0.719746602 8.326844745 
0.7359088171 8.529623739 

6.273660825 5.643700895 
6.629488363 5.669030621 

7.277760273 7.768036109 
7.203559003 7.544944141 

1.252616596 8.754921364 
1.380100789 8.67541955 

3.285542755 3.903363806 
3.544120776 3.857048258 

3.739365308 3.987042048 
3.544120776 3.857048258 

5.753673192 7.771751421 
5.810342728 7.58828004 

1.123535987 8.046842367 
0.8539537436 7.865313834 

1.252616596 8.754921364 
1.046025512 8.69741197 

2.128929259 7.762079228 
2.236226945 8.076171618 

4.296589193 7.286544414 
3.980664895 7.446858484 

3.720754814 7.516818165 
3.980664895 7.446858484 

2.523733481 1.969566621 
2.683715599 1.80380535 

2.128929259 7.762079228 
2.204612737 7.703420028 

2.403011325 7.686144338 
2.204612737 7.703420028 

3.211493515 0.8942092399 
3.263727126 1.12414542 

6.314910514 7.990498805 
6.468311602 8.210797919 

2.024366316 8.046278109 
2.355329552 7.890085876 

6.297233701 4.78527007 
6.157617817 5.059030674 

2.908225165 7.741637977 
3.012505729 7.918222557 

3.07002197 8.05829098 
3.012505729 7.918222557 

2.355329552 7.890085876 
2.204612737 7.703420028 

6.722744433 6.542573725 
6.580332132 6.449192884 

4.080429225 7.608561964 
3.980664895 7.446858484 

6.580332132 6.449192884 
6.605478214 6.689652896 

6.273660825 5.643700895 
6.020951952 5.872077304 

5.817998253 6.097319089 
6.020951952 5.872077304 

2.355329552 7.890085876 
2.403011325 7.686144338 

0.7761054631 6.386077772 
1.044831942 6.376955159 

2.422337776 2.189164275 
2.4771264 2.344741805 

5.358286287 6.685612865 
5.621928866 6.744389951 

2.756230188 7.574984382 
2.908225165 7.741637977 

2.711615522 7.980848177 
3.012505729 7.918222557 

4.198113275 6.251417103 
4.545550356 6.120231643 

6.798690956 6.812710024 
6.866443718 6.701159493 

6.952496165 6.606317132 
6.866443718 6.701159493 

4.198113275 6.251417103 
4.250623256 6.47787275 

4.363477832 6.63962116 
4.250623256 6.47787275 

5.723420878 7.056162833 
5.675555916 6.890605784 

5.946417277 6.780908861 
5.675555916 6.890605784 

7.409033279 6.160329109 
7.474286063 6.228507399 

7.08563849 5.379756803 
7.461060224 5.485126145 

2.44678217 3.24804909 
2.384368474 2.940580239 

3.362895417 0.709544079 
3.582927394 0.7792994253 

4.852357445 5.419217942 
5.163573085 5.433329603 

4.983562464 8.043517018 
5.145207515 7.618693413 

4.193928565 2.327215928 
4.295573822 2.213209293 

4.271141156 2.128623228 
4.295573822 2.213209293 

2.313769578 7.371995505 
2.109655048 7.248063452 

5.48842217 6.041057739 
5.243084158 6.014937201 

5.088293966 5.93355305 
5.243084158 6.014937201 

7.08563849 5.379756803 
7.028582754 5.513960701 

6.942165964 5.651294326 
7.028582754 5.513960701 

4.012578007 3.087920895 
4.151181639 2.876139067 

6.551292564 6.906713578 
6.22624388 6.731866793 

7.258400873 6.529492451 
7.166994244 6.664416813 

6.059462208 6.339920564 
5.864154252 6.40817394 

5.745290174 6.524842138 
5.864154252 6.40817394 

6.130041368 5.96955538 
6.020951952 5.872077304 

1.949612272 6.151063641 
1.79406329 6.027532729 

2.355329552 7.890085876 
2.44650157 8.046083373 

1.310882645 7.736378742 
1.299167749 7.980925855 

4.454141225 1.325528744 
4.358849284 1.185097927 

5.13764806 4.806466573 
5.040652254 5.178655762 

5.920000628 6.546361331 
5.864154252 6.40817394 

1.801741456 2.173720162 
1.578374402 2.0712085 

0.9601483852 6.980261737 
0.6928675405 6.870374797 

6.904268206 6.333274194 
6.580332132 6.449192884 

0.5650978466 8.622290056 
0.6590468037 8.555787254 

0.7359088171 8.529623739 
0.6590468037 8.555787254 

1.758708007 9.292198469 
1.703835919 9.169520456 

1.594126104 9.065832605 
1.703835919 9.169520456 

3.667888339 7.893541304 
3.533988443 8.345437495 

1.578085018 7.483712819 
1.792710591 7.592943957 

1.895136652 7.679649425 
1.792710591 7.592943957 

1.980497202 3.346115143 
1.946418508 3.450016189 

1.330870258 6.572480033 
1.107353472 6.568820203 

1.512843741 8.393365222 
1.642852442 8.310038898 

2.423665314 6.2467827 
2.204023612 6.026700556 

4.852357445 5.419217942 
5.040652254 5.178655762 

3.346063092 0.5097555116 
3.384422182 0.3739463179 

1.661178083 1.388802245 
1.923185389 1.318561256 

2.070505705 1.351691726 
1.923185389 1.318561256 

2.04791076 8.503627303 
1.643844935 8.565641624 

1.123535987 8.046842367 
1.299167749 7.980925855 

1.845001762 6.307005808 
2.005774806 6.348495705 

1.924609958 1.517547812 
1.923185389 1.318561256 

5.723420878 7.056162833 
5.863078389 7.095318872 

1.801741456 2.173720162 
1.633771248 2.194950848 

4.091826053 0.5959983481 
4.095096866 0.7434830037 

4.117366918 0.8286262381 
4.095096866 0.7434830037 

3.285542755 3.903363806 
3.374085039 3.713533176 

3.222187731 3.523025159 
3.374085039 3.713533176 

5.574801301 7.968367742 
5.43997769 8.162172756 

0.7162428593 6.623289382 
0.7848255726 6.555338116 

2.960061414 1.758858461 
2.683715599 1.80380535 

7.162903642 5.914210641 
7.235929214 5.721955003 

2.097834377 3.493701321 
2.046737853 3.457449508 

1.980497202 3.346115143 
2.046737853 3.457449508 

2.976171531 3.387031644 
2.808876498 3.549891681 

5.188646503 6.422603804 
5.243084158 6.014937201 

3.362895417 0.709544079 
3.346063092 0.5097555116 

6.551292564 6.906713578 
6.37521028 6.685936641 

6.386981561 6.452313301 
6.37521028 6.685936641 

3.526226275 2.628439565 
3.306570538 2.387739213 

3.33063047 2.214479052 
3.306570538 2.387739213 

3.290448453 8.915039447 
2.871011975 8.689745882 

2.499059482 8.577701847 
2.871011975 8.689745882 

3.751956329 1.434354756 
3.627384509 1.603572476 

3.56926777 1.773436502 
3.627384509 1.603572476 

5.179997658 8.08968895 
5.143945404 7.899767206 

2.052125394 7.664741833 
2.089246142 7.555670709 

1.907948133 2.86928632 
1.711204449 2.724419048 

2.823203101 1.563071775 
2.863390668 1.41799003 

6.551292564 6.906713578 
6.417722955 6.845427314 

6.262067961 6.913086312 
6.417722955 6.845427314 

3.938091549 2.559783067 
4.193928565 2.327215928 

3.938091549 2.559783067 
3.702753837 2.344659214 

3.629682769 2.074596815 
3.702753837 2.344659214 

2.373104495 0.8918056386 
2.394880452 0.6896312499 

3.222187731 3.523025159 
3.190743957 3.627130066 

2.457076791 0.5474947544 
2.394880452 0.6896312499 

1.665870178 6.397468371 
1.330870258 6.572480033 

1.616984234 6.654314909 
1.816375966 6.737746326 

1.878333924 7.453406054 
1.72002954 7.347084379 

5.145207515 7.618693413 
4.962360015 7.648321416 

7.235929214 5.721955003 
7.303889201 5.622867131 

3.74898807 8.527042162 
3.72170802 8.255231116 

3.667888339 7.893541304 
3.72170802 8.255231116 

1.633771248 2.194950848 
1.643320094 2.293061594 

5.901678538 5.553233711 
5.708308715 5.618576322 

3.33063047 2.214479052 
3.419378255 2.083245664 

7.474286063 6.228507399 
7.531169223 6.216267949 

2.725623864 2.104772772 
2.72941782 2.271104224 

2.857714048 2.447799894 
2.72941782 2.271104224 

5.946417277 6.780908861 
5.73727072 6.652961388 

5.581979461 6.489072996 
5.73727072 6.652961388 

4.193281806 5.894330497 
4.812629718 5.981151308 

5.48842217 6.041057739 
4.812629718 5.981151308 

2.452488919 7.012352888 
2.40332678 7.222652288 

2.313769578 7.371995505 
2.40332678 7.222652288 

3.358183079 7.005663787 
3.367582949 7.227952213 

4.732930582 5.645434994 
4.812629718 5.981151308 

6.314910514 7.990498805 
6.209775563 8.00574424 

2.215206722 3.636812976 
2.006308517 3.458032021 

4.040058052 3.833228322 
4.266748344 3.571562246 

4.543575136 3.356337605 
4.266748344 3.571562246 

3.717239849 3.006797259 
3.629846677 3.253889294 

4.868376088 5.826188701 
4.812629718 5.981151308 

6.944127954 7.065675141 
7.064318152 6.935649237 

5.745290174 6.524842138 
5.73727072 6.652961388 

1.365199298 9.074167336 
1.365913941 9.173802943 

1.404207403 2.713850188 
1.507534191 2.607954262 

1.533253021 2.475311938 
1.507534191 2.607954262 

3.548630437 2.266892058 
3.702753837 2.344659214 

6.499333954 5.238967713 
6.741383575 5.132209285 

2.711615522 7.980848177 
2.525826912 7.940743919 

2.355329552 7.890085876 
2.525826912 7.940743919 

6.091677544 6.594193944 
5.99259607 6.587082349 

5.920000628 6.546361331 
5.99259607 6.587082349 

4.171005049 1.933109598 
3.964407541 1.86795216 

7.461060224 5.485126145 
7.356677674 5.58110573 

7.303889201 5.622867131 
7.356677674 5.58110573 

6.992105211 8.033589341 
7.108565824 7.878855157 

3.45371476 1.630854279 
3.292136713 1.455897335 

3.167834527 1.331163738 
3.292136713 1.455897335 

2.76586996 8.851175822 
2.871011975 8.689745882 

5.179997658 8.08968895 
5.28800963 8.117828638 

4.524351541 6.962348701 
4.315334208 7.007910527 

6.19596212 7.36244014 
6.401050463 7.288007398 

2.785519475 8.460893379 
2.871011975 8.689745882 

1.958975769 8.229901061 
2.146530268 8.341287075 

7.620210605 6.720740127 
7.620739431 6.847561351 

1.380100789 8.67541955 
1.512843741 8.393365222 

3.409524046 1.846777748 
3.419378255 2.083245664 

1.958975769 8.229901061 
1.909096051 8.44468111 

2.756230188 7.574984382 
2.759815952 7.448301998 

5.687686864 7.357897032 
5.677306814 7.553362174 

5.5878681 7.687187704 
5.677306814 7.553362174 

3.933070954 6.838938641 
4.126078627 6.713627337 

4.363477832 6.63962116 
4.126078627 6.713627337 

2.755289258 0.8153693886 
2.795886962 0.9559723916 

1.380100789 8.67541955 
1.315034925 8.427844503 

0.7076260652 7.592087805 
0.4319954249 7.467977148 

1.878333924 7.453406054 
1.792710591 7.592943957 

2.18969761 9.194852546 
2.394070283 9.325197362 

2.634955859 9.479141816 
2.394070283 9.325197362 

2.357755973 1.343759039 
2.627593505 1.582804812 

2.960061414 1.758858461 
2.627593505 1.582804812 

6.22624388 6.731866793 
6.37521028 6.685936641 

5.049880338 6.599593817 
5.125238107 6.723132247 

5.358286287 6.685612865 
5.125238107 6.723132247 

5.254389936 7.71902349 
5.145207515 7.618693413 

2.256429094 0.6550867044 
2.078912757 0.7158862883 

1.925361995 6.88897034 
1.816375966 6.737746326 

0.5267428029 7.662474132 
0.5154105862 7.563233992 

0.4319954249 7.467977148 
0.5154105862 7.563233992 

2.054077381 5.918190911 
2.293828963 5.896723502 

1.639305297 3.27992921 
1.868066733 3.399525504 

2.006308517 3.458032021 
1.868066733 3.399525504 

3.367582949 7.227952213 
3.436992281 7.31991457 

3.221950287 2.901506457 
3.340047015 2.671003347 

3.526226275 2.628439565 
3.340047015 2.671003347 

3.533988443 8.345437495 
3.72170802 8.255231116 

3.092115746 6.323390812 
3.121504516 6.41100473 

2.384368474 2.940580239 
2.57799192 2.902715118 

2.734794044 2.855294787 
2.57799192 2.902715118 

4.58453668 7.245867561 
4.315334208 7.007910527 

4.810340686 7.429299994 
4.713460064 7.310787989 

1.638612144 7.014074633 
1.728164335 7.223262485 

1.878333924 7.453406054 
1.728164335 7.223262485 

4.868376088 5.826188701 
5.020860588 5.682535248 

5.163573085 5.433329603 
5.020860588 5.682535248 

2.899057978 2.25623299 
2.72941782 2.271104224 

1.310882645 7.736378742 
0.8285141734 7.991988394 

5.810342728 7.58828004 
5.677306814 7.553362174 

2.452488919 7.012352888 
2.291193552 7.1099257 

1.380630241 7.236656157 
1.148317106 7.153999028 

4.558958493 3.131399953 
4.664701524 3.06056143 

2.795886962 0.9559723916 
2.842647793 0.8693236769 

2.985668771 0.7828158477 
2.842647793 0.8693236769 

3.384422182 0.3739463179 
3.269237375 0.3514825076 

0.9601483852 6.980261737 
1.004160596 6.765835316 

1.922307679 1.708307932 
1.74838274 1.817304041 

1.545569041 1.762803921 
1.74838274 1.817304041 

6.887192211 5.371388439 
7.028582754 5.513960701 

3.938091549 2.559783067 
3.765386879 2.777958761 

3.717239849 3.006797259 
3.765386879 2.777958761 

5.73727072 6.652961388 
5.621928866 6.744389951 

1.684449581 7.850337129 
1.892342929 7.897465528 

4.193281806 5.894330497 
4.502239927 5.766290954 

4.732930582 5.645434994 
4.502239927 5.766290954 

0.6054650868 7.330147351 
0.7106272788 7.279501193 

0.7991878085 7.181949534 
0.7106272788 7.279501193 

1.661178083 1.388802245 
1.809021137 1.416825885 

1.924609958 1.517547812 
1.809021137 1.416825885 

1.72002954 7.347084379 
1.728164335 7.223262485 

3.191713345 1.881459095 
3.130276716 2.045675811 

3.135721604 2.170301252 
3.130276716 2.045675811 

4.315334208 7.007910527 
4.126078627 6.713627337 

1.044831942 6.376955159 
1.114381688 6.292182291 

3.053911718 2.491268897 
3.340047015 2.671003347 

1.123535987 8.046842367 
0.8285141734 7.991988394 

6.468311602 8.210797919 
6.287138278 8.113083968 

1.758708007 9.292198469 
1.483308372 9.281507348 

2.808876498 3.549891681 
2.732519783 3.618235225 

5.438252741 7.67113779 
5.254389936 7.71902349 

5.509425972 4.773542082 
5.623926991 4.628353623 

7.551549774 6.493718644 
7.474286063 6.228507399 

7.197406078 7.075136553 
6.944127954 7.065675141 

2.752923742 9.138779885 
2.651233394 9.144621764 

6.629488363 5.669030621 
6.942165964 5.651294326 

2.859492923 6.653615125 
2.70744649 6.616936445 

2.646333663 2.644193938 
2.57799192 2.902715118 

7.412532535 6.653103524 
7.551549774 6.493718644 

2.089246142 7.555670709 
2.24047107 7.504068009 

2.128243523 2.106671797 
1.90171823 1.984821662 

6.722744433 6.542573725 
6.866443718 6.701159493 

5.163573085 5.433329603 
5.040652254 5.178655762 

7.197406078 7.075136553 
7.087635151 7.16037339 

7.064318152 6.935649237 
7.087635151 7.16037339 

5.946417277 6.780908861 
5.99259607 6.587082349 

5.43997769 8.162172756 
5.356033841 8.144679368 

5.28800963 8.117828638 
5.356033841 8.144679368 

7.341988456 7.308239776 
7.527172852 6.965934596 

7.341988456 7.308239776 
7.243633103 7.45252385 

1.946418508 3.450016189 
2.006308517 3.458032021 

2.309438859 2.431873006 
2.485824641 2.551595867 

2.646333663 2.644193938 
2.485824641 2.551595867 

3.74898807 8.527042162 
3.609700727 8.494934334 

2.499059482 8.577701847 
2.643387396 8.727919954 

2.76586996 8.851175822 
2.643387396 8.727919954 

4.358849284 1.185097927 
4.351690228 1.04485026 

5.473926179 6.993125979 
5.227338082 7.244255541 

5.946417277 6.780908861 
5.771725215 6.866148589 

3.121504516 6.41100473 
3.19881155 6.428217119 

6.743493082 7.97335098 
6.879602118 7.989878434 

6.992105211 8.033589341 
6.879602118 7.989878434 

1.483308372 9.281507348 
1.365913941 9.173802943 

3.285542755 3.903363806 
3.46588624 3.583858111 

6.904268206 6.333274194 
6.952496165 6.606317132 

4.193928565 2.327215928 
4.558508004 2.054197314 

4.931527477 1.702098095 
4.558508004 2.054197314 

4.553793511 1.823685072 
4.660576632 1.695330479 

4.555021079 1.615446284 
4.660576632 1.695330479 

6.684691618 6.126729419 
6.613460235 6.28874801 

6.580332132 6.449192884 
6.613460235 6.28874801 

3.526226275 2.628439565 
3.713865484 2.618188558 

3.45371476 1.630854279 
3.627384509 1.603572476 

3.016165704 2.742794691 
3.06843316 2.65302813 

3.053911718 2.491268897 
3.06843316 2.65302813 

2.683715599 1.80380535 
2.627593505 1.582804812 

1.852870972 8.853494346 
2.05387719 9.06713617 

2.18969761 9.194852546 
2.05387719 9.06713617 

2.291193552 7.1099257 
2.40332678 7.222652288 

1.404207403 2.713850188 
1.550130822 2.695616387 

1.711204449 2.724419048 
1.550130822 2.695616387 

3.220625196 2.112187336 
3.289720609 2.124838099 

3.419378255 2.083245664 
3.289720609 2.124838099 

6.386981561 6.452313301 
6.580332132 6.449192884 

2.523733481 1.969566621 
2.142831457 1.670343609 

3.390042482 6.458742858 
3.254976945 6.439575519 

3.19881155 6.428217119 
3.254976945 6.439575519 

6.684691618 6.126729419 
6.984865035 5.881986274 

5.771725215 6.866148589 
5.675555916 6.890605784 

3.835428611 7.157094202 
3.980664895 7.446858484 

6.386981561 6.452313301 
6.173630723 6.552427879 

6.091677544 6.594193944 
6.173630723 6.552427879 

6.335423292 6.144278368 
6.386981561 6.452313301 

1.661178083 1.388802245 
1.869893705 1.499325142 

2.142831457 1.670343609 
1.869893705 1.499325142 

6.287138278 8.113083968 
6.189785406 8.108140318 

3.130276716 2.045675811 
3.220625196 2.112187336 

3.290448453 8.915039447 
3.16893892 8.622241203 

3.118062657 8.304260685 
3.16893892 8.622241203 

4.545550356 6.120231643 
4.812629718 5.981151308 

3.46588624 3.583858111 
3.374085039 3.713533176 

2.215206722 3.636812976 
2.370370332 3.420132226 

6.335423292 6.144278368 
6.245248996 6.063017361 

6.130041368 5.96955538 
6.245248996 6.063017361 

1.946418508 3.450016189 
1.868066733 3.399525504 

6.068635022 8.170141946 
6.143111421 8.074361172 

6.209775563 8.00574424 
6.143111421 8.074361172 

3.475042021 0.4927156843 
3.384422182 0.3739463179 

3.475042021 0.4927156843 
3.435819115 0.5953873137 

3.362895417 0.709544079 
3.435819115 0.5953873137 

6.468311602 8.210797919 
6.552299438 8.237521194 

5.432285128 5.707494115 
5.243084158 6.014937201 

2.499059482 8.577701847 
2.311004301 8.535264003 

2.04791076 8.503627303 
2.311004301 8.535264003 

3.191713345 1.881459095 
3.026826636 1.565467405 

6.309121564 5.436048112 
6.273660825 5.643700895 

5.864154252 6.40817394 
5.693146335 6.227868647 

7.461060224 5.485126145 
7.224394734 5.653320559 

6.984865035 5.881986274 
7.224394734 5.653320559 

6.06341232 7.883344605 
6.209775563 8.00574424 

2.915239851 6.811557207 
2.934739707 7.006060988 

3.713865484 2.618188558 
3.621529224 2.524226605 

6.314910514 7.990498805 
6.287138278 8.113083968 

4.545550356 6.120231643 
4.593728787 6.3119796 

4.659051164 6.480541495 
4.593728787 6.3119796 

6.37521028 6.685936641 
6.417722955 6.845427314 

0.7076260652 7.592087805 
0.530290087 7.906914621 

3.713865484 2.618188558 
3.765386879 2.777958761 

4.080429225 7.608561964 
4.197757571 7.429091888 

4.296589193 7.286544414 
4.197757571 7.429091888 

0.530290087 7.906914621 
0.6356038021 7.985669876 

5.901678538 5.553233711 
5.940712887 5.717949923 

6.020951952 5.872077304 
5.940712887 5.717949923 

1.643844935 8.565641624 
1.380100789 8.67541955 

1.878333924 7.453406054 
2.089246142 7.555670709 

1.545569041 1.762803921 
1.744271854 1.901859223 

1.90171823 1.984821662 
1.744271854 1.901859223 

3.409524046 1.846777748 
3.56926777 1.773436502 

7.197406078 7.075136553 
7.335099738 7.019477773 

7.527172852 6.965934596 
7.335099738 7.019477773 

5.163573085 5.433329603 
5.293671975 5.54328563 

6.06341232 7.883344605 
6.143111421 8.074361172 

1.380630241 7.236656157 
1.290151247 7.348728439 

1.254279066 7.442934435 
1.290151247 7.348728439 

3.929462999 2.146029228 
3.702753837 2.344659214 

2.376493021 8.864432269 
2.600320451 8.90791686 

1.483308372 9.281507348 
1.364097609 9.261894151 

3.352675297 7.541127597 
3.56033468 7.503929935 

3.720754814 7.516818165 
3.56033468 7.503929935 

2.357755973 1.343759039 
2.142831457 1.670343609 

4.375010187 7.634920264 
4.197757571 7.429091888 

4.784408085 2.415088468 
4.867782276 2.477715079 

5.030184093 2.543593456 
4.867782276 2.477715079 

2.357755973 1.343759039 
2.277030196 1.494914069 

1.924609958 1.517547812 
1.869893705 1.499325142 

3.168322016 0.2939360451 
3.255633867 0.2320543459 

3.269237375 0.3514825076 
3.255633867 0.2320543459 

4.660576632 1.695330479 
4.716741189 1.823524692 

5.693146335 6.227868647 
5.791371 6.194472197 

5.817998253 6.097319089 
5.791371 6.194472197 

6.157617817 5.059030674 
6.020609809 4.825353458 

6.157617817 5.059030674 
6.126306828 5.184281643 

6.135453467 5.334570213 
6.126306828 5.184281643 

3.244705468 6.291680013 
3.170278173 6.211434799 

3.929462999 2.146029228 
3.896901434 2.02619424 

3.964407541 1.86795216 
3.896901434 2.02619424 

1.871818957 1.062937196 
1.756686653 1.179868568 

3.090650472 8.716064505 
3.16893892 8.622241203 

2.752923742 9.138779885 
3.014593079 9.094465203 

6.06341232 7.883344605 
6.190915223 7.583829068 

1.639305297 3.27992921 
1.772418046 3.070515386 

1.907948133 2.86928632 
1.772418046 3.070515386 

2.936231111 2.036276263 
3.130276716 2.045675811 

2.309438859 2.431873006 
2.357678171 2.372387616 

2.4771264 2.344741805 
2.357678171 2.372387616 

4.593728787 6.3119796 
4.731852785 6.299336448 

2.711615522 7.980848177 
2.562071094 7.833082123 

2.403011325 7.686144338 
2.562071094 7.833082123 

5.040652254 5.178655762 
4.831199429 5.150027248 

2.308754025 6.408089351 
2.285492333 6.281744135 

3.289720609 2.124838099 
3.33063047 2.214479052 

2.936231111 2.036276263 
3.012549873 2.231543876 

3.085080228 2.329961403 
3.012549873 2.231543876 

6.944127954 7.065675141 
7.020073238 7.079934637 

7.087635151 7.16037339 
7.020073238 7.079934637 

4.852357445 5.419217942 
4.756606101 5.367544003 

2.045830905 8.832290643 
2.05387719 9.06713617 

7.531169223 6.216267949 
7.576158173 6.244801885 

1.299167749 7.980925855 
1.437640306 7.92356051 

1.466924466 8.017599517 
1.437640306 7.92356051 

1.488059978 5.901432888 
1.646208984 6.060181431 

1.712739525 6.169873153 
1.646208984 6.060181431 

5.48842217 6.041057739 
5.347325527 6.19519892 

4.454141225 1.325528744 
4.281424979 1.5803334 

1.980497202 3.346115143 
1.868066733 3.399525504 

3.221950287 2.901506457 
3.06843316 2.65302813 

2.456864944 0.7159720028 
2.394880452 0.6896312499 

6.499333954 5.238967713 
6.48583331 4.987306606 

1.699859495 8.160662739 
1.854492142 8.193909364 

1.958975769 8.229901061 
1.854492142 8.193909364 

6.915918515 5.979227654 
6.984865035 5.881986274 

5.243084158 6.014937201 
5.347325527 6.19519892 

3.609700727 8.494934334 
3.567624851 8.427018397 

3.533988443 8.345437495 
3.567624851 8.427018397 

2.373104495 0.8918056386 
2.356722659 1.186795264 

2.357755973 1.343759039 
2.356722659 1.186795264 

3.290448453 8.915039447 
3.161943529 8.979762497 

3.014593079 9.094465203 
3.161943529 8.979762497 

3.744763816 0.8898602543 
3.93184304 0.7693918402 

1.107353472 6.568820203 
1.044831942 6.376955159 

5.347325527 6.19519892 
5.177665905 6.233086582 

2.457076791 0.5474947544 
2.557070458 0.5191196523 

2.167075299 6.706063689 
2.018504149 6.793599805 

1.925361995 6.88897034 
2.018504149 6.793599805 

3.374085039 3.713533176 
3.544120776 3.857048258 

6.22624388 6.731866793 
6.173630723 6.552427879 

2.422337776 2.189164275 
2.431401715 2.057685556 

2.523733481 1.969566621 
2.431401715 2.057685556 

2.423665314 6.2467827 
2.327230915 6.24813144 

2.285492333 6.281744135 
2.327230915 6.24813144 

3.629682769 2.074596815 
3.896901434 2.02619424 

6.058661753 7.080292679 
5.960880954 7.108444901 

5.863078389 7.095318872 
5.960880954 7.108444901 

6.335423292 6.144278368 
6.421844165 6.040111464 

3.346063092 0.5097555116 
3.435819115 0.5953873137 

2.291193552 7.1099257 
2.182048131 7.160717845 

2.109655048 7.248063452 
2.182048131 7.160717845 

2.44650157 8.046083373 
2.525826912 7.940743919 

2.499059482 8.577701847 
2.636451124 8.475877963 

5.432285128 5.707494115 
5.708308715 5.618576322 

1.638612144 7.014074633 
1.681276171 7.457491908 

1.684449581 7.850337129 
1.681276171 7.457491908 

6.237896067 5.860557628 
6.020951952 5.872077304 

1.315034925 8.427844503 
1.38588145 8.278471015 

1.417759178 8.126333697 
1.38588145 8.278471015 

1.684449581 7.850337129 
1.792710591 7.592943957 

6.904268206 6.333274194 
6.613460235 6.28874801 

1.133663623 9.29531068 
1.28051228 9.232113202 

1.365913941 9.173802943 
1.28051228 9.232113202 

0.7559336792 8.816944367 
0.9160539825 8.741459019 

1.046025512 8.69741197 
0.9160539825 8.741459019 

1.578374402 2.0712085 
1.633771248 2.194950848 

6.684691618 6.126729419 
6.559185298 6.091367848 

1.756686653 1.179868568 
1.923185389 1.318561256 

2.732519783 3.618235225 
2.650909485 3.672373372 

7.064318152 6.935649237 
7.020073238 7.079934637 

3.352675297 7.541127597 
3.138070124 7.624395773 

2.908225165 7.741637977 
3.138070124 7.624395773 

1.909096051 8.44468111 
1.997390519 8.422662563 

2.04791076 8.503627303 
1.997390519 8.422662563 

3.105001087 7.043209501 
2.934739707 7.006060988 

4.756606101 5.367544003 
4.687912018 5.336559785 

3.45371476 1.630854279 
3.442060351 1.721817662 

3.409524046 1.846777748 
3.442060351 1.721817662 

5.020860588 5.682535248 
5.21668971 5.681420931 

5.227338082 7.244255541 
5.16861987 7.445241214 

5.145207515 7.618693413 
5.16861987 7.445241214 

6.273660825 5.643700895 
6.06779346 5.621137862 

3.548630437 2.266892058 
3.33063047 2.214479052 

5.030184093 2.543593456 
5.071459482 2.34410269 

5.078442756 2.123042839 
5.071459482 2.34410269 

1.578085018 7.483712819 
1.681276171 7.457491908 

3.026826636 1.565467405 
2.863390668 1.41799003 

4.732930582 5.645434994 
4.916702751 5.406747721 

3.739365308 3.987042048 
3.893677387 3.86897578 

4.040058052 3.833228322 
3.893677387 3.86897578 

5.946417277 6.780908861 
5.960880954 7.108444901 

3.763745237 1.810440862 
3.840214237 1.713402153 

3.918067186 1.591252514 
3.840214237 1.713402153 

1.616984234 6.654314909 
1.599260339 6.889272899 

1.638612144 7.014074633 
1.599260339 6.889272899 

1.299167749 7.980925855 
1.466924466 8.017599517 

1.878333924 7.453406054 
1.681276171 7.457491908 

3.331715553 8.005497508 
3.138070124 7.624395773 

1.878333924 7.453406054 
1.949904982 7.5768806 

2.052125394 7.664741833 
1.949904982 7.5768806 

4.687912018 5.336559785 
4.631539629 5.318868507 

1.254279066 7.442934435 
1.310882645 7.736378742 

1.79406329 6.027532729 
1.682627821 5.995580418 

1.488059978 5.901432888 
1.682627821 5.995580418 

4.916702751 5.406747721 
4.852357445 5.419217942 

6.059462208 6.339920564 
6.173630723 6.552427879 

2.142831457 1.670343609 
2.353740031 1.728892795 

6.605478214 6.689652896 
6.37521028 6.685936641 

1.016025512 7.642859897 
1.041600707 7.845778395 

1.123535987 8.046842367 
1.041600707 7.845778395 

2.535651608 9.126750713 
2.593376182 9.187645019 

2.651233394 9.144621764 
2.593376182 9.187645019 

5.723420878 7.056162833 
5.771725215 6.866148589 

2.70744649 6.616936445 
2.752381792 6.540649719 

2.78623507 6.470074518 
2.752381792 6.540649719 

6.904268206 6.333274194 
6.883811504 6.117983547 

6.915918515 5.979227654 
6.883811504 6.117983547 

5.088293966 5.93355305 
4.812629718 5.981151308 

6.910631218 7.805300247 
6.879602118 7.989878434 

1.892342929 7.897465528 
1.975458818 7.974709876 

2.024366316 8.046278109 
1.975458818 7.974709876 

2.560182853 5.863040856 
2.494433878 5.938829834 

2.48005221 6.001949876 
2.494433878 5.938829834 

2.899057978 2.25623299 
3.012549873 2.231543876 

3.835428611 7.157094202 
4.073082518 7.200544163 

4.296589193 7.286544414 
4.073082518 7.200544163 

1.949904982 7.5768806 
1.895136652 7.679649425 

2.636451124 8.475877963 
2.75484293 8.251781604 

0.8285141734 7.991988394 
0.8539537436 7.865313834 

4.454141225 1.325528744 
4.289265247 1.38320669 

4.124917324 1.438072611 
4.289265247 1.38320669 

5.920000628 6.546361331 
5.838076331 6.501413036 

5.745290174 6.524842138 
5.838076331 6.501413036 

4.012578007 3.087920895 
4.172025534 3.074469044 

4.334770856 3.093335418 
4.172025534 3.074469044 

2.167075299 6.706063689 
1.972187136 6.729692603 

1.816375966 6.737746326 
1.972187136 6.729692603 

1.72002954 7.347084379 
1.681276171 7.457491908 

1.578085018 7.483712819 
1.629457883 7.380644284 

1.72002954 7.347084379 
1.629457883 7.380644284 

2.215206722 3.636812976 
2.097834377 3.493701321 

2.553992517 3.82135916 
2.423297076 3.674188838 

2.089246142 7.555670709 
1.949904982 7.5768806 

6.401050463 7.288007398 
6.509992456 7.369956237 

6.601452421 7.456826849 
6.509992456 7.369956237 

1.545569041 1.762803921 
1.661178083 1.388802245 

6.684691618 6.126729419 
6.883811504 6.117983547 

1.578374402 2.0712085 
1.589827386 1.910978806 

5.660733471 4.948137037 
5.664219053 4.831347349 

3.135721604 2.170301252 
3.012549873 2.231543876 

6.297233701 4.78527007 
6.360125023 4.878900417 

7.162903642 5.914210641 
6.984865035 5.881986274 

6.741383575 5.132209285 
6.93363646 5.155322751 

5.791371 6.194472197 
5.864154252 6.40817394 

7.341988456 7.308239776 
7.434332001 6.902469668 

7.551549774 6.493718644 
7.434332001 6.902469668 

0.7076260652 7.592087805 
0.5154105862 7.563233992 

6.059462208 6.339920564 
6.245248996 6.063017361 

2.679897532 7.308698859 
2.726010488 7.386020904 

2.759815952 7.448301998 
2.726010488 7.386020904 

2.683715599 1.80380535 
2.758862592 1.635746153 

2.823203101 1.563071775 
2.758862592 1.635746153 

4.931527477 1.702098095 
4.792537944 1.744990951 

4.660576632 1.695330479 
4.792537944 1.744990951 

1.133663623 9.29531068 
1.263075352 9.318580353 

1.364097609 9.261894151 
1.263075352 9.318580353 

3.629682769 2.074596815 
3.929462999 2.146029228 

2.646333663 2.644193938 
2.538945911 2.794924729 

2.384368474 2.940580239 
2.538945911 2.794924729 

2.960061414 1.758858461 
2.758862592 1.635746153 

3.390042482 6.458742858 
3.346964517 6.751657206 

3.358183079 7.005663787 
3.346964517 6.751657206 

7.640236025 6.099678701 
7.602703705 6.181686468 

7.576158173 6.244801885 
7.602703705 6.181686468 

7.412532535 6.653103524 
7.620210605 6.720740127 

3.74898807 8.527042162 
3.565820037 8.289485107 

3.331715553 8.005497508 
3.565820037 8.289485107 

1.74838274 1.817304041 
1.744271854 1.901859223 

4.659051164 6.480541495 
4.818561411 6.408828581 

4.983764951 6.376999156 
4.818561411 6.408828581 

2.012824062 2.554295668 
2.079227081 2.437420385 

2.154955758 2.311215399 
2.079227081 2.437420385 

5.864154252 6.40817394 
5.838076331 6.501413036 

2.795886962 0.9559723916 
2.568897941 0.9356155689 

2.373104495 0.8918056386 
2.568897941 0.9356155689 

4.974655053 7.153926199 
5.086019674 7.265570022 

5.227338082 7.244255541 
5.086019674 7.265570022 

3.56926777 1.773436502 
3.442060351 1.721817662 

7.162903642 5.914210641 
7.069505409 5.75802296 

6.942165964 5.651294326 
7.069505409 5.75802296 

7.11774161 5.141593511 
7.017580119 5.278060867 

6.887192211 5.371388439 
7.017580119 5.278060867 

1.756686653 1.179868568 
1.721226486 1.284067043 

1.661178083 1.388802245 
1.721226486 1.284067043 

5.596922228 5.437139611 
5.656425554 5.528762207 

5.708308715 5.618576322 
5.656425554 5.528762207 

1.133663623 9.29531068 
1.191357517 9.01050029 

1.252616596 8.754921364 
1.191357517 9.01050029 

6.059462208 6.339920564 
6.049932517 6.485932279 

5.99259607 6.587082349 
6.049932517 6.485932279 

4.489972674 5.284553938 
4.573511374 5.306876544 

4.631539629 5.318868507 
4.573511374 5.306876544 

2.365792782 8.350465622 
2.311004301 8.535264003 

1.967460842 0.7940785436 
2.026215022 0.7641451462 

2.078912757 0.7158862883 
2.026215022 0.7641451462 

5.581979461 6.489072996 
5.479334784 6.57577778 

5.358286287 6.685612865 
5.479334784 6.57577778 

4.375010187 7.634920264 
4.682868216 7.82730693 

4.983562464 8.043517018 
4.682868216 7.82730693 

1.792710591 7.592943957 
1.949904982 7.5768806 

2.593534058 7.599223566 
2.720453296 7.669091889 

2.908225165 7.741637977 
2.720453296 7.669091889 

1.801741456 2.173720162 
1.90171823 1.984821662 

2.912541098 7.192792354 
2.712687749 7.131552376 

4.943942907 1.984716531 
4.716741189 1.823524692 

2.174888097 3.355211541 
1.980497202 3.346115143 

0.3177640409 8.159037341 
0.4458268683 8.031331914 

0.530290087 7.906914621 
0.4458268683 8.031331914 

2.308754025 6.408089351 
2.327230915 6.24813144 

4.943942907 1.984716531 
4.923618214 1.859883926 

4.931527477 1.702098095 
4.923618214 1.859883926 

2.308754025 6.408089351 
2.146270738 6.37816983 

2.005774806 6.348495705 
2.146270738 6.37816983 

4.962360015 7.648321416 
5.143945404 7.899767206 

6.22624388 6.731866793 
6.271553071 6.593988551 

6.386981561 6.452313301 
6.271553071 6.593988551 

6.629488363 5.669030621 
6.421844165 6.040111464 

4.379570413 2.851614481 
4.264483007 2.836659032 

4.151181639 2.876139067 
4.264483007 2.836659032 

6.049932517 6.485932279 
6.091677544 6.594193944 

7.017580119 5.278060867 
7.08563849 5.379756803 

3.191713345 1.881459095 
3.318138394 1.969261289 

3.419378255 2.083245664 
3.318138394 1.969261289 

6.237896067 5.860557628 
6.168466398 5.896124063 

6.130041368 5.96955538 
6.168466398 5.896124063 

3.565820037 8.289485107 
3.533988443 8.345437495 

2.204612737 7.703420028 
2.24047107 7.504068009 

2.146530268 8.341287075 
2.209950004 8.20051073 

2.236226945 8.076171618 
2.209950004 8.20051073 

5.293671975 5.54328563 
5.21668971 5.681420931 

2.674150669 0.4419292719 
2.59303807 0.4661729403 

2.557070458 0.5191196523 
2.59303807 0.4661729403 

3.053911718 2.491268897 
3.143353242 2.658329758 

6.06779346 5.621137862 
5.940712887 5.717949923 

2.18969761 9.194852546 
1.985493391 9.224209538 

1.758708007 9.292198469 
1.985493391 9.224209538 

2.712687749 7.131552376 
2.615964749 7.063491826 

7.434332001 6.902469668 
7.335099738 7.019477773 

2.215206722 3.636812976 
2.318171441 3.654219793 

2.423297076 3.674188838 
2.318171441 3.654219793 

4.351690228 1.04485026 
4.371136859 0.9648546511 

3.667888339 7.893541304 
3.508539944 7.971171925 

3.331715553 8.005497508 
3.508539944 7.971171925 

6.068635022 8.170141946 
6.129098156 8.141642627 

6.189785406 8.108140318 
6.129098156 8.141642627 

7.527172852 6.965934596 
7.455520318 6.79908093 

7.412532535 6.653103524 
7.455520318 6.79908093 

2.052125394 7.664741833 
2.204612737 7.703420028 

5.293671975 5.54328563 
5.596922228 5.437139611 

2.650909485 3.672373372 
2.609373734 3.729498372 

0.7604879636 8.107231438 
0.5553526287 8.146769718 

6.190915223 7.583829068 
6.188344776 7.48109658 

6.19596212 7.36244014 
6.188344776 7.48109658 

2.277030196 1.494914069 
2.317064815 1.601168637 

2.353740031 1.728892795 
2.317064815 1.601168637 

1.642852442 8.310038898 
1.648023622 8.437488881 

1.643844935 8.565641624 
1.648023622 8.437488881 

5.581979461 6.489072996 
5.693146335 6.227868647 

5.581979461 6.489072996 
5.721250028 6.425097203 

5.864154252 6.40817394 
5.721250028 6.425097203 

3.436992281 7.31991457 
3.394923621 7.431110837 

3.352675297 7.541127597 
3.394923621 7.431110837 

1.545569041 1.762803921 
1.688681707 1.965493959 

1.801741456 2.173720162 
1.688681707 1.965493959 

5.293671975 5.54328563 
5.383116494 5.602210687 

5.432285128 5.707494115 
5.383116494 5.602210687 

3.964407541 1.86795216 
3.840214237 1.713402153 

2.985668771 0.7828158477 
3.094128929 0.8364765566 

3.211493515 0.8942092399 
3.094128929 0.8364765566 

6.904268206 6.333274194 
7.04051321 6.300802195 

7.189058996 6.294987272 
7.04051321 6.300802195 

2.553992517 3.82135916 
2.572371189 3.766430081 

2.609373734 3.729498372 
2.572371189 3.766430081 

3.938091549 2.559783067 
3.814907521 2.588148014 

3.713865484 2.618188558 
3.814907521 2.588148014 

2.634955859 9.479141816 
2.593376182 9.187645019 

1.638612144 7.014074633 
1.784565124 6.937027789 

1.925361995 6.88897034 
1.784565124 6.937027789 

3.744763816 0.8898602543 
3.633029633 0.9472389932 

3.485895943 1.015271821 
3.633029633 0.9472389932 

0.3177640409 8.159037341 
0.4455534035 8.145291575 

0.5553526287 8.146769718 
0.4455534035 8.145291575 

3.515616682 3.299798701 
3.491104489 3.441544927 

3.46588624 3.583858111 
3.491104489 3.441544927 

2.452488919 7.012352888 
2.582977567 7.167664265 

2.679897532 7.308698859 
2.582977567 7.167664265 

4.545550356 6.120231643 
4.449993475 6.095443004 

4.362478141 6.084013065 
4.449993475 6.095443004 

2.970338784 2.906557309 
3.048609078 3.088647726 

3.150525757 3.281185787 
3.048609078 3.088647726 

3.290448453 8.915039447 
3.185647851 8.825360926 

3.090650472 8.716064505 
3.185647851 8.825360926 

0.9719142838 7.465519283 
1.16170572 7.593655744 

1.310882645 7.736378742 
1.16170572 7.593655744 

2.167075299 6.706063689 
2.227811034 6.538363994 

2.308754025 6.408089351 
2.227811034 6.538363994 

2.646333663 2.644193938 
2.669138012 2.922769871 

2.365792782 8.350465622 
2.209950004 8.20051073 

2.98379172 1.312616826 
2.960393707 1.38095714 

2.863390668 1.41799003 
2.960393707 1.38095714 

4.520905029 2.392212403 
4.585236948 2.591989395 

2.615964749 7.063491826 
2.550086723 7.051007153 

2.452488919 7.012352888 
2.550086723 7.051007153 

1.016025512 7.642859897 
1.16170572 7.593655744 

1.315034925 8.427844503 
1.419118003 8.407791566 

1.512843741 8.393365222 
1.419118003 8.407791566 

3.221950287 2.901506457 
3.048609078 3.088647726 

3.143353242 2.658329758 
3.188693011 2.750129055 

7.11774161 5.141593511 
7.027199043 5.148037316 

6.93363646 5.155322751 
7.027199043 5.148037316 

0.9719142838 7.465519283 
0.8510243212 7.516114004 

0.7076260652 7.592087805 
0.8510243212 7.516114004 

3.306570538 2.387739213 
3.340047015 2.671003347 

5.745290174 6.524842138 
5.721250028 6.425097203 

4.792537944 1.744990951 
4.716741189 1.823524692 

2.054077381 5.918190911 
2.14612586 5.966388651 

2.204023612 6.026700556 
2.14612586 5.966388651 

7.527172852 6.965934596 
7.434332001 6.902469668 

1.922307679 1.708307932 
2.026338485 1.692500773 

2.142831457 1.670343609 
2.026338485 1.692500773 

3.964407541 1.86795216 
3.857893989 1.839684554 

3.763745237 1.810440862 
3.857893989 1.839684554 

2.18969761 9.194852546 
2.139652266 9.014047098 

2.045830905 8.832290643 
2.139652266 9.014047098 

2.308754025 6.408089351 
2.423665314 6.2467827 

1.639305297 3.27992921 
1.790338812 3.36722701 

1.946418508 3.450016189 
1.790338812 3.36722701 

2.669138012 2.922769871 
2.734794044 2.855294787 

6.952496165 6.606317132 
7.119900639 6.587829578 

7.258400873 6.529492451 
7.119900639 6.587829578 

4.58453668 7.245867561 
4.647074177 7.295018147 

4.713460064 7.310787989 
4.647074177 7.295018147 

6.421844165 6.040111464 
6.50685639 6.058795793 

6.559185298 6.091367848 
6.50685639 6.058795793 

2.020568777 7.035389574 
2.182048131 7.160717845 

1.246967106 6.215860995 
1.164798267 6.385193171 

1.107353472 6.568820203 
1.164798267 6.385193171 

0.7848255726 6.555338116 
0.7976451207 6.48143954 

2.020568777 7.035389574 
2.038372746 7.13756553 

2.109655048 7.248063452 
2.038372746 7.13756553 

2.915239851 6.811557207 
3.005741928 6.940067865 

3.105001087 7.043209501 
3.005741928 6.940067865 

5.623926991 4.628353623 
5.769872533 4.712296956 

5.885793072 4.748270874 
5.769872533 4.712296956 

4.198113275 6.251417103 
4.362478141 6.084013065 

4.371136859 0.9648546511 
4.407777879 0.9102176999 

1.684449581 7.850337129 
1.437640306 7.92356051 

0.3177640409 8.159037341 
0.5688506906 8.075557219 

0.8285141734 7.991988394 
0.5688506906 8.075557219 

2.146530268 8.341287075 
1.997390519 8.422662563 

6.091677544 6.594193944 
6.158045178 6.65976785 

6.22624388 6.731866793 
6.158045178 6.65976785 

2.485824641 2.551595867 
2.4771264 2.344741805 

2.636451124 8.475877963 
2.708122619 8.472310651 

2.785519475 8.460893379 
2.708122619 8.472310651 

1.246967106 6.215860995 
1.144427887 6.207793428 

2.44650157 8.046083373 
2.57603649 8.024737068 

2.711615522 7.980848177 
2.57603649 8.024737068 

4.664701524 3.06056143 
4.379570413 2.851614481 

4.860101677 2.924851146 
4.754828116 2.96745915 

2.562071094 7.833082123 
2.593534058 7.599223566 

5.901678538 5.553233711 
5.983563491 5.586371826 

6.06779346 5.621137862 
5.983563491 5.586371826 

1.380630241 7.236656157 
1.477527374 7.360862349 

1.578085018 7.483712819 
1.477527374 7.360862349 

4.983764951 6.376999156 
5.177665905 6.233086582 

2.755289258 0.8153693886 
2.842647793 0.8693236769 

7.461060224 5.485126145 
7.514446231 5.998542983 

7.551549774 6.493718644 
7.514446231 5.998542983 

2.138688108 7.421573762 
2.09380691 7.505113918 

2.089246142 7.555670709 
2.09380691 7.505113918 

5.940712887 5.717949923 
5.983563491 5.586371826 

4.553793511 1.823685072 
4.357219619 1.875364381 

4.171005049 1.933109598 
4.357219619 1.875364381 

5.188646503 6.422603804 
5.192586517 6.314693027 

5.177665905 6.233086582 
5.192586517 6.314693027 

4.091826053 0.5959983481 
4.011834547 0.6826950942 

3.93184304 0.7693918402 
4.011834547 0.6826950942 

1.545569041 1.762803921 
1.567698213 1.836891364 

1.589827386 1.910978806 
1.567698213 1.836891364 

1.852870972 8.853494346 
1.744214679 8.704136884 

1.643844935 8.565641624 
1.744214679 8.704136884 

1.330870258 6.572480033 
1.45535154 6.646436438 

5.687686864 7.357897032 
5.757109211 7.475818606 

5.810342728 7.58828004 
5.757109211 7.475818606 

2.139652266 9.014047098 
2.376493021 8.864432269 

6.551292564 6.906713578 
6.665963361 6.845523807 

6.798690956 6.812710024 
6.665963361 6.845523807 

4.754828116 2.96745915 
4.681646425 2.972545561 

4.664701524 3.06056143 
4.681646425 2.972545561 

2.05387719 9.06713617 
2.139652266 9.014047098 

1.616984234 6.654314909 
1.640722174 6.526572837 

1.665870178 6.397468371 
1.640722174 6.526572837 

6.48583331 4.987306606 
6.429375834 4.92143783 

6.360125023 4.878900417 
6.429375834 4.92143783 

5.040652254 5.178655762 
4.978042643 5.299479762 

4.916702751 5.406747721 
4.978042643 5.299479762 

5.677306814 7.553362174 
5.757109211 7.475818606 

0.4082857319 6.73803887 
0.5516297672 6.804365608 

0.6928675405 6.870374797 
0.5516297672 6.804365608 

7.108565824 7.878855157 
6.910631218 7.805300247 

7.108565824 7.878855157 
7.193479562 7.825193129 

7.277760273 7.768036109 
7.193479562 7.825193129 

1.246967106 6.215860995 
1.395282399 6.07525266 

5.188646503 6.422603804 
5.169422231 6.561834257 

1.263075352 9.318580353 
1.28051228 9.232113202 

1.878333924 7.453406054 
1.889573013 7.567391882 

1.895136652 7.679649425 
1.889573013 7.567391882 

2.422337776 2.189164275 
2.357678171 2.372387616 

4.983562464 8.043517018 
5.08884659 8.081285416 

1.949904982 7.5768806 
1.889573013 7.567391882 

2.452488919 7.012352888 
2.680110937 6.915333015 

2.915239851 6.811557207 
2.680110937 6.915333015 

6.271553071 6.593988551 
6.173630723 6.552427879 

2.365792782 8.350465622 
2.435768046 8.460965187 

2.499059482 8.577701847 
2.435768046 8.460965187 

3.221950287 2.901506457 
2.970338784 2.906557309 

3.221950287 2.901506457 
3.207401332 2.821462462 

3.188693011 2.750129055 
3.207401332 2.821462462 

5.687686864 7.357897032 
5.562294312 7.511632933 

5.438252741 7.67113779 
5.562294312 7.511632933 

1.646208984 6.060181431 
1.682627821 5.995580418 

3.255633867 0.2320543459 
3.317146762 0.3087002953 

3.384422182 0.3739463179 
3.317146762 0.3087002953 

2.422337776 2.189164275 
2.278085388 2.14561328 

2.128243523 2.106671797 
2.278085388 2.14561328 

2.313769578 7.371995505 
2.138688108 7.421573762 

4.868376088 5.826188701 
4.974098331 5.879897659 

5.088293966 5.93355305 
4.974098331 5.879897659 

1.114381688 6.292182291 
1.129404788 6.249987859 

1.633771248 2.194950848 
1.505408461 2.256200518 

4.483930757 0.8394932767 
4.445854318 0.8748554883 

4.407777879 0.9102176999 
4.445854318 0.8748554883 

0.7761054631 6.386077772 
0.7869425388 6.433429312 

0.7976451207 6.48143954 
0.7869425388 6.433429312 

2.976171531 3.387031644 
3.222187731 3.523025159 

4.193281806 5.894330497 
4.291230177 5.989959522 

4.362478141 6.084013065 
4.291230177 5.989959522 

1.129404788 6.249987859 
1.136916337 6.228890644 

1.144427887 6.207793428 
1.136916337 6.228890644 

3.409524046 1.846777748 
3.318138394 1.969261289 

5.623926991 4.628353623 
5.648188704 4.736378578 

5.664219053 4.831347349 
5.648188704 4.736378578 

3.390042482 6.458742858 
3.307099087 6.382749579 

3.244705468 6.291680013 
3.307099087 6.382749579 

7.017580119 5.278060867 
7.027199043 5.148037316 

1.016025512 7.642859897 
0.8510243212 7.516114004 

2.293828963 5.896723502 
2.414308436 5.877839902 

0.7604879636 8.107231438 
0.8285141734 7.991988394 

1.684449581 7.850337129 
1.557290585 7.989241758 

1.417759178 8.126333697 
1.557290585 7.989241758 

6.552299438 8.237521194 
6.599641184 8.232771405 

6.646982931 8.228021617 
6.599641184 8.232771405 

4.731852785 6.299336448 
4.818561411 6.408828581 

1.332516219 2.309570157 
1.428653467 2.284655383 

1.505408461 2.256200518 
1.428653467 2.284655383 

5.771725215 6.866148589 
5.622754434 6.924539534 

5.473926179 6.993125979 
5.622754434 6.924539534 

1.45535154 6.646436438 
1.599260339 6.889272899 

4.296589193 7.286544414 
4.311977854 7.158623452 

2.912541098 7.192792354 
2.922534807 7.095687742 

2.934739707 7.006060988 
2.922534807 7.095687742 

3.143353242 2.658329758 
3.06843316 2.65302813 

1.45535154 6.646436438 
1.537088484 6.650523105 

1.616984234 6.654314909 
1.537088484 6.650523105 

6.049932517 6.485932279 
6.173630723 6.552427879 

5.125238107 6.723132247 
5.147595725 6.6429966 

5.169422231 6.561834257 
5.147595725 6.6429966 

4.759037167 6.832188092 
4.711009254 6.647429847 

4.659051164 6.480541495 
4.711009254 6.647429847 

6.158045178 6.65976785 
6.271553071 6.593988551 

2.674150669 0.4419292719 
2.829634305 0.6111289678 

2.985668771 0.7828158477 
2.829634305 0.6111289678 

1.868066733 3.399525504 
1.790338812 3.36722701 

1.488059978 5.901432888 
1.463028459 5.998567392 

1.395282399 6.07525266 
1.463028459 5.998567392 

6.237896067 5.860557628 
6.253074622 5.748802665 

6.273660825 5.643700895 
6.253074622 5.748802665 

5.179997658 8.08968895 
5.134422124 8.085487183 

5.08884659 8.081285416 
5.134422124 8.085487183 

7.620739431 6.847561351 
7.573956142 6.906747973 

7.527172852 6.965934596 
7.573956142 6.906747973 

3.083326538 6.100531536 
3.126802356 6.155983167 

3.170278173 6.211434799 
3.126802356 6.155983167 

1.949612272 6.151063641 
2.054077381 5.918190911 

2.560182853 5.863040856 
2.487245645 5.870440379 

2.414308436 5.877839902 
2.487245645 5.870440379 

7.203559003 7.544944141 
7.223596053 7.498733996 

7.243633103 7.45252385 
7.223596053 7.498733996 

4.315334208 7.007910527 
4.301828388 7.086810037 

4.311977854 7.158623452 
4.301828388 7.086810037 

5.049880338 6.599593817 
5.169422231 6.561834257 

4.008160219 1.443282301 
3.963113703 1.517267407 

3.918067186 1.591252514 
3.963113703 1.517267407 

6.271553071 6.593988551 
6.37521028 6.685936641 

5.920000628 6.546361331 
5.984966573 6.516146805 

6.049932517 6.485932279 
5.984966573 6.516146805 

2.63256126 3.176357039 
2.650914452 3.050536613 

2.669138012 2.922769871 
2.650914452 3.050536613 

2.431401715 2.057685556 
2.278085388 2.14561328 

2.052125394 7.664741833 
2.090527326 7.713410531 

2.128929259 7.762079228 
2.090527326 7.713410531 

7.551549774 6.493718644 
7.576158173 6.244801885 

5.432285128 5.707494115 
5.324487419 5.694457523 

5.21668971 5.681420931 
5.324487419 5.694457523 

