3.212687207 0.8951044128 
2.959257897 1.756975585 

2.959257897 1.756975585 
3.56926777 1.773436502 

3.720754814 7.516818165 
2.906872892 7.742789506 

4.434564605 2.696996468 
4.543575136 3.356337605 

2.025151157 8.045180025 
2.13382334 7.755532296 

5.049880338 6.599593817 
4.759037167 6.832188092 

2.762999515 8.845604691 
3.300662888 8.89975102 

2.025151157 8.045180025 
1.972563422 8.219580053 

4.754528885 4.760345426 
4.471534652 4.504793822 

2.959257897 1.756975585 
3.191874636 1.879871559 

6.389091411 6.452337209 
6.686141789 6.126065425 

5.946957081 6.781570603 
6.090873038 6.594484715 

2.857394794 2.447454753 
3.087035612 2.332477471 

6.917547158 5.984903476 
6.686141789 6.126065425 

0.8036353333 7.181926913 
0.4107645701 6.740701656 

1.639808108 7.017860988 
1.382811105 7.23754758 

3.743941136 0.8894820918 
3.751956329 1.434354756 

7.551549774 6.493718644 
6.944127954 7.065675141 

6.389091411 6.452337209 
6.725920199 6.525318572 

3.720248966 3.007823015 
3.996801421 3.089581686 

1.417759178 8.126333697 
1.308231838 7.740324106 

1.669629219 7.864643294 
1.895338591 7.680997688 

6.502241757 5.245979625 
6.616911262 5.663927525 

4.434564605 2.696996468 
5.030184093 2.543593456 

6.051984548 7.069958685 
5.946957081 6.781570603 

7.551549774 6.493718644 
6.903274337 6.334012337 

6.686141789 6.126065425 
6.903274337 6.334012337 

3.331331931 2.215404646 
3.087035612 2.332477471 

3.763745237 1.810440862 
3.56926777 1.773436502 

4.194777029 4.146324099 
4.040058052 3.833228322 

7.341988456 7.308239776 
6.80978782 7.368384629 

5.490454601 6.041069762 
5.821506161 6.085386152 

4.471534652 4.504793822 
4.340947333 4.341108605 

4.194777029 4.146324099 
4.340947333 4.341108605 

2.63912044 2.656519086 
2.857394794 2.447454753 

2.403831489 7.687421029 
2.594148254 7.599589312 

6.917547158 5.984903476 
7.306245702 6.123711485 

5.2324068 7.242195931 
4.810340686 7.429299994 

6.051984548 7.069958685 
5.690078897 7.353894282 

3.150525757 3.281185787 
3.221950287 2.901506457 

1.907948133 2.86928632 
2.446398923 3.245853718 

2.525011489 1.970164728 
2.728857678 2.099363865 

4.659051164 6.480541495 
4.362173258 6.640595653 

1.646666358 8.564991063 
1.516135672 8.911952948 

2.752138325 8.249692455 
2.906872892 7.742789506 

2.728857678 2.099363865 
2.158446432 2.309763613 

2.158446432 2.309763613 
2.309438859 2.431873006 

5.690078897 7.353894282 
5.728884433 7.048973978 

0.7131173426 7.607110316 
1.014379319 7.642988817 

1.308231838 7.740324106 
1.014379319 7.642988817 

6.80978782 7.368384629 
6.944127954 7.065675141 

4.196077755 2.326833967 
4.508756846 2.393043403 

1.639808108 7.017860988 
1.189282805 6.931996223 

2.111155276 7.24889341 
2.140014138 7.421362658 

1.545569041 1.762803921 
2.158446432 2.309763613 

6.549159535 6.905655825 
7.166994244 6.664416813 

1.189282805 6.931996223 
0.8036353333 7.181926913 

6.80978782 7.368384629 
6.909136147 7.807036325 

5.049880338 6.599593817 
5.188646503 6.422603804 

5.587804696 7.689090859 
5.753673192 7.771751421 

6.06341232 7.883344605 
5.753673192 7.771751421 

7.166994244 6.664416813 
6.944127954 7.065675141 

3.150525757 3.281185787 
2.976171531 3.387031644 

2.499059482 8.577701847 
2.752138325 8.249692455 

1.669629219 7.864643294 
1.109768581 8.053916935 

2.140014138 7.421362658 
1.876661857 7.451936248 

3.630703127 2.076169505 
3.763745237 1.810440862 

2.553992517 3.82135916 
2.446398923 3.245853718 

6.616911262 5.663927525 
6.917547158 5.984903476 

3.191874636 1.879871559 
3.409208823 1.847409307 

3.731194235 8.550383542 
3.125019701 8.307701755 

2.752138325 8.249692455 
3.125019701 8.307701755 

5.690078897 7.353894282 
6.06341232 7.883344605 

3.083326538 6.100531536 
2.740888193 6.294885901 

1.252616596 8.754921364 
1.516135672 8.911952948 

1.417759178 8.126333697 
1.642852442 8.310038898 

4.659051164 6.480541495 
5.188646503 6.422603804 

3.212687207 0.8951044128 
3.471389634 1.019993896 

4.434564605 2.696996468 
4.508756846 2.393043403 

4.931527477 1.702098095 
4.169810498 1.934819777 

3.630703127 2.076169505 
4.169810498 1.934819777 

6.310484855 7.990582094 
6.194938002 7.360437235 

6.051984548 7.069958685 
6.194938002 7.360437235 

6.725920199 6.525318572 
6.951212927 6.605417017 

3.212687207 0.8951044128 
3.168322016 0.2939360451 

2.446398923 3.245853718 
2.370370332 3.420132226 

7.166994244 6.664416813 
6.951212927 6.605417017 

4.508756846 2.393043403 
4.794738057 2.413804705 

5.582687702 6.487799165 
5.747113671 6.524152488 

0.8036353333 7.181926913 
0.9710113507 7.463817186 

2.959257897 1.756975585 
2.824036957 1.563531291 

1.189282805 6.931996223 
1.247305093 6.218298341 

3.125019701 8.307701755 
3.07002197 8.05829098 

4.193281806 5.894330497 
4.198113275 6.251417103 

3.934348822 6.838717229 
4.198113275 6.251417103 

3.751956329 1.434354756 
3.91815027 1.590613987 

0.3177640409 8.159037341 
0.7201539194 8.325422699 

5.582689031 5.391394063 
5.435631691 5.702380625 

3.630703127 2.076169505 
3.530817422 2.252319762 

7.461060224 5.485126145 
6.939775725 5.653373163 

1.852870972 8.853494346 
1.594126104 9.065832605 

1.133663623 9.29531068 
1.594126104 9.065832605 

6.951212927 6.605417017 
6.549159535 6.905655825 

5.821506161 6.085386152 
6.122393781 5.957243408 

3.212687207 0.8951044128 
3.167834527 1.331163738 

3.56926777 1.773436502 
3.167834527 1.331163738 

6.275362435 5.643636013 
6.135453467 5.334570213 

0.4107645701 6.740701656 
1.003064185 6.768331322 

1.189282805 6.931996223 
1.003064185 6.768331322 

5.2324068 7.242195931 
5.728884433 7.048973978 

4.759037167 6.832188092 
4.908127863 6.885912049 

3.300662888 8.89975102 
3.231452069 8.576699989 

6.903274337 6.334012337 
6.725920199 6.525318572 

2.525011489 1.970164728 
2.354233619 1.727958208 

2.158446432 2.309763613 
2.131894471 2.106447273 

1.333749696 2.308150991 
1.643320094 2.293061594 

6.051984548 7.069958685 
6.260258051 6.912679382 

5.946957081 6.781570603 
6.260258051 6.912679382 

2.594148254 7.599589312 
2.324345859 7.376004713 

2.061145032 8.49434478 
2.046240412 8.830040187 

6.944127954 7.065675141 
6.79833055 6.810571551 

2.403831489 7.687421029 
2.445442654 8.046714945 

2.367762252 8.324353096 
2.445442654 8.046714945 

7.277760273 7.768036109 
6.909136147 7.807036325 

3.743941136 0.8894820918 
3.58680743 0.7903337662 

4.751653187 5.6394149 
4.868125093 5.824923576 

3.087035612 2.332477471 
3.517837176 2.626513174 

2.373104495 0.8918056386 
2.256429094 0.6550867044 

7.306245702 6.123711485 
7.189058996 6.294987272 

4.375010187 7.634920264 
4.296589193 7.286544414 

4.296589193 7.286544414 
4.58453668 7.245867561 

1.852870972 8.853494346 
2.046240412 8.830040187 

6.310484855 7.990582094 
5.575301177 7.975570256 

7.125819935 5.123761454 
7.086073459 5.377792861 

5.575301177 7.975570256 
5.587804696 7.689090859 

1.109768581 8.053916935 
1.308231838 7.740324106 

0.3177640409 8.159037341 
0.6371484959 7.984378506 

1.907948133 2.86928632 
2.012824062 2.554295668 

2.906872892 7.742789506 
2.445442654 8.046714945 

4.454141225 1.325528744 
3.91815027 1.590613987 

2.906872892 7.742789506 
2.705861651 7.971390439 

5.660134007 4.950282154 
5.509425972 4.773542082 

5.13764806 4.806466573 
5.509425972 4.773542082 

5.728884433 7.048973978 
5.490831468 7.019783533 

3.125019701 8.307701755 
3.231452069 8.576699989 

6.090873038 6.594484715 
6.058314423 6.335547961 

5.821506161 6.085386152 
6.058314423 6.335547961 

2.499059482 8.577701847 
2.601235655 8.907467191 

3.168322016 0.2939360451 
3.364664874 0.7104278751 

3.471389634 1.019993896 
3.364664874 0.7104278751 

3.720248966 3.007823015 
3.756274544 3.278186006 

2.553992517 3.82135916 
2.370370332 3.420132226 

2.131894471 2.106447273 
2.728857678 2.099363865 

4.193281806 5.894330497 
4.731852785 6.299336448 

5.049880338 6.599593817 
4.731852785 6.299336448 

1.845001762 6.307005808 
1.617468252 6.652969323 

1.845001762 6.307005808 
1.949612272 6.151063641 

6.194938002 7.360437235 
5.690078897 7.353894282 

2.13382334 7.755532296 
2.240659682 7.504717836 

2.452488919 7.012352888 
2.240659682 7.504717836 

3.231452069 8.576699989 
3.367978884 8.398587152 

2.728857678 2.099363865 
2.424224158 2.188444796 

2.131894471 2.106447273 
1.800159582 2.173116096 

3.938091549 2.559783067 
3.619768619 2.522843604 

3.530817422 2.252319762 
3.619768619 2.522843604 

2.140014138 7.421362658 
2.240659682 7.504717836 

2.859188447 6.654645095 
3.390042482 6.458742858 

7.551549774 6.493718644 
7.258400873 6.529492451 

6.80978782 7.368384629 
6.601452421 7.456826849 

1.669629219 7.864643294 
1.467856753 8.016445436 

7.166994244 6.664416813 
7.412532535 6.653103524 

3.763745237 1.810440862 
4.124917324 1.438072611 

6.058314423 6.335547961 
6.122393781 5.957243408 

1.467856753 8.016445436 
1.417759178 8.126333697 

0.9710113507 7.463817186 
0.434350568 7.468455186 

2.48005221 6.001949876 
2.700219337 6.125535191 

2.740888193 6.294885901 
2.700219337 6.125535191 

2.752138325 8.249692455 
2.367762252 8.324353096 

2.857394794 2.447454753 
2.904147449 2.257787606 

2.935025856 2.037867843 
2.904147449 2.257787606 

1.189282805 6.931996223 
1.382811105 7.23754758 

2.370370332 3.420132226 
2.174888097 3.355211541 

2.324345859 7.376004713 
2.240659682 7.504717836 

0.9710113507 7.463817186 
1.146355756 7.154166053 

1.189282805 6.931996223 
1.146355756 7.154166053 

4.731852785 6.299336448 
4.659051164 6.480541495 

3.934348822 6.838717229 
3.835428611 7.157094202 

3.720754814 7.516818165 
3.835428611 7.157094202 

2.63256126 3.176357039 
2.446398923 3.245853718 

2.020158375 7.034194784 
1.930723269 6.87842785 

3.150525757 3.281185787 
3.222948102 3.523953713 

5.13764806 4.806466573 
4.919890519 4.948570934 

4.754528885 4.760345426 
4.919890519 4.948570934 

5.660134007 4.950282154 
5.885793072 4.748270874 

1.014379319 7.642988817 
0.9710113507 7.463817186 

2.357755973 1.343759039 
2.070505705 1.351691726 

2.762999515 8.845604691 
2.601235655 8.907467191 

5.582687702 6.487799165 
5.621928866 6.744389951 

0.7201539194 8.325422699 
0.6371484959 7.984378506 

7.551549774 6.493718644 
7.640236025 6.099678701 

4.296589193 7.286544414 
3.934348822 6.838717229 

2.308754025 6.408089351 
1.949612272 6.151063641 

6.654539713 8.239585132 
6.715501203 7.955925324 

1.643320094 2.293061594 
1.607209489 2.420611972 

2.752138325 8.249692455 
3.07002197 8.05829098 

1.923744419 1.516822753 
1.922307679 1.708307932 

5.621928866 6.744389951 
5.946957081 6.781570603 

2.959257897 1.756975585 
2.935025856 2.037867843 

4.454141225 1.325528744 
4.555021079 1.615446284 

3.58680743 0.7903337662 
3.474528604 0.4954691003 

4.759037167 6.832188092 
4.524351541 6.962348701 

0.8036353333 7.181926913 
1.146355756 7.154166053 

3.619768619 2.522843604 
3.517837176 2.626513174 

3.331331931 2.215404646 
3.220625196 2.112187336 

1.333749696 2.308150991 
1.607209489 2.420611972 

1.642852442 8.310038898 
1.699859495 8.160662739 

2.674150669 0.4419292719 
2.755289258 0.8153693886 

3.087035612 2.332477471 
2.904147449 2.257787606 

4.434564605 2.696996468 
4.378136238 2.856427859 

2.906872892 7.742789506 
3.331715553 8.005497508 

1.800159582 2.173116096 
1.643320094 2.293061594 

4.334996628 3.092029494 
4.378136238 2.856427859 

2.859188447 6.654645095 
2.894838286 6.815552988 

2.970464618 2.905173474 
3.009192987 2.729212961 

2.705861651 7.971390439 
2.752138325 8.249692455 

5.587804696 7.689090859 
5.254389936 7.71902349 

0.8036353333 7.181926913 
1.003064185 6.768331322 

4.543575136 3.356337605 
4.558958493 3.131399953 

4.334996628 3.092029494 
4.558958493 3.131399953 

2.642643617 9.476437392 
2.752446154 9.138917086 

2.762999515 8.845604691 
2.752446154 9.138917086 

6.79833055 6.810571551 
6.725920199 6.525318572 

3.720754814 7.516818165 
4.080429225 7.608561964 

4.375010187 7.634920264 
4.080429225 7.608561964 

3.56926777 1.773436502 
3.45371476 1.630854279 

1.923744419 1.516822753 
2.070505705 1.351691726 

3.471389634 1.019993896 
3.58680743 0.7903337662 

6.135453467 5.334570213 
6.309121564 5.436048112 

6.502241757 5.245979625 
6.309121564 5.436048112 

0.7559336792 8.816944367 
0.5650978466 8.622290056 

2.959257897 1.756975585 
3.031958599 1.561227536 

4.983562464 8.043517018 
5.438252741 7.67113779 

7.189058996 6.294987272 
7.258400873 6.529492451 

6.917547158 5.984903476 
6.939775725 5.653373163 

1.382811105 7.23754758 
0.9593160475 6.981471186 

3.367978884 8.398587152 
3.533988443 8.345437495 

2.403831489 7.687421029 
2.240659682 7.504717836 

5.900686461 5.553837057 
6.135453467 5.334570213 

1.417759178 8.126333697 
1.512843741 8.393365222 

1.646666358 8.564991063 
1.512843741 8.393365222 

2.752138325 8.249692455 
2.785519475 8.460893379 

5.2324068 7.242195931 
5.254389936 7.71902349 

4.483930757 0.8394932767 
4.142087561 0.918700349 

6.725920199 6.525318572 
6.606277085 6.688252766 

6.549159535 6.905655825 
6.606277085 6.688252766 

5.435631691 5.702380625 
5.088293966 5.93355305 

2.728857678 2.099363865 
2.935025856 2.037867843 

0.6371484959 7.984378506 
0.7131173426 7.607110316 

6.654539713 8.239585132 
6.989653837 8.033731279 

0.6371484959 7.984378506 
0.8567696339 7.867716619 

1.014379319 7.642988817 
0.8567696339 7.867716619 

0.9593160475 6.981471186 
1.189282805 6.931996223 

4.555021079 1.615446284 
4.281424979 1.5803334 

4.124917324 1.438072611 
4.281424979 1.5803334 

4.169810498 1.934819777 
3.937953066 2.160451246 

1.607209489 2.420611972 
1.533253021 2.475311938 

3.285922997 3.902010328 
3.190743957 3.627130066 

2.976171531 3.387031644 
3.190743957 3.627130066 

2.728857678 2.099363865 
2.904147449 2.257787606 

5.188646503 6.422603804 
4.983764951 6.376999156 

4.731852785 6.299336448 
4.983764951 6.376999156 

4.751653187 5.6394149 
5.162215475 5.435175617 

1.6636046 6.400529082 
1.845001762 6.307005808 

3.031958599 1.561227536 
2.824036957 1.563531291 

2.912541098 7.192792354 
2.679897532 7.308698859 

2.740888193 6.294885901 
2.78623507 6.470074518 

1.003064185 6.768331322 
1.108529141 6.569139795 

1.617468252 6.652969323 
1.189282805 6.931996223 

3.167834527 1.331163738 
2.984203888 1.314006733 

3.031958599 1.561227536 
2.984203888 1.314006733 

1.247305093 6.218298341 
1.325355854 6.582401118 

0.7131173426 7.607110316 
0.5214616675 7.670322082 

7.412532535 6.653103524 
7.258400873 6.529492451 

4.543575136 3.356337605 
4.860101677 2.924851146 

5.030184093 2.543593456 
4.860101677 2.924851146 

2.308754025 6.408089351 
2.740888193 6.294885901 

6.297233701 4.78527007 
6.020609809 4.825353458 

5.885793072 4.748270874 
6.020609809 4.825353458 

3.212687207 0.8951044128 
3.364664874 0.7104278751 

1.967460842 0.7940785436 
1.871818957 1.062937196 

6.79833055 6.810571551 
6.606277085 6.688252766 

1.109768581 8.053916935 
0.7693556047 8.103348966 

2.63912044 2.656519086 
3.009192987 2.729212961 

5.490831468 7.019783533 
5.675262157 6.892777241 

5.621928866 6.744389951 
5.675262157 6.892777241 

4.553793511 1.823685072 
4.716741189 1.823524692 

4.931527477 1.702098095 
4.716741189 1.823524692 

1.516135672 8.911952948 
1.365199298 9.074167336 

4.908127863 6.885912049 
4.974655053 7.153926199 

2.601235655 8.907467191 
2.752446154 9.138917086 

4.919890519 4.948570934 
4.831199429 5.150027248 

6.616911262 5.663927525 
6.885212633 5.372957432 

4.831199429 5.150027248 
4.489972674 5.284553938 

1.252616596 8.754921364 
1.512843741 8.393365222 

6.939775725 5.653373163 
6.885212633 5.372957432 

4.142087561 0.918700349 
4.117366918 0.8286262381 

2.824036957 1.563531291 
2.595395083 1.638777511 

2.354233619 1.727958208 
2.595395083 1.638777511 

3.720754814 7.516818165 
3.331715553 8.005497508 

3.720754814 7.516818165 
3.667888339 7.893541304 

2.935025856 2.037867843 
3.135721604 2.170301252 

4.983562464 8.043517018 
4.962360015 7.648321416 

4.810340686 7.429299994 
4.962360015 7.648321416 

4.58453668 7.245867561 
4.524351541 6.962348701 

2.525011489 1.970164728 
2.595395083 1.638777511 

3.515616682 3.299798701 
3.629846677 3.253889294 

3.756274544 3.278186006 
3.629846677 3.253889294 

1.578564652 7.4829239 
1.876661857 7.451936248 

2.025151157 8.045180025 
2.235729982 8.074090656 

2.445442654 8.046714945 
2.235729982 8.074090656 

3.358183079 7.005663787 
3.103852071 7.04200282 

2.912541098 7.192792354 
3.103852071 7.04200282 

1.895338591 7.680997688 
2.046631609 7.669941524 

3.083326538 6.100531536 
2.700219337 6.125535191 

5.081319065 2.125002392 
4.944836196 1.985605275 

4.731852785 6.299336448 
4.545550356 6.120231643 

2.18969761 9.194852546 
2.376493021 8.864432269 

2.499059482 8.577701847 
2.376493021 8.864432269 

1.639808108 7.017860988 
1.724598689 7.354266363 

4.124917324 1.438072611 
4.483930757 0.8394932767 

7.341988456 7.308239776 
7.196519781 7.075919284 

3.125019701 8.307701755 
2.785519475 8.460893379 

2.785519475 8.460893379 
3.017859784 8.644525209 

1.382811105 7.23754758 
1.724598689 7.354266363 

2.553992517 3.82135916 
2.666314738 3.429563017 

2.63256126 3.176357039 
2.666314738 3.429563017 

6.885212633 5.372957432 
7.086073459 5.377792861 

4.794738057 2.413804705 
4.585997167 2.589723109 

4.434564605 2.696996468 
4.585997167 2.589723109 

3.135721604 2.170301252 
3.220625196 2.112187336 

4.751653187 5.6394149 
4.852202562 5.420394642 

4.483930757 0.8394932767 
4.117366918 0.8286262381 

1.417759178 8.126333697 
1.699859495 8.160662739 

3.630703127 2.076169505 
3.419003907 2.082458415 

6.06341232 7.883344605 
6.068635022 8.170141946 

6.260258051 6.912679382 
6.220152662 6.731577725 

3.087035612 2.332477471 
3.135721604 2.170301252 

3.07002197 8.05829098 
3.331715553 8.005497508 

3.017859784 8.644525209 
3.090650472 8.716064505 

5.438252741 7.67113779 
5.587804696 7.689090859 

2.63912044 2.656519086 
2.733580117 2.854455794 

2.970464618 2.905173474 
2.733580117 2.854455794 

7.551549774 6.493718644 
7.620210605 6.720740127 

3.087035612 2.332477471 
3.075440996 2.497011712 

2.674150669 0.4419292719 
2.394880452 0.6896312499 

2.256429094 0.6550867044 
2.394880452 0.6896312499 

1.6636046 6.400529082 
1.712739525 6.169873153 

3.083326538 6.100531536 
3.092115746 6.323390812 

3.075440996 2.497011712 
2.857394794 2.447454753 

4.983562464 8.043517018 
5.143945404 7.899767206 

5.254389936 7.71902349 
5.143945404 7.899767206 

2.373104495 0.8918056386 
2.456864944 0.7159720028 

2.642643617 9.476437392 
2.536478066 9.128783927 

2.601235655 8.907467191 
2.536478066 9.128783927 

3.471389634 1.019993896 
3.264607417 1.123660976 

3.167834527 1.331163738 
3.264607417 1.123660976 

2.174888097 3.355211541 
2.097834377 3.493701321 

4.124917324 1.438072611 
4.007702746 1.443531596 

1.333749696 2.308150991 
1.533253021 2.475311938 

1.333749696 2.308150991 
1.570318674 2.071575294 

0.7693556047 8.103348966 
0.6371484959 7.984378506 

7.306245702 6.123711485 
7.409033279 6.160329109 

4.196077755 2.326833967 
4.434564605 2.696996468 

4.169810498 1.934819777 
4.27128014 2.129015567 

2.456864944 0.7159720028 
2.457076791 0.5474947544 

0.9710113507 7.463817186 
1.254279066 7.442934435 

5.049880338 6.599593817 
4.908127863 6.885912049 

1.133663623 9.29531068 
1.380100789 8.67541955 

3.474528604 0.4954691003 
3.332272719 0.5173855092 

4.524351541 6.962348701 
4.362173258 6.640595653 

0.9593160475 6.981471186 
0.8036353333 7.181926913 

2.594148254 7.599589312 
2.755314894 7.575179397 

7.189058996 6.294987272 
7.409033279 6.160329109 

2.367762252 8.324353096 
2.146986622 8.340272438 

2.061145032 8.49434478 
2.146986622 8.340272438 

6.989653837 8.033731279 
6.909136147 7.807036325 

0.4107645701 6.740701656 
0.7162428593 6.623289382 

0.7693556047 8.103348966 
0.7201539194 8.325422699 

0.7201539194 8.325422699 
0.7359088171 8.529623739 

6.275362435 5.643636013 
6.616911262 5.663927525 

7.277760273 7.768036109 
7.203064406 7.544421353 

1.252616596 8.754921364 
1.380100789 8.67541955 

3.285922997 3.902010328 
3.542949549 3.855972674 

3.739365308 3.987042048 
3.542949549 3.855972674 

5.753673192 7.771751421 
5.810342728 7.58828004 

1.109768581 8.053916935 
0.8567696339 7.867716619 

1.252616596 8.754921364 
1.046025512 8.69741197 

2.13382334 7.755532296 
2.235729982 8.074090656 

4.296589193 7.286544414 
3.980664895 7.446858484 

3.720754814 7.516818165 
3.980664895 7.446858484 

2.525011489 1.970164728 
2.68400741 1.802936742 

2.13382334 7.755532296 
2.203070396 7.704903149 

2.403831489 7.687421029 
2.203070396 7.704903149 

3.212687207 0.8951044128 
3.264607417 1.123660976 

6.310484855 7.990582094 
6.468311602 8.210797919 

6.297233701 4.78527007 
6.157617817 5.059030674 

2.906872892 7.742789506 
3.010527772 7.918314578 

3.07002197 8.05829098 
3.010527772 7.918314578 

2.352311526 7.907491062 
2.203070396 7.704903149 

6.725920199 6.525318572 
6.581281879 6.449235514 

4.080429225 7.608561964 
3.980664895 7.446858484 

6.581281879 6.449235514 
6.606277085 6.688252766 

6.275362435 5.643636013 
6.020264903 5.873301978 

5.821506161 6.085386152 
6.020264903 5.873301978 

2.352311526 7.907491062 
2.403831489 7.687421029 

0.7761054631 6.386077772 
1.044831942 6.376955159 

2.424224158 2.188444796 
2.4771264 2.344741805 

5.358286287 6.685612865 
5.621928866 6.744389951 

2.755314894 7.575179397 
2.906872892 7.742789506 

2.705861651 7.971390439 
3.010527772 7.918314578 

4.198113275 6.251417103 
4.545550356 6.120231643 

6.79833055 6.810571551 
6.865676795 6.699690324 

6.951212927 6.605417017 
6.865676795 6.699690324 

4.198113275 6.251417103 
4.250623256 6.47787275 

4.362173258 6.640595653 
4.250623256 6.47787275 

5.728884433 7.048973978 
5.675262157 6.892777241 

5.946957081 6.781570603 
5.675262157 6.892777241 

7.409033279 6.160329109 
7.474286063 6.228507399 

7.086073459 5.377792861 
7.461060224 5.485126145 

2.446398923 3.245853718 
2.384076303 2.928894942 

3.364664874 0.7104278751 
3.58680743 0.7903337662 

4.852202562 5.420394642 
5.162215475 5.435175617 

4.983562464 8.043517018 
5.145207515 7.618693413 

4.196077755 2.326833967 
4.29532009 2.209370043 

4.27128014 2.129015567 
4.29532009 2.209370043 

2.324345859 7.376004713 
2.111155276 7.24889341 

5.490454601 6.041069762 
5.243084158 6.014937201 

5.088293966 5.93355305 
5.243084158 6.014937201 

7.086073459 5.377792861 
7.028582754 5.513960701 

6.939775725 5.653373163 
7.028582754 5.513960701 

3.996801421 3.089581686 
4.148999077 2.878728018 

6.549159535 6.905655825 
6.220152662 6.731577725 

7.258400873 6.529492451 
7.166994244 6.664416813 

6.058314423 6.335547961 
5.863333554 6.409413322 

5.747113671 6.524152488 
5.863333554 6.409413322 

6.122393781 5.957243408 
6.020264903 5.873301978 

1.949612272 6.151063641 
1.79406329 6.027532729 

2.352311526 7.907491062 
2.445442654 8.046714945 

1.308231838 7.740324106 
1.297507197 7.981661937 

4.454141225 1.325528744 
4.358849284 1.185097927 

5.13764806 4.806466573 
5.040652254 5.178655762 

5.922703621 6.538973071 
5.863333554 6.409413322 

1.800159582 2.173116096 
1.570318674 2.071575294 

0.9593160475 6.981471186 
0.6928675405 6.870374797 

6.903274337 6.334012337 
6.581281879 6.449235514 

0.5650978466 8.622290056 
0.6590468037 8.555787254 

0.7359088171 8.529623739 
0.6590468037 8.555787254 

1.758708007 9.292198469 
1.703835919 9.169520456 

1.594126104 9.065832605 
1.703835919 9.169520456 

3.667888339 7.893541304 
3.533988443 8.345437495 

1.578564652 7.4829239 
1.791851468 7.594836629 

1.895338591 7.680997688 
1.791851468 7.594836629 

1.979746996 3.346583809 
1.945872774 3.449861448 

1.325355854 6.582401118 
1.108529141 6.569139795 

1.512843741 8.393365222 
1.642852442 8.310038898 

2.423665314 6.2467827 
2.204023612 6.026700556 

4.852202562 5.420394642 
5.040652254 5.178655762 

3.332272719 0.5173855092 
3.383755911 0.3749814835 

1.661893135 1.388849658 
1.923185389 1.318561256 

2.070505705 1.351691726 
1.923185389 1.318561256 

2.061145032 8.49434478 
1.646666358 8.564991063 

1.109768581 8.053916935 
1.297507197 7.981661937 

1.845001762 6.307005808 
2.005774806 6.348495705 

1.923744419 1.516822753 
1.923185389 1.318561256 

5.728884433 7.048973978 
5.868729027 7.090909689 

1.800159582 2.173116096 
1.633197195 2.194219398 

4.091826053 0.5959983481 
4.095096866 0.7434830037 

4.117366918 0.8286262381 
4.095096866 0.7434830037 

3.285922997 3.902010328 
3.3690513 3.706383372 

3.222948102 3.523953713 
3.3690513 3.706383372 

5.575301177 7.975570256 
5.440801628 8.161226001 

0.7162428593 6.623289382 
0.7848255726 6.555338116 

2.959257897 1.756975585 
2.68400741 1.802936742 

7.154330028 5.927878486 
7.235267911 5.723503906 

2.097834377 3.493701321 
2.046737853 3.457449508 

1.979746996 3.346583809 
2.046737853 3.457449508 

2.976171531 3.387031644 
2.808876498 3.549891681 

5.188646503 6.422603804 
5.243084158 6.014937201 

3.364664874 0.7104278751 
3.332272719 0.5173855092 

6.549159535 6.905655825 
6.374133745 6.686203549 

6.389091411 6.452337209 
6.374133745 6.686203549 

3.517837176 2.626513174 
3.310044893 2.389658641 

3.331331931 2.215404646 
3.310044893 2.389658641 

3.300662888 8.89975102 
2.873207749 8.691505009 

2.499059482 8.577701847 
2.873207749 8.691505009 

3.751956329 1.434354756 
3.627384509 1.603572476 

3.56926777 1.773436502 
3.627384509 1.603572476 

5.179997658 8.08968895 
5.143945404 7.899767206 

2.046631609 7.669941524 
2.088581803 7.557146234 

1.907948133 2.86928632 
1.711204449 2.724419048 

2.824036957 1.563531291 
2.864525243 1.418747698 

6.549159535 6.905655825 
6.417722955 6.845427314 

6.260258051 6.912679382 
6.417722955 6.845427314 

3.938091549 2.559783067 
4.196077755 2.326833967 

3.938091549 2.559783067 
3.702899973 2.343000877 

3.630703127 2.076169505 
3.702899973 2.343000877 

2.373104495 0.8918056386 
2.394880452 0.6896312499 

3.222948102 3.523953713 
3.190743957 3.627130066 

2.457076791 0.5474947544 
2.394880452 0.6896312499 

1.6636046 6.400529082 
1.325355854 6.582401118 

1.617468252 6.652969323 
1.817190721 6.738337395 

1.876661857 7.451936248 
1.724598689 7.354266363 

5.145207515 7.618693413 
4.962360015 7.648321416 

7.235267911 5.723503906 
7.303889201 5.622867131 

3.731194235 8.550383542 
3.72144305 8.259258775 

3.667888339 7.893541304 
3.72144305 8.259258775 

1.633197195 2.194219398 
1.643320094 2.293061594 

5.900686461 5.553837057 
5.713511655 5.625429227 

3.331331931 2.215404646 
3.419003907 2.082458415 

7.474286063 6.228507399 
7.531169223 6.216267949 

2.728857678 2.099363865 
2.720692147 2.264719992 

2.857394794 2.447454753 
2.720692147 2.264719992 

5.946957081 6.781570603 
5.73727072 6.652961388 

5.582687702 6.487799165 
5.73727072 6.652961388 

4.193281806 5.894330497 
4.812713202 5.978956408 

5.490454601 6.041069762 
4.812713202 5.978956408 

2.452488919 7.012352888 
2.403064978 7.223634713 

2.324345859 7.376004713 
2.403064978 7.223634713 

3.358183079 7.005663787 
3.367582949 7.227952213 

4.751653187 5.6394149 
4.812713202 5.978956408 

6.310484855 7.990582094 
6.209775563 8.00574424 

2.215206722 3.636812976 
2.005403443 3.457829185 

4.040058052 3.833228322 
4.266748344 3.571562246 

4.543575136 3.356337605 
4.266748344 3.571562246 

3.720248966 3.007823015 
3.629846677 3.253889294 

4.868125093 5.824923576 
4.812713202 5.978956408 

6.944127954 7.065675141 
7.064230382 6.937268892 

5.747113671 6.524152488 
5.73727072 6.652961388 

1.365199298 9.074167336 
1.365913941 9.173802943 

1.404207403 2.713850188 
1.507534191 2.607954262 

1.533253021 2.475311938 
1.507534191 2.607954262 

3.530817422 2.252319762 
3.702899973 2.343000877 

6.502241757 5.245979625 
6.741383575 5.132209285 

2.705861651 7.971390439 
2.52564985 7.940919278 

2.352311526 7.907491062 
2.52564985 7.940919278 

6.090873038 6.594484715 
5.985317408 6.597678325 

5.922703621 6.538973071 
5.985317408 6.597678325 

4.169810498 1.934819777 
3.964407541 1.86795216 

7.461060224 5.485126145 
7.356677674 5.58110573 

7.303889201 5.622867131 
7.356677674 5.58110573 

6.989653837 8.033731279 
7.092000391 7.880278355 

3.45371476 1.630854279 
3.292136713 1.455897335 

3.167834527 1.331163738 
3.292136713 1.455897335 

2.762999515 8.845604691 
2.873207749 8.691505009 

5.179997658 8.08968895 
5.28800963 8.117828638 

4.524351541 6.962348701 
4.314318497 7.006675283 

6.194938002 7.360437235 
6.401050463 7.288007398 

2.785519475 8.460893379 
2.873207749 8.691505009 

1.972563422 8.219580053 
2.146986622 8.340272438 

7.620210605 6.720740127 
7.620739431 6.847561351 

1.380100789 8.67541955 
1.512843741 8.393365222 

3.409208823 1.847409307 
3.419003907 2.082458415 

1.972563422 8.219580053 
1.909802959 8.443082799 

2.755314894 7.575179397 
2.759815952 7.448301998 

5.690078897 7.353894282 
5.677306814 7.553362174 

5.587804696 7.689090859 
5.677306814 7.553362174 

3.934348822 6.838717229 
4.130072695 6.73130918 

4.362173258 6.640595653 
4.130072695 6.73130918 

2.755289258 0.8153693886 
2.795886962 0.9559723916 

1.380100789 8.67541955 
1.315034925 8.427844503 

0.7131173426 7.607110316 
0.434350568 7.468455186 

1.876661857 7.451936248 
1.791851468 7.594836629 

2.18969761 9.194852546 
2.395746229 9.326039896 

2.642643617 9.476437392 
2.395746229 9.326039896 

2.357755973 1.343759039 
2.627593505 1.582804812 

2.959257897 1.756975585 
2.627593505 1.582804812 

6.220152662 6.731577725 
6.374133745 6.686203549 

5.049880338 6.599593817 
5.125238107 6.723132247 

5.358286287 6.685612865 
5.125238107 6.723132247 

5.254389936 7.71902349 
5.145207515 7.618693413 

2.256429094 0.6550867044 
2.078912757 0.7158862883 

1.930723269 6.87842785 
1.817190721 6.738337395 

0.5214616675 7.670322082 
0.5166385492 7.564667637 

0.434350568 7.468455186 
0.5166385492 7.564667637 

2.054077381 5.918190911 
2.293828963 5.896723502 

1.640602242 3.280794991 
1.865545947 3.404465622 

2.005403443 3.457829185 
1.865545947 3.404465622 

3.367582949 7.227952213 
3.436992281 7.31991457 

3.221950287 2.901506457 
3.33975028 2.668159407 

3.517837176 2.626513174 
3.33975028 2.668159407 

3.533988443 8.345437495 
3.72144305 8.259258775 

3.092115746 6.323390812 
3.121504516 6.41100473 

2.384076303 2.928894942 
2.576955231 2.901374936 

2.733580117 2.854455794 
2.576955231 2.901374936 

4.58453668 7.245867561 
4.314318497 7.006675283 

4.810340686 7.429299994 
4.713460064 7.310787989 

1.639808108 7.017860988 
1.729223391 7.234629128 

1.876661857 7.451936248 
1.729223391 7.234629128 

4.868125093 5.824923576 
5.021689734 5.682654304 

5.162215475 5.435175617 
5.021689734 5.682654304 

2.904147449 2.257787606 
2.720692147 2.264719992 

1.308231838 7.740324106 
0.8313791544 7.993457102 

5.810342728 7.58828004 
5.677306814 7.553362174 

2.452488919 7.012352888 
2.291193552 7.1099257 

1.382811105 7.23754758 
1.146355756 7.154166053 

4.558958493 3.131399953 
4.662947712 3.059452149 

2.795886962 0.9559723916 
2.842647793 0.8693236769 

2.985668771 0.7828158477 
2.842647793 0.8693236769 

3.383755911 0.3749814835 
3.269237375 0.3514825076 

0.9593160475 6.981471186 
1.003064185 6.768331322 

1.922307679 1.708307932 
1.74838274 1.817304041 

1.545569041 1.762803921 
1.74838274 1.817304041 

6.885212633 5.372957432 
7.028582754 5.513960701 

3.938091549 2.559783067 
3.765386879 2.777958761 

3.720248966 3.007823015 
3.765386879 2.777958761 

5.73727072 6.652961388 
5.621928866 6.744389951 

1.669629219 7.864643294 
1.890886012 7.89753107 

4.193281806 5.894330497 
4.504185749 5.765385216 

4.751653187 5.6394149 
4.504185749 5.765385216 

0.604932572 7.330281221 
0.7112920677 7.278915205 

0.8036353333 7.181926913 
0.7112920677 7.278915205 

1.661893135 1.388849658 
1.803287596 1.412801613 

1.923744419 1.516822753 
1.803287596 1.412801613 

1.724598689 7.354266363 
1.729223391 7.234629128 

3.191874636 1.879871559 
3.130276716 2.045675811 

3.135721604 2.170301252 
3.130276716 2.045675811 

4.314318497 7.006675283 
4.130072695 6.73130918 

1.044831942 6.376955159 
1.114381688 6.292182291 

3.075440996 2.497011712 
3.33975028 2.668159407 

1.109768581 8.053916935 
0.8313791544 7.993457102 

6.468311602 8.210797919 
6.287138278 8.113083968 

1.758708007 9.292198469 
1.483308372 9.281507348 

2.808876498 3.549891681 
2.732519783 3.618235225 

5.438252741 7.67113779 
5.254389936 7.71902349 

5.509425972 4.773542082 
5.623926991 4.628353623 

7.551549774 6.493718644 
7.474286063 6.228507399 

7.196519781 7.075919284 
6.944127954 7.065675141 

2.752446154 9.138917086 
2.651233394 9.144621764 

6.616911262 5.663927525 
6.939775725 5.653373163 

2.859188447 6.654645095 
2.70744649 6.616936445 

2.63912044 2.656519086 
2.576955231 2.901374936 

7.412532535 6.653103524 
7.551549774 6.493718644 

2.088581803 7.557146234 
2.240659682 7.504717836 

2.131894471 2.106447273 
1.90171823 1.984821662 

6.725920199 6.525318572 
6.865676795 6.699690324 

5.162215475 5.435175617 
5.040652254 5.178655762 

7.196519781 7.075919284 
7.080046084 7.16941705 

7.064230382 6.937268892 
7.080046084 7.16941705 

5.946957081 6.781570603 
5.985317408 6.597678325 

5.440801628 8.161226001 
5.356033841 8.144679368 

5.28800963 8.117828638 
5.356033841 8.144679368 

7.341988456 7.308239776 
7.527172852 6.965934596 

7.341988456 7.308239776 
7.242898062 7.452555584 

1.945872774 3.449861448 
2.005403443 3.457829185 

2.309438859 2.431873006 
2.486504439 2.552485028 

2.63912044 2.656519086 
2.486504439 2.552485028 

3.731194235 8.550383542 
3.610775812 8.496094184 

2.499059482 8.577701847 
2.644044198 8.728550266 

2.762999515 8.845604691 
2.644044198 8.728550266 

4.358849284 1.185097927 
4.351690228 1.04485026 

5.490831468 7.019783533 
5.2324068 7.242195931 

5.946957081 6.781570603 
5.771599637 6.867060122 

3.121504516 6.41100473 
3.19881155 6.428217119 

6.715501203 7.955925324 
6.872865225 7.980292066 

6.989653837 8.033731279 
6.872865225 7.980292066 

1.483308372 9.281507348 
1.365913941 9.173802943 

3.285922997 3.902010328 
3.46518442 3.584421667 

6.903274337 6.334012337 
6.951212927 6.605417017 

4.196077755 2.326833967 
4.558508004 2.054197314 

4.931527477 1.702098095 
4.558508004 2.054197314 

4.553793511 1.823685072 
4.660576632 1.695330479 

4.555021079 1.615446284 
4.660576632 1.695330479 

6.686141789 6.126065425 
6.613460235 6.28874801 

6.581281879 6.449235514 
6.613460235 6.28874801 

3.517837176 2.626513174 
3.712517884 2.618226572 

3.45371476 1.630854279 
3.627384509 1.603572476 

3.009192987 2.729212961 
3.068525825 2.652371989 

3.075440996 2.497011712 
3.068525825 2.652371989 

2.68400741 1.802936742 
2.627593505 1.582804812 

1.852870972 8.853494346 
2.05387719 9.06713617 

2.18969761 9.194852546 
2.05387719 9.06713617 

2.291193552 7.1099257 
2.403064978 7.223634713 

1.404207403 2.713850188 
1.550130822 2.695616387 

1.711204449 2.724419048 
1.550130822 2.695616387 

3.220625196 2.112187336 
3.289720609 2.124838099 

3.419003907 2.082458415 
3.289720609 2.124838099 

6.389091411 6.452337209 
6.581281879 6.449235514 

2.525011489 1.970164728 
2.142831457 1.670343609 

3.390042482 6.458742858 
3.254976945 6.439575519 

3.19881155 6.428217119 
3.254976945 6.439575519 

6.686141789 6.126065425 
6.985361353 5.883374627 

5.771599637 6.867060122 
5.675262157 6.892777241 

3.835428611 7.157094202 
3.980664895 7.446858484 

6.389091411 6.452337209 
6.173763665 6.55349584 

6.090873038 6.594484715 
6.173763665 6.55349584 

6.335423292 6.144278368 
6.389091411 6.452337209 

1.661893135 1.388849658 
1.869893705 1.499325142 

2.142831457 1.670343609 
1.869893705 1.499325142 

6.287138278 8.113083968 
6.189785406 8.108140318 

3.130276716 2.045675811 
3.220625196 2.112187336 

3.300662888 8.89975102 
3.170073611 8.623551432 

3.125019701 8.307701755 
3.170073611 8.623551432 

4.545550356 6.120231643 
4.812713202 5.978956408 

3.46518442 3.584421667 
3.3690513 3.706383372 

2.215206722 3.636812976 
2.370370332 3.420132226 

6.335423292 6.144278368 
6.244371938 6.062076645 

6.122393781 5.957243408 
6.244371938 6.062076645 

1.945872774 3.449861448 
1.865545947 3.404465622 

6.068635022 8.170141946 
6.143111421 8.074361172 

6.209775563 8.00574424 
6.143111421 8.074361172 

3.474528604 0.4954691003 
3.383755911 0.3749814835 

3.474528604 0.4954691003 
3.439076026 0.5890387478 

3.364664874 0.7104278751 
3.439076026 0.5890387478 

6.468311602 8.210797919 
6.552299438 8.237521194 

5.435631691 5.702380625 
5.243084158 6.014937201 

2.499059482 8.577701847 
2.310217673 8.532906351 

2.061145032 8.49434478 
2.310217673 8.532906351 

3.191874636 1.879871559 
3.031958599 1.561227536 

6.309121564 5.436048112 
6.275362435 5.643636013 

5.863333554 6.409413322 
5.694521006 6.237648505 

7.461060224 5.485126145 
7.224394734 5.653320559 

6.985361353 5.883374627 
7.224394734 5.653320559 

6.06341232 7.883344605 
6.209775563 8.00574424 

2.894838286 6.815552988 
2.93595442 7.010320322 

3.712517884 2.618226572 
3.619768619 2.522843604 

6.310484855 7.990582094 
6.287138278 8.113083968 

4.545550356 6.120231643 
4.593728787 6.3119796 

4.659051164 6.480541495 
4.593728787 6.3119796 

6.374133745 6.686203549 
6.417722955 6.845427314 

0.7131173426 7.607110316 
0.5315583068 7.905459212 

3.712517884 2.618226572 
3.765386879 2.777958761 

4.080429225 7.608561964 
4.197757571 7.429091888 

4.296589193 7.286544414 
4.197757571 7.429091888 

0.5315583068 7.905459212 
0.6371484959 7.984378506 

5.900686461 5.553837057 
5.940712887 5.717949923 

6.020264903 5.873301978 
5.940712887 5.717949923 

1.646666358 8.564991063 
1.380100789 8.67541955 

1.876661857 7.451936248 
2.088581803 7.557146234 

1.545569041 1.762803921 
1.744271854 1.901859223 

1.90171823 1.984821662 
1.744271854 1.901859223 

3.409208823 1.847409307 
3.56926777 1.773436502 

7.196519781 7.075919284 
7.335099738 7.019477773 

7.527172852 6.965934596 
7.335099738 7.019477773 

5.162215475 5.435175617 
5.292049836 5.544935624 

6.06341232 7.883344605 
6.143111421 8.074361172 

1.382811105 7.23754758 
1.290151247 7.348728439 

1.254279066 7.442934435 
1.290151247 7.348728439 

3.937953066 2.160451246 
3.702899973 2.343000877 

2.376493021 8.864432269 
2.601235655 8.907467191 

1.483308372 9.281507348 
1.364097609 9.261894151 

3.352675297 7.541127597 
3.56033468 7.503929935 

3.720754814 7.516818165 
3.56033468 7.503929935 

2.357755973 1.343759039 
2.142831457 1.670343609 

4.375010187 7.634920264 
4.197757571 7.429091888 

4.794738057 2.413804705 
4.867653932 2.477304038 

5.030184093 2.543593456 
4.867653932 2.477304038 

2.357755973 1.343759039 
2.277984043 1.495383355 

1.923744419 1.516822753 
1.869893705 1.499325142 

3.168322016 0.2939360451 
3.255633867 0.2320543459 

3.269237375 0.3514825076 
3.255633867 0.2320543459 

4.660576632 1.695330479 
4.716741189 1.823524692 

5.694521006 6.237648505 
5.791040918 6.194054544 

5.821506161 6.085386152 
5.791040918 6.194054544 

6.157617817 5.059030674 
6.020609809 4.825353458 

6.157617817 5.059030674 
6.126306828 5.184281643 

6.135453467 5.334570213 
6.126306828 5.184281643 

3.244705468 6.291680013 
3.170278173 6.211434799 

3.937953066 2.160451246 
3.897351506 2.02734591 

3.964407541 1.86795216 
3.897351506 2.02734591 

1.871818957 1.062937196 
1.756686653 1.179868568 

3.090650472 8.716064505 
3.170073611 8.623551432 

2.752446154 9.138917086 
3.014593079 9.094465203 

6.06341232 7.883344605 
6.190915223 7.583829068 

1.640602242 3.280794991 
1.772418046 3.070515386 

1.907948133 2.86928632 
1.772418046 3.070515386 

2.935025856 2.037867843 
3.130276716 2.045675811 

2.309438859 2.431873006 
2.357678171 2.372387616 

2.4771264 2.344741805 
2.357678171 2.372387616 

4.593728787 6.3119796 
4.731852785 6.299336448 

2.705861651 7.971390439 
2.563043907 7.832339537 

2.403831489 7.687421029 
2.563043907 7.832339537 

5.040652254 5.178655762 
4.831199429 5.150027248 

2.308754025 6.408089351 
2.285492333 6.281744135 

3.289720609 2.124838099 
3.331331931 2.215404646 

2.935025856 2.037867843 
3.012076502 2.231767188 

3.087035612 2.332477471 
3.012076502 2.231767188 

6.944127954 7.065675141 
7.020250938 7.08068858 

7.080046084 7.16941705 
7.020250938 7.08068858 

4.852202562 5.420394642 
4.756606101 5.367544003 

2.046240412 8.830040187 
2.05387719 9.06713617 

7.531169223 6.216267949 
7.576158173 6.244801885 

1.297507197 7.981661937 
1.439289729 7.925537115 

1.467856753 8.016445436 
1.439289729 7.925537115 

1.488059978 5.901432888 
1.646208984 6.060181431 

1.712739525 6.169873153 
1.646208984 6.060181431 

5.490454601 6.041069762 
5.347325527 6.19519892 

4.454141225 1.325528744 
4.281424979 1.5803334 

1.979746996 3.346583809 
1.865545947 3.404465622 

3.221950287 2.901506457 
3.068525825 2.652371989 

2.456864944 0.7159720028 
2.394880452 0.6896312499 

6.502241757 5.245979625 
6.48583331 4.987306606 

1.699859495 8.160662739 
1.855526674 8.193815684 

1.972563422 8.219580053 
1.855526674 8.193815684 

6.917547158 5.984903476 
6.985361353 5.883374627 

5.243084158 6.014937201 
5.347325527 6.19519892 

3.610775812 8.496094184 
3.567624851 8.427018397 

3.533988443 8.345437495 
3.567624851 8.427018397 

2.373104495 0.8918056386 
2.356722659 1.186795264 

2.357755973 1.343759039 
2.356722659 1.186795264 

3.300662888 8.89975102 
3.163120192 8.978927598 

3.014593079 9.094465203 
3.163120192 8.978927598 

3.743941136 0.8894820918 
3.93184304 0.7693918402 

1.108529141 6.569139795 
1.044831942 6.376955159 

5.347325527 6.19519892 
5.177665905 6.233086582 

2.457076791 0.5474947544 
2.557070458 0.5191196523 

2.167075299 6.706063689 
2.018106134 6.793855753 

1.930723269 6.87842785 
2.018106134 6.793855753 

3.3690513 3.706383372 
3.542949549 3.855972674 

6.220152662 6.731577725 
6.173763665 6.55349584 

2.424224158 2.188444796 
2.431401715 2.057685556 

2.525011489 1.970164728 
2.431401715 2.057685556 

2.423665314 6.2467827 
2.327230915 6.24813144 

2.285492333 6.281744135 
2.327230915 6.24813144 

3.630703127 2.076169505 
3.897351506 2.02734591 

6.051984548 7.069958685 
5.960873758 7.107769314 

5.868729027 7.090909689 
5.960873758 7.107769314 

6.335423292 6.144278368 
6.422656675 6.037668119 

3.332272719 0.5173855092 
3.439076026 0.5890387478 

2.291193552 7.1099257 
2.182048131 7.160717845 

2.111155276 7.24889341 
2.182048131 7.160717845 

2.445442654 8.046714945 
2.52564985 7.940919278 

2.499059482 8.577701847 
2.636451124 8.475877963 

5.435631691 5.702380625 
5.713511655 5.625429227 

1.639808108 7.017860988 
1.681463786 7.459747469 

1.669629219 7.864643294 
1.681463786 7.459747469 

6.237896067 5.860557628 
6.020264903 5.873301978 

1.315034925 8.427844503 
1.38588145 8.278471015 

1.417759178 8.126333697 
1.38588145 8.278471015 

1.669629219 7.864643294 
1.791851468 7.594836629 

6.903274337 6.334012337 
6.613460235 6.28874801 

1.133663623 9.29531068 
1.28051228 9.232113202 

1.365913941 9.173802943 
1.28051228 9.232113202 

0.7559336792 8.816944367 
0.9160539825 8.741459019 

1.046025512 8.69741197 
0.9160539825 8.741459019 

1.570318674 2.071575294 
1.633197195 2.194219398 

6.686141789 6.126065425 
6.559185298 6.091367848 

1.756686653 1.179868568 
1.923185389 1.318561256 

2.732519783 3.618235225 
2.650909485 3.672373372 

7.064230382 6.937268892 
7.020250938 7.08068858 

3.352675297 7.541127597 
3.138070124 7.624395773 

2.906872892 7.742789506 
3.138070124 7.624395773 

1.909802959 8.443082799 
1.998090669 8.422869876 

2.061145032 8.49434478 
1.998090669 8.422869876 

3.103852071 7.04200282 
2.93595442 7.010320322 

4.756606101 5.367544003 
4.687912018 5.336559785 

3.45371476 1.630854279 
3.442060351 1.721817662 

3.409208823 1.847409307 
3.442060351 1.721817662 

5.021689734 5.682654304 
5.20544199 5.685028323 

5.2324068 7.242195931 
5.16861987 7.445241214 

5.145207515 7.618693413 
5.16861987 7.445241214 

6.275362435 5.643636013 
6.06779346 5.621137862 

3.530817422 2.252319762 
3.331331931 2.215404646 

5.030184093 2.543593456 
5.071587671 2.342835118 

5.081319065 2.125002392 
5.071587671 2.342835118 

1.578564652 7.4829239 
1.681463786 7.459747469 

3.031958599 1.561227536 
2.864525243 1.418747698 

4.751653187 5.6394149 
4.916161796 5.407999241 

3.739365308 3.987042048 
3.893677387 3.86897578 

4.040058052 3.833228322 
3.893677387 3.86897578 

5.946957081 6.781570603 
5.960873758 7.107769314 

3.763745237 1.810440862 
3.840214237 1.713402153 

3.91815027 1.590613987 
3.840214237 1.713402153 

1.617468252 6.652969323 
1.599260339 6.889272899 

1.639808108 7.017860988 
1.599260339 6.889272899 

1.297507197 7.981661937 
1.467856753 8.016445436 

1.876661857 7.451936248 
1.681463786 7.459747469 

3.331715553 8.005497508 
3.138070124 7.624395773 

1.876661857 7.451936248 
1.950907721 7.57810237 

2.046631609 7.669941524 
1.950907721 7.57810237 

4.687912018 5.336559785 
4.631539629 5.318868507 

1.254279066 7.442934435 
1.308231838 7.740324106 

1.79406329 6.027532729 
1.682627821 5.995580418 

1.488059978 5.901432888 
1.682627821 5.995580418 

4.916161796 5.407999241 
4.852202562 5.420394642 

6.058314423 6.335547961 
6.173763665 6.55349584 

2.142831457 1.670343609 
2.354233619 1.727958208 

6.606277085 6.688252766 
6.374133745 6.686203549 

1.014379319 7.642988817 
1.042171589 7.848414902 

1.109768581 8.053916935 
1.042171589 7.848414902 

2.536478066 9.128783927 
2.593856292 9.189312867 

2.651233394 9.144621764 
2.593856292 9.189312867 

5.728884433 7.048973978 
5.771599637 6.867060122 

2.70744649 6.616936445 
2.752381792 6.540649719 

2.78623507 6.470074518 
2.752381792 6.540649719 

6.903274337 6.334012337 
6.884066956 6.117372028 

6.917547158 5.984903476 
6.884066956 6.117372028 

5.088293966 5.93355305 
4.812713202 5.978956408 

6.909136147 7.807036325 
6.872865225 7.980292066 

1.890886012 7.89753107 
1.975458818 7.974709876 

2.025151157 8.045180025 
1.975458818 7.974709876 

2.559543136 5.862902722 
2.494433878 5.938829834 

2.48005221 6.001949876 
2.494433878 5.938829834 

2.904147449 2.257787606 
3.012076502 2.231767188 

3.835428611 7.157094202 
4.073082518 7.200544163 

4.296589193 7.286544414 
4.073082518 7.200544163 

1.950907721 7.57810237 
1.895338591 7.680997688 

2.636451124 8.475877963 
2.752138325 8.249692455 

0.8313791544 7.993457102 
0.8567696339 7.867716619 

4.454141225 1.325528744 
4.289265247 1.38320669 

4.124917324 1.438072611 
4.289265247 1.38320669 

5.922703621 6.538973071 
5.839344547 6.492927735 

5.747113671 6.524152488 
5.839344547 6.492927735 

3.996801421 3.089581686 
4.169593595 3.074685176 

4.334996628 3.092029494 
4.169593595 3.074685176 

2.167075299 6.706063689 
1.972187136 6.729692603 

1.817190721 6.738337395 
1.972187136 6.729692603 

1.724598689 7.354266363 
1.681463786 7.459747469 

1.578564652 7.4829239 
1.635824737 7.375022268 

1.724598689 7.354266363 
1.635824737 7.375022268 

2.215206722 3.636812976 
2.097834377 3.493701321 

2.553992517 3.82135916 
2.423297076 3.674188838 

2.088581803 7.557146234 
1.950907721 7.57810237 

6.401050463 7.288007398 
6.509992456 7.369956237 

6.601452421 7.456826849 
6.509992456 7.369956237 

1.545569041 1.762803921 
1.661893135 1.388849658 

6.686141789 6.126065425 
6.884066956 6.117372028 

1.570318674 2.071575294 
1.589516996 1.911951188 

5.660134007 4.950282154 
5.664219053 4.831347349 

3.135721604 2.170301252 
3.012076502 2.231767188 

6.297233701 4.78527007 
6.360125023 4.878900417 

7.154330028 5.927878486 
6.985361353 5.883374627 

6.741383575 5.132209285 
6.93363646 5.155322751 

5.791040918 6.194054544 
5.863333554 6.409413322 

7.341988456 7.308239776 
7.434332001 6.902469668 

7.551549774 6.493718644 
7.434332001 6.902469668 

0.7131173426 7.607110316 
0.5166385492 7.564667637 

6.058314423 6.335547961 
6.244371938 6.062076645 

2.679897532 7.308698859 
2.726010488 7.386020904 

2.759815952 7.448301998 
2.726010488 7.386020904 

2.68400741 1.802936742 
2.753560225 1.640404379 

2.824036957 1.563531291 
2.753560225 1.640404379 

4.931527477 1.702098095 
4.792537944 1.744990951 

4.660576632 1.695330479 
4.792537944 1.744990951 

1.133663623 9.29531068 
1.263075352 9.318580353 

1.364097609 9.261894151 
1.263075352 9.318580353 

3.630703127 2.076169505 
3.937953066 2.160451246 

2.63912044 2.656519086 
2.538376369 2.794874151 

2.384076303 2.928894942 
2.538376369 2.794874151 

2.959257897 1.756975585 
2.753560225 1.640404379 

3.390042482 6.458742858 
3.346964517 6.751657206 

3.358183079 7.005663787 
3.346964517 6.751657206 

7.640236025 6.099678701 
7.602703705 6.181686468 

7.576158173 6.244801885 
7.602703705 6.181686468 

7.412532535 6.653103524 
7.620210605 6.720740127 

3.731194235 8.550383542 
3.567420111 8.293102952 

3.331715553 8.005497508 
3.567420111 8.293102952 

1.74838274 1.817304041 
1.744271854 1.901859223 

4.659051164 6.480541495 
4.818561411 6.408828581 

4.983764951 6.376999156 
4.818561411 6.408828581 

2.012824062 2.554295668 
2.079227081 2.437420385 

2.158446432 2.309763613 
2.079227081 2.437420385 

5.863333554 6.409413322 
5.839344547 6.492927735 

2.795886962 0.9559723916 
2.568897941 0.9356155689 

2.373104495 0.8918056386 
2.568897941 0.9356155689 

4.974655053 7.153926199 
5.086019674 7.265570022 

5.2324068 7.242195931 
5.086019674 7.265570022 

3.56926777 1.773436502 
3.442060351 1.721817662 

7.154330028 5.927878486 
7.069842648 5.759355455 

6.939775725 5.653373163 
7.069842648 5.759355455 

7.125819935 5.123761454 
7.018423437 5.276707101 

6.885212633 5.372957432 
7.018423437 5.276707101 

1.756686653 1.179868568 
1.721226486 1.284067043 

1.661893135 1.388849658 
1.721226486 1.284067043 

5.582689031 5.391394063 
5.653895851 5.539919258 

5.713511655 5.625429227 
5.653895851 5.539919258 

1.133663623 9.29531068 
1.191357517 9.01050029 

1.252616596 8.754921364 
1.191357517 9.01050029 

6.058314423 6.335547961 
6.049378481 6.48687262 

5.985317408 6.597678325 
6.049378481 6.48687262 

4.489972674 5.284553938 
4.573511374 5.306876544 

4.631539629 5.318868507 
4.573511374 5.306876544 

2.367762252 8.324353096 
2.310217673 8.532906351 

1.967460842 0.7940785436 
2.026215022 0.7641451462 

2.078912757 0.7158862883 
2.026215022 0.7641451462 

5.582687702 6.487799165 
5.479334784 6.57577778 

5.358286287 6.685612865 
5.479334784 6.57577778 

4.375010187 7.634920264 
4.682868216 7.82730693 

4.983562464 8.043517018 
4.682868216 7.82730693 

1.791851468 7.594836629 
1.950907721 7.57810237 

2.594148254 7.599589312 
2.719752664 7.668722259 

2.906872892 7.742789506 
2.719752664 7.668722259 

1.800159582 2.173116096 
1.90171823 1.984821662 

2.912541098 7.192792354 
2.712687749 7.131552376 

4.944836196 1.985605275 
4.716741189 1.823524692 

2.174888097 3.355211541 
1.979746996 3.346583809 

0.3177640409 8.159037341 
0.4458268683 8.031331914 

0.5315583068 7.905459212 
0.4458268683 8.031331914 

2.308754025 6.408089351 
2.327230915 6.24813144 

4.944836196 1.985605275 
4.923618214 1.859883926 

4.931527477 1.702098095 
4.923618214 1.859883926 

2.308754025 6.408089351 
2.146270738 6.37816983 

2.005774806 6.348495705 
2.146270738 6.37816983 

4.962360015 7.648321416 
5.143945404 7.899767206 

6.220152662 6.731577725 
6.271098479 6.594807149 

6.389091411 6.452337209 
6.271098479 6.594807149 

6.616911262 5.663927525 
6.422656675 6.037668119 

4.378136238 2.856427859 
4.265130506 2.836893167 

4.148999077 2.878728018 
4.265130506 2.836893167 

6.049378481 6.48687262 
6.090873038 6.594484715 

7.018423437 5.276707101 
7.086073459 5.377792861 

3.191874636 1.879871559 
3.325908085 1.965816536 

3.419003907 2.082458415 
3.325908085 1.965816536 

6.237896067 5.860557628 
6.168050035 5.896184707 

6.122393781 5.957243408 
6.168050035 5.896184707 

3.567420111 8.293102952 
3.533988443 8.345437495 

2.203070396 7.704903149 
2.240659682 7.504717836 

2.146986622 8.340272438 
2.210944145 8.200627084 

2.235729982 8.074090656 
2.210944145 8.200627084 

5.292049836 5.544935624 
5.20544199 5.685028323 

2.674150669 0.4419292719 
2.59303807 0.4661729403 

2.557070458 0.5191196523 
2.59303807 0.4661729403 

3.075440996 2.497011712 
3.143462471 2.657499677 

6.06779346 5.621137862 
5.940712887 5.717949923 

2.18969761 9.194852546 
1.985493391 9.224209538 

1.758708007 9.292198469 
1.985493391 9.224209538 

2.712687749 7.131552376 
2.615964749 7.063491826 

7.434332001 6.902469668 
7.335099738 7.019477773 

2.215206722 3.636812976 
2.318171441 3.654219793 

2.423297076 3.674188838 
2.318171441 3.654219793 

4.351690228 1.04485026 
4.371136859 0.9648546511 

3.667888339 7.893541304 
3.508539944 7.971171925 

3.331715553 8.005497508 
3.508539944 7.971171925 

6.068635022 8.170141946 
6.129098156 8.141642627 

6.189785406 8.108140318 
6.129098156 8.141642627 

7.527172852 6.965934596 
7.455520318 6.79908093 

7.412532535 6.653103524 
7.455520318 6.79908093 

2.046631609 7.669941524 
2.203070396 7.704903149 

2.650909485 3.672373372 
2.609373734 3.729498372 

0.7693556047 8.103348966 
0.55674631 8.146428122 

6.190915223 7.583829068 
6.188344776 7.48109658 

6.194938002 7.360437235 
6.188344776 7.48109658 

2.277984043 1.495383355 
2.340852779 1.595560565 

2.354233619 1.727958208 
2.340852779 1.595560565 

1.642852442 8.310038898 
1.648023622 8.437488881 

1.646666358 8.564991063 
1.648023622 8.437488881 

5.582687702 6.487799165 
5.694521006 6.237648505 

5.582687702 6.487799165 
5.721250028 6.425097203 

5.863333554 6.409413322 
5.721250028 6.425097203 

3.436992281 7.31991457 
3.394923621 7.431110837 

3.352675297 7.541127597 
3.394923621 7.431110837 

1.545569041 1.762803921 
1.688681707 1.965493959 

1.800159582 2.173116096 
1.688681707 1.965493959 

5.292049836 5.544935624 
5.382467813 5.601955936 

5.435631691 5.702380625 
5.382467813 5.601955936 

3.964407541 1.86795216 
3.840214237 1.713402153 

2.985668771 0.7828158477 
3.094128929 0.8364765566 

3.212687207 0.8951044128 
3.094128929 0.8364765566 

6.903274337 6.334012337 
7.04051321 6.300802195 

7.189058996 6.294987272 
7.04051321 6.300802195 

2.553992517 3.82135916 
2.572371189 3.766430081 

2.609373734 3.729498372 
2.572371189 3.766430081 

3.938091549 2.559783067 
3.814907521 2.588148014 

3.712517884 2.618226572 
3.814907521 2.588148014 

2.642643617 9.476437392 
2.593856292 9.189312867 

1.639808108 7.017860988 
1.785570744 6.93642317 

1.930723269 6.87842785 
1.785570744 6.93642317 

3.743941136 0.8894820918 
3.631694109 0.9478159875 

3.471389634 1.019993896 
3.631694109 0.9478159875 

0.3177640409 8.159037341 
0.4455534035 8.145291575 

0.55674631 8.146428122 
0.4455534035 8.145291575 

3.515616682 3.299798701 
3.491104489 3.441544927 

3.46518442 3.584421667 
3.491104489 3.441544927 

2.452488919 7.012352888 
2.582977567 7.167664265 

2.679897532 7.308698859 
2.582977567 7.167664265 

4.545550356 6.120231643 
4.449993475 6.095443004 

4.362478141 6.084013065 
4.449993475 6.095443004 

2.970464618 2.905173474 
3.048609078 3.088647726 

3.150525757 3.281185787 
3.048609078 3.088647726 

3.300662888 8.89975102 
3.186682289 8.825452437 

3.090650472 8.716064505 
3.186682289 8.825452437 

0.9710113507 7.463817186 
1.16170572 7.593655744 

1.308231838 7.740324106 
1.16170572 7.593655744 

2.167075299 6.706063689 
2.227811034 6.538363994 

2.308754025 6.408089351 
2.227811034 6.538363994 

2.63912044 2.656519086 
2.668440047 2.911152608 

2.367762252 8.324353096 
2.210944145 8.200627084 

2.984203888 1.314006733 
2.960393707 1.38095714 

2.864525243 1.418747698 
2.960393707 1.38095714 

4.508756846 2.393043403 
4.585997167 2.589723109 

2.615964749 7.063491826 
2.550086723 7.051007153 

2.452488919 7.012352888 
2.550086723 7.051007153 

1.014379319 7.642988817 
1.16170572 7.593655744 

1.315034925 8.427844503 
1.419118003 8.407791566 

1.512843741 8.393365222 
1.419118003 8.407791566 

3.221950287 2.901506457 
3.048609078 3.088647726 

3.143462471 2.657499677 
3.188693011 2.750129055 

7.125819935 5.123761454 
7.027984648 5.147463692 

6.93363646 5.155322751 
7.027984648 5.147463692 

0.9710113507 7.463817186 
0.8503681356 7.517003399 

0.7131173426 7.607110316 
0.8503681356 7.517003399 

3.310044893 2.389658641 
3.33975028 2.668159407 

5.747113671 6.524152488 
5.721250028 6.425097203 

4.792537944 1.744990951 
4.716741189 1.823524692 

2.054077381 5.918190911 
2.14612586 5.966388651 

2.204023612 6.026700556 
2.14612586 5.966388651 

7.527172852 6.965934596 
7.434332001 6.902469668 

1.922307679 1.708307932 
2.026338485 1.692500773 

2.142831457 1.670343609 
2.026338485 1.692500773 

3.964407541 1.86795216 
3.857893989 1.839684554 

3.763745237 1.810440862 
3.857893989 1.839684554 

2.18969761 9.194852546 
2.139652266 9.014047098 

2.046240412 8.830040187 
2.139652266 9.014047098 

2.308754025 6.408089351 
2.423665314 6.2467827 

1.640602242 3.280794991 
1.790729556 3.367569004 

1.945872774 3.449861448 
1.790729556 3.367569004 

2.668440047 2.911152608 
2.733580117 2.854455794 

6.951212927 6.605417017 
7.119900639 6.587829578 

7.258400873 6.529492451 
7.119900639 6.587829578 

4.58453668 7.245867561 
4.647074177 7.295018147 

4.713460064 7.310787989 
4.647074177 7.295018147 

6.422656675 6.037668119 
6.50685639 6.058795793 

6.559185298 6.091367848 
6.50685639 6.058795793 

2.020158375 7.034194784 
2.182048131 7.160717845 

1.247305093 6.218298341 
1.164798267 6.385193171 

1.108529141 6.569139795 
1.164798267 6.385193171 

0.7848255726 6.555338116 
0.7976451207 6.48143954 

2.020158375 7.034194784 
2.038372746 7.13756553 

2.111155276 7.24889341 
2.038372746 7.13756553 

2.894838286 6.815552988 
3.017907971 6.921931168 

3.103852071 7.04200282 
3.017907971 6.921931168 

5.623926991 4.628353623 
5.769872533 4.712296956 

5.885793072 4.748270874 
5.769872533 4.712296956 

4.198113275 6.251417103 
4.362478141 6.084013065 

4.371136859 0.9648546511 
4.407777879 0.9102176999 

1.669629219 7.864643294 
1.439289729 7.925537115 

0.3177640409 8.159037341 
0.5688506906 8.075557219 

0.8313791544 7.993457102 
0.5688506906 8.075557219 

2.146986622 8.340272438 
1.998090669 8.422869876 

6.090873038 6.594484715 
6.158271634 6.660191771 

6.220152662 6.731577725 
6.158271634 6.660191771 

2.486504439 2.552485028 
2.4771264 2.344741805 

2.636451124 8.475877963 
2.708122619 8.472310651 

2.785519475 8.460893379 
2.708122619 8.472310651 

1.247305093 6.218298341 
1.144427887 6.207793428 

2.445442654 8.046714945 
2.576677348 8.024190003 

2.705861651 7.971390439 
2.576677348 8.024190003 

4.662947712 3.059452149 
4.378136238 2.856427859 

4.860101677 2.924851146 
4.754828116 2.96745915 

2.563043907 7.832339537 
2.594148254 7.599589312 

5.900686461 5.553837057 
5.983563491 5.586371826 

6.06779346 5.621137862 
5.983563491 5.586371826 

1.382811105 7.23754758 
1.477527374 7.360862349 

1.578564652 7.4829239 
1.477527374 7.360862349 

4.983764951 6.376999156 
5.177665905 6.233086582 

2.755289258 0.8153693886 
2.842647793 0.8693236769 

7.461060224 5.485126145 
7.514446231 5.998542983 

7.551549774 6.493718644 
7.514446231 5.998542983 

2.140014138 7.421362658 
2.09380691 7.505113918 

2.088581803 7.557146234 
2.09380691 7.505113918 

5.940712887 5.717949923 
5.983563491 5.586371826 

4.553793511 1.823685072 
4.357219619 1.875364381 

4.169810498 1.934819777 
4.357219619 1.875364381 

5.188646503 6.422603804 
5.192586517 6.314693027 

5.177665905 6.233086582 
5.192586517 6.314693027 

4.091826053 0.5959983481 
4.011834547 0.6826950942 

3.93184304 0.7693918402 
4.011834547 0.6826950942 

1.545569041 1.762803921 
1.567698213 1.836891364 

1.589516996 1.911951188 
1.567698213 1.836891364 

1.852870972 8.853494346 
1.744214679 8.704136884 

1.646666358 8.564991063 
1.744214679 8.704136884 

1.325355854 6.582401118 
1.45443922 6.646290332 

5.690078897 7.353894282 
5.757109211 7.475818606 

5.810342728 7.58828004 
5.757109211 7.475818606 

2.139652266 9.014047098 
2.376493021 8.864432269 

6.549159535 6.905655825 
6.665963361 6.845523807 

6.79833055 6.810571551 
6.665963361 6.845523807 

4.754828116 2.96745915 
4.681646425 2.972545561 

2.05387719 9.06713617 
2.139652266 9.014047098 

1.617468252 6.652969323 
1.643870447 6.530915884 

1.6636046 6.400529082 
1.643870447 6.530915884 

6.48583331 4.987306606 
6.429375834 4.92143783 

6.360125023 4.878900417 
6.429375834 4.92143783 

5.040652254 5.178655762 
4.978042643 5.299479762 

4.916161796 5.407999241 
4.978042643 5.299479762 

5.677306814 7.553362174 
5.757109211 7.475818606 

0.4107645701 6.740701656 
0.5516297672 6.804365608 

0.6928675405 6.870374797 
0.5516297672 6.804365608 

7.092000391 7.880278355 
6.909136147 7.807036325 

7.092000391 7.880278355 
7.192473116 7.825557797 

7.277760273 7.768036109 
7.192473116 7.825557797 

1.247305093 6.218298341 
1.395282399 6.07525266 

5.188646503 6.422603804 
5.169422231 6.561834257 

1.263075352 9.318580353 
1.28051228 9.232113202 

1.876661857 7.451936248 
1.889573013 7.567391882 

1.895338591 7.680997688 
1.889573013 7.567391882 

2.424224158 2.188444796 
2.357678171 2.372387616 

4.983562464 8.043517018 
5.08884659 8.081285416 

1.950907721 7.57810237 
1.889573013 7.567391882 

2.452488919 7.012352888 
2.680882753 6.914792678 

2.894838286 6.815552988 
2.680882753 6.914792678 

6.271098479 6.594807149 
6.173763665 6.55349584 

2.367762252 8.324353096 
2.435407279 8.459518814 

2.499059482 8.577701847 
2.435407279 8.459518814 

3.221950287 2.901506457 
2.970464618 2.905173474 

3.221950287 2.901506457 
3.207401332 2.821462462 

3.188693011 2.750129055 
3.207401332 2.821462462 

5.690078897 7.353894282 
5.562294312 7.511632933 

5.438252741 7.67113779 
5.562294312 7.511632933 

1.646208984 6.060181431 
1.682627821 5.995580418 

3.255633867 0.2320543459 
3.317146762 0.3087002953 

3.383755911 0.3749814835 
3.317146762 0.3087002953 

2.424224158 2.188444796 
2.278085388 2.14561328 

2.131894471 2.106447273 
2.278085388 2.14561328 

2.324345859 7.376004713 
2.140014138 7.421362658 

4.868125093 5.824923576 
4.974098331 5.879897659 

5.088293966 5.93355305 
4.974098331 5.879897659 

1.114381688 6.292182291 
1.129404788 6.249987859 

1.633197195 2.194219398 
1.505408461 2.256200518 

4.483930757 0.8394932767 
4.445854318 0.8748554883 

4.407777879 0.9102176999 
4.445854318 0.8748554883 

0.7761054631 6.386077772 
0.7869425388 6.433429312 

0.7976451207 6.48143954 
0.7869425388 6.433429312 

2.976171531 3.387031644 
3.222948102 3.523953713 

4.362478141 6.084013065 
4.291230177 5.989959522 

1.129404788 6.249987859 
1.136916337 6.228890644 

1.144427887 6.207793428 
1.136916337 6.228890644 

3.409208823 1.847409307 
3.325908085 1.965816536 

5.623926991 4.628353623 
5.648188704 4.736378578 

5.664219053 4.831347349 
5.648188704 4.736378578 

3.390042482 6.458742858 
3.307099087 6.382749579 

3.244705468 6.291680013 
3.307099087 6.382749579 

7.018423437 5.276707101 
7.027984648 5.147463692 

1.014379319 7.642988817 
0.8503681356 7.517003399 

2.293828963 5.896723502 
2.414543966 5.877612973 

0.7693556047 8.103348966 
0.8313791544 7.993457102 

1.669629219 7.864643294 
1.557843982 7.988756642 

1.417759178 8.126333697 
1.557843982 7.988756642 

6.552299438 8.237521194 
6.600158661 8.233140462 

6.654539713 8.239585132 
6.600158661 8.233140462 

4.731852785 6.299336448 
4.818561411 6.408828581 

1.333749696 2.308150991 
1.428653467 2.284655383 

1.505408461 2.256200518 
1.428653467 2.284655383 

5.771599637 6.867060122 
5.622321547 6.925751089 

5.490831468 7.019783533 
5.622321547 6.925751089 

1.45443922 6.646290332 
1.599260339 6.889272899 

4.296589193 7.286544414 
4.311977854 7.158623452 

2.912541098 7.192792354 
2.922667513 7.09531127 

2.93595442 7.010320322 
2.922667513 7.09531127 

3.143462471 2.657499677 
3.068525825 2.652371989 

1.45443922 6.646290332 
1.537088484 6.650523105 

1.617468252 6.652969323 
1.537088484 6.650523105 

6.049378481 6.48687262 
6.173763665 6.55349584 

5.125238107 6.723132247 
5.147595725 6.6429966 

5.169422231 6.561834257 
5.147595725 6.6429966 

4.759037167 6.832188092 
4.711009254 6.647429847 

4.659051164 6.480541495 
4.711009254 6.647429847 

6.158271634 6.660191771 
6.271098479 6.594807149 

2.985668771 0.7828158477 
2.829634305 0.6111289678 

1.865545947 3.404465622 
1.790729556 3.367569004 

1.488059978 5.901432888 
1.463028459 5.998567392 

1.395282399 6.07525266 
1.463028459 5.998567392 

6.237896067 5.860557628 
6.253074622 5.748802665 

6.275362435 5.643636013 
6.253074622 5.748802665 

5.179997658 8.08968895 
5.134422124 8.085487183 

5.08884659 8.081285416 
5.134422124 8.085487183 

7.620739431 6.847561351 
7.573956142 6.906747973 

7.527172852 6.965934596 
7.573956142 6.906747973 

3.083326538 6.100531536 
3.126802356 6.155983167 

3.170278173 6.211434799 
3.126802356 6.155983167 

1.949612272 6.151063641 
2.054077381 5.918190911 

2.559543136 5.862902722 
2.480509188 5.864356002 

2.414543966 5.877612973 
2.480509188 5.864356002 

7.203064406 7.544421353 
7.203102082 7.490549758 

7.242898062 7.452555584 
7.203102082 7.490549758 

4.314318497 7.006675283 
4.301828388 7.086810037 

4.311977854 7.158623452 
4.301828388 7.086810037 

5.049880338 6.599593817 
5.169422231 6.561834257 

4.007702746 1.443531596 
3.956873881 1.510780214 

3.91815027 1.590613987 
3.956873881 1.510780214 

6.271098479 6.594807149 
6.374133745 6.686203549 

5.922703621 6.538973071 
5.984692258 6.5161204 

6.049378481 6.48687262 
5.984692258 6.5161204 

2.63256126 3.176357039 
2.651015407 3.04945977 

2.668440047 2.911152608 
2.651015407 3.04945977 

2.431401715 2.057685556 
2.278085388 2.14561328 

2.046631609 7.669941524 
2.09022038 7.713093317 

2.13382334 7.755532296 
2.09022038 7.713093317 

7.551549774 6.493718644 
7.576158173 6.244801885 

5.435631691 5.702380625 
5.323494804 5.694505045 

5.20544199 5.685028323 
5.323494804 5.694505045 

2.753560225 1.640404379 
2.627593505 1.582804812 

2.025151157 8.045180025 
2.190750283 7.968235571 

2.352311526 7.907491062 
2.190750283 7.968235571 

3.58680743 0.7903337662 
3.631694109 0.9478159875 

4.983764951 6.376999156 
5.016822644 6.488296487 

5.049880338 6.599593817 
5.016822644 6.488296487 

2.829634305 0.6111289678 
2.751892487 0.5265291198 

2.674150669 0.4419292719 
2.751892487 0.5265291198 

0.604932572 7.330281221 
0.5190699231 7.390212899 

0.434350568 7.468455186 
0.5190699231 7.390212899 

4.193281806 5.894330497 
4.242255992 5.942145009 

4.291230177 5.989959522 
4.242255992 5.942145009 

3.031958599 1.561227536 
2.960393707 1.38095714 

2.340852779 1.595560565 
2.595395083 1.638777511 

6.715501203 7.955925324 
6.811811275 7.879832355 

6.909136147 7.807036325 
6.811811275 7.879832355 

6.872865225 7.980292066 
6.811811275 7.879832355 

3.221950287 2.901506457 
3.117047896 2.821144938 

3.009192987 2.729212961 
3.117047896 2.821144938 

4.662947712 3.059452149 
4.672297068 3.015998855 

4.681646425 2.972545561 
4.672297068 3.015998855 

3.530817422 2.252319762 
3.419003907 2.082458415 

7.154330028 5.927878486 
7.035938593 5.956390981 

6.917547158 5.984903476 
7.035938593 5.956390981 

5.582689031 5.391394063 
5.437369434 5.468164843 

5.292049836 5.544935624 
5.437369434 5.468164843 

