3.195081953 0.9052711689 
2.959886343 1.745905348 

2.959886343 1.745905348 
3.568157634 1.77322138 

3.720754814 7.516818165 
2.906103305 7.744146332 

4.43540498 2.700587361 
4.520043466 3.362033559 

2.025926608 8.044095078 
2.137738605 7.75029475 

5.048250776 6.588652266 
4.760706448 6.83051322 

2.762999515 8.845604691 
3.300662888 8.89975102 

2.025926608 8.044095078 
1.983433544 8.211323246 

4.754528885 4.760345426 
4.471534652 4.504793822 

2.959886343 1.745905348 
3.191874636 1.879871559 

6.391160401 6.450064708 
6.69569802 6.115569739 

5.947163798 6.783885115 
6.090873038 6.594484715 

2.857302033 2.446522943 
3.086003097 2.331177464 

6.914651463 5.983273067 
6.69569802 6.115569739 

0.8036353333 7.181926913 
0.4107645701 6.740701656 

1.639808108 7.017860988 
1.382052709 7.238321799 

3.743941136 0.8894820918 
3.751956329 1.434354756 

7.558648713 6.494417979 
6.945063813 7.075862338 

6.391160401 6.450064708 
6.726327742 6.527111639 

3.720248966 3.007823015 
3.996801421 3.089581686 

1.428460638 8.12380952 
1.309210046 7.742564439 

1.669629219 7.864643294 
1.896348954 7.680870367 

6.50292881 5.248237605 
6.615674399 5.65732238 

4.43540498 2.700587361 
5.030184093 2.543593456 

6.0515611 7.070542869 
5.947163798 6.783885115 

7.558648713 6.494417979 
6.910217925 6.334250805 

6.69569802 6.115569739 
6.910217925 6.334250805 

3.331439056 2.213266254 
3.086003097 2.331177464 

3.762786759 1.812083703 
3.568157634 1.77322138 

4.194777029 4.146324099 
4.040058052 3.833228322 

7.341988456 7.308239776 
6.81041662 7.367123737 

5.492543874 6.041382018 
5.826619342 6.08520076 

4.471534652 4.504793822 
4.340947333 4.341108605 

4.194777029 4.146324099 
4.340947333 4.341108605 

2.63912044 2.656519086 
2.857302033 2.446522943 

2.403831489 7.687421029 
2.595343666 7.600480584 

6.914651463 5.983273067 
7.306245702 6.123711485 

5.2324068 7.242195931 
4.810340686 7.429299994 

6.0515611 7.070542869 
5.690161759 7.355624585 

3.157581667 3.288341105 
3.221733417 2.903999193 

1.907948133 2.86928632 
2.446398923 3.245853718 

2.525011489 1.970164728 
2.72953614 2.100520601 

4.656234911 6.481874973 
4.362476019 6.640646452 

1.64770604 8.565412006 
1.513182466 8.911987541 

2.751989399 8.250411275 
2.906103305 7.744146332 

2.72953614 2.100520601 
2.159172335 2.310377605 

2.159172335 2.310377605 
2.303437151 2.427917511 

5.690161759 7.355624585 
5.729880472 7.049132962 

0.718825887 7.618557549 
1.012743004 7.643116963 

1.309210046 7.742564439 
1.012743004 7.643116963 

6.81041662 7.367123737 
6.945063813 7.075862338 

4.196077755 2.326833967 
4.50920934 2.394327853 

1.639808108 7.017860988 
1.189282805 6.931996223 

2.096134191 7.250576629 
2.14100432 7.413553457 

1.545569041 1.762803921 
2.159172335 2.310377605 

6.550139272 6.9050667 
7.165479805 6.667379727 

1.189282805 6.931996223 
0.8036353333 7.181926913 

6.81041662 7.367123737 
6.909136147 7.807036325 

5.048250776 6.588652266 
5.194775077 6.426245142 

5.587283105 7.68857399 
5.755046347 7.770184279 

6.06341232 7.883344605 
5.755046347 7.770184279 

7.165479805 6.667379727 
6.945063813 7.075862338 

3.157581667 3.288341105 
2.977429333 3.386611229 

2.499059482 8.577701847 
2.751989399 8.250411275 

1.669629219 7.864643294 
1.109768581 8.053916935 

2.14100432 7.413553457 
1.878289692 7.451531035 

3.624952779 2.078126897 
3.762786759 1.812083703 

2.553992517 3.82135916 
2.446398923 3.245853718 

6.615674399 5.65732238 
6.914651463 5.983273067 

3.191874636 1.879871559 
3.409059041 1.846750348 

2.751989399 8.250411275 
3.126742845 8.310687659 

5.690161759 7.355624585 
6.06341232 7.883344605 

3.083326538 6.100531536 
2.740888193 6.294885901 

1.249088051 8.75823612 
1.513182466 8.911987541 

1.428460638 8.12380952 
1.641822926 8.308860942 

4.656234911 6.481874973 
5.194775077 6.426245142 

3.195081953 0.9052711689 
3.467749956 1.018983173 

4.43540498 2.700587361 
4.50920934 2.394327853 

4.928338591 1.689481254 
4.170863416 1.933952158 

3.624952779 2.078126897 
4.170863416 1.933952158 

6.310484855 7.990582094 
6.194938002 7.360437235 

6.0515611 7.070542869 
6.194938002 7.360437235 

6.726327742 6.527111639 
6.951212927 6.605417017 

3.195081953 0.9052711689 
3.140590399 0.2999659064 

2.446398923 3.245853718 
2.370370332 3.420132226 

7.165479805 6.667379727 
6.951212927 6.605417017 

4.50920934 2.394327853 
4.793474664 2.414964587 

5.586071216 6.492783635 
5.747222059 6.523698112 

0.8036353333 7.181926913 
0.9710113507 7.463817186 

2.959886343 1.745905348 
2.824036957 1.563531291 

1.189282805 6.931996223 
1.247305093 6.218298341 

3.126742845 8.310687659 
3.07002197 8.05829098 

4.193281806 5.894330497 
4.198113275 6.251417103 

3.935619023 6.838497145 
4.198113275 6.251417103 

3.751956329 1.434354756 
3.91815027 1.590613987 

0.3177640409 8.159037341 
0.7201539194 8.325422699 

5.582689031 5.391394063 
5.435631691 5.702380625 

3.624952779 2.078126897 
3.534153786 2.230447421 

7.461060224 5.485126145 
6.937837575 5.653186781 

1.853627868 8.852128003 
1.594126104 9.065832605 

1.133663623 9.29531068 
1.594126104 9.065832605 

6.951212927 6.605417017 
6.550139272 6.9050667 

5.826619342 6.08520076 
6.120597957 5.957101225 

3.195081953 0.9052711689 
3.1660429 1.326673307 

3.568157634 1.77322138 
3.1660429 1.326673307 

6.275119586 5.644562912 
6.135453467 5.334570213 

0.4107645701 6.740701656 
1.003064185 6.768331322 

1.189282805 6.931996223 
1.003064185 6.768331322 

5.2324068 7.242195931 
5.729880472 7.049132962 

4.760706448 6.83051322 
4.908902599 6.883914834 

3.300662888 8.89975102 
3.231452069 8.576699989 

6.910217925 6.334250805 
6.726327742 6.527111639 

2.525011489 1.970164728 
2.354233619 1.727958208 

2.159172335 2.310377605 
2.131894471 2.106447273 

1.316234833 2.305711887 
1.640937225 2.293078958 

6.0515611 7.070542869 
6.260258051 6.912679382 

5.947163798 6.783885115 
6.260258051 6.912679382 

2.595343666 7.600480584 
2.321558863 7.375323103 

2.06058178 8.49560069 
2.039341738 8.832593484 

6.945063813 7.075862338 
6.797622051 6.81531218 

2.403831489 7.687421029 
2.445442654 8.046714945 

2.366924498 8.323316793 
2.445442654 8.046714945 

7.277760273 7.768036109 
6.909136147 7.807036325 

3.743941136 0.8894820918 
3.58680743 0.7903337662 

4.751917336 5.640794421 
4.853635676 5.833805847 

3.086003097 2.331177464 
3.517837176 2.626513174 

2.373104495 0.8918056386 
2.256429094 0.6550867044 

7.306245702 6.123711485 
7.189058996 6.294987272 

4.375010187 7.634920264 
4.297992927 7.287096915 

4.297992927 7.287096915 
4.573738291 7.272419618 

1.853627868 8.852128003 
2.039341738 8.832593484 

6.310484855 7.990582094 
5.575301177 7.975570256 

7.125819935 5.123761454 
7.086073459 5.377792861 

5.575301177 7.975570256 
5.587283105 7.68857399 

1.109768581 8.053916935 
1.309210046 7.742564439 

0.3177640409 8.159037341 
0.6377755653 7.982458314 

1.907948133 2.86928632 
2.012824062 2.554295668 

2.906103305 7.744146332 
2.445442654 8.046714945 

4.454141225 1.325528744 
3.91815027 1.590613987 

2.906103305 7.744146332 
2.701704851 7.997752497 

5.660134007 4.950282154 
5.509425972 4.773542082 

5.13764806 4.806466573 
5.509425972 4.773542082 

5.729880472 7.049132962 
5.490831468 7.019783533 

3.126742845 8.310687659 
3.231452069 8.576699989 

6.090873038 6.594484715 
6.05608642 6.334857118 

5.826619342 6.08520076 
6.05608642 6.334857118 

2.499059482 8.577701847 
2.601235655 8.907467191 

3.140590399 0.2999659064 
3.360306553 0.7106023669 

3.467749956 1.018983173 
3.360306553 0.7106023669 

3.720248966 3.007823015 
3.756274544 3.278186006 

2.553992517 3.82135916 
2.370370332 3.420132226 

2.131894471 2.106447273 
2.72953614 2.100520601 

4.193281806 5.894330497 
4.733047826 6.301985074 

5.048250776 6.588652266 
4.733047826 6.301985074 

1.845001762 6.307005808 
1.618910325 6.653385928 

1.845001762 6.307005808 
1.948764205 6.150323997 

6.194938002 7.360437235 
5.690161759 7.355624585 

2.137738605 7.75029475 
2.239583307 7.505348025 

2.452488919 7.012352888 
2.239583307 7.505348025 

3.231452069 8.576699989 
3.367978884 8.398587152 

2.72953614 2.100520601 
2.424224158 2.188444796 

2.131894471 2.106447273 
1.800159582 2.173116096 

3.938091549 2.559783067 
3.619322355 2.520590765 

3.534153786 2.230447421 
3.619322355 2.520590765 

2.14100432 7.413553457 
2.239583307 7.505348025 

2.85756025 6.653738928 
3.390042482 6.458742858 

7.558648713 6.494417979 
7.262126859 6.528949253 

6.81041662 7.367123737 
6.601452421 7.456826849 

1.669629219 7.864643294 
1.467877212 8.01702904 

7.165479805 6.667379727 
7.41441449 6.651081444 

3.762786759 1.812083703 
4.124917324 1.438072611 

6.05608642 6.334857118 
6.120597957 5.957101225 

1.467877212 8.01702904 
1.428460638 8.12380952 

0.9710113507 7.463817186 
0.436194425 7.469630533 

2.48005221 6.001949876 
2.700219337 6.125535191 

2.740888193 6.294885901 
2.700219337 6.125535191 

2.751989399 8.250411275 
2.366924498 8.323316793 

2.857302033 2.446522943 
2.891704892 2.264660716 

2.935811985 2.040092545 
2.891704892 2.264660716 

1.189282805 6.931996223 
1.382052709 7.238321799 

2.370370332 3.420132226 
2.174888097 3.355211541 

2.321558863 7.375323103 
2.239583307 7.505348025 

0.9710113507 7.463817186 
1.146355756 7.154166053 

1.189282805 6.931996223 
1.146355756 7.154166053 

4.733047826 6.301985074 
4.656234911 6.481874973 

3.935619023 6.838497145 
3.835428611 7.157094202 

3.720754814 7.516818165 
3.835428611 7.157094202 

2.63256126 3.176357039 
2.446398923 3.245853718 

2.020158375 7.034194784 
1.930285812 6.877491704 

3.157581667 3.288341105 
3.222725246 3.522711765 

5.13764806 4.806466573 
4.919890519 4.948570934 

4.754528885 4.760345426 
4.919890519 4.948570934 

5.660134007 4.950282154 
5.885793072 4.748270874 

1.012743004 7.643116963 
0.9710113507 7.463817186 

2.359520888 1.344937106 
2.070505705 1.351691726 

2.762999515 8.845604691 
2.601235655 8.907467191 

5.586071216 6.492783635 
5.621834108 6.742990265 

0.7201539194 8.325422699 
0.6377755653 7.982458314 

7.558648713 6.494417979 
7.639393735 6.104277795 

4.297992927 7.287096915 
3.935619023 6.838497145 

2.308754025 6.408089351 
1.948764205 6.150323997 

6.654539713 8.239585132 
6.715501203 7.955925324 

1.640937225 2.293078958 
1.605043284 2.419864033 

2.751989399 8.250411275 
3.07002197 8.05829098 

1.923744419 1.516822753 
1.922307679 1.708307932 

5.621834108 6.742990265 
5.947163798 6.783885115 

2.959886343 1.745905348 
2.935811985 2.040092545 

4.454141225 1.325528744 
4.555021079 1.615446284 

3.58680743 0.7903337662 
3.474144433 0.4943046832 

4.760706448 6.83051322 
4.5243887 6.964846376 

0.8036353333 7.181926913 
1.146355756 7.154166053 

3.619322355 2.520590765 
3.517837176 2.626513174 

3.331439056 2.213266254 
3.224744588 2.109520231 

1.316234833 2.305711887 
1.605043284 2.419864033 

1.641822926 8.308860942 
1.698487936 8.16038104 

2.674698194 0.4444015327 
2.758108164 0.8235742255 

3.086003097 2.331177464 
2.891704892 2.264660716 

4.43540498 2.700587361 
4.379744035 2.858915213 

2.906103305 7.744146332 
3.330400098 8.003104518 

1.800159582 2.173116096 
1.640937225 2.293078958 

2.85756025 6.653738928 
2.894838286 6.815552988 

2.970464618 2.905173474 
3.009192987 2.729212961 

2.701704851 7.997752497 
2.751989399 8.250411275 

5.587283105 7.68857399 
5.255176506 7.718606216 

0.8036353333 7.181926913 
1.003064185 6.768331322 

4.520043466 3.362033559 
4.557608016 3.132122859 

4.342025402 3.072361774 
4.557608016 3.132122859 

2.62740632 9.484576712 
2.751330219 9.141186387 

2.762999515 8.845604691 
2.751330219 9.141186387 

6.797622051 6.81531218 
6.726327742 6.527111639 

3.720754814 7.516818165 
4.080429225 7.608561964 

4.375010187 7.634920264 
4.080429225 7.608561964 

3.568157634 1.77322138 
3.453297942 1.63149465 

1.923744419 1.516822753 
2.070505705 1.351691726 

3.467749956 1.018983173 
3.58680743 0.7903337662 

6.135453467 5.334570213 
6.309121564 5.436048112 

6.50292881 5.248237605 
6.309121564 5.436048112 

0.7559336792 8.816944367 
0.5650978466 8.622290056 

2.959886343 1.745905348 
3.031789722 1.558691247 

4.985973998 8.041152783 
5.427699156 7.666805806 

7.189058996 6.294987272 
7.262126859 6.528949253 

6.914651463 5.983273067 
6.937837575 5.653186781 

1.382052709 7.238321799 
0.9593160475 6.981471186 

3.367978884 8.398587152 
3.533988443 8.345437495 

2.403831489 7.687421029 
2.239583307 7.505348025 

5.900915634 5.554778936 
6.135453467 5.334570213 

1.428460638 8.12380952 
1.510928555 8.393966154 

1.64770604 8.565412006 
1.510928555 8.393966154 

2.751989399 8.250411275 
2.787210724 8.471736421 

5.2324068 7.242195931 
5.255176506 7.718606216 

4.483930757 0.8394932767 
4.142087561 0.918700349 

6.726327742 6.527111639 
6.607402486 6.689068228 

6.550139272 6.9050667 
6.607402486 6.689068228 

5.435631691 5.702380625 
5.088293966 5.93355305 

2.72953614 2.100520601 
2.935811985 2.040092545 

0.6377755653 7.982458314 
0.718825887 7.618557549 

6.654539713 8.239585132 
6.989653837 8.033731279 

0.6377755653 7.982458314 
0.8567696339 7.867716619 

1.012743004 7.643116963 
0.8567696339 7.867716619 

0.9593160475 6.981471186 
1.189282805 6.931996223 

4.555021079 1.615446284 
4.281424979 1.5803334 

4.124917324 1.438072611 
4.281424979 1.5803334 

4.170863416 1.933952158 
3.935949341 2.159994024 

1.605043284 2.419864033 
1.531530555 2.474235799 

3.287250766 3.901615284 
3.190743957 3.627130066 

2.977429333 3.386611229 
3.190743957 3.627130066 

2.72953614 2.100520601 
2.891704892 2.264660716 

5.194775077 6.426245142 
4.985422112 6.377919541 

4.733047826 6.301985074 
4.985422112 6.377919541 

4.751917336 5.640794421 
5.162215475 5.435175617 

1.6636046 6.400529082 
1.845001762 6.307005808 

3.031789722 1.558691247 
2.824036957 1.563531291 

2.912541098 7.192792354 
2.679897532 7.308698859 

2.740888193 6.294885901 
2.78623507 6.470074518 

1.003064185 6.768331322 
1.108529141 6.569139795 

1.618910325 6.653385928 
1.189282805 6.931996223 

3.1660429 1.326673307 
2.996314016 1.326688608 

3.031789722 1.558691247 
2.996314016 1.326688608 

1.247305093 6.218298341 
1.325355854 6.582401118 

0.718825887 7.618557549 
0.5227828579 7.670286228 

7.41441449 6.651081444 
7.262126859 6.528949253 

4.520043466 3.362033559 
4.857496567 2.927610943 

5.030184093 2.543593456 
4.857496567 2.927610943 

2.308754025 6.408089351 
2.740888193 6.294885901 

6.300967375 4.783816929 
6.022381562 4.825069363 

5.885793072 4.748270874 
6.022381562 4.825069363 

3.195081953 0.9052711689 
3.360306553 0.7106023669 

1.962926207 0.7828889488 
1.872256769 1.060988356 

6.797622051 6.81531218 
6.607402486 6.689068228 

1.109768581 8.053916935 
0.7693556047 8.103348966 

2.63912044 2.656519086 
3.009192987 2.729212961 

5.490831468 7.019783533 
5.675262157 6.892777241 

5.621834108 6.742990265 
5.675262157 6.892777241 

4.553793511 1.823685072 
4.71793424 1.822417628 

4.928338591 1.689481254 
4.71793424 1.822417628 

1.513182466 8.911987541 
1.352841353 9.070800564 

4.908902599 6.883914834 
4.974655053 7.153926199 

2.601235655 8.907467191 
2.751330219 9.141186387 

4.919890519 4.948570934 
4.831199429 5.150027248 

6.615674399 5.65732238 
6.883601861 5.374453544 

4.831199429 5.150027248 
4.489972674 5.284553938 

1.249088051 8.75823612 
1.510928555 8.393966154 

6.937837575 5.653186781 
6.883601861 5.374453544 

4.142087561 0.918700349 
4.117366918 0.8286262381 

2.824036957 1.563531291 
2.595395083 1.638777511 

2.354233619 1.727958208 
2.595395083 1.638777511 

3.720754814 7.516818165 
3.330400098 8.003104518 

3.720754814 7.516818165 
3.667888339 7.893541304 

2.935811985 2.040092545 
3.14117516 2.166899537 

4.985973998 8.041152783 
4.962360015 7.648321416 

4.810340686 7.429299994 
4.962360015 7.648321416 

4.573738291 7.272419618 
4.5243887 6.964846376 

2.525011489 1.970164728 
2.595395083 1.638777511 

3.515085292 3.296327522 
3.629145355 3.254060615 

3.756274544 3.278186006 
3.629145355 3.254060615 

1.578564652 7.4829239 
1.878289692 7.451531035 

2.025926608 8.044095078 
2.235190713 8.072484659 

2.445442654 8.046714945 
2.235190713 8.072484659 

3.358183079 7.005663787 
3.103852071 7.04200282 

2.912541098 7.192792354 
3.103852071 7.04200282 

1.896348954 7.680870367 
2.050051768 7.667908731 

3.083326538 6.100531536 
2.700219337 6.125535191 

5.081319065 2.125002392 
4.944836196 1.985605275 

4.733047826 6.301985074 
4.545550356 6.120231643 

2.18969761 9.194852546 
2.376493021 8.864432269 

2.499059482 8.577701847 
2.376493021 8.864432269 

1.639808108 7.017860988 
1.724598689 7.354266363 

4.124917324 1.438072611 
4.483930757 0.8394932767 

7.341988456 7.308239776 
7.194142942 7.077789673 

3.126742845 8.310687659 
2.787210724 8.471736421 

2.787210724 8.471736421 
3.016516479 8.643748709 

1.382052709 7.238321799 
1.724598689 7.354266363 

2.553992517 3.82135916 
2.666314738 3.429563017 

2.63256126 3.176357039 
2.666314738 3.429563017 

6.883601861 5.374453544 
7.086073459 5.377792861 

4.793474664 2.414964587 
4.58563225 2.593202165 

4.43540498 2.700587361 
4.58563225 2.593202165 

3.14117516 2.166899537 
3.224744588 2.109520231 

4.751917336 5.640794421 
4.852202562 5.420394642 

4.483930757 0.8394932767 
4.117366918 0.8286262381 

1.428460638 8.12380952 
1.698487936 8.16038104 

3.624952779 2.078126897 
3.419196965 2.08340948 

6.06341232 7.883344605 
6.068635022 8.170141946 

6.260258051 6.912679382 
6.220152662 6.731577725 

3.086003097 2.331177464 
3.14117516 2.166899537 

3.07002197 8.05829098 
3.330400098 8.003104518 

3.016516479 8.643748709 
3.090650472 8.716064505 

5.427699156 7.666805806 
5.587283105 7.68857399 

2.63912044 2.656519086 
2.733580117 2.854455794 

2.970464618 2.905173474 
2.733580117 2.854455794 

7.558648713 6.494417979 
7.619607899 6.717908842 

3.086003097 2.331177464 
3.075440996 2.497011712 

2.674698194 0.4444015327 
2.394880452 0.6896312499 

2.256429094 0.6550867044 
2.394880452 0.6896312499 

1.6636046 6.400529082 
1.712739525 6.169873153 

3.083326538 6.100531536 
3.092115746 6.323390812 

3.075440996 2.497011712 
2.857302033 2.446522943 

4.985973998 8.041152783 
5.144205319 7.900542277 

5.255176506 7.718606216 
5.144205319 7.900542277 

2.373104495 0.8918056386 
2.456864944 0.7159720028 

2.62740632 9.484576712 
2.536657941 9.131114028 

2.601235655 8.907467191 
2.536657941 9.131114028 

3.467749956 1.018983173 
3.263441682 1.12140998 

3.1660429 1.326673307 
3.263441682 1.12140998 

2.174888097 3.355211541 
2.097834377 3.493701321 

4.124917324 1.438072611 
4.007702746 1.443531596 

1.316234833 2.305711887 
1.531530555 2.474235799 

1.316234833 2.305711887 
1.568373814 2.072921576 

0.7693556047 8.103348966 
0.6377755653 7.982458314 

7.306245702 6.123711485 
7.409033279 6.160329109 

4.196077755 2.326833967 
4.43540498 2.700587361 

4.170863416 1.933952158 
4.27128014 2.129015567 

2.456864944 0.7159720028 
2.457076791 0.5474947544 

0.9710113507 7.463817186 
1.254291862 7.442476333 

5.048250776 6.588652266 
4.908902599 6.883914834 

1.133663623 9.29531068 
1.379230028 8.675996003 

3.474144433 0.4943046832 
3.332742082 0.5160895937 

4.5243887 6.964846376 
4.362476019 6.640646452 

0.9593160475 6.981471186 
0.8036353333 7.181926913 

2.595343666 7.600480584 
2.75590336 7.574565669 

7.189058996 6.294987272 
7.409033279 6.160329109 

2.366924498 8.323316793 
2.145976015 8.338259073 

2.06058178 8.49560069 
2.145976015 8.338259073 

6.989653837 8.033731279 
6.909136147 7.807036325 

0.4107645701 6.740701656 
0.7162428593 6.623289382 

0.7693556047 8.103348966 
0.7201539194 8.325422699 

0.7201539194 8.325422699 
0.7359088171 8.529623739 

6.275119586 5.644562912 
6.615674399 5.65732238 

7.277760273 7.768036109 
7.203064406 7.544421353 

1.249088051 8.75823612 
1.379230028 8.675996003 

3.287250766 3.901615284 
3.535803209 3.852012073 

3.737972423 3.986136814 
3.535803209 3.852012073 

5.755046347 7.770184279 
5.844269682 7.572995446 

1.109768581 8.053916935 
0.8567696339 7.867716619 

1.249088051 8.75823612 
1.047159202 8.697856469 

2.137738605 7.75029475 
2.235190713 8.072484659 

4.297992927 7.287096915 
3.980664895 7.446858484 

3.720754814 7.516818165 
3.980664895 7.446858484 

2.525011489 1.970164728 
2.683814817 1.801359742 

2.137738605 7.75029475 
2.201938132 7.704778164 

2.403831489 7.687421029 
2.201938132 7.704778164 

3.195081953 0.9052711689 
3.263441682 1.12140998 

6.310484855 7.990582094 
6.468311602 8.210797919 

6.300967375 4.783816929 
6.158567523 5.057344516 

2.906103305 7.744146332 
3.008575071 7.919423895 

3.07002197 8.05829098 
3.008575071 7.919423895 

2.352311526 7.907491062 
2.201938132 7.704778164 

6.726327742 6.527111639 
6.581281879 6.449235514 

4.080429225 7.608561964 
3.980664895 7.446858484 

6.581281879 6.449235514 
6.607402486 6.689068228 

6.275119586 5.644562912 
6.035778261 5.858503731 

5.826619342 6.08520076 
6.035778261 5.858503731 

2.352311526 7.907491062 
2.403831489 7.687421029 

0.7761054631 6.386077772 
1.044831942 6.376955159 

2.424224158 2.188444796 
2.4771264 2.344741805 

5.359721024 6.683624515 
5.621834108 6.742990265 

2.75590336 7.574565669 
2.906103305 7.744146332 

2.701704851 7.997752497 
3.008575071 7.919423895 

4.198113275 6.251417103 
4.545550356 6.120231643 

6.797622051 6.81531218 
6.865245799 6.70043716 

6.951212927 6.605417017 
6.865245799 6.70043716 

4.198113275 6.251417103 
4.250623256 6.47787275 

4.362476019 6.640646452 
4.250623256 6.47787275 

5.729880472 7.049132962 
5.675262157 6.892777241 

5.947163798 6.783885115 
5.675262157 6.892777241 

7.409033279 6.160329109 
7.475429198 6.231565187 

7.086073459 5.377792861 
7.461060224 5.485126145 

2.446398923 3.245853718 
2.384076303 2.928894942 

3.360306553 0.7106023669 
3.58680743 0.7903337662 

4.852202562 5.420394642 
5.162215475 5.435175617 

4.985973998 8.041152783 
5.145207515 7.618693413 

4.196077755 2.326833967 
4.29532009 2.209370043 

4.27128014 2.129015567 
4.29532009 2.209370043 

2.321558863 7.375323103 
2.096134191 7.250576629 

5.492543874 6.041382018 
5.24304387 6.017464268 

5.088293966 5.93355305 
5.24304387 6.017464268 

7.086073459 5.377792861 
7.028582754 5.513960701 

6.937837575 5.653186781 
7.028582754 5.513960701 

3.996801421 3.089581686 
4.148999077 2.878728018 

6.550139272 6.9050667 
6.220152662 6.731577725 

7.262126859 6.528949253 
7.165479805 6.667379727 

6.05608642 6.334857118 
5.873189439 6.423254565 

5.747222059 6.523698112 
5.873189439 6.423254565 

6.120597957 5.957101225 
6.035778261 5.858503731 

1.948764205 6.150323997 
1.796904199 6.027584087 

2.352311526 7.907491062 
2.445442654 8.046714945 

1.309210046 7.742564439 
1.297507197 7.981661937 

4.454141225 1.325528744 
4.358849284 1.185097927 

5.13764806 4.806466573 
5.040652254 5.178655762 

5.916372414 6.541943873 
5.873189439 6.423254565 

1.800159582 2.173116096 
1.568373814 2.072921576 

0.9593160475 6.981471186 
0.6928675405 6.870374797 

6.910217925 6.334250805 
6.581281879 6.449235514 

0.5650978466 8.622290056 
0.6590468037 8.555787254 

0.7359088171 8.529623739 
0.6590468037 8.555787254 

1.745754004 9.294676895 
1.704160581 9.170951536 

1.594126104 9.065832605 
1.704160581 9.170951536 

3.667888339 7.893541304 
3.533988443 8.345437495 

1.578564652 7.4829239 
1.791851468 7.594836629 

1.896348954 7.680870367 
1.791851468 7.594836629 

1.979286618 3.347561735 
1.93730168 3.461803466 

1.325355854 6.582401118 
1.108529141 6.569139795 

1.510928555 8.393966154 
1.641822926 8.308860942 

2.422051663 6.245590343 
2.194163569 6.030971742 

4.852202562 5.420394642 
5.040652254 5.178655762 

3.332742082 0.5160895937 
3.389104734 0.3602651058 

1.661893135 1.388849658 
1.923185389 1.318561256 

2.070505705 1.351691726 
1.923185389 1.318561256 

2.06058178 8.49560069 
1.64770604 8.565412006 

1.109768581 8.053916935 
1.297507197 7.981661937 

1.845001762 6.307005808 
2.005774806 6.348495705 

1.923744419 1.516822753 
1.923185389 1.318561256 

5.729880472 7.049132962 
5.8746061 7.088299019 

1.800159582 2.173116096 
1.633197195 2.194219398 

4.091826053 0.5959983481 
4.095096866 0.7434830037 

4.117366918 0.8286262381 
4.095096866 0.7434830037 

3.287250766 3.901615284 
3.369880299 3.70716209 

3.222725246 3.522711765 
3.369880299 3.70716209 

5.575301177 7.975570256 
5.440801628 8.161226001 

0.7162428593 6.623289382 
0.7848255726 6.555338116 

2.959886343 1.745905348 
2.683814817 1.801359742 

7.154330028 5.927878486 
7.235267911 5.723503906 

2.097834377 3.493701321 
2.046737853 3.457449508 

1.979286618 3.347561735 
2.046737853 3.457449508 

2.977429333 3.386611229 
2.808876498 3.549891681 

5.194775077 6.426245142 
5.24304387 6.017464268 

3.360306553 0.7106023669 
3.332742082 0.5160895937 

6.550139272 6.9050667 
6.374133745 6.686203549 

6.391160401 6.450064708 
6.374133745 6.686203549 

3.517837176 2.626513174 
3.310044893 2.389658641 

3.331439056 2.213266254 
3.310044893 2.389658641 

3.300662888 8.89975102 
2.872732357 8.690446631 

2.499059482 8.577701847 
2.872732357 8.690446631 

3.751956329 1.434354756 
3.627384509 1.603572476 

3.568157634 1.77322138 
3.627384509 1.603572476 

5.181451051 8.077540319 
5.144205319 7.900542277 

2.050051768 7.667908731 
2.088787016 7.557450772 

1.907948133 2.86928632 
1.711204449 2.724419048 

2.824036957 1.563531291 
2.864525243 1.418747698 

6.550139272 6.9050667 
6.417722955 6.845427314 

6.260258051 6.912679382 
6.417722955 6.845427314 

3.938091549 2.559783067 
4.196077755 2.326833967 

3.938091549 2.559783067 
3.701367185 2.340281618 

3.624952779 2.078126897 
3.701367185 2.340281618 

2.373104495 0.8918056386 
2.394880452 0.6896312499 

3.222725246 3.522711765 
3.190743957 3.627130066 

2.457076791 0.5474947544 
2.394880452 0.6896312499 

1.6636046 6.400529082 
1.325355854 6.582401118 

1.618910325 6.653385928 
1.825315325 6.735150611 

1.878289692 7.451531035 
1.724598689 7.354266363 

5.145207515 7.618693413 
4.962360015 7.648321416 

7.235267911 5.723503906 
7.303889201 5.622867131 

3.736879329 8.568136625 
3.721748647 8.263331786 

3.667888339 7.893541304 
3.721748647 8.263331786 

1.633197195 2.194219398 
1.640937225 2.293078958 

5.900915634 5.554778936 
5.713511655 5.625429227 

3.331439056 2.213266254 
3.419196965 2.08340948 

7.475429198 6.231565187 
7.531169223 6.216267949 

2.72953614 2.100520601 
2.721419602 2.264884591 

2.857302033 2.446522943 
2.721419602 2.264884591 

5.947163798 6.783885115 
5.73648391 6.652110273 

5.586071216 6.492783635 
5.73648391 6.652110273 

4.193281806 5.894330497 
4.81261099 5.978298679 

5.492543874 6.041382018 
4.81261099 5.978298679 

2.452488919 7.012352888 
2.403064978 7.223634713 

2.321558863 7.375323103 
2.403064978 7.223634713 

3.358183079 7.005663787 
3.367582949 7.227952213 

4.751917336 5.640794421 
4.81261099 5.978298679 

6.310484855 7.990582094 
6.209775563 8.00574424 

2.215206722 3.636812976 
2.004789126 3.458139639 

4.040058052 3.833228322 
4.267703354 3.570441777 

3.720248966 3.007823015 
3.629145355 3.254060615 

4.853635676 5.833805847 
4.81261099 5.978298679 

6.945063813 7.075862338 
7.064220494 6.941620044 

5.747222059 6.523698112 
5.73648391 6.652110273 

1.352841353 9.070800564 
1.365538915 9.173104126 

1.531530555 2.474235799 
1.506342248 2.607966763 

3.534153786 2.230447421 
3.701367185 2.340281618 

6.50292881 5.248237605 
6.741383575 5.132209285 

2.701704851 7.997752497 
2.526606417 7.941892967 

2.352311526 7.907491062 
2.526606417 7.941892967 

6.090873038 6.594484715 
5.982817035 6.595309417 

5.916372414 6.541943873 
5.982817035 6.595309417 

4.170863416 1.933952158 
3.964407541 1.86795216 

7.461060224 5.485126145 
7.356677674 5.58110573 

7.303889201 5.622867131 
7.356677674 5.58110573 

6.989653837 8.033731279 
7.092000391 7.880278355 

3.453297942 1.63149465 
3.292136713 1.455897335 

3.1660429 1.326673307 
3.292136713 1.455897335 

2.762999515 8.845604691 
2.872732357 8.690446631 

5.181451051 8.077540319 
5.28740516 8.117295341 

4.5243887 6.964846376 
4.314598453 7.007665776 

6.194938002 7.360437235 
6.401050463 7.288007398 

2.787210724 8.471736421 
2.872732357 8.690446631 

1.983433544 8.211323246 
2.145976015 8.338259073 

7.619607899 6.717908842 
7.620739431 6.847561351 

1.379230028 8.675996003 
1.510928555 8.393966154 

3.409059041 1.846750348 
3.419196965 2.08340948 

1.983433544 8.211323246 
1.911141366 8.440964944 

2.75590336 7.574565669 
2.778531275 7.453219877 

5.690161759 7.355624585 
5.684422751 7.570781839 

5.587283105 7.68857399 
5.684422751 7.570781839 

3.935619023 6.838497145 
4.13326795 6.745454655 

4.362476019 6.640646452 
4.13326795 6.745454655 

2.758108164 0.8235742255 
2.796450711 0.9551234128 

1.379230028 8.675996003 
1.315034925 8.427844503 

0.718825887 7.618557549 
0.436194425 7.469630533 

1.878289692 7.451531035 
1.791851468 7.594836629 

2.18969761 9.194852546 
2.396770494 9.32718646 

2.62740632 9.484576712 
2.396770494 9.32718646 

2.359520888 1.344937106 
2.6324565 1.574264557 

2.959886343 1.745905348 
2.6324565 1.574264557 

6.220152662 6.731577725 
6.374133745 6.686203549 

5.048250776 6.588652266 
5.124710183 6.72211171 

5.359721024 6.683624515 
5.124710183 6.72211171 

5.255176506 7.718606216 
5.145207515 7.618693413 

2.256429094 0.6550867044 
2.078912757 0.7158862883 

1.930285812 6.877491704 
1.825315325 6.735150611 

0.5227828579 7.670286228 
0.5179886783 7.56526571 

0.436194425 7.469630533 
0.5179886783 7.56526571 

2.054077381 5.918190911 
2.293828963 5.896723502 

1.640602242 3.280794991 
1.865770775 3.405096257 

2.004789126 3.458139639 
1.865770775 3.405096257 

3.367582949 7.227952213 
3.436992281 7.31991457 

3.221733417 2.903999193 
3.33975028 2.668159407 

3.517837176 2.626513174 
3.33975028 2.668159407 

3.533988443 8.345437495 
3.721748647 8.263331786 

3.092115746 6.323390812 
3.121504516 6.41100473 

2.384076303 2.928894942 
2.576955231 2.901374936 

2.733580117 2.854455794 
2.576955231 2.901374936 

4.810340686 7.429299994 
4.713460064 7.310787989 

1.639808108 7.017860988 
1.729223391 7.234629128 

1.878289692 7.451531035 
1.729223391 7.234629128 

4.853635676 5.833805847 
5.020333663 5.683774388 

5.162215475 5.435175617 
5.020333663 5.683774388 

2.891704892 2.264660716 
2.721419602 2.264884591 

1.309210046 7.742564439 
0.8313791544 7.993457102 

2.452488919 7.012352888 
2.291193552 7.1099257 

1.382052709 7.238321799 
1.146355756 7.154166053 

4.557608016 3.132122859 
4.661168204 3.074471178 

2.796450711 0.9551234128 
2.85777634 0.8785579743 

2.986317692 0.7836899265 
2.85777634 0.8785579743 

3.389104734 0.3602651058 
3.270084951 0.3511820102 

0.9593160475 6.981471186 
1.003064185 6.768331322 

1.922307679 1.708307932 
1.74838274 1.817304041 

1.545569041 1.762803921 
1.74838274 1.817304041 

6.883601861 5.374453544 
7.028582754 5.513960701 

3.938091549 2.559783067 
3.765386879 2.777958761 

3.720248966 3.007823015 
3.765386879 2.777958761 

5.73648391 6.652110273 
5.621834108 6.742990265 

1.669629219 7.864643294 
1.890886012 7.89753107 

4.193281806 5.894330497 
4.504185749 5.765385216 

4.751917336 5.640794421 
4.504185749 5.765385216 

0.604932572 7.330281221 
0.7112920677 7.278915205 

0.8036353333 7.181926913 
0.7112920677 7.278915205 

1.661893135 1.388849658 
1.803287596 1.412801613 

1.923744419 1.516822753 
1.803287596 1.412801613 

1.724598689 7.354266363 
1.729223391 7.234629128 

3.191874636 1.879871559 
3.131111213 2.046633928 

3.14117516 2.166899537 
3.131111213 2.046633928 

4.314598453 7.007665776 
4.13326795 6.745454655 

1.044831942 6.376955159 
1.114381688 6.292182291 

3.075440996 2.497011712 
3.33975028 2.668159407 

1.109768581 8.053916935 
0.8313791544 7.993457102 

6.468311602 8.210797919 
6.287138278 8.113083968 

1.745754004 9.294676895 
1.486271426 9.281598617 

2.808876498 3.549891681 
2.732519783 3.618235225 

5.427699156 7.666805806 
5.255176506 7.718606216 

5.509425972 4.773542082 
5.623926991 4.628353623 

7.558648713 6.494417979 
7.475429198 6.231565187 

7.194142942 7.077789673 
6.945063813 7.075862338 

2.751330219 9.141186387 
2.651233394 9.144621764 

6.615674399 5.65732238 
6.937837575 5.653186781 

2.85756025 6.653738928 
2.68352165 6.594272615 

2.63912044 2.656519086 
2.576955231 2.901374936 

7.41441449 6.651081444 
7.558648713 6.494417979 

2.088787016 7.557450772 
2.239583307 7.505348025 

2.131894471 2.106447273 
1.90171823 1.984821662 

6.726327742 6.527111639 
6.865245799 6.70043716 

5.162215475 5.435175617 
5.040652254 5.178655762 

7.194142942 7.077789673 
7.100084634 7.178549359 

5.947163798 6.783885115 
5.982817035 6.595309417 

5.440801628 8.161226001 
5.356033841 8.144679368 

5.28740516 8.117295341 
5.356033841 8.144679368 

7.341988456 7.308239776 
7.527172852 6.965934596 

7.341988456 7.308239776 
7.242898062 7.452555584 

1.93730168 3.461803466 
2.004789126 3.458139639 

2.303437151 2.427917511 
2.485261995 2.551642691 

2.63912044 2.656519086 
2.485261995 2.551642691 

3.736879329 8.568136625 
3.612405433 8.497333696 

2.499059482 8.577701847 
2.644044198 8.728550266 

2.762999515 8.845604691 
2.644044198 8.728550266 

4.358849284 1.185097927 
4.351690228 1.04485026 

5.490831468 7.019783533 
5.2324068 7.242195931 

5.947163798 6.783885115 
5.771599637 6.867060122 

3.121504516 6.41100473 
3.19881155 6.428217119 

6.715501203 7.955925324 
6.872865225 7.980292066 

6.989653837 8.033731279 
6.872865225 7.980292066 

1.486271426 9.281598617 
1.365538915 9.173104126 

3.287250766 3.901615284 
3.46518442 3.584421667 

6.910217925 6.334250805 
6.951212927 6.605417017 

4.196077755 2.326833967 
4.560650454 2.051706214 

4.928338591 1.689481254 
4.560650454 2.051706214 

4.553793511 1.823685072 
4.660576632 1.695330479 

4.555021079 1.615446284 
4.660576632 1.695330479 

6.69569802 6.115569739 
6.614183012 6.287457044 

6.581281879 6.449235514 
6.614183012 6.287457044 

3.517837176 2.626513174 
3.712517884 2.618226572 

3.453297942 1.63149465 
3.627384509 1.603572476 

3.009192987 2.729212961 
3.068525825 2.652371989 

3.075440996 2.497011712 
3.068525825 2.652371989 

2.683814817 1.801359742 
2.6324565 1.574264557 

1.853627868 8.852128003 
2.053624409 9.065790193 

2.18969761 9.194852546 
2.053624409 9.065790193 

2.291193552 7.1099257 
2.403064978 7.223634713 

1.385141314 2.693087706 
1.548683299 2.695102915 

1.711204449 2.724419048 
1.548683299 2.695102915 

3.224744588 2.109520231 
3.286728002 2.126562479 

3.419196965 2.08340948 
3.286728002 2.126562479 

6.391160401 6.450064708 
6.581281879 6.449235514 

2.525011489 1.970164728 
2.142831457 1.670343609 

3.390042482 6.458742858 
3.254976945 6.439575519 

3.19881155 6.428217119 
3.254976945 6.439575519 

6.69569802 6.115569739 
6.983852723 5.884515901 

5.771599637 6.867060122 
5.675262157 6.892777241 

3.835428611 7.157094202 
3.980664895 7.446858484 

6.391160401 6.450064708 
6.173763665 6.55349584 

6.090873038 6.594484715 
6.173763665 6.55349584 

6.335907287 6.143064778 
6.391160401 6.450064708 

1.661893135 1.388849658 
1.869893705 1.499325142 

2.142831457 1.670343609 
1.869893705 1.499325142 

6.287138278 8.113083968 
6.189785406 8.108140318 

3.131111213 2.046633928 
3.224744588 2.109520231 

3.300662888 8.89975102 
3.170073611 8.623551432 

3.126742845 8.310687659 
3.170073611 8.623551432 

4.545550356 6.120231643 
4.81261099 5.978298679 

3.46518442 3.584421667 
3.369880299 3.70716209 

2.215206722 3.636812976 
2.370370332 3.420132226 

6.335907287 6.143064778 
6.244371938 6.062076645 

6.120597957 5.957101225 
6.244371938 6.062076645 

1.93730168 3.461803466 
1.865770775 3.405096257 

6.068635022 8.170141946 
6.143111421 8.074361172 

6.209775563 8.00574424 
6.143111421 8.074361172 

3.474144433 0.4943046832 
3.389104734 0.3602651058 

3.474144433 0.4943046832 
3.439076026 0.5890387478 

3.360306553 0.7106023669 
3.439076026 0.5890387478 

6.468311602 8.210797919 
6.552299438 8.237521194 

5.435631691 5.702380625 
5.24304387 6.017464268 

2.499059482 8.577701847 
2.310217673 8.532906351 

2.06058178 8.49560069 
2.310217673 8.532906351 

3.191874636 1.879871559 
3.031789722 1.558691247 

6.309121564 5.436048112 
6.275119586 5.644562912 

5.873189439 6.423254565 
5.695258612 6.240621862 

7.461060224 5.485126145 
7.224394734 5.653320559 

6.983852723 5.884515901 
7.224394734 5.653320559 

6.06341232 7.883344605 
6.209775563 8.00574424 

2.894838286 6.815552988 
2.93595442 7.010320322 

3.712517884 2.618226572 
3.619322355 2.520590765 

6.310484855 7.990582094 
6.287138278 8.113083968 

4.545550356 6.120231643 
4.593931179 6.313039263 

4.656234911 6.481874973 
4.593931179 6.313039263 

6.374133745 6.686203549 
6.417722955 6.845427314 

0.718825887 7.618557549 
0.5328189174 7.904012536 

3.712517884 2.618226572 
3.765386879 2.777958761 

4.080429225 7.608561964 
4.197757571 7.429091888 

4.297992927 7.287096915 
4.197757571 7.429091888 

0.5328189174 7.904012536 
0.6377755653 7.982458314 

5.900915634 5.554778936 
5.941720526 5.716655926 

6.035778261 5.858503731 
5.941720526 5.716655926 

1.64770604 8.565412006 
1.379230028 8.675996003 

1.878289692 7.451531035 
2.088787016 7.557450772 

1.545569041 1.762803921 
1.744271854 1.901859223 

1.90171823 1.984821662 
1.744271854 1.901859223 

3.409059041 1.846750348 
3.568157634 1.77322138 

7.194142942 7.077789673 
7.335099738 7.019477773 

7.527172852 6.965934596 
7.335099738 7.019477773 

5.162215475 5.435175617 
5.292049836 5.544935624 

6.06341232 7.883344605 
6.143111421 8.074361172 

1.382052709 7.238321799 
1.283403353 7.352299564 

1.254291862 7.442476333 
1.283403353 7.352299564 

3.935949341 2.159994024 
3.701367185 2.340281618 

2.376493021 8.864432269 
2.601235655 8.907467191 

1.486271426 9.281598617 
1.364097609 9.261894151 

3.351234084 7.541520827 
3.56033468 7.503929935 

3.720754814 7.516818165 
3.56033468 7.503929935 

2.359520888 1.344937106 
2.142831457 1.670343609 

4.375010187 7.634920264 
4.197757571 7.429091888 

4.793474664 2.414964587 
4.867653932 2.477304038 

5.030184093 2.543593456 
4.867653932 2.477304038 

2.359520888 1.344937106 
2.277984043 1.495383355 

1.923744419 1.516822753 
1.869893705 1.499325142 

3.140590399 0.2999659064 
3.254278378 0.2324223119 

3.270084951 0.3511820102 
3.254278378 0.2324223119 

4.660576632 1.695330479 
4.71793424 1.822417628 

5.695258612 6.240621862 
5.792010574 6.195056528 

5.826619342 6.08520076 
5.792010574 6.195056528 

6.158567523 5.057344516 
6.022381562 4.825069363 

6.158567523 5.057344516 
6.126306828 5.184281643 

6.135453467 5.334570213 
6.126306828 5.184281643 

3.244705468 6.291680013 
3.170278173 6.211434799 

3.935949341 2.159994024 
3.89559139 2.02768732 

3.964407541 1.86795216 
3.89559139 2.02768732 

1.872256769 1.060988356 
1.756686653 1.179868568 

3.090650472 8.716064505 
3.170073611 8.623551432 

2.751330219 9.141186387 
3.014593079 9.094465203 

6.06341232 7.883344605 
6.190915223 7.583829068 

1.640602242 3.280794991 
1.772418046 3.070515386 

1.907948133 2.86928632 
1.772418046 3.070515386 

2.935811985 2.040092545 
3.131111213 2.046633928 

2.303437151 2.427917511 
2.357208684 2.372625864 

2.4771264 2.344741805 
2.357208684 2.372625864 

4.593931179 6.313039263 
4.733047826 6.301985074 

2.701704851 7.997752497 
2.563776109 7.833964704 

2.403831489 7.687421029 
2.563776109 7.833964704 

5.040652254 5.178655762 
4.831199429 5.150027248 

2.308754025 6.408089351 
2.285492333 6.281744135 

3.286728002 2.126562479 
3.331439056 2.213266254 

2.935811985 2.040092545 
3.011940798 2.231672078 

3.086003097 2.331177464 
3.011940798 2.231672078 

6.945063813 7.075862338 
7.021027939 7.082473636 

7.100084634 7.178549359 
7.021027939 7.082473636 

4.852202562 5.420394642 
4.756606101 5.367544003 

2.039341738 8.832593484 
2.053624409 9.065790193 

7.531169223 6.216267949 
7.57608251 6.247664726 

1.297507197 7.981661937 
1.439289729 7.925537115 

1.467877212 8.01702904 
1.439289729 7.925537115 

1.488059978 5.901432888 
1.646208984 6.060181431 

1.712739525 6.169873153 
1.646208984 6.060181431 

5.492543874 6.041382018 
5.347325527 6.19519892 

4.454141225 1.325528744 
4.281424979 1.5803334 

1.979286618 3.347561735 
1.865770775 3.405096257 

3.221733417 2.903999193 
3.068525825 2.652371989 

2.456864944 0.7159720028 
2.394880452 0.6896312499 

6.50292881 5.248237605 
6.48583331 4.987306606 

1.698487936 8.16038104 
1.856554998 8.193722566 

1.983433544 8.211323246 
1.856554998 8.193722566 

6.914651463 5.983273067 
6.983852723 5.884515901 

5.24304387 6.017464268 
5.347325527 6.19519892 

3.612405433 8.497333696 
3.567624851 8.427018397 

3.533988443 8.345437495 
3.567624851 8.427018397 

2.373104495 0.8918056386 
2.356722659 1.186795264 

2.359520888 1.344937106 
2.356722659 1.186795264 

3.300662888 8.89975102 
3.163120192 8.978927598 

3.014593079 9.094465203 
3.163120192 8.978927598 

3.743941136 0.8894820918 
3.93184304 0.7693918402 

1.108529141 6.569139795 
1.044831942 6.376955159 

5.347325527 6.19519892 
5.177665905 6.233086582 

2.457076791 0.5474947544 
2.557070458 0.5191196523 

2.167075299 6.706063689 
2.018106134 6.793855753 

1.930285812 6.877491704 
2.018106134 6.793855753 

3.369880299 3.70716209 
3.535803209 3.852012073 

6.220152662 6.731577725 
6.173763665 6.55349584 

2.424224158 2.188444796 
2.431401715 2.057685556 

2.525011489 1.970164728 
2.431401715 2.057685556 

2.422051663 6.245590343 
2.327230915 6.24813144 

2.285492333 6.281744135 
2.327230915 6.24813144 

3.624952779 2.078126897 
3.89559139 2.02768732 

6.0515611 7.070542869 
5.96466426 7.119524955 

5.8746061 7.088299019 
5.96466426 7.119524955 

6.335907287 6.143064778 
6.422274786 6.016543439 

3.332742082 0.5160895937 
3.439076026 0.5890387478 

2.291193552 7.1099257 
2.181166841 7.161277882 

2.096134191 7.250576629 
2.181166841 7.161277882 

2.445442654 8.046714945 
2.526606417 7.941892967 

2.499059482 8.577701847 
2.636451124 8.475877963 

5.435631691 5.702380625 
5.713511655 5.625429227 

1.639808108 7.017860988 
1.681463786 7.459747469 

1.669629219 7.864643294 
1.681463786 7.459747469 

6.237099378 5.860185238 
6.035778261 5.858503731 

1.315034925 8.427844503 
1.38639376 8.277482466 

1.428460638 8.12380952 
1.38639376 8.277482466 

1.669629219 7.864643294 
1.791851468 7.594836629 

6.910217925 6.334250805 
6.614183012 6.287457044 

1.133663623 9.29531068 
1.28051228 9.232113202 

1.365538915 9.173104126 
1.28051228 9.232113202 

0.7559336792 8.816944367 
0.9160539825 8.741459019 

1.047159202 8.697856469 
0.9160539825 8.741459019 

1.568373814 2.072921576 
1.633197195 2.194219398 

6.69569802 6.115569739 
6.560233723 6.091261163 

1.756686653 1.179868568 
1.923185389 1.318561256 

2.732519783 3.618235225 
2.650909485 3.672373372 

7.064220494 6.941620044 
7.021027939 7.082473636 

3.351234084 7.541520827 
3.132950716 7.620849807 

2.906103305 7.744146332 
3.132950716 7.620849807 

1.911141366 8.440964944 
2.001752371 8.409168173 

2.06058178 8.49560069 
2.001752371 8.409168173 

3.103852071 7.04200282 
2.93595442 7.010320322 

4.756606101 5.367544003 
4.687912018 5.336559785 

3.453297942 1.63149465 
3.430497306 1.724970689 

3.409059041 1.846750348 
3.430497306 1.724970689 

5.020333663 5.683774388 
5.20544199 5.685028323 

5.2324068 7.242195931 
5.16861987 7.445241214 

5.145207515 7.618693413 
5.16861987 7.445241214 

6.275119586 5.644562912 
6.066118347 5.630338714 

5.030184093 2.543593456 
5.071587671 2.342835118 

5.081319065 2.125002392 
5.071587671 2.342835118 

1.578564652 7.4829239 
1.681463786 7.459747469 

3.031789722 1.558691247 
2.864525243 1.418747698 

4.751917336 5.640794421 
4.916161796 5.407999241 

3.737972423 3.986136814 
3.893677387 3.86897578 

4.040058052 3.833228322 
3.893677387 3.86897578 

5.947163798 6.783885115 
5.96466426 7.119524955 

3.762786759 1.812083703 
3.840214237 1.713402153 

3.91815027 1.590613987 
3.840214237 1.713402153 

1.618910325 6.653385928 
1.599260339 6.889272899 

1.639808108 7.017860988 
1.599260339 6.889272899 

1.297507197 7.981661937 
1.467877212 8.01702904 

1.878289692 7.451531035 
1.681463786 7.459747469 

3.330400098 8.003104518 
3.132950716 7.620849807 

1.878289692 7.451531035 
1.951584669 7.578592421 

2.050051768 7.667908731 
1.951584669 7.578592421 

4.687912018 5.336559785 
4.631539629 5.318868507 

1.254291862 7.442476333 
1.309210046 7.742564439 

1.796904199 6.027584087 
1.683381661 5.995773672 

1.488059978 5.901432888 
1.683381661 5.995773672 

4.916161796 5.407999241 
4.852202562 5.420394642 

6.05608642 6.334857118 
6.173763665 6.55349584 

2.142831457 1.670343609 
2.354233619 1.727958208 

6.607402486 6.689068228 
6.374133745 6.686203549 

1.012743004 7.643116963 
1.042171589 7.848414902 

1.109768581 8.053916935 
1.042171589 7.848414902 

2.536657941 9.131114028 
2.593691897 9.191279794 

2.651233394 9.144621764 
2.593691897 9.191279794 

5.729880472 7.049132962 
5.771599637 6.867060122 

2.78623507 6.470074518 
2.751394435 6.540427525 

6.910217925 6.334250805 
6.883166092 6.117109318 

6.914651463 5.983273067 
6.883166092 6.117109318 

5.088293966 5.93355305 
4.81261099 5.978298679 

6.909136147 7.807036325 
6.872865225 7.980292066 

1.890886012 7.89753107 
1.975458818 7.974709876 

2.025926608 8.044095078 
1.975458818 7.974709876 

2.583849979 5.866033345 
2.495553739 5.93846819 

2.48005221 6.001949876 
2.495553739 5.93846819 

2.891704892 2.264660716 
3.011940798 2.231672078 

3.835428611 7.157094202 
4.073082518 7.200544163 

4.297992927 7.287096915 
4.073082518 7.200544163 

1.951584669 7.578592421 
1.896348954 7.680870367 

2.636451124 8.475877963 
2.751989399 8.250411275 

0.8313791544 7.993457102 
0.8567696339 7.867716619 

4.454141225 1.325528744 
4.289265247 1.38320669 

4.124917324 1.438072611 
4.289265247 1.38320669 

5.916372414 6.541943873 
5.842400735 6.494076421 

5.747222059 6.523698112 
5.842400735 6.494076421 

3.996801421 3.089581686 
4.170796877 3.07419921 

4.342025402 3.072361774 
4.170796877 3.07419921 

2.167075299 6.706063689 
1.971500895 6.729648868 

1.825315325 6.735150611 
1.971500895 6.729648868 

1.724598689 7.354266363 
1.681463786 7.459747469 

1.578564652 7.4829239 
1.635824737 7.375022268 

1.724598689 7.354266363 
1.635824737 7.375022268 

2.215206722 3.636812976 
2.097834377 3.493701321 

2.553992517 3.82135916 
2.423297076 3.674188838 

2.088787016 7.557450772 
1.951584669 7.578592421 

6.401050463 7.288007398 
6.509992456 7.369956237 

6.601452421 7.456826849 
6.509992456 7.369956237 

1.545569041 1.762803921 
1.661893135 1.388849658 

6.69569802 6.115569739 
6.883166092 6.117109318 

1.568373814 2.072921576 
1.589516996 1.911951188 

5.660134007 4.950282154 
5.664219053 4.831347349 

3.14117516 2.166899537 
3.011940798 2.231672078 

6.300967375 4.783816929 
6.359859685 4.878295041 

7.154330028 5.927878486 
6.983852723 5.884515901 

6.741383575 5.132209285 
6.93363646 5.155322751 

5.792010574 6.195056528 
5.873189439 6.423254565 

7.341988456 7.308239776 
7.435953146 6.897464171 

7.558648713 6.494417979 
7.435953146 6.897464171 

0.718825887 7.618557549 
0.5179886783 7.56526571 

6.05608642 6.334857118 
6.244371938 6.062076645 

2.679897532 7.308698859 
2.726774781 7.386542127 

2.778531275 7.453219877 
2.726774781 7.386542127 

2.683814817 1.801359742 
2.752950315 1.639802574 

2.824036957 1.563531291 
2.752950315 1.639802574 

4.928338591 1.689481254 
4.793276215 1.744355089 

4.660576632 1.695330479 
4.793276215 1.744355089 

1.133663623 9.29531068 
1.263075352 9.318580353 

1.364097609 9.261894151 
1.263075352 9.318580353 

3.624952779 2.078126897 
3.935949341 2.159994024 

2.63912044 2.656519086 
2.538376369 2.794874151 

2.384076303 2.928894942 
2.538376369 2.794874151 

2.959886343 1.745905348 
2.752950315 1.639802574 

3.390042482 6.458742858 
3.346964517 6.751657206 

3.358183079 7.005663787 
3.346964517 6.751657206 

7.639393735 6.104277795 
7.602703705 6.181686468 

7.57608251 6.247664726 
7.602703705 6.181686468 

7.41441449 6.651081444 
7.619607899 6.717908842 

3.736879329 8.568136625 
3.569568439 8.296771051 

3.330400098 8.003104518 
3.569568439 8.296771051 

1.74838274 1.817304041 
1.744271854 1.901859223 

4.656234911 6.481874973 
4.817414807 6.409307149 

4.985422112 6.377919541 
4.817414807 6.409307149 

2.012824062 2.554295668 
2.079227081 2.437420385 

2.159172335 2.310377605 
2.079227081 2.437420385 

5.873189439 6.423254565 
5.842400735 6.494076421 

2.796450711 0.9551234128 
2.568897941 0.9356155689 

2.373104495 0.8918056386 
2.568897941 0.9356155689 

4.974655053 7.153926199 
5.086019674 7.265570022 

5.2324068 7.242195931 
5.086019674 7.265570022 

3.568157634 1.77322138 
3.430497306 1.724970689 

7.154330028 5.927878486 
7.069842648 5.759355455 

6.937837575 5.653186781 
7.069842648 5.759355455 

7.125819935 5.123761454 
7.018423437 5.276707101 

6.883601861 5.374453544 
7.018423437 5.276707101 

1.756686653 1.179868568 
1.721226486 1.284067043 

1.661893135 1.388849658 
1.721226486 1.284067043 

5.582689031 5.391394063 
5.653895851 5.539919258 

5.713511655 5.625429227 
5.653895851 5.539919258 

1.133663623 9.29531068 
1.191619215 9.00906626 

1.249088051 8.75823612 
1.191619215 9.00906626 

6.05608642 6.334857118 
6.049002994 6.48700306 

5.982817035 6.595309417 
6.049002994 6.48700306 

4.489972674 5.284553938 
4.573511374 5.306876544 

4.631539629 5.318868507 
4.573511374 5.306876544 

2.366924498 8.323316793 
2.310217673 8.532906351 

1.962926207 0.7828889488 
2.025726458 0.7639890588 

2.078912757 0.7158862883 
2.025726458 0.7639890588 

5.586071216 6.492783635 
5.478895242 6.553614733 

5.359721024 6.683624515 
5.478895242 6.553614733 

4.375010187 7.634920264 
4.682868216 7.82730693 

4.985973998 8.041152783 
4.682868216 7.82730693 

1.791851468 7.594836629 
1.951584669 7.578592421 

2.595343666 7.600480584 
2.734478835 7.684604732 

2.906103305 7.744146332 
2.734478835 7.684604732 

1.800159582 2.173116096 
1.90171823 1.984821662 

2.912541098 7.192792354 
2.712687749 7.131552376 

4.944836196 1.985605275 
4.71793424 1.822417628 

2.174888097 3.355211541 
1.979286618 3.347561735 

0.3177640409 8.159037341 
0.4458268683 8.031331914 

0.5328189174 7.904012536 
0.4458268683 8.031331914 

2.308754025 6.408089351 
2.327230915 6.24813144 

4.944836196 1.985605275 
4.923570003 1.858558706 

4.928338591 1.689481254 
4.923570003 1.858558706 

2.308754025 6.408089351 
2.146270738 6.37816983 

2.005774806 6.348495705 
2.146270738 6.37816983 

4.962360015 7.648321416 
5.144205319 7.900542277 

6.220152662 6.731577725 
6.271098479 6.594807149 

6.391160401 6.450064708 
6.271098479 6.594807149 

6.615674399 5.65732238 
6.422274786 6.016543439 

4.379744035 2.858915213 
4.265130506 2.836893167 

4.148999077 2.878728018 
4.265130506 2.836893167 

6.049002994 6.48700306 
6.090873038 6.594484715 

7.018423437 5.276707101 
7.086073459 5.377792861 

3.191874636 1.879871559 
3.325908085 1.965816536 

3.419196965 2.08340948 
3.325908085 1.965816536 

6.237099378 5.860185238 
6.168050035 5.896184707 

6.120597957 5.957101225 
6.168050035 5.896184707 

3.569568439 8.296771051 
3.533988443 8.345437495 

2.201938132 7.704778164 
2.239583307 7.505348025 

2.145976015 8.338259073 
2.214382645 8.19082886 

2.235190713 8.072484659 
2.214382645 8.19082886 

5.292049836 5.544935624 
5.20544199 5.685028323 

2.674698194 0.4444015327 
2.59303807 0.4661729403 

2.557070458 0.5191196523 
2.59303807 0.4661729403 

3.075440996 2.497011712 
3.143462471 2.657499677 

6.066118347 5.630338714 
5.941720526 5.716655926 

2.18969761 9.194852546 
1.982448303 9.224986318 

2.712687749 7.131552376 
2.615964749 7.063491826 

7.435953146 6.897464171 
7.335099738 7.019477773 

2.215206722 3.636812976 
2.318171441 3.654219793 

2.423297076 3.674188838 
2.318171441 3.654219793 

4.351690228 1.04485026 
4.371136859 0.9648546511 

3.667888339 7.893541304 
3.508539944 7.971171925 

3.330400098 8.003104518 
3.508539944 7.971171925 

6.068635022 8.170141946 
6.129098156 8.141642627 

6.189785406 8.108140318 
6.129098156 8.141642627 

7.527172852 6.965934596 
7.455520318 6.79908093 

7.41441449 6.651081444 
7.455520318 6.79908093 

2.050051768 7.667908731 
2.201938132 7.704778164 

2.650909485 3.672373372 
2.609373734 3.729498372 

0.7693556047 8.103348966 
0.55674631 8.146428122 

6.190915223 7.583829068 
6.188344776 7.48109658 

6.194938002 7.360437235 
6.188344776 7.48109658 

2.277984043 1.495383355 
2.340852779 1.595560565 

2.354233619 1.727958208 
2.340852779 1.595560565 

1.641822926 8.308860942 
1.648023622 8.437488881 

1.64770604 8.565412006 
1.648023622 8.437488881 

5.586071216 6.492783635 
5.695258612 6.240621862 

5.586071216 6.492783635 
5.721667848 6.425827924 

5.873189439 6.423254565 
5.721667848 6.425827924 

3.436992281 7.31991457 
3.394923621 7.431110837 

3.351234084 7.541520827 
3.394923621 7.431110837 

1.545569041 1.762803921 
1.688681707 1.965493959 

1.800159582 2.173116096 
1.688681707 1.965493959 

5.292049836 5.544935624 
5.382467813 5.601955936 

5.435631691 5.702380625 
5.382467813 5.601955936 

3.964407541 1.86795216 
3.840214237 1.713402153 

2.986317692 0.7836899265 
3.107893314 0.8291588109 

3.195081953 0.9052711689 
3.107893314 0.8291588109 

6.910217925 6.334250805 
7.04051321 6.300802195 

7.189058996 6.294987272 
7.04051321 6.300802195 

2.553992517 3.82135916 
2.572371189 3.766430081 

2.609373734 3.729498372 
2.572371189 3.766430081 

3.938091549 2.559783067 
3.814907521 2.588148014 

3.712517884 2.618226572 
3.814907521 2.588148014 

2.62740632 9.484576712 
2.593691897 9.191279794 

1.639808108 7.017860988 
1.785570744 6.93642317 

1.930285812 6.877491704 
1.785570744 6.93642317 

3.743941136 0.8894820918 
3.631694109 0.9478159875 

3.467749956 1.018983173 
3.631694109 0.9478159875 

0.3177640409 8.159037341 
0.4455534035 8.145291575 

0.55674631 8.146428122 
0.4455534035 8.145291575 

3.515085292 3.296327522 
3.49123562 3.440590314 

3.46518442 3.584421667 
3.49123562 3.440590314 

2.452488919 7.012352888 
2.582977567 7.167664265 

2.679897532 7.308698859 
2.582977567 7.167664265 

4.545550356 6.120231643 
4.449993475 6.095443004 

4.362478141 6.084013065 
4.449993475 6.095443004 

2.970464618 2.905173474 
3.049432256 3.090017614 

3.157581667 3.288341105 
3.049432256 3.090017614 

3.300662888 8.89975102 
3.186682289 8.825452437 

3.090650472 8.716064505 
3.186682289 8.825452437 

0.9710113507 7.463817186 
1.16170572 7.593655744 

1.309210046 7.742564439 
1.16170572 7.593655744 

2.167075299 6.706063689 
2.227811034 6.538363994 

2.308754025 6.408089351 
2.227811034 6.538363994 

2.63912044 2.656519086 
2.668440047 2.911152608 

2.366924498 8.323316793 
2.214382645 8.19082886 

2.996314016 1.326688608 
2.961081032 1.380577606 

2.864525243 1.418747698 
2.961081032 1.380577606 

4.50920934 2.394327853 
4.58563225 2.593202165 

2.615964749 7.063491826 
2.550086723 7.051007153 

2.452488919 7.012352888 
2.550086723 7.051007153 

1.012743004 7.643116963 
1.16170572 7.593655744 

1.315034925 8.427844503 
1.419118003 8.407791566 

1.510928555 8.393966154 
1.419118003 8.407791566 

3.221733417 2.903999193 
3.049432256 3.090017614 

3.143462471 2.657499677 
3.188693011 2.750129055 

7.125819935 5.123761454 
7.027984648 5.147463692 

6.93363646 5.155322751 
7.027984648 5.147463692 

0.9710113507 7.463817186 
0.8497158872 7.517887458 

0.718825887 7.618557549 
0.8497158872 7.517887458 

3.310044893 2.389658641 
3.33975028 2.668159407 

5.747222059 6.523698112 
5.721667848 6.425827924 

4.793276215 1.744355089 
4.71793424 1.822417628 

2.054077381 5.918190911 
2.146177445 5.966878658 

2.194163569 6.030971742 
2.146177445 5.966878658 

7.527172852 6.965934596 
7.435953146 6.897464171 

1.922307679 1.708307932 
2.026338485 1.692500773 

2.142831457 1.670343609 
2.026338485 1.692500773 

3.964407541 1.86795216 
3.857893989 1.839684554 

3.762786759 1.812083703 
3.857893989 1.839684554 

2.18969761 9.194852546 
2.138884835 9.013019655 

2.039341738 8.832593484 
2.138884835 9.013019655 

2.308754025 6.408089351 
2.422051663 6.245590343 

1.640602242 3.280794991 
1.791403283 3.36842102 

1.93730168 3.461803466 
1.791403283 3.36842102 

2.668440047 2.911152608 
2.733580117 2.854455794 

6.951212927 6.605417017 
7.119900639 6.587829578 

7.262126859 6.528949253 
7.119900639 6.587829578 

4.573738291 7.272419618 
4.646375 7.295519805 

4.713460064 7.310787989 
4.646375 7.295519805 

6.422274786 6.016543439 
6.506311785 6.058095099 

6.560233723 6.091261163 
6.506311785 6.058095099 

2.020158375 7.034194784 
2.181166841 7.161277882 

1.247305093 6.218298341 
1.164798267 6.385193171 

1.108529141 6.569139795 
1.164798267 6.385193171 

0.7848255726 6.555338116 
0.7976451207 6.48143954 

2.020158375 7.034194784 
2.038353507 7.138264481 

2.096134191 7.250576629 
2.038353507 7.138264481 

2.894838286 6.815552988 
3.017907971 6.921931168 

3.103852071 7.04200282 
3.017907971 6.921931168 

5.623926991 4.628353623 
5.769872533 4.712296956 

5.885793072 4.748270874 
5.769872533 4.712296956 

4.198113275 6.251417103 
4.362478141 6.084013065 

4.371136859 0.9648546511 
4.407777879 0.9102176999 

1.669629219 7.864643294 
1.439289729 7.925537115 

0.3177640409 8.159037341 
0.5688506906 8.075557219 

0.8313791544 7.993457102 
0.5688506906 8.075557219 

2.145976015 8.338259073 
2.001752371 8.409168173 

6.090873038 6.594484715 
6.158271634 6.660191771 

6.220152662 6.731577725 
6.158271634 6.660191771 

2.485261995 2.551642691 
2.4771264 2.344741805 

2.636451124 8.475877963 
2.708637738 8.472567438 

2.787210724 8.471736421 
2.708637738 8.472567438 

1.247305093 6.218298341 
1.144427887 6.207793428 

2.445442654 8.046714945 
2.577327749 8.024664067 

2.701704851 7.997752497 
2.577327749 8.024664067 

4.661168204 3.074471178 
4.379744035 2.858915213 

4.857496567 2.927610943 
4.754828116 2.96745915 

2.563776109 7.833964704 
2.595343666 7.600480584 

5.900915634 5.554778936 
5.983770701 5.587585725 

6.066118347 5.630338714 
5.983770701 5.587585725 

1.382052709 7.238321799 
1.477527374 7.360862349 

1.578564652 7.4829239 
1.477527374 7.360862349 

4.985422112 6.377919541 
5.177665905 6.233086582 

2.758108164 0.8235742255 
2.85777634 0.8785579743 

7.461060224 5.485126145 
7.51510889 6.004352065 

7.558648713 6.494417979 
7.51510889 6.004352065 

2.14100432 7.413553457 
2.104903474 7.504503342 

2.088787016 7.557450772 
2.104903474 7.504503342 

5.941720526 5.716655926 
5.983770701 5.587585725 

4.553793511 1.823685072 
4.357219619 1.875364381 

4.170863416 1.933952158 
4.357219619 1.875364381 

5.194775077 6.426245142 
5.192849216 6.315421559 

5.177665905 6.233086582 
5.192849216 6.315421559 

4.091826053 0.5959983481 
4.011834547 0.6826950942 

3.93184304 0.7693918402 
4.011834547 0.6826950942 

1.545569041 1.762803921 
1.567698213 1.836891364 

1.589516996 1.911951188 
1.567698213 1.836891364 

1.853627868 8.852128003 
1.759361092 8.690339155 

1.64770604 8.565412006 
1.759361092 8.690339155 

1.325355854 6.582401118 
1.45443922 6.646290332 

5.690161759 7.355624585 
5.758144346 7.477019825 

5.844269682 7.572995446 
5.758144346 7.477019825 

2.138884835 9.013019655 
2.376493021 8.864432269 

6.550139272 6.9050667 
6.675874322 6.837810171 

6.797622051 6.81531218 
6.675874322 6.837810171 

4.754828116 2.96745915 
4.681646425 2.972545561 

2.053624409 9.065790193 
2.138884835 9.013019655 

1.618910325 6.653385928 
1.643870447 6.530915884 

1.6636046 6.400529082 
1.643870447 6.530915884 

6.48583331 4.987306606 
6.429375834 4.92143783 

6.359859685 4.878295041 
6.429375834 4.92143783 

5.040652254 5.178655762 
4.978042643 5.299479762 

4.916161796 5.407999241 
4.978042643 5.299479762 

5.684422751 7.570781839 
5.758144346 7.477019825 

0.4107645701 6.740701656 
0.5516297672 6.804365608 

0.6928675405 6.870374797 
0.5516297672 6.804365608 

7.092000391 7.880278355 
6.909136147 7.807036325 

7.092000391 7.880278355 
7.192473116 7.825557797 

7.277760273 7.768036109 
7.192473116 7.825557797 

1.247305093 6.218298341 
1.395282399 6.07525266 

5.194775077 6.426245142 
5.169035643 6.561027509 

1.263075352 9.318580353 
1.28051228 9.232113202 

1.878289692 7.451531035 
1.889573013 7.567391882 

1.896348954 7.680870367 
1.889573013 7.567391882 

2.424224158 2.188444796 
2.357208684 2.372625864 

4.985973998 8.041152783 
5.08884659 8.081285416 

1.951584669 7.578592421 
1.889573013 7.567391882 

2.452488919 7.012352888 
2.680882753 6.914792678 

2.894838286 6.815552988 
2.680882753 6.914792678 

6.271098479 6.594807149 
6.173763665 6.55349584 

2.366924498 8.323316793 
2.435407279 8.459518814 

2.499059482 8.577701847 
2.435407279 8.459518814 

3.221733417 2.903999193 
2.970464618 2.905173474 

3.221733417 2.903999193 
3.207401332 2.821462462 

3.188693011 2.750129055 
3.207401332 2.821462462 

5.690161759 7.355624585 
5.561233455 7.512460003 

5.427699156 7.666805806 
5.561233455 7.512460003 

1.646208984 6.060181431 
1.683381661 5.995773672 

3.254278378 0.2324223119 
3.317706882 0.3086564911 

3.389104734 0.3602651058 
3.317706882 0.3086564911 

2.424224158 2.188444796 
2.278085388 2.14561328 

2.131894471 2.106447273 
2.278085388 2.14561328 

2.321558863 7.375323103 
2.14100432 7.413553457 

4.853635676 5.833805847 
4.973027809 5.879834283 

5.088293966 5.93355305 
4.973027809 5.879834283 

1.114381688 6.292182291 
1.129404788 6.249987859 

1.633197195 2.194219398 
1.505408461 2.256200518 

4.483930757 0.8394932767 
4.445854318 0.8748554883 

4.407777879 0.9102176999 
4.445854318 0.8748554883 

0.7761054631 6.386077772 
0.7869425388 6.433429312 

0.7976451207 6.48143954 
0.7869425388 6.433429312 

2.977429333 3.386611229 
3.222725246 3.522711765 

4.362478141 6.084013065 
4.291230177 5.989959522 

1.129404788 6.249987859 
1.136916337 6.228890644 

1.144427887 6.207793428 
1.136916337 6.228890644 

3.409059041 1.846750348 
3.325908085 1.965816536 

5.623926991 4.628353623 
5.648188704 4.736378578 

5.664219053 4.831347349 
5.648188704 4.736378578 

3.390042482 6.458742858 
3.307099087 6.382749579 

3.244705468 6.291680013 
3.307099087 6.382749579 

7.018423437 5.276707101 
7.027984648 5.147463692 

1.012743004 7.643116963 
0.8497158872 7.517887458 

2.293828963 5.896723502 
2.414543966 5.877612973 

0.7693556047 8.103348966 
0.8313791544 7.993457102 

1.669629219 7.864643294 
1.557324517 7.989506379 

1.428460638 8.12380952 
1.557324517 7.989506379 

6.552299438 8.237521194 
6.600158661 8.233140462 

6.654539713 8.239585132 
6.600158661 8.233140462 

4.733047826 6.301985074 
4.817414807 6.409307149 

1.316234833 2.305711887 
1.427558599 2.284723183 

1.505408461 2.256200518 
1.427558599 2.284723183 

5.771599637 6.867060122 
5.622321547 6.925751089 

5.490831468 7.019783533 
5.622321547 6.925751089 

1.45443922 6.646290332 
1.599260339 6.889272899 

4.297992927 7.287096915 
4.311977854 7.158623452 

2.912541098 7.192792354 
2.922667513 7.09531127 

2.93595442 7.010320322 
2.922667513 7.09531127 

3.143462471 2.657499677 
3.068525825 2.652371989 

1.45443922 6.646290332 
1.537088484 6.650523105 

1.618910325 6.653385928 
1.537088484 6.650523105 

6.049002994 6.48700306 
6.173763665 6.55349584 

5.124710183 6.72211171 
5.147595725 6.6429966 

5.169035643 6.561027509 
5.147595725 6.6429966 

4.760706448 6.83051322 
4.710507963 6.646476808 

4.656234911 6.481874973 
4.710507963 6.646476808 

6.158271634 6.660191771 
6.271098479 6.594807149 

2.986317692 0.7836899265 
2.829634305 0.6111289678 

1.865770775 3.405096257 
1.791403283 3.36842102 

1.488059978 5.901432888 
1.463028459 5.998567392 

1.395282399 6.07525266 
1.463028459 5.998567392 

6.237099378 5.860185238 
6.253074622 5.748802665 

6.275119586 5.644562912 
6.253074622 5.748802665 

5.181451051 8.077540319 
5.134739179 8.085147935 

5.08884659 8.081285416 
5.134739179 8.085147935 

7.620739431 6.847561351 
7.573956142 6.906747973 

7.527172852 6.965934596 
7.573956142 6.906747973 

3.083326538 6.100531536 
3.126802356 6.155983167 

3.170278173 6.211434799 
3.126802356 6.155983167 

1.948764205 6.150323997 
2.054077381 5.918190911 

2.583849979 5.866033345 
2.481712597 5.864441201 

2.414543966 5.877612973 
2.481712597 5.864441201 

7.203064406 7.544421353 
7.203102082 7.490549758 

7.242898062 7.452555584 
7.203102082 7.490549758 

4.314598453 7.007665776 
4.301828388 7.086810037 

4.311977854 7.158623452 
4.301828388 7.086810037 

5.048250776 6.588652266 
5.169035643 6.561027509 

4.007702746 1.443531596 
3.956873881 1.510780214 

3.91815027 1.590613987 
3.956873881 1.510780214 

6.271098479 6.594807149 
6.374133745 6.686203549 

5.916372414 6.541943873 
5.983056765 6.515115002 

6.049002994 6.48700306 
5.983056765 6.515115002 

2.63256126 3.176357039 
2.651015407 3.04945977 

2.668440047 2.911152608 
2.651015407 3.04945977 

2.431401715 2.057685556 
2.278085388 2.14561328 

2.050051768 7.667908731 
2.090438254 7.712870345 

2.137738605 7.75029475 
2.090438254 7.712870345 

7.558648713 6.494417979 
7.57608251 6.247664726 

5.435631691 5.702380625 
5.323494804 5.694505045 

5.20544199 5.685028323 
5.323494804 5.694505045 

2.752950315 1.639802574 
2.6324565 1.574264557 

2.025926608 8.044095078 
2.190750283 7.968235571 

2.352311526 7.907491062 
2.190750283 7.968235571 

3.58680743 0.7903337662 
3.631694109 0.9478159875 

4.985422112 6.377919541 
5.015055432 6.485317947 

5.048250776 6.588652266 
5.015055432 6.485317947 

2.829634305 0.6111289678 
2.751892487 0.5265291198 

2.674698194 0.4444015327 
2.751892487 0.5265291198 

0.604932572 7.330281221 
0.5190699231 7.390212899 

0.436194425 7.469630533 
0.5190699231 7.390212899 

4.193281806 5.894330497 
4.242255992 5.942145009 

4.291230177 5.989959522 
4.242255992 5.942145009 

3.031789722 1.558691247 
2.961081032 1.380577606 

2.340852779 1.595560565 
2.595395083 1.638777511 

6.715501203 7.955925324 
6.811811275 7.879832355 

6.909136147 7.807036325 
6.811811275 7.879832355 

6.872865225 7.980292066 
6.811811275 7.879832355 

3.221733417 2.903999193 
3.117047896 2.821144938 

3.009192987 2.729212961 
3.117047896 2.821144938 

4.661168204 3.074471178 
4.672187587 3.016710146 

4.681646425 2.972545561 
4.672187587 3.016710146 

3.534153786 2.230447421 
3.419196965 2.08340948 

7.154330028 5.927878486 
7.035938593 5.956390981 

6.914651463 5.983273067 
7.035938593 5.956390981 

5.582689031 5.391394063 
5.437369434 5.468164843 

5.292049836 5.544935624 
5.437369434 5.468164843 

4.573738291 7.272419618 
4.444677073 7.140663308 

4.314598453 7.007665776 
4.444677073 7.140663308 

3.534153786 2.230447421 
3.433174237 2.223163178 

3.331439056 2.213266254 
3.433174237 2.223163178 

4.342025402 3.072361774 
4.360056833 2.964806606 

4.379744035 2.858915213 
4.360056833 2.964806606 

3.736879329 8.568136625 
3.433444665 8.435839134 

3.126742845 8.310687659 
3.433444665 8.435839134 

5.844269682 7.572995446 
6.188344776 7.48109658 

5.844269682 7.572995446 
5.764346216 7.571888642 

5.684422751 7.570781839 
5.764346216 7.571888642 

1.385141314 2.693087706 
1.445741781 2.650527234 

1.506342248 2.607966763 
1.445741781 2.650527234 

2.68352165 6.594272615 
2.717458043 6.56735007 

2.751394435 6.540427525 
2.717458043 6.56735007 

6.035778261 5.858503731 
6.168050035 5.896184707 

1.745754004 9.294676895 
1.864101154 9.259831606 

1.982448303 9.224986318 
1.864101154 9.259831606 

2.6324565 1.574264557 
2.595395083 1.638777511 

1.352841353 9.070800564 
1.191619215 9.00906626 

7.100084634 7.178549359 
7.082152564 7.060084701 

7.064220494 6.941620044 
7.082152564 7.060084701 

4.520043466 3.362033559 
4.39387341 3.466237668 

4.267703354 3.570441777 
4.39387341 3.466237668 

