3.189499663 0.9113196355 
2.961682315 1.739840432 

2.961682315 1.739840432 
3.568806073 1.77221227 

3.720754814 7.516818165 
2.90694188 7.743075987 

4.448263039 2.708549949 
4.519921377 3.35830376 

2.026548799 8.042427554 
2.137843133 7.751759487 

5.048250776 6.588652266 
4.759608793 6.831283558 

2.762999515 8.845604691 
3.300662888 8.89975102 

2.026548799 8.042427554 
1.984142772 8.212371258 

4.754528885 4.760345426 
4.471534652 4.504793822 

2.961682315 1.739840432 
3.190594904 1.878666936 

6.392102949 6.457215978 
6.69702572 6.117096714 

5.947163798 6.783885115 
6.090550846 6.590702893 

2.857302033 2.446522943 
3.088831205 2.33248733 

6.910597518 5.997774646 
6.69702572 6.117096714 

0.8036353333 7.181926913 
0.4107645701 6.740701656 

1.639808108 7.017860988 
1.382052709 7.238321799 

3.748651897 0.8674640184 
3.76169288 1.391204257 

7.56069737 6.492726173 
6.945063813 7.075862338 

6.392102949 6.457215978 
6.727894858 6.528193306 

3.720142161 3.006660304 
3.996801421 3.089581686 

1.430745693 8.126734818 
1.309210046 7.742564439 

1.669629219 7.864643294 
1.896348954 7.680870367 

6.501543334 5.249516389 
6.617263926 5.659689514 

4.448263039 2.708549949 
5.02700116 2.544774298 

6.052840029 7.072430011 
5.947163798 6.783885115 

7.56069737 6.492726173 
6.911047142 6.336613938 

6.69702572 6.117096714 
6.911047142 6.336613938 

3.331439056 2.213266254 
3.088831205 2.33248733 

3.762786759 1.812083703 
3.568806073 1.77221227 

4.194777029 4.146324099 
4.039430206 3.83298722 

7.343684349 7.306695661 
6.81041662 7.367123737 

5.51162551 6.019306411 
5.828993234 6.077422385 

4.471534652 4.504793822 
4.340947333 4.341108605 

4.194777029 4.146324099 
4.340947333 4.341108605 

2.639624123 2.658150517 
2.857302033 2.446522943 

2.400332969 7.687942522 
2.596743598 7.60025314 

6.910597518 5.997774646 
7.313145079 6.10826724 

5.243294948 7.226180836 
4.812786335 7.426612466 

6.052840029 7.072430011 
5.693609084 7.355801236 

1.907948133 2.86928632 
2.446903954 3.249147524 

2.525011489 1.970164728 
2.72953614 2.100520601 

4.656234911 6.481874973 
4.363767745 6.642555991 

1.639563215 8.582678441 
1.514512041 8.908382278 

2.751989399 8.250411275 
2.90694188 7.743075987 

2.72953614 2.100520601 
2.159172335 2.310377605 

2.159172335 2.310377605 
2.303437151 2.427917511 

5.693609084 7.355801236 
5.727222275 7.049810887 

0.7160983912 7.606295201 
1.009440537 7.643749516 

1.309210046 7.742564439 
1.009440537 7.643749516 

6.81041662 7.367123737 
6.945063813 7.075862338 

4.19789946 2.329315365 
4.509152256 2.396404288 

1.639808108 7.017860988 
1.189282805 6.931996223 

2.096034062 7.251651082 
2.129265514 7.41792661 

1.545530379 1.763212364 
2.159172335 2.310377605 

6.554083053 6.900991843 
7.16294563 6.666528548 

1.189282805 6.931996223 
0.8036353333 7.181926913 

6.81041662 7.367123737 
6.909136147 7.807036325 

5.048250776 6.588652266 
5.194775077 6.426245142 

5.584821166 7.689940803 
5.755046347 7.770184279 

6.06341232 7.883344605 
5.755046347 7.770184279 

7.16294563 6.666528548 
6.945063813 7.075862338 

3.132926552 3.279872422 
2.977770594 3.385767547 

2.499059482 8.577701847 
2.751989399 8.250411275 

1.669629219 7.864643294 
1.107718216 8.052596824 

2.129265514 7.41792661 
1.878015682 7.451871128 

3.627089422 2.077412272 
3.762786759 1.812083703 

2.549575917 3.814357872 
2.446903954 3.249147524 

6.617263926 5.659689514 
6.910597518 5.997774646 

3.190594904 1.878666936 
3.409059041 1.846750348 

2.751989399 8.250411275 
3.126742845 8.310687659 

5.693609084 7.355801236 
6.06341232 7.883344605 

3.083326538 6.100531536 
2.740888193 6.294885901 

1.250686478 8.755929129 
1.514512041 8.908382278 

1.430745693 8.126734818 
1.657410615 8.319986301 

4.656234911 6.481874973 
5.194775077 6.426245142 

3.189499663 0.9113196355 
3.465946479 1.018482355 

4.448263039 2.708549949 
4.509152256 2.396404288 

4.923302253 1.690749742 
4.154480505 1.927340903 

3.627089422 2.077412272 
4.154480505 1.927340903 

6.305137676 7.986827991 
6.2088936 7.365363088 

6.052840029 7.072430011 
6.2088936 7.365363088 

6.727894858 6.528193306 
6.949701231 6.599920432 

3.189499663 0.9113196355 
3.14074988 0.303779192 

2.446903954 3.249147524 
2.371331535 3.422380361 

7.16294563 6.666528548 
6.949701231 6.599920432 

4.509152256 2.396404288 
4.793474664 2.414964587 

5.586071216 6.492783635 
5.747222059 6.523698112 

0.8036353333 7.181926913 
0.9710113507 7.463817186 

2.961682315 1.739840432 
2.825407654 1.563415712 

1.189282805 6.931996223 
1.247305093 6.218298341 

3.126742845 8.310687659 
3.07002197 8.05829098 

4.179150273 5.899656178 
4.200147807 6.24838294 

3.935619023 6.838497145 
4.200147807 6.24838294 

3.76169288 1.391204257 
3.917455311 1.588469624 

0.3177640409 8.159037341 
0.7201539194 8.325422699 

5.582689031 5.391394063 
5.435105633 5.702592045 

3.627089422 2.077412272 
3.531292581 2.211395998 

7.461060224 5.485126145 
6.937494122 5.655578729 

1.855077626 8.8537388 
1.594126104 9.065832605 

1.133663623 9.29531068 
1.594126104 9.065832605 

6.949701231 6.599920432 
6.554083053 6.900991843 

5.828993234 6.077422385 
6.110251821 5.974359058 

3.189499663 0.9113196355 
3.166811975 1.324822138 

3.568806073 1.77221227 
3.166811975 1.324822138 

6.275100965 5.643463744 
6.136272843 5.335331002 

0.4107645701 6.740701656 
1.003064185 6.768331322 

1.189282805 6.931996223 
1.003064185 6.768331322 

5.243294948 7.226180836 
5.727222275 7.049810887 

4.759608793 6.831283558 
4.908759484 6.885057246 

3.300662888 8.89975102 
3.231452069 8.576699989 

6.911047142 6.336613938 
6.727894858 6.528193306 

2.525011489 1.970164728 
2.354724245 1.727029229 

2.159172335 2.310377605 
2.129101813 2.107587371 

1.316234833 2.305711887 
1.64401838 2.291986194 

6.052840029 7.072430011 
6.261142326 6.912231546 

5.947163798 6.783885115 
6.261142326 6.912231546 

2.596743598 7.60025314 
2.320042588 7.376499132 

2.054919075 8.49512285 
2.039677212 8.834321487 

6.945063813 7.075862338 
6.798003567 6.814088478 

2.400332969 7.687942522 
2.444554836 8.045742627 

2.36533278 8.323692844 
2.444554836 8.045742627 

7.277760273 7.768036109 
6.909136147 7.807036325 

3.748651897 0.8674640184 
3.587883148 0.7902186156 

4.749597421 5.641577785 
4.853635676 5.833805847 

3.088831205 2.33248733 
3.512122824 2.626115381 

2.373104495 0.8918056386 
2.256429094 0.6550867044 

7.313145079 6.10826724 
7.190047426 6.293506507 

4.375010187 7.634920264 
4.297992927 7.287096915 

4.297992927 7.287096915 
4.573762444 7.270538518 

1.855077626 8.8537388 
2.039677212 8.834321487 

6.305137676 7.986827991 
5.553197441 7.973812372 

7.142329474 5.147302361 
7.086807224 5.3769749 

5.553197441 7.973812372 
5.584821166 7.689940803 

1.107718216 8.052596824 
1.309210046 7.742564439 

0.3177640409 8.159037341 
0.6389592091 7.979030988 

1.907948133 2.86928632 
2.012824062 2.554295668 

2.90694188 7.743075987 
2.444554836 8.045742627 

4.452835065 1.327176716 
3.917455311 1.588469624 

2.90694188 7.743075987 
2.701704851 7.997752497 

5.657941541 4.957013554 
5.510264446 4.774804464 

5.13764806 4.806466573 
5.510264446 4.774804464 

5.727222275 7.049810887 
5.489607565 7.020637554 

3.126742845 8.310687659 
3.231452069 8.576699989 

6.090550846 6.590702893 
6.057650703 6.311177087 

5.828993234 6.077422385 
6.057650703 6.311177087 

2.499059482 8.577701847 
2.601235655 8.907467191 

3.14074988 0.303779192 
3.359718466 0.7110823782 

3.465946479 1.018482355 
3.359718466 0.7110823782 

3.720142161 3.006660304 
3.755468448 3.278213947 

2.549575917 3.814357872 
2.371331535 3.422380361 

2.129101813 2.107587371 
2.72953614 2.100520601 

4.179150273 5.899656178 
4.728682401 6.298345915 

5.048250776 6.588652266 
4.728682401 6.298345915 

1.846046862 6.305624591 
1.618910325 6.653385928 

1.846046862 6.305624591 
1.962848381 6.135619784 

6.2088936 7.365363088 
5.693609084 7.355801236 

2.137843133 7.751759487 
2.252669527 7.508543827 

2.437213514 7.023444089 
2.252669527 7.508543827 

3.231452069 8.576699989 
3.367978884 8.398587152 

2.72953614 2.100520601 
2.424224158 2.188444796 

2.129101813 2.107587371 
1.835552303 2.18342116 

3.935971335 2.562313608 
3.617948747 2.518915838 

3.531292581 2.211395998 
3.617948747 2.518915838 

2.129265514 7.41792661 
2.252669527 7.508543827 

2.85756025 6.653738928 
3.390042482 6.458742858 

7.56069737 6.492726173 
7.262126859 6.528949253 

6.81041662 7.367123737 
6.601452421 7.456826849 

1.669629219 7.864643294 
1.467877212 8.01702904 

7.16294563 6.666528548 
7.41441449 6.651081444 

3.762786759 1.812083703 
4.125586507 1.43904532 

6.057650703 6.311177087 
6.110251821 5.974359058 

1.467877212 8.01702904 
1.430745693 8.126734818 

0.9710113507 7.463817186 
0.4378083889 7.470156225 

2.48005221 6.001949876 
2.700219337 6.125535191 

2.740888193 6.294885901 
2.700219337 6.125535191 

2.751989399 8.250411275 
2.36533278 8.323692844 

2.857302033 2.446522943 
2.891704892 2.264660716 

2.938205558 2.0412227 
2.891704892 2.264660716 

1.189282805 6.931996223 
1.382052709 7.238321799 

2.371331535 3.422380361 
2.174888097 3.355211541 

2.320042588 7.376499132 
2.252669527 7.508543827 

0.9710113507 7.463817186 
1.146355756 7.154166053 

1.189282805 6.931996223 
1.146355756 7.154166053 

4.728682401 6.298345915 
4.656234911 6.481874973 

3.935619023 6.838497145 
3.835428611 7.157094202 

3.720754814 7.516818165 
3.835428611 7.157094202 

2.632329485 3.178501473 
2.446903954 3.249147524 

2.020158375 7.034194784 
1.930285812 6.877491704 

3.132926552 3.279872422 
3.221594731 3.521051481 

5.13764806 4.806466573 
4.919890519 4.948570934 

4.754528885 4.760345426 
4.919890519 4.948570934 

5.657941541 4.957013554 
5.883974492 4.748795783 

1.009440537 7.643749516 
0.9710113507 7.463817186 

2.359520888 1.344937106 
2.069746355 1.352436181 

2.762999515 8.845604691 
2.601235655 8.907467191 

5.586071216 6.492783635 
5.621834108 6.742990265 

0.7201539194 8.325422699 
0.6389592091 7.979030988 

4.297992927 7.287096915 
3.935619023 6.838497145 

2.307016611 6.406101632 
1.962848381 6.135619784 

6.660809243 8.250524262 
6.71532352 7.957955457 

1.64401838 2.291986194 
1.605043284 2.419864033 

2.751989399 8.250411275 
3.07002197 8.05829098 

1.926900438 1.507940256 
1.923144922 1.707259856 

5.621834108 6.742990265 
5.947163798 6.783885115 

2.961682315 1.739840432 
2.938205558 2.0412227 

4.452835065 1.327176716 
4.553109639 1.615354751 

3.587883148 0.7902186156 
3.47403558 0.4947277656 

4.759608793 6.831283558 
4.533844743 6.963388906 

0.8036353333 7.181926913 
1.146355756 7.154166053 

3.617948747 2.518915838 
3.512122824 2.626115381 

3.331439056 2.213266254 
3.223681372 2.109819753 

1.316234833 2.305711887 
1.605043284 2.419864033 

1.657410615 8.319986301 
1.698641277 8.161595946 

2.674698194 0.4444015327 
2.758108164 0.8235742255 

3.088831205 2.33248733 
2.891704892 2.264660716 

4.448263039 2.708549949 
4.380463743 2.858204123 

2.90694188 7.743075987 
3.329165385 8.001569978 

1.835552303 2.18342116 
1.64401838 2.291986194 

2.85756025 6.653738928 
2.894838286 6.815552988 

2.970464618 2.905173474 
3.009192987 2.729212961 

2.701704851 7.997752497 
2.751989399 8.250411275 

5.584821166 7.689940803 
5.25758908 7.714607725 

0.8036353333 7.181926913 
1.003064185 6.768331322 

4.519921377 3.35830376 
4.557608016 3.132122859 

4.342025402 3.072361774 
4.557608016 3.132122859 

2.62740632 9.484576712 
2.751330219 9.141186387 

2.762999515 8.845604691 
2.751330219 9.141186387 

6.798003567 6.814088478 
6.727894858 6.528193306 

3.720754814 7.516818165 
4.080429225 7.608561964 

4.375010187 7.634920264 
4.080429225 7.608561964 

3.568806073 1.77221227 
3.453670894 1.630006708 

1.926900438 1.507940256 
2.069746355 1.352436181 

3.465946479 1.018482355 
3.587883148 0.7902186156 

6.136272843 5.335331002 
6.301700479 5.441112151 

6.501543334 5.249516389 
6.301700479 5.441112151 

0.7559336792 8.816944367 
0.5650978466 8.622290056 

2.961682315 1.739840432 
3.035929068 1.55580661 

4.991430701 8.036630278 
5.435067182 7.666017521 

7.190047426 6.293506507 
7.262126859 6.528949253 

6.910597518 5.997774646 
6.937494122 5.655578729 

1.382052709 7.238321799 
0.9593160475 6.981471186 

3.367978884 8.398587152 
3.533988443 8.345437495 

2.400332969 7.687942522 
2.252669527 7.508543827 

5.900915634 5.554778936 
6.136272843 5.335331002 

1.430745693 8.126734818 
1.514197711 8.392413698 

1.639563215 8.582678441 
1.514197711 8.392413698 

2.751989399 8.250411275 
2.787210724 8.471736421 

5.243294948 7.226180836 
5.25758908 7.714607725 

6.727894858 6.528193306 
6.607402486 6.689068228 

6.554083053 6.900991843 
6.607402486 6.689068228 

5.435105633 5.702592045 
5.088293966 5.93355305 

2.72953614 2.100520601 
2.938205558 2.0412227 

0.6389592091 7.979030988 
0.7160983912 7.606295201 

6.660809243 8.250524262 
6.987831238 8.035294576 

0.6389592091 7.979030988 
0.8390239406 7.860953002 

1.009440537 7.643749516 
0.8390239406 7.860953002 

0.9593160475 6.981471186 
1.189282805 6.931996223 

4.553109639 1.615354751 
4.272429538 1.584304877 

4.125586507 1.43904532 
4.272429538 1.584304877 

4.154480505 1.927340903 
3.936867338 2.158439436 

1.605043284 2.419864033 
1.531530555 2.474235799 

3.287250766 3.901615284 
3.190743957 3.627130066 

2.977770594 3.385767547 
3.190743957 3.627130066 

5.194775077 6.426245142 
4.985422112 6.377919541 

4.728682401 6.298345915 
4.985422112 6.377919541 

4.749597421 5.641577785 
5.162215475 5.435175617 

1.6636046 6.400529082 
1.846046862 6.305624591 

3.035929068 1.55580661 
2.825407654 1.563415712 

2.912541098 7.192792354 
2.679897532 7.308698859 

2.740888193 6.294885901 
2.78623507 6.470074518 

1.003064185 6.768331322 
1.108529141 6.569139795 

1.618910325 6.653385928 
1.189282805 6.931996223 

3.166811975 1.324822138 
2.99665105 1.327994085 

3.035929068 1.55580661 
2.99665105 1.327994085 

1.247305093 6.218298341 
1.325355854 6.582401118 

0.7160983912 7.606295201 
0.5238772912 7.669607986 

7.41441449 6.651081444 
7.262126859 6.528949253 

4.519921377 3.35830376 
4.857496567 2.927610943 

5.02700116 2.544774298 
4.857496567 2.927610943 

2.307016611 6.406101632 
2.740888193 6.294885901 

6.300967375 4.783816929 
6.022381562 4.825069363 

5.883974492 4.748795783 
6.022381562 4.825069363 

3.189499663 0.9113196355 
3.359718466 0.7110823782 

1.962926207 0.7828889488 
1.872256769 1.060988356 

6.798003567 6.814088478 
6.607402486 6.689068228 

1.107718216 8.052596824 
0.7693556047 8.103348966 

2.639624123 2.658150517 
3.009192987 2.729212961 

5.489607565 7.020637554 
5.675262157 6.892777241 

5.621834108 6.742990265 
5.675262157 6.892777241 

4.553793511 1.823685072 
4.71793424 1.822417628 

4.923302253 1.690749742 
4.71793424 1.822417628 

1.514512041 8.908382278 
1.352841353 9.070800564 

4.908759484 6.885057246 
4.95673406 7.138004335 

2.601235655 8.907467191 
2.751330219 9.141186387 

4.919890519 4.948570934 
4.831199429 5.150027248 

6.617263926 5.659689514 
6.883601861 5.374453544 

4.831199429 5.150027248 
4.489972674 5.284553938 

1.250686478 8.755929129 
1.514197711 8.392413698 

6.937494122 5.655578729 
6.883601861 5.374453544 

4.079563985 0.9699632506 
4.115584809 0.8314075219 

2.825407654 1.563415712 
2.59443874 1.638383616 

2.354724245 1.727029229 
2.59443874 1.638383616 

3.720754814 7.516818165 
3.329165385 8.001569978 

3.720754814 7.516818165 
3.667888339 7.893541304 

2.938205558 2.0412227 
3.143725352 2.183917212 

4.991430701 8.036630278 
4.962360015 7.648321416 

4.812786335 7.426612466 
4.962360015 7.648321416 

4.573762444 7.270538518 
4.533844743 6.963388906 

2.525011489 1.970164728 
2.59443874 1.638383616 

3.515726331 3.296246613 
3.627701324 3.259817044 

3.755468448 3.278213947 
3.627701324 3.259817044 

1.589797962 7.491490633 
1.878015682 7.451871128 

2.026548799 8.042427554 
2.23455732 8.070646798 

2.444554836 8.045742627 
2.23455732 8.070646798 

3.346413234 7.010924761 
3.105024962 7.041942615 

2.912541098 7.192792354 
3.105024962 7.041942615 

1.896348954 7.680870367 
2.051964631 7.668524267 

3.083326538 6.100531536 
2.700219337 6.125535191 

5.081319065 2.125002392 
4.944836196 1.985605275 

4.728682401 6.298345915 
4.560004596 6.110255251 

2.189130949 9.194406995 
2.376493021 8.864432269 

2.499059482 8.577701847 
2.376493021 8.864432269 

1.639808108 7.017860988 
1.724199241 7.354254122 

4.125586507 1.43904532 
4.480837639 0.8408229009 

7.343684349 7.306695661 
7.194142942 7.077789673 

3.126742845 8.310687659 
2.787210724 8.471736421 

2.787210724 8.471736421 
3.016516479 8.643748709 

1.382052709 7.238321799 
1.724199241 7.354254122 

2.549575917 3.814357872 
2.651186662 3.452156186 

2.632329485 3.178501473 
2.651186662 3.452156186 

6.883601861 5.374453544 
7.086807224 5.3769749 

4.793474664 2.414964587 
4.585116628 2.594085354 

4.448263039 2.708549949 
4.585116628 2.594085354 

3.143725352 2.183917212 
3.223681372 2.109819753 

4.749597421 5.641577785 
4.852202562 5.420394642 

4.480837639 0.8408229009 
4.115584809 0.8314075219 

1.430745693 8.126734818 
1.698641277 8.161595946 

3.627089422 2.077412272 
3.419800869 2.083720165 

6.06341232 7.883344605 
6.068635022 8.170141946 

6.261142326 6.912231546 
6.220152662 6.731577725 

3.088831205 2.33248733 
3.143725352 2.183917212 

3.07002197 8.05829098 
3.329165385 8.001569978 

3.016516479 8.643748709 
3.090650472 8.716064505 

5.435067182 7.666017521 
5.584821166 7.689940803 

2.639624123 2.658150517 
2.733517042 2.854899606 

2.970464618 2.905173474 
2.733517042 2.854899606 

7.56069737 6.492726173 
7.619607899 6.717908842 

3.088831205 2.33248733 
3.07578068 2.498162764 

2.674698194 0.4444015327 
2.394880452 0.6896312499 

2.256429094 0.6550867044 
2.394880452 0.6896312499 

1.6636046 6.400529082 
1.712739525 6.169873153 

3.083326538 6.100531536 
3.092115746 6.323390812 

3.07578068 2.498162764 
2.857302033 2.446522943 

4.991430701 8.036630278 
5.144463675 7.901312698 

5.25758908 7.714607725 
5.144463675 7.901312698 

2.373104495 0.8918056386 
2.456864944 0.7159720028 

2.62740632 9.484576712 
2.536657941 9.131114028 

2.601235655 8.907467191 
2.536657941 9.131114028 

3.465946479 1.018482355 
3.262864055 1.120294601 

3.166811975 1.324822138 
3.262864055 1.120294601 

2.174888097 3.355211541 
2.097834377 3.493701321 

4.125586507 1.43904532 
4.007702746 1.443531596 

1.316234833 2.305711887 
1.531530555 2.474235799 

1.316234833 2.305711887 
1.572323117 2.074462774 

0.7693556047 8.103348966 
0.6389592091 7.979030988 

7.313145079 6.10826724 
7.408701864 6.159656293 

4.19789946 2.329315365 
4.448263039 2.708549949 

4.154480505 1.927340903 
4.270186153 2.127646849 

2.456864944 0.7159720028 
2.457076791 0.5474947544 

0.9710113507 7.463817186 
1.254291862 7.442476333 

5.048250776 6.588652266 
4.908759484 6.885057246 

1.133663623 9.29531068 
1.382970004 8.67342229 

3.47403558 0.4947277656 
3.333481644 0.5163819665 

4.533844743 6.963388906 
4.363767745 6.642555991 

0.9593160475 6.981471186 
0.8036353333 7.181926913 

2.596743598 7.60025314 
2.77045584 7.572167183 

7.190047426 6.293506507 
7.408701864 6.159656293 

2.36533278 8.323692844 
2.135555705 8.34840285 

2.054919075 8.49512285 
2.135555705 8.34840285 

6.987831238 8.035294576 
6.909136147 7.807036325 

0.4107645701 6.740701656 
0.7162428593 6.623289382 

0.7693556047 8.103348966 
0.7201539194 8.325422699 

0.7201539194 8.325422699 
0.7359088171 8.529623739 

6.275100965 5.643463744 
6.617263926 5.659689514 

7.277760273 7.768036109 
7.202937915 7.544247801 

1.250686478 8.755929129 
1.382970004 8.67342229 

3.287250766 3.901615284 
3.535803209 3.852012073 

3.739157092 3.984978262 
3.535803209 3.852012073 

5.755046347 7.770184279 
5.844269682 7.572995446 

1.107718216 8.052596824 
0.8390239406 7.860953002 

1.250686478 8.755929129 
1.047159202 8.697856469 

2.137843133 7.751759487 
2.23455732 8.070646798 

4.297992927 7.287096915 
3.980664895 7.446858484 

3.720754814 7.516818165 
3.980664895 7.446858484 

2.525011489 1.970164728 
2.683814817 1.801359742 

2.137843133 7.751759487 
2.205815492 7.709795826 

2.400332969 7.687942522 
2.205815492 7.709795826 

3.189499663 0.9113196355 
3.262864055 1.120294601 

6.305137676 7.986827991 
6.468311602 8.210797919 

6.300967375 4.783816929 
6.158567523 5.057344516 

2.90694188 7.743075987 
3.008575071 7.919423895 

3.07002197 8.05829098 
3.008575071 7.919423895 

2.339771689 7.900729052 
2.205815492 7.709795826 

6.727894858 6.528193306 
6.580169427 6.449455028 

4.080429225 7.608561964 
3.980664895 7.446858484 

6.580169427 6.449455028 
6.607402486 6.689068228 

6.275100965 5.643463744 
6.034791024 5.860609676 

5.828993234 6.077422385 
6.034791024 5.860609676 

2.339771689 7.900729052 
2.400332969 7.687942522 

0.7761054631 6.386077772 
1.045653604 6.376503524 

2.424224158 2.188444796 
2.4771264 2.344741805 

5.359721024 6.683624515 
5.621834108 6.742990265 

2.77045584 7.572167183 
2.90694188 7.743075987 

2.701704851 7.997752497 
3.008575071 7.919423895 

4.200147807 6.24838294 
4.560004596 6.110255251 

6.798003567 6.814088478 
6.865336662 6.681539773 

6.949701231 6.599920432 
6.865336662 6.681539773 

4.200147807 6.24838294 
4.250623256 6.47787275 

4.363767745 6.642555991 
4.250623256 6.47787275 

5.727222275 7.049810887 
5.675262157 6.892777241 

5.947163798 6.783885115 
5.675262157 6.892777241 

7.408701864 6.159656293 
7.475429198 6.231565187 

7.086807224 5.3769749 
7.461060224 5.485126145 

2.446903954 3.249147524 
2.384076303 2.928894942 

3.359718466 0.7110823782 
3.587883148 0.7902186156 

4.852202562 5.420394642 
5.162215475 5.435175617 

4.991430701 8.036630278 
5.145207515 7.618693413 

4.19789946 2.329315365 
4.29532009 2.209370043 

4.270186153 2.127646849 
4.29532009 2.209370043 

2.320042588 7.376499132 
2.096034062 7.251651082 

5.51162551 6.019306411 
5.245065135 6.016945264 

5.088293966 5.93355305 
5.245065135 6.016945264 

7.086807224 5.3769749 
7.028582754 5.513960701 

6.937494122 5.655578729 
7.028582754 5.513960701 

3.996801421 3.089581686 
4.148999077 2.878728018 

6.554083053 6.900991843 
6.220152662 6.731577725 

7.262126859 6.528949253 
7.16294563 6.666528548 

6.057650703 6.311177087 
5.875471613 6.421521341 

5.747222059 6.523698112 
5.875471613 6.421521341 

6.110251821 5.974359058 
6.034791024 5.860609676 

1.962848381 6.135619784 
1.798237884 6.0278794 

2.339771689 7.900729052 
2.444554836 8.045742627 

1.309210046 7.742564439 
1.297507197 7.981661937 

4.452835065 1.327176716 
4.358849284 1.185097927 

5.13764806 4.806466573 
5.040652254 5.178655762 

5.916544145 6.541620932 
5.875471613 6.421521341 

1.835552303 2.18342116 
1.572323117 2.074462774 

0.9593160475 6.981471186 
0.6928675405 6.870374797 

6.911047142 6.336613938 
6.580169427 6.449455028 

0.5650978466 8.622290056 
0.6590468037 8.555787254 

0.7359088171 8.529623739 
0.6590468037 8.555787254 

1.745754004 9.294676895 
1.704160581 9.170951536 

1.594126104 9.065832605 
1.704160581 9.170951536 

3.667888339 7.893541304 
3.533988443 8.345437495 

1.589797962 7.491490633 
1.790896392 7.594447373 

1.896348954 7.680870367 
1.790896392 7.594447373 

1.979286618 3.347561735 
1.93730168 3.461803466 

1.325355854 6.582401118 
1.108529141 6.569139795 

1.514197711 8.392413698 
1.657410615 8.319986301 

2.422051663 6.245590343 
2.194100887 6.030555141 

4.852202562 5.420394642 
5.040652254 5.178655762 

3.333481644 0.5163819665 
3.389104734 0.3602651058 

1.662603897 1.388896788 
1.923309961 1.319504493 

2.069746355 1.352436181 
1.923309961 1.319504493 

2.054919075 8.49512285 
1.639563215 8.582678441 

1.107718216 8.052596824 
1.297507197 7.981661937 

1.846046862 6.305624591 
2.005774806 6.348495705 

1.926900438 1.507940256 
1.923309961 1.319504493 

5.727222275 7.049810887 
5.8746061 7.088299019 

1.835552303 2.18342116 
1.636370951 2.19430939 

4.091826053 0.5959983481 
4.095096866 0.7434830037 

4.115584809 0.8314075219 
4.095096866 0.7434830037 

3.287250766 3.901615284 
3.369880299 3.70716209 

3.221594731 3.521051481 
3.369880299 3.70716209 

5.553197441 7.973812372 
5.440945513 8.16005933 

0.7162428593 6.623289382 
0.7848255726 6.555338116 

2.961682315 1.739840432 
2.683814817 1.801359742 

7.153297772 5.927718622 
7.235267911 5.723503906 

2.097834377 3.493701321 
2.046737853 3.457449508 

1.979286618 3.347561735 
2.046737853 3.457449508 

2.977770594 3.385767547 
2.808425911 3.550190989 

5.194775077 6.426245142 
5.245065135 6.016945264 

3.359718466 0.7110823782 
3.333481644 0.5163819665 

6.554083053 6.900991843 
6.374464419 6.685919487 

6.392102949 6.457215978 
6.374464419 6.685919487 

3.512122824 2.626115381 
3.311120216 2.391067835 

3.331439056 2.213266254 
3.311120216 2.391067835 

3.300662888 8.89975102 
2.872732357 8.690446631 

2.499059482 8.577701847 
2.872732357 8.690446631 

3.568806073 1.77221227 
3.638144774 1.601641386 

5.182701525 8.068454971 
5.144463675 7.901312698 

2.051964631 7.668524267 
2.089837326 7.556921123 

1.907948133 2.86928632 
1.711204449 2.724419048 

2.825407654 1.563415712 
2.86565301 1.41950082 

6.554083053 6.900991843 
6.415705808 6.843949855 

6.261142326 6.912231546 
6.415705808 6.843949855 

3.935971335 2.562313608 
4.19789946 2.329315365 

3.935971335 2.562313608 
3.700278068 2.339051071 

3.627089422 2.077412272 
3.700278068 2.339051071 

2.373104495 0.8918056386 
2.394880452 0.6896312499 

3.221594731 3.521051481 
3.190743957 3.627130066 

2.457076791 0.5474947544 
2.394880452 0.6896312499 

1.6636046 6.400529082 
1.325355854 6.582401118 

1.618910325 6.653385928 
1.825315325 6.735150611 

1.878015682 7.451871128 
1.724199241 7.354254122 

5.145207515 7.618693413 
4.962360015 7.648321416 

7.235267911 5.723503906 
7.303889201 5.622867131 

3.738161324 8.554196284 
3.721877891 8.264742405 

3.667888339 7.893541304 
3.721877891 8.264742405 

1.636370951 2.19430939 
1.64401838 2.291986194 

5.900915634 5.554778936 
5.713511655 5.625429227 

3.331439056 2.213266254 
3.419800869 2.083720165 

7.475429198 6.231565187 
7.531169223 6.216267949 

2.72953614 2.100520601 
2.721419602 2.264884591 

2.857302033 2.446522943 
2.721419602 2.264884591 

5.947163798 6.783885115 
5.73648391 6.652110273 

5.586071216 6.492783635 
5.73648391 6.652110273 

4.179150273 5.899656178 
4.811929437 5.978246694 

5.51162551 6.019306411 
4.811929437 5.978246694 

2.437213514 7.023444089 
2.402926385 7.222610323 

2.320042588 7.376499132 
2.402926385 7.222610323 

3.346413234 7.010924761 
3.367173455 7.226776311 

4.749597421 5.641577785 
4.811929437 5.978246694 

6.305137676 7.986827991 
6.209775563 8.00574424 

2.215206722 3.636812976 
2.004789126 3.458139639 

4.039430206 3.83298722 
4.267703354 3.570441777 

3.720142161 3.006660304 
3.627701324 3.259817044 

4.853635676 5.833805847 
4.811929437 5.978246694 

6.945063813 7.075862338 
7.064220494 6.941620044 

5.747222059 6.523698112 
5.73648391 6.652110273 

1.352841353 9.070800564 
1.365538915 9.173104126 

1.531530555 2.474235799 
1.506342248 2.607966763 

3.531292581 2.211395998 
3.700278068 2.339051071 

6.501543334 5.249516389 
6.741383575 5.132209285 

2.701704851 7.997752497 
2.525231617 7.941549581 

2.339771689 7.900729052 
2.525231617 7.941549581 

6.090550846 6.590702893 
5.982817035 6.595309417 

5.916544145 6.541620932 
5.982817035 6.595309417 

4.154480505 1.927340903 
3.965154789 1.868149822 

7.461060224 5.485126145 
7.356677674 5.58110573 

7.303889201 5.622867131 
7.356677674 5.58110573 

6.987831238 8.035294576 
7.092000391 7.880278355 

3.453670894 1.630006708 
3.292481644 1.446678609 

3.166811975 1.324822138 
3.292481644 1.446678609 

2.762999515 8.845604691 
2.872732357 8.690446631 

5.182701525 8.068454971 
5.26937538 8.135101798 

4.533844743 6.963388906 
4.307397567 6.987729096 

6.2088936 7.365363088 
6.400232456 7.288589753 

2.787210724 8.471736421 
2.872732357 8.690446631 

1.984142772 8.212371258 
2.135555705 8.34840285 

7.619607899 6.717908842 
7.620739431 6.847561351 

1.382970004 8.67342229 
1.514197711 8.392413698 

3.409059041 1.846750348 
3.419800869 2.083720165 

1.984142772 8.212371258 
1.912190415 8.440409863 

2.77045584 7.572167183 
2.778832082 7.453875997 

5.693609084 7.355801236 
5.684422751 7.570781839 

5.584821166 7.689940803 
5.684422751 7.570781839 

3.935619023 6.838497145 
4.134090947 6.746435041 

4.363767745 6.642555991 
4.134090947 6.746435041 

2.758108164 0.8235742255 
2.796450711 0.9551234128 

1.382970004 8.67342229 
1.315034925 8.427844503 

0.7160983912 7.606295201 
0.4378083889 7.470156225 

1.878015682 7.451871128 
1.790896392 7.594447373 

2.189130949 9.194406995 
2.396770494 9.32718646 

2.62740632 9.484576712 
2.396770494 9.32718646 

2.359520888 1.344937106 
2.6324565 1.574264557 

2.961682315 1.739840432 
2.6324565 1.574264557 

6.220152662 6.731577725 
6.374464419 6.685919487 

5.048250776 6.588652266 
5.124710183 6.72211171 

5.359721024 6.683624515 
5.124710183 6.72211171 

5.25758908 7.714607725 
5.145207515 7.618693413 

2.256429094 0.6550867044 
2.078912757 0.7158862883 

1.930285812 6.877491704 
1.825315325 6.735150611 

0.5238772912 7.669607986 
0.5191118767 7.56521759 

0.4378083889 7.470156225 
0.5191118767 7.56521759 

2.054647119 5.919396957 
2.293828963 5.896723502 

1.640602242 3.280794991 
1.865770775 3.405096257 

2.004789126 3.458139639 
1.865770775 3.405096257 

3.367173455 7.226776311 
3.436992281 7.31991457 

3.220608853 2.906051184 
3.34064737 2.667897596 

3.512122824 2.626115381 
3.34064737 2.667897596 

3.533988443 8.345437495 
3.721877891 8.264742405 

3.092115746 6.323390812 
3.121504516 6.41100473 

2.384076303 2.928894942 
2.576955231 2.901374936 

2.733517042 2.854899606 
2.576955231 2.901374936 

4.812786335 7.426612466 
4.718973284 7.298123814 

1.639808108 7.017860988 
1.729223391 7.234629128 

1.878015682 7.451871128 
1.729223391 7.234629128 

4.853635676 5.833805847 
5.020333663 5.683774388 

5.162215475 5.435175617 
5.020333663 5.683774388 

2.891704892 2.264660716 
2.721419602 2.264884591 

1.309210046 7.742564439 
0.8309991265 7.992499751 

2.437213514 7.023444089 
2.291726188 7.109583564 

1.382052709 7.238321799 
1.146355756 7.154166053 

4.557608016 3.132122859 
4.661168204 3.074471178 

2.796450711 0.9551234128 
2.85777634 0.8785579743 

2.986317692 0.7836899265 
2.85777634 0.8785579743 

3.389104734 0.3602651058 
3.270084951 0.3511820102 

0.9593160475 6.981471186 
1.003064185 6.768331322 

1.923144922 1.707259856 
1.74838274 1.817304041 

1.545530379 1.763212364 
1.74838274 1.817304041 

6.883601861 5.374453544 
7.028582754 5.513960701 

3.935971335 2.562313608 
3.76324852 2.776988643 

3.720142161 3.006660304 
3.76324852 2.776988643 

5.73648391 6.652110273 
5.621834108 6.742990265 

1.669629219 7.864643294 
1.890886012 7.89753107 

4.179150273 5.899656178 
4.474543103 5.767344557 

4.749597421 5.641577785 
4.474543103 5.767344557 

0.604932572 7.330281221 
0.7112920677 7.278915205 

0.8036353333 7.181926913 
0.7112920677 7.278915205 

1.662603897 1.388896788 
1.79937593 1.409884431 

1.926900438 1.507940256 
1.79937593 1.409884431 

1.724199241 7.354254122 
1.729223391 7.234629128 

3.190594904 1.878666936 
3.128473636 2.041140404 

3.143725352 2.183917212 
3.128473636 2.041140404 

4.307397567 6.987729096 
4.134090947 6.746435041 

1.045653604 6.376503524 
1.127860484 6.294082358 

3.07578068 2.498162764 
3.34064737 2.667897596 

1.107718216 8.052596824 
0.8309991265 7.992499751 

6.468311602 8.210797919 
6.287138278 8.113083968 

1.745754004 9.294676895 
1.486271426 9.281598617 

2.808425911 3.550190989 
2.732771562 3.614543473 

5.435067182 7.666017521 
5.25758908 7.714607725 

5.510264446 4.774804464 
5.625096928 4.628178659 

7.56069737 6.492726173 
7.475429198 6.231565187 

7.194142942 7.077789673 
6.945063813 7.075862338 

2.751330219 9.141186387 
2.651233394 9.144621764 

6.617263926 5.659689514 
6.937494122 5.655578729 

2.85756025 6.653738928 
2.68352165 6.594272615 

2.639624123 2.658150517 
2.576955231 2.901374936 

7.41441449 6.651081444 
7.56069737 6.492726173 

2.089837326 7.556921123 
2.252669527 7.508543827 

2.129101813 2.107587371 
1.9016794 1.987416888 

6.727894858 6.528193306 
6.865336662 6.681539773 

5.162215475 5.435175617 
5.040652254 5.178655762 

7.194142942 7.077789673 
7.100084634 7.178549359 

5.947163798 6.783885115 
5.982817035 6.595309417 

5.440945513 8.16005933 
5.355096045 8.145068481 

5.26937538 8.135101798 
5.355096045 8.145068481 

7.343684349 7.306695661 
7.546665739 6.982925115 

7.343684349 7.306695661 
7.242532569 7.452933227 

1.93730168 3.461803466 
2.004789126 3.458139639 

2.303437151 2.427917511 
2.485261995 2.551642691 

2.639624123 2.658150517 
2.485261995 2.551642691 

3.738161324 8.554196284 
3.613190736 8.497340303 

2.499059482 8.577701847 
2.644044198 8.728550266 

2.762999515 8.845604691 
2.644044198 8.728550266 

4.358849284 1.185097927 
4.351690228 1.04485026 

5.489607565 7.020637554 
5.243294948 7.226180836 

5.947163798 6.783885115 
5.771599637 6.867060122 

3.121504516 6.41100473 
3.19881155 6.428217119 

6.71532352 7.957955457 
6.872865225 7.980292066 

6.987831238 8.035294576 
6.872865225 7.980292066 

1.486271426 9.281598617 
1.365538915 9.173104126 

3.287250766 3.901615284 
3.46518442 3.584421667 

6.911047142 6.336613938 
6.949701231 6.599920432 

4.19789946 2.329315365 
4.560650454 2.051706214 

4.923302253 1.690749742 
4.560650454 2.051706214 

4.553793511 1.823685072 
4.660576632 1.695330479 

4.553109639 1.615354751 
4.660576632 1.695330479 

6.69702572 6.117096714 
6.614183012 6.287457044 

6.580169427 6.449455028 
6.614183012 6.287457044 

3.512122824 2.626115381 
3.711753446 2.620084693 

3.453670894 1.630006708 
3.638144774 1.601641386 

3.009192987 2.729212961 
3.068907 2.65259088 

3.07578068 2.498162764 
3.068907 2.65259088 

2.683814817 1.801359742 
2.6324565 1.574264557 

1.855077626 8.8537388 
2.061950338 9.076750968 

2.189130949 9.194406995 
2.061950338 9.076750968 

2.291726188 7.109583564 
2.402926385 7.222610323 

1.385141314 2.693087706 
1.548683299 2.695102915 

1.711204449 2.724419048 
1.548683299 2.695102915 

3.223681372 2.109819753 
3.286728002 2.126562479 

3.419800869 2.083720165 
3.286728002 2.126562479 

6.392102949 6.457215978 
6.580169427 6.449455028 

2.525011489 1.970164728 
2.142216498 1.670910191 

3.390042482 6.458742858 
3.254976945 6.439575519 

3.19881155 6.428217119 
3.254976945 6.439575519 

6.69702572 6.117096714 
6.983044039 5.888662799 

5.771599637 6.867060122 
5.675262157 6.892777241 

3.835428611 7.157094202 
3.980664895 7.446858484 

6.392102949 6.457215978 
6.173790309 6.549818109 

6.090550846 6.590702893 
6.173790309 6.549818109 

6.336267082 6.145121316 
6.392102949 6.457215978 

1.662603897 1.388896788 
1.870338027 1.499183796 

2.142216498 1.670910191 
1.870338027 1.499183796 

6.287138278 8.113083968 
6.189785406 8.108140318 

3.128473636 2.041140404 
3.223681372 2.109819753 

3.300662888 8.89975102 
3.170073611 8.623551432 

3.126742845 8.310687659 
3.170073611 8.623551432 

4.560004596 6.110255251 
4.811929437 5.978246694 

3.46518442 3.584421667 
3.369880299 3.70716209 

2.215206722 3.636812976 
2.371331535 3.422380361 

6.336267082 6.145121316 
6.241231633 6.064432832 

6.110251821 5.974359058 
6.241231633 6.064432832 

1.93730168 3.461803466 
1.865770775 3.405096257 

6.068635022 8.170141946 
6.143111421 8.074361172 

6.209775563 8.00574424 
6.143111421 8.074361172 

3.47403558 0.4947277656 
3.389104734 0.3602651058 

3.47403558 0.4947277656 
3.442461276 0.5841946793 

3.359718466 0.7110823782 
3.442461276 0.5841946793 

6.468311602 8.210797919 
6.552299438 8.237521194 

5.435105633 5.702592045 
5.245065135 6.016945264 

2.499059482 8.577701847 
2.310217673 8.532906351 

2.054919075 8.49512285 
2.310217673 8.532906351 

3.190594904 1.878666936 
3.035929068 1.55580661 

6.301700479 5.441112151 
6.275100965 5.643463744 

5.875471613 6.421521341 
5.695258612 6.240621862 

7.461060224 5.485126145 
7.22294209 5.654808042 

6.983044039 5.888662799 
7.22294209 5.654808042 

6.06341232 7.883344605 
6.209775563 8.00574424 

2.894838286 6.815552988 
2.93595442 7.010320322 

3.711753446 2.620084693 
3.617948747 2.518915838 

6.305137676 7.986827991 
6.287138278 8.113083968 

4.560004596 6.110255251 
4.594074522 6.311583125 

4.656234911 6.481874973 
4.594074522 6.311583125 

6.374464419 6.685919487 
6.415705808 6.843949855 

0.7160983912 7.606295201 
0.5338531343 7.901931936 

3.711753446 2.620084693 
3.76324852 2.776988643 

4.080429225 7.608561964 
4.197757571 7.429091888 

4.297992927 7.287096915 
4.197757571 7.429091888 

0.5338531343 7.901931936 
0.6389592091 7.979030988 

5.900915634 5.554778936 
5.941720526 5.716655926 

6.034791024 5.860609676 
5.941720526 5.716655926 

1.639563215 8.582678441 
1.382970004 8.67342229 

1.878015682 7.451871128 
2.089837326 7.556921123 

1.545530379 1.763212364 
1.744271854 1.901859223 

1.9016794 1.987416888 
1.744271854 1.901859223 

3.409059041 1.846750348 
3.568806073 1.77221227 

7.194142942 7.077789673 
7.336836964 7.01966623 

7.546665739 6.982925115 
7.336836964 7.01966623 

5.162215475 5.435175617 
5.292049836 5.544935624 

6.06341232 7.883344605 
6.143111421 8.074361172 

1.382052709 7.238321799 
1.283403353 7.352299564 

1.254291862 7.442476333 
1.283403353 7.352299564 

3.936867338 2.158439436 
3.700278068 2.339051071 

2.376493021 8.864432269 
2.601235655 8.907467191 

1.486271426 9.281598617 
1.364097609 9.261894151 

3.349874367 7.542755789 
3.56033468 7.503929935 

3.720754814 7.516818165 
3.56033468 7.503929935 

2.359520888 1.344937106 
2.142216498 1.670910191 

4.375010187 7.634920264 
4.197757571 7.429091888 

4.793474664 2.414964587 
4.867653932 2.477304038 

5.02700116 2.544774298 
4.867653932 2.477304038 

2.359520888 1.344937106 
2.278932166 1.495849824 

1.926900438 1.507940256 
1.870338027 1.499183796 

3.270084951 0.3511820102 
3.254278378 0.2324223119 

4.660576632 1.695330479 
4.71793424 1.822417628 

5.695258612 6.240621862 
5.792221474 6.194144558 

5.828993234 6.077422385 
5.792221474 6.194144558 

6.158567523 5.057344516 
6.022381562 4.825069363 

6.158567523 5.057344516 
6.126306828 5.184281643 

6.136272843 5.335331002 
6.126306828 5.184281643 

3.244705468 6.291680013 
3.170278173 6.211434799 

3.936867338 2.158439436 
3.89559139 2.02768732 

3.965154789 1.868149822 
3.89559139 2.02768732 

1.872256769 1.060988356 
1.756686653 1.179868568 

3.090650472 8.716064505 
3.170073611 8.623551432 

2.751330219 9.141186387 
3.014593079 9.094465203 

6.06341232 7.883344605 
6.190915223 7.583829068 

1.640602242 3.280794991 
1.772418046 3.070515386 

1.907948133 2.86928632 
1.772418046 3.070515386 

2.938205558 2.0412227 
3.128473636 2.041140404 

2.303437151 2.427917511 
2.357208684 2.372625864 

2.4771264 2.344741805 
2.357208684 2.372625864 

4.594074522 6.311583125 
4.728682401 6.298345915 

2.701704851 7.997752497 
2.563776109 7.833964704 

2.400332969 7.687942522 
2.563776109 7.833964704 

5.040652254 5.178655762 
4.831199429 5.150027248 

2.307016611 6.406101632 
2.285492333 6.281744135 

3.286728002 2.126562479 
3.331439056 2.213266254 

2.938205558 2.0412227 
3.012796171 2.231816179 

3.088831205 2.33248733 
3.012796171 2.231816179 

6.945063813 7.075862338 
7.021027939 7.082473636 

7.100084634 7.178549359 
7.021027939 7.082473636 

4.852202562 5.420394642 
4.756606101 5.367544003 

2.039677212 8.834321487 
2.061950338 9.076750968 

7.531169223 6.216267949 
7.57608251 6.247664726 

1.297507197 7.981661937 
1.439289729 7.925537115 

1.467877212 8.01702904 
1.439289729 7.925537115 

1.488059978 5.901432888 
1.646208984 6.060181431 

1.712739525 6.169873153 
1.646208984 6.060181431 

5.51162551 6.019306411 
5.348721101 6.193613509 

4.452835065 1.327176716 
4.272429538 1.584304877 

1.979286618 3.347561735 
1.865770775 3.405096257 

3.220608853 2.906051184 
3.068907 2.65259088 

2.456864944 0.7159720028 
2.394880452 0.6896312499 

6.501543334 5.249516389 
6.48583331 4.987306606 

1.698641277 8.161595946 
1.856554998 8.193722566 

1.984142772 8.212371258 
1.856554998 8.193722566 

6.910597518 5.997774646 
6.983044039 5.888662799 

5.245065135 6.016945264 
5.348721101 6.193613509 

3.613190736 8.497340303 
3.567624851 8.427018397 

3.533988443 8.345437495 
3.567624851 8.427018397 

2.373104495 0.8918056386 
2.356722659 1.186795264 

2.359520888 1.344937106 
2.356722659 1.186795264 

3.300662888 8.89975102 
3.163120192 8.978927598 

3.014593079 9.094465203 
3.163120192 8.978927598 

3.748651897 0.8674640184 
3.930848544 0.7694023413 

1.108529141 6.569139795 
1.045653604 6.376503524 

5.348721101 6.193613509 
5.177665905 6.233086582 

2.457076791 0.5474947544 
2.557070458 0.5191196523 

2.156667803 6.690236915 
2.018687724 6.792854198 

1.930285812 6.877491704 
2.018687724 6.792854198 

3.369880299 3.70716209 
3.535803209 3.852012073 

6.220152662 6.731577725 
6.173790309 6.549818109 

2.424224158 2.188444796 
2.431401715 2.057685556 

2.525011489 1.970164728 
2.431401715 2.057685556 

2.422051663 6.245590343 
2.327230915 6.24813144 

2.285492333 6.281744135 
2.327230915 6.24813144 

3.627089422 2.077412272 
3.89559139 2.02768732 

6.052840029 7.072430011 
5.96466426 7.119524955 

5.8746061 7.088299019 
5.96466426 7.119524955 

6.336267082 6.145121316 
6.422274786 6.016543439 

3.333481644 0.5163819665 
3.442461276 0.5841946793 

2.291726188 7.109583564 
2.181166841 7.161277882 

2.096034062 7.251651082 
2.181166841 7.161277882 

2.444554836 8.045742627 
2.525231617 7.941549581 

2.499059482 8.577701847 
2.636451124 8.475877963 

5.435105633 5.702592045 
5.713511655 5.625429227 

1.639808108 7.017860988 
1.681171036 7.460168748 

1.669629219 7.864643294 
1.681171036 7.460168748 

6.237099378 5.860185238 
6.034791024 5.860609676 

1.315034925 8.427844503 
1.38639376 8.277482466 

1.430745693 8.126734818 
1.38639376 8.277482466 

1.669629219 7.864643294 
1.790896392 7.594447373 

6.911047142 6.336613938 
6.614183012 6.287457044 

1.133663623 9.29531068 
1.28051228 9.232113202 

1.365538915 9.173104126 
1.28051228 9.232113202 

0.7559336792 8.816944367 
0.9160539825 8.741459019 

1.047159202 8.697856469 
0.9160539825 8.741459019 

1.572323117 2.074462774 
1.636370951 2.19430939 

6.69702572 6.117096714 
6.546163676 6.110991786 

1.756686653 1.179868568 
1.923309961 1.319504493 

2.732771562 3.614543473 
2.6514067 3.671937791 

7.064220494 6.941620044 
7.021027939 7.082473636 

3.349874367 7.542755789 
3.131283477 7.646149416 

2.90694188 7.743075987 
3.131283477 7.646149416 

1.912190415 8.440409863 
2.000482122 8.405413908 

2.054919075 8.49512285 
2.000482122 8.405413908 

3.105024962 7.041942615 
2.93595442 7.010320322 

4.756606101 5.367544003 
4.687912018 5.336559785 

3.453670894 1.630006708 
3.430497306 1.724970689 

3.409059041 1.846750348 
3.430497306 1.724970689 

5.020333663 5.683774388 
5.20629707 5.685343856 

5.243294948 7.226180836 
5.169329236 7.44354249 

5.145207515 7.618693413 
5.169329236 7.44354249 

6.275100965 5.643463744 
6.066118347 5.630338714 

5.02700116 2.544774298 
5.071587671 2.342835118 

5.081319065 2.125002392 
5.071587671 2.342835118 

1.589797962 7.491490633 
1.681171036 7.460168748 

3.035929068 1.55580661 
2.86565301 1.41950082 

4.749597421 5.641577785 
4.916161796 5.407999241 

3.739157092 3.984978262 
3.90202535 3.853789567 

4.039430206 3.83298722 
3.90202535 3.853789567 

5.947163798 6.783885115 
5.96466426 7.119524955 

3.762786759 1.812083703 
3.840214237 1.713402153 

3.917455311 1.588469624 
3.840214237 1.713402153 

1.618910325 6.653385928 
1.599260339 6.889272899 

1.639808108 7.017860988 
1.599260339 6.889272899 

1.297507197 7.981661937 
1.467877212 8.01702904 

1.878015682 7.451871128 
1.681171036 7.460168748 

3.329165385 8.001569978 
3.131283477 7.646149416 

1.878015682 7.451871128 
1.951584669 7.578592421 

2.051964631 7.668524267 
1.951584669 7.578592421 

4.687912018 5.336559785 
4.631539629 5.318868507 

1.254291862 7.442476333 
1.309210046 7.742564439 

1.798237884 6.0278794 
1.683381661 5.995773672 

1.488059978 5.901432888 
1.683381661 5.995773672 

4.916161796 5.407999241 
4.852202562 5.420394642 

6.057650703 6.311177087 
6.173790309 6.549818109 

2.142216498 1.670910191 
2.354724245 1.727029229 

6.607402486 6.689068228 
6.374464419 6.685919487 

1.009440537 7.643749516 
1.042171589 7.848414902 

1.107718216 8.052596824 
1.042171589 7.848414902 

2.536657941 9.131114028 
2.593691897 9.191279794 

2.651233394 9.144621764 
2.593691897 9.191279794 

5.727222275 7.049810887 
5.771599637 6.867060122 

2.78623507 6.470074518 
2.751394435 6.540427525 

6.911047142 6.336613938 
6.898905479 6.134022206 

6.910597518 5.997774646 
6.898905479 6.134022206 

5.088293966 5.93355305 
4.811929437 5.978246694 

6.909136147 7.807036325 
6.872865225 7.980292066 

1.890886012 7.89753107 
1.975458818 7.974709876 

2.026548799 8.042427554 
1.975458818 7.974709876 

2.583849979 5.866033345 
2.495553739 5.93846819 

2.48005221 6.001949876 
2.495553739 5.93846819 

2.891704892 2.264660716 
3.012796171 2.231816179 

3.835428611 7.157094202 
4.073082518 7.200544163 

4.297992927 7.287096915 
4.073082518 7.200544163 

1.951584669 7.578592421 
1.896348954 7.680870367 

2.636451124 8.475877963 
2.751989399 8.250411275 

0.8309991265 7.992499751 
0.8390239406 7.860953002 

4.452835065 1.327176716 
4.289265247 1.38320669 

4.125586507 1.43904532 
4.289265247 1.38320669 

5.916544145 6.541620932 
5.842400735 6.494076421 

5.747222059 6.523698112 
5.842400735 6.494076421 

3.996801421 3.089581686 
4.170796877 3.07419921 

4.342025402 3.072361774 
4.170796877 3.07419921 

2.156667803 6.690236915 
1.972362117 6.729032554 

1.825315325 6.735150611 
1.972362117 6.729032554 

1.724199241 7.354254122 
1.681171036 7.460168748 

1.589797962 7.491490633 
1.640249469 7.371206763 

1.724199241 7.354254122 
1.640249469 7.371206763 

2.215206722 3.636812976 
2.097834377 3.493701321 

2.549575917 3.814357872 
2.423940719 3.674912634 

2.089837326 7.556921123 
1.951584669 7.578592421 

6.400232456 7.288589753 
6.509992456 7.369956237 

6.601452421 7.456826849 
6.509992456 7.369956237 

1.545530379 1.763212364 
1.662603897 1.388896788 

1.572323117 2.074462774 
1.589214647 1.911464748 

5.657941541 4.957013554 
5.664128769 4.8322629 

3.143725352 2.183917212 
3.012796171 2.231816179 

6.300967375 4.783816929 
6.359859685 4.878295041 

7.153297772 5.927718622 
6.983044039 5.888662799 

6.741383575 5.132209285 
6.93363646 5.155322751 

5.792221474 6.194144558 
5.875471613 6.421521341 

7.343684349 7.306695661 
7.437085251 6.898384709 

7.56069737 6.492726173 
7.437085251 6.898384709 

0.7160983912 7.606295201 
0.5191118767 7.56521759 

6.057650703 6.311177087 
6.241231633 6.064432832 

2.679897532 7.308698859 
2.726774781 7.386542127 

2.778832082 7.453875997 
2.726774781 7.386542127 

2.683814817 1.801359742 
2.752950315 1.639802574 

2.825407654 1.563415712 
2.752950315 1.639802574 

4.923302253 1.690749742 
4.793276215 1.744355089 

4.660576632 1.695330479 
4.793276215 1.744355089 

1.133663623 9.29531068 
1.263075352 9.318580353 

1.364097609 9.261894151 
1.263075352 9.318580353 

3.627089422 2.077412272 
3.936867338 2.158439436 

2.639624123 2.658150517 
2.538376369 2.794874151 

2.384076303 2.928894942 
2.538376369 2.794874151 

2.961682315 1.739840432 
2.752950315 1.639802574 

3.390042482 6.458742858 
3.346678733 6.753339074 

3.346413234 7.010924761 
3.346678733 6.753339074 

7.691533307 6.125912286 
7.604488033 6.181871051 

7.57608251 6.247664726 
7.604488033 6.181871051 

7.41441449 6.651081444 
7.619607899 6.717908842 

3.738161324 8.554196284 
3.570610765 8.297981034 

3.329165385 8.001569978 
3.570610765 8.297981034 

1.74838274 1.817304041 
1.744271854 1.901859223 

4.656234911 6.481874973 
4.817414807 6.409307149 

4.985422112 6.377919541 
4.817414807 6.409307149 

2.012824062 2.554295668 
2.079227081 2.437420385 

2.159172335 2.310377605 
2.079227081 2.437420385 

5.875471613 6.421521341 
5.842400735 6.494076421 

2.796450711 0.9551234128 
2.568897941 0.9356155689 

2.373104495 0.8918056386 
2.568897941 0.9356155689 

4.95673406 7.138004335 
5.086011594 7.26380553 

5.243294948 7.226180836 
5.086011594 7.26380553 

3.568806073 1.77221227 
3.430497306 1.724970689 

7.153297772 5.927718622 
7.069842648 5.759355455 

6.937494122 5.655578729 
7.069842648 5.759355455 

6.883601861 5.374453544 
7.019563102 5.276495654 

1.756686653 1.179868568 
1.721226486 1.284067043 

1.662603897 1.388896788 
1.721226486 1.284067043 

5.582689031 5.391394063 
5.653895851 5.539919258 

5.713511655 5.625429227 
5.653895851 5.539919258 

1.133663623 9.29531068 
1.191619215 9.00906626 

1.250686478 8.755929129 
1.191619215 9.00906626 

6.057650703 6.311177087 
6.048560892 6.484521278 

5.982817035 6.595309417 
6.048560892 6.484521278 

4.489972674 5.284553938 
4.573511374 5.306876544 

4.631539629 5.318868507 
4.573511374 5.306876544 

2.36533278 8.323692844 
2.310217673 8.532906351 

1.962926207 0.7828889488 
2.025726458 0.7639890588 

2.078912757 0.7158862883 
2.025726458 0.7639890588 

5.586071216 6.492783635 
5.478895242 6.553614733 

5.359721024 6.683624515 
5.478895242 6.553614733 

4.375010187 7.634920264 
4.682868216 7.82730693 

4.991430701 8.036630278 
4.682868216 7.82730693 

1.790896392 7.594447373 
1.951584669 7.578592421 

2.596743598 7.60025314 
2.734478835 7.684604732 

2.90694188 7.743075987 
2.734478835 7.684604732 

1.835552303 2.18342116 
1.9016794 1.987416888 

2.912541098 7.192792354 
2.712687749 7.131552376 

4.944836196 1.985605275 
4.71793424 1.822417628 

2.174888097 3.355211541 
1.979286618 3.347561735 

0.3177640409 8.159037341 
0.4458268683 8.031331914 

0.5338531343 7.901931936 
0.4458268683 8.031331914 

2.307016611 6.406101632 
2.327230915 6.24813144 

4.944836196 1.985605275 
4.923570003 1.858558706 

4.923302253 1.690749742 
4.923570003 1.858558706 

2.307016611 6.406101632 
2.146270738 6.37816983 

2.005774806 6.348495705 
2.146270738 6.37816983 

4.962360015 7.648321416 
5.144463675 7.901312698 

6.220152662 6.731577725 
6.271847127 6.594153232 

6.392102949 6.457215978 
6.271847127 6.594153232 

6.617263926 5.659689514 
6.422274786 6.016543439 

4.380463743 2.858204123 
4.265130506 2.836893167 

4.148999077 2.878728018 
4.265130506 2.836893167 

6.048560892 6.484521278 
6.090550846 6.590702893 

7.019563102 5.276495654 
7.086807224 5.3769749 

3.190594904 1.878666936 
3.325908085 1.965816536 

3.419800869 2.083720165 
3.325908085 1.965816536 

6.237099378 5.860185238 
6.167513364 5.896963864 

6.110251821 5.974359058 
6.167513364 5.896963864 

3.570610765 8.297981034 
3.533988443 8.345437495 

2.205815492 7.709795826 
2.252669527 7.508543827 

2.135555705 8.34840285 
2.213706179 8.191999838 

2.23455732 8.070646798 
2.213706179 8.191999838 

5.292049836 5.544935624 
5.20629707 5.685343856 

2.674698194 0.4444015327 
2.59303807 0.4661729403 

2.557070458 0.5191196523 
2.59303807 0.4661729403 

3.07578068 2.498162764 
3.141180972 2.663770497 

6.066118347 5.630338714 
5.941720526 5.716655926 

2.189130949 9.194406995 
1.982448303 9.224986318 

2.712687749 7.131552376 
2.615964749 7.063491826 

7.437085251 6.898384709 
7.336836964 7.01966623 

2.215206722 3.636812976 
2.318171441 3.654219793 

2.423940719 3.674912634 
2.318171441 3.654219793 

4.351690228 1.04485026 
4.371136859 0.9648546511 

3.667888339 7.893541304 
3.508539944 7.971171925 

3.329165385 8.001569978 
3.508539944 7.971171925 

6.068635022 8.170141946 
6.129098156 8.141642627 

6.189785406 8.108140318 
6.129098156 8.141642627 

7.546665739 6.982925115 
7.45653502 6.800591768 

7.41441449 6.651081444 
7.45653502 6.800591768 

2.051964631 7.668524267 
2.205815492 7.709795826 

2.6514067 3.671937791 
2.609373734 3.729498372 

0.7693556047 8.103348966 
0.55674631 8.146428122 

6.190915223 7.583829068 
6.188803003 7.4805204 

6.2088936 7.365363088 
6.188803003 7.4805204 

2.278932166 1.495849824 
2.35988315 1.591074107 

2.354724245 1.727029229 
2.35988315 1.591074107 

1.657410615 8.319986301 
1.648190626 8.439118137 

1.639563215 8.582678441 
1.648190626 8.439118137 

5.586071216 6.492783635 
5.695258612 6.240621862 

5.586071216 6.492783635 
5.721667848 6.425827924 

5.875471613 6.421521341 
5.721667848 6.425827924 

3.436992281 7.31991457 
3.394923621 7.431110837 

3.349874367 7.542755789 
3.394923621 7.431110837 

1.545530379 1.763212364 
1.691191647 1.968320422 

1.835552303 2.18342116 
1.691191647 1.968320422 

5.292049836 5.544935624 
5.382467813 5.601955936 

5.435105633 5.702592045 
5.382467813 5.601955936 

3.965154789 1.868149822 
3.840214237 1.713402153 

2.986317692 0.7836899265 
3.108248977 0.829796939 

3.189499663 0.9113196355 
3.108248977 0.829796939 

6.911047142 6.336613938 
7.04051321 6.300802195 

7.190047426 6.293506507 
7.04051321 6.300802195 

2.549575917 3.814357872 
2.572120387 3.766600428 

2.609373734 3.729498372 
2.572120387 3.766600428 

3.935971335 2.562313608 
3.814907521 2.588148014 

3.711753446 2.620084693 
3.814907521 2.588148014 

1.639808108 7.017860988 
1.785570744 6.93642317 

1.930285812 6.877491704 
1.785570744 6.93642317 

3.748651897 0.8674640184 
3.632500507 0.9467559437 

3.465946479 1.018482355 
3.632500507 0.9467559437 

0.3177640409 8.159037341 
0.4455534035 8.145291575 

0.55674631 8.146428122 
0.4455534035 8.145291575 

3.515726331 3.296246613 
3.49123562 3.440590314 

3.46518442 3.584421667 
3.49123562 3.440590314 

2.437213514 7.023444089 
2.581759499 7.166975698 

2.679897532 7.308698859 
2.581759499 7.166975698 

4.560004596 6.110255251 
4.451000444 6.095292444 

4.362478141 6.084013065 
4.451000444 6.095292444 

2.970464618 2.905173474 
3.049341499 3.090953494 

3.132926552 3.279872422 
3.049341499 3.090953494 

3.300662888 8.89975102 
3.186682289 8.825452437 

3.090650472 8.716064505 
3.186682289 8.825452437 

0.9710113507 7.463817186 
1.16170572 7.593655744 

1.309210046 7.742564439 
1.16170572 7.593655744 

2.156667803 6.690236915 
2.227134395 6.538895389 

2.307016611 6.406101632 
2.227134395 6.538895389 

2.639624123 2.658150517 
2.679365579 2.914606962 

2.36533278 8.323692844 
2.213706179 8.191999838 

2.99665105 1.327994085 
2.961629464 1.381559749 

2.86565301 1.41950082 
2.961629464 1.381559749 

4.509152256 2.396404288 
4.585116628 2.594085354 

2.615964749 7.063491826 
2.549066 7.051018528 

2.437213514 7.023444089 
2.549066 7.051018528 

1.009440537 7.643749516 
1.16170572 7.593655744 

1.315034925 8.427844503 
1.419696251 8.407587243 

1.514197711 8.392413698 
1.419696251 8.407587243 

3.220608853 2.906051184 
3.049341499 3.090953494 

3.141180972 2.663770497 
3.188353183 2.749761403 

7.142329474 5.147302361 
7.029066946 5.148027705 

6.93363646 5.155322751 
7.029066946 5.148027705 

0.9710113507 7.463817186 
0.8488487223 7.518123608 

0.7160983912 7.606295201 
0.8488487223 7.518123608 

3.311120216 2.391067835 
3.34064737 2.667897596 

5.747222059 6.523698112 
5.721667848 6.425827924 

4.793276215 1.744355089 
4.71793424 1.822417628 

2.054647119 5.919396957 
2.153685266 5.965810561 

2.194100887 6.030555141 
2.153685266 5.965810561 

7.546665739 6.982925115 
7.437085251 6.898384709 

1.923144922 1.707259856 
2.029138459 1.706955399 

2.142216498 1.670910191 
2.029138459 1.706955399 

3.965154789 1.868149822 
3.857893989 1.839684554 

3.762786759 1.812083703 
3.857893989 1.839684554 

2.189130949 9.194406995 
2.13862305 9.013665102 

2.039677212 8.834321487 
2.13862305 9.013665102 

2.307016611 6.406101632 
2.422051663 6.245590343 

1.640602242 3.280794991 
1.791403283 3.36842102 

1.93730168 3.461803466 
1.791403283 3.36842102 

2.679365579 2.914606962 
2.733517042 2.854899606 

6.949701231 6.599920432 
7.117911773 6.587930137 

7.262126859 6.528949253 
7.117911773 6.587930137 

4.573762444 7.270538518 
4.646942907 7.295231489 

4.718973284 7.298123814 
4.646942907 7.295231489 

6.422274786 6.016543439 
6.506213215 6.058886014 

6.546163676 6.110991786 
6.506213215 6.058886014 

2.020158375 7.034194784 
2.181166841 7.161277882 

1.247305093 6.218298341 
1.164798267 6.385193171 

1.108529141 6.569139795 
1.164798267 6.385193171 

0.7848255726 6.555338116 
0.7976451207 6.48143954 

2.020158375 7.034194784 
2.038353507 7.138264481 

2.096034062 7.251651082 
2.038353507 7.138264481 

2.894838286 6.815552988 
3.017907971 6.921931168 

3.105024962 7.041942615 
3.017907971 6.921931168 

5.625096928 4.628178659 
5.77968133 4.689676158 

5.883974492 4.748795783 
5.77968133 4.689676158 

4.200147807 6.24838294 
4.362478141 6.084013065 

4.371136859 0.9648546511 
4.407777879 0.9102176999 

1.669629219 7.864643294 
1.439289729 7.925537115 

0.3177640409 8.159037341 
0.5688506906 8.075557219 

0.8309991265 7.992499751 
0.5688506906 8.075557219 

2.135555705 8.34840285 
2.000482122 8.405413908 

6.090550846 6.590702893 
6.158271634 6.660191771 

6.220152662 6.731577725 
6.158271634 6.660191771 

2.485261995 2.551642691 
2.4771264 2.344741805 

2.636451124 8.475877963 
2.708637738 8.472567438 

2.787210724 8.471736421 
2.708637738 8.472567438 

1.247305093 6.218298341 
1.144427887 6.207793428 

2.444554836 8.045742627 
2.577327749 8.024664067 

2.701704851 7.997752497 
2.577327749 8.024664067 

4.661168204 3.074471178 
4.380463743 2.858204123 

4.857496567 2.927610943 
4.754828116 2.96745915 

2.563776109 7.833964704 
2.596743598 7.60025314 

5.900915634 5.554778936 
5.983770701 5.587585725 

6.066118347 5.630338714 
5.983770701 5.587585725 

1.382052709 7.238321799 
1.478458242 7.36187694 

1.589797962 7.491490633 
1.478458242 7.36187694 

4.985422112 6.377919541 
5.177665905 6.233086582 

2.758108164 0.8235742255 
2.85777634 0.8785579743 

7.461060224 5.485126145 
7.51510889 6.004352065 

7.56069737 6.492726173 
7.51510889 6.004352065 

2.129265514 7.41792661 
2.092369246 7.505045619 

2.089837326 7.556921123 
2.092369246 7.505045619 

5.941720526 5.716655926 
5.983770701 5.587585725 

4.553793511 1.823685072 
4.355609995 1.87551757 

4.154480505 1.927340903 
4.355609995 1.87551757 

5.194775077 6.426245142 
5.192849216 6.315421559 

5.177665905 6.233086582 
5.192849216 6.315421559 

4.091826053 0.5959983481 
4.011834547 0.6826950942 

3.930848544 0.7694023413 
4.011834547 0.6826950942 

1.545530379 1.763212364 
1.561983652 1.835688644 

1.589214647 1.911464748 
1.561983652 1.835688644 

1.855077626 8.8537388 
1.757745386 8.689385694 

1.639563215 8.582678441 
1.757745386 8.689385694 

1.325355854 6.582401118 
1.45443922 6.646290332 

5.693609084 7.355801236 
5.758144346 7.477019825 

5.844269682 7.572995446 
5.758144346 7.477019825 

2.13862305 9.013665102 
2.376493021 8.864432269 

6.554083053 6.900991843 
6.675874322 6.837810171 

6.798003567 6.814088478 
6.675874322 6.837810171 

4.754828116 2.96745915 
4.681646425 2.972545561 

2.061950338 9.076750968 
2.13862305 9.013665102 

1.618910325 6.653385928 
1.643870447 6.530915884 

1.6636046 6.400529082 
1.643870447 6.530915884 

6.48583331 4.987306606 
6.429375834 4.92143783 

6.359859685 4.878295041 
6.429375834 4.92143783 

5.040652254 5.178655762 
4.978042643 5.299479762 

4.916161796 5.407999241 
4.978042643 5.299479762 

5.684422751 7.570781839 
5.758144346 7.477019825 

0.4107645701 6.740701656 
0.5516297672 6.804365608 

0.6928675405 6.870374797 
0.5516297672 6.804365608 

7.092000391 7.880278355 
6.909136147 7.807036325 

7.092000391 7.880278355 
7.192473116 7.825557797 

7.277760273 7.768036109 
7.192473116 7.825557797 

1.247305093 6.218298341 
1.395282399 6.07525266 

5.194775077 6.426245142 
5.169035643 6.561027509 

1.263075352 9.318580353 
1.28051228 9.232113202 

1.878015682 7.451871128 
1.889573013 7.567391882 

1.896348954 7.680870367 
1.889573013 7.567391882 

2.424224158 2.188444796 
2.357208684 2.372625864 

4.991430701 8.036630278 
5.08884659 8.081285416 

1.951584669 7.578592421 
1.889573013 7.567391882 

2.437213514 7.023444089 
2.679077254 6.91562134 

2.894838286 6.815552988 
2.679077254 6.91562134 

6.271847127 6.594153232 
6.173790309 6.549818109 

2.36533278 8.323692844 
2.435407279 8.459518814 

2.499059482 8.577701847 
2.435407279 8.459518814 

3.220608853 2.906051184 
2.970464618 2.905173474 

3.220608853 2.906051184 
3.207401332 2.821462462 

3.188353183 2.749761403 
3.207401332 2.821462462 

5.693609084 7.355801236 
5.559807754 7.514262777 

5.435067182 7.666017521 
5.559807754 7.514262777 

1.646208984 6.060181431 
1.683381661 5.995773672 

3.254278378 0.2324223119 
3.317706882 0.3086564911 

3.389104734 0.3602651058 
3.317706882 0.3086564911 

2.424224158 2.188444796 
2.278085388 2.14561328 

2.129101813 2.107587371 
2.278085388 2.14561328 

2.320042588 7.376499132 
2.129265514 7.41792661 

4.853635676 5.833805847 
4.973027809 5.879834283 

5.088293966 5.93355305 
4.973027809 5.879834283 

1.127860484 6.294082358 
1.129719013 6.250298028 

1.636370951 2.19430939 
1.505408461 2.256200518 

4.480837639 0.8408229009 
4.445854318 0.8748554883 

4.407777879 0.9102176999 
4.445854318 0.8748554883 

0.7761054631 6.386077772 
0.7869425388 6.433429312 

0.7976451207 6.48143954 
0.7869425388 6.433429312 

2.977770594 3.385767547 
3.221594731 3.521051481 

4.362478141 6.084013065 
4.291230177 5.989959522 

1.129719013 6.250298028 
1.136916337 6.228890644 

1.144427887 6.207793428 
1.136916337 6.228890644 

3.409059041 1.846750348 
3.325908085 1.965816536 

5.625096928 4.628178659 
5.648188704 4.736378578 

5.664128769 4.8322629 
5.648188704 4.736378578 

3.390042482 6.458742858 
3.307099087 6.382749579 

3.244705468 6.291680013 
3.307099087 6.382749579 

7.019563102 5.276495654 
7.029066946 5.148027705 

1.009440537 7.643749516 
0.8488487223 7.518123608 

2.293828963 5.896723502 
2.414543966 5.877612973 

0.7693556047 8.103348966 
0.8309991265 7.992499751 

1.669629219 7.864643294 
1.557324517 7.989506379 

1.430745693 8.126734818 
1.557324517 7.989506379 

6.552299438 8.237521194 
6.600673034 8.233507304 

6.660809243 8.250524262 
6.600673034 8.233507304 

4.728682401 6.298345915 
4.817414807 6.409307149 

1.316234833 2.305711887 
1.427558599 2.284723183 

1.505408461 2.256200518 
1.427558599 2.284723183 

5.771599637 6.867060122 
5.622321547 6.925751089 

5.489607565 7.020637554 
5.622321547 6.925751089 

1.45443922 6.646290332 
1.599260339 6.889272899 

4.297992927 7.287096915 
4.311977854 7.158623452 

2.912541098 7.192792354 
2.922667513 7.09531127 

2.93595442 7.010320322 
2.922667513 7.09531127 

3.141180972 2.663770497 
3.068907 2.65259088 

1.45443922 6.646290332 
1.537088484 6.650523105 

1.618910325 6.653385928 
1.537088484 6.650523105 

6.048560892 6.484521278 
6.173790309 6.549818109 

5.124710183 6.72211171 
5.147595725 6.6429966 

5.169035643 6.561027509 
5.147595725 6.6429966 

4.759608793 6.831283558 
4.710507963 6.646476808 

4.656234911 6.481874973 
4.710507963 6.646476808 

6.158271634 6.660191771 
6.271847127 6.594153232 

2.986317692 0.7836899265 
2.829634305 0.6111289678 

1.865770775 3.405096257 
1.791403283 3.36842102 

1.488059978 5.901432888 
1.463028459 5.998567392 

1.395282399 6.07525266 
1.463028459 5.998567392 

6.237099378 5.860185238 
6.253074622 5.748802665 

6.275100965 5.643463744 
6.253074622 5.748802665 

5.182701525 8.068454971 
5.135054332 8.084810722 

5.08884659 8.081285416 
5.135054332 8.084810722 

7.620739431 6.847561351 
7.574260229 6.907612809 

7.546665739 6.982925115 
7.574260229 6.907612809 

3.083326538 6.100531536 
3.126802356 6.155983167 

3.170278173 6.211434799 
3.126802356 6.155983167 

1.962848381 6.135619784 
2.054647119 5.919396957 

2.583849979 5.866033345 
2.481712597 5.864441201 

2.414543966 5.877612973 
2.481712597 5.864441201 

7.202937915 7.544247801 
7.198878175 7.495539012 

7.242532569 7.452933227 
7.198878175 7.495539012 

4.307397567 6.987729096 
4.301640022 7.085742291 

4.311977854 7.158623452 
4.301640022 7.085742291 

5.048250776 6.588652266 
5.169035643 6.561027509 

4.007702746 1.443531596 
3.956873881 1.510780214 

3.917455311 1.588469624 
3.956873881 1.510780214 

6.271847127 6.594153232 
6.374464419 6.685919487 

5.916544145 6.541620932 
5.975444239 6.509716096 

6.048560892 6.484521278 
5.975444239 6.509716096 

2.632329485 3.178501473 
2.65144772 3.048733558 

2.679365579 2.914606962 
2.65144772 3.048733558 

2.431401715 2.057685556 
2.278085388 2.14561328 

2.051964631 7.668524267 
2.090673375 7.71319017 

2.137843133 7.751759487 
2.090673375 7.71319017 

7.56069737 6.492726173 
7.57608251 6.247664726 

5.435105633 5.702592045 
5.328386897 5.70312747 

5.20629707 5.685343856 
5.328386897 5.70312747 

2.752950315 1.639802574 
2.6324565 1.574264557 

2.026548799 8.042427554 
2.19139062 7.96773413 

2.339771689 7.900729052 
2.19139062 7.96773413 

3.587883148 0.7902186156 
3.632500507 0.9467559437 

4.985422112 6.377919541 
5.015055432 6.485317947 

5.048250776 6.588652266 
5.015055432 6.485317947 

2.829634305 0.6111289678 
2.751892487 0.5265291198 

2.674698194 0.4444015327 
2.751892487 0.5265291198 

0.604932572 7.330281221 
0.5190699231 7.390212899 

0.4378083889 7.470156225 
0.5190699231 7.390212899 

4.179150273 5.899656178 
4.241504498 5.942041126 

4.291230177 5.989959522 
4.241504498 5.942041126 

3.035929068 1.55580661 
2.961629464 1.381559749 

2.35988315 1.591074107 
2.59443874 1.638383616 

6.71532352 7.957955457 
6.811811275 7.879832355 

6.909136147 7.807036325 
6.811811275 7.879832355 

6.872865225 7.980292066 
6.811811275 7.879832355 

3.220608853 2.906051184 
3.117047896 2.821144938 

3.009192987 2.729212961 
3.117047896 2.821144938 

4.661168204 3.074471178 
4.672187587 3.016710146 

4.681646425 2.972545561 
4.672187587 3.016710146 

3.531292581 2.211395998 
3.419800869 2.083720165 

7.153297772 5.927718622 
7.035006534 5.956963704 

6.910597518 5.997774646 
7.035006534 5.956963704 

5.582689031 5.391394063 
5.437369434 5.468164843 

5.292049836 5.544935624 
5.437369434 5.468164843 

4.573762444 7.270538518 
4.443631615 7.139272443 

4.307397567 6.987729096 
4.443631615 7.139272443 

3.531292581 2.211395998 
3.433694278 2.222635341 

3.331439056 2.213266254 
3.433694278 2.222635341 

4.342025402 3.072361774 
4.360056833 2.964806606 

4.380463743 2.858204123 
4.360056833 2.964806606 

3.738161324 8.554196284 
3.435303733 8.436214709 

3.126742845 8.310687659 
3.435303733 8.436214709 

5.844269682 7.572995446 
6.188803003 7.4805204 

5.844269682 7.572995446 
5.764346216 7.571888642 

5.684422751 7.570781839 
5.764346216 7.571888642 

1.385141314 2.693087706 
1.445741781 2.650527234 

1.506342248 2.607966763 
1.445741781 2.650527234 

2.68352165 6.594272615 
2.717458043 6.56735007 

2.751394435 6.540427525 
2.717458043 6.56735007 

6.034791024 5.860609676 
6.167513364 5.896963864 

1.745754004 9.294676895 
1.864101154 9.259831606 

1.982448303 9.224986318 
1.864101154 9.259831606 

2.6324565 1.574264557 
2.59443874 1.638383616 

1.352841353 9.070800564 
1.191619215 9.00906626 

7.100084634 7.178549359 
7.082152564 7.060084701 

7.064220494 6.941620044 
7.082152564 7.060084701 

4.519921377 3.35830376 
4.39387341 3.466237668 

4.267703354 3.570441777 
4.39387341 3.466237668 

2.891704892 2.264660716 
2.810620516 2.182590658 

2.72953614 2.100520601 
2.810620516 2.182590658 

6.898905479 6.134022206 
7.04051321 6.300802195 

6.898905479 6.134022206 
6.798157164 6.125309745 

6.69702572 6.117096714 
6.798157164 6.125309745 

6.983044039 5.888662799 
7.035006534 5.956963704 

7.142329474 5.147302361 
7.080946288 5.211899008 

7.019563102 5.276495654 
7.080946288 5.211899008 

2.62740632 9.484576712 
2.610549109 9.337928253 

2.593691897 9.191279794 
2.610549109 9.337928253 

4.474543103 5.767344557 
4.241504498 5.942041126 

3.131283477 7.646149416 
3.008575071 7.919423895 

3.14074988 0.303779192 
3.197434389 0.2661941092 

3.254278378 0.2324223119 
3.197434389 0.2661941092 

5.51162551 6.019306411 
5.435105633 5.702592045 

4.480837639 0.8408229009 
4.292140836 0.8950038957 

2.651186662 3.452156186 
2.6514067 3.671937791 

3.76169288 1.391204257 
4.007702746 1.443531596 

4.079563985 0.9699632506 
4.18585241 0.9324835731 

4.292140836 0.8950038957 
4.18585241 0.9324835731 

3.76169288 1.391204257 
3.699905545 1.498294236 

3.638144774 1.601641386 
3.699905545 1.498294236 

7.56069737 6.492726173 
7.626115339 6.309319229 

7.626115339 6.309319229 
7.658824323 6.217615757 

7.691533307 6.125912286 
7.658824323 6.217615757 

