3.193125118 0.9091147497 
2.965166448 1.741920891 

2.965166448 1.741920891 
3.57442341 1.767185223 

3.718719799 7.518944477 
2.907602103 7.746167537 

4.462816986 2.714095686 
4.51980002 3.354596339 

2.027906088 8.042733222 
2.138532656 7.753809163 

5.045855128 6.580969723 
4.761274644 6.829614113 

2.762999515 8.845604691 
3.300662888 8.89975102 

2.027906088 8.042733222 
1.98523242 8.213836773 

4.754528885 4.760345426 
4.471534652 4.504793822 

2.965166448 1.741920891 
3.190351886 1.879574264 

6.394182071 6.45721047 
6.698127138 6.116705202 

5.946367971 6.78740488 
6.080238262 6.595456776 

2.857302033 2.446522943 
3.092923454 2.333709666 

6.902570018 6.007182986 
6.698127138 6.116705202 

0.8036353333 7.181926913 
0.4107645701 6.740701656 

1.641185779 7.021054493 
1.384165483 7.239030499 

3.748651897 0.8674640184 
3.76169288 1.391204257 

7.56069737 6.492726173 
6.945063813 7.075862338 

6.394182071 6.45721047 
6.730728868 6.514882965 

3.720142161 3.006660304 
3.99745689 3.088025368 

1.430745693 8.126734818 
1.307537449 7.744596111 

1.667032172 7.865057246 
1.892522955 7.687938619 

6.501934571 5.252665136 
6.608425032 5.684495488 

4.462816986 2.714095686 
5.053029723 2.552264661 

6.053694504 7.074033847 
5.946367971 6.78740488 

7.56069737 6.492726173 
6.910012599 6.337332042 

6.698127138 6.116705202 
6.910012599 6.337332042 

3.329782157 2.220798173 
3.092923454 2.333709666 

3.762301406 1.812063141 
3.57442341 1.767185223 

4.194777029 4.146324099 
4.040599113 3.831974363 

7.381267072 7.305117432 
6.814743708 7.366713822 

5.51162551 6.019306411 
5.828993234 6.077422385 

4.471534652 4.504793822 
4.340947333 4.341108605 

4.194777029 4.146324099 
4.340947333 4.341108605 

2.639624123 2.658150517 
2.857302033 2.446522943 

2.403422315 7.698363485 
2.595657815 7.601091905 

6.902570018 6.007182986 
7.310549781 6.107928705 

5.24063835 7.228723415 
4.809381613 7.433492554 

6.053694504 7.074033847 
5.696447619 7.355711663 

1.921880072 2.882441778 
2.444053918 3.247339788 

2.52298818 1.969201237 
2.730624755 2.10039382 

4.66329746 6.48277146 
4.36570457 6.641651482 

1.639563215 8.582678441 
1.514512041 8.908382278 

2.751642406 8.246678322 
2.907602103 7.746167537 

2.730624755 2.10039382 
2.159172335 2.310377605 

2.159172335 2.310377605 
2.303437151 2.427917511 

5.696447619 7.355711663 
5.727059882 7.047735141 

0.7160983912 7.606295201 
1.009440537 7.643749516 

1.307537449 7.744596111 
1.009440537 7.643749516 

6.814743708 7.366713822 
6.945063813 7.075862338 

4.199710235 2.331781875 
4.509095514 2.398468264 

1.641185779 7.021054493 
1.189282805 6.931996223 

2.096649907 7.250931275 
2.1272025 7.418181874 

1.546292781 1.763142064 
2.159172335 2.310377605 

6.553204378 6.900614132 
7.16294563 6.666528548 

1.189282805 6.931996223 
0.8036353333 7.181926913 

6.814743708 7.366713822 
6.914416051 7.806464221 

5.045855128 6.580969723 
5.18912319 6.426679916 

5.584641524 7.691622909 
5.755046347 7.770184279 

6.06341232 7.883344605 
5.755046347 7.770184279 

7.16294563 6.666528548 
6.945063813 7.075862338 

3.132926552 3.279872422 
2.977770594 3.385767547 

2.499059482 8.577701847 
2.751642406 8.246678322 

1.667032172 7.865057246 
1.09033427 8.059168675 

2.1272025 7.418181874 
1.858320742 7.451991856 

3.627089422 2.077412272 
3.762301406 1.812063141 

2.549842055 3.8126743 
2.444053918 3.247339788 

6.608425032 5.684495488 
6.902570018 6.007182986 

3.190351886 1.879574264 
3.410186043 1.846152308 

2.751642406 8.246678322 
3.126742845 8.310687659 

5.696447619 7.355711663 
6.06341232 7.883344605 

3.083326538 6.100531536 
2.739124499 6.295747208 

1.250686478 8.755929129 
1.514512041 8.908382278 

1.430745693 8.126734818 
1.657410615 8.319986301 

4.66329746 6.48277146 
5.18912319 6.426679916 

3.193125118 0.9091147497 
3.45176332 1.007674429 

4.462816986 2.714095686 
4.509095514 2.398468264 

4.923302253 1.690749742 
4.154480505 1.927340903 

3.627089422 2.077412272 
4.154480505 1.927340903 

6.299810482 7.982876294 
6.200454534 7.360464938 

6.053694504 7.074033847 
6.200454534 7.360464938 

3.193125118 0.9091147497 
3.118543712 0.3016997577 

2.444053918 3.247339788 
2.371331535 3.422380361 

7.16294563 6.666528548 
6.949230803 6.600825981 

4.509095514 2.398468264 
4.793474664 2.414964587 

5.586921936 6.492957403 
5.743349225 6.523307482 

0.8036353333 7.181926913 
0.9710113507 7.463817186 

2.965166448 1.741920891 
2.825811404 1.562980844 

1.189282805 6.931996223 
1.246668198 6.21714902 

3.126742845 8.310687659 
3.071891352 8.057168455 

4.179150273 5.899656178 
4.200147807 6.24838294 

3.935619023 6.838497145 
4.200147807 6.24838294 

3.76169288 1.391204257 
3.917455311 1.588469624 

0.3141745255 8.140261217 
0.7179336549 8.323118846 

5.581587897 5.391732638 
5.435105633 5.702592045 

3.627089422 2.077412272 
3.531292581 2.211395998 

7.461060224 5.485126145 
6.934930311 5.658654433 

1.866232781 8.844917328 
1.597609843 9.063061421 

1.134353302 9.295663312 
1.597609843 9.063061421 

6.949230803 6.600825981 
6.553204378 6.900614132 

5.828993234 6.077422385 
6.110251821 5.974359058 

3.193125118 0.9091147497 
3.16939246 1.327355668 

3.57442341 1.767185223 
3.16939246 1.327355668 

6.275587425 5.64437554 
6.135968313 5.334489188 

0.4107645701 6.740701656 
1.003064185 6.768331322 

1.189282805 6.931996223 
1.003064185 6.768331322 

5.24063835 7.228723415 
5.727059882 7.047735141 

4.761274644 6.829614113 
4.909530431 6.883065159 

3.300662888 8.89975102 
3.231452069 8.576699989 

6.910012599 6.337332042 
6.730728868 6.514882965 

2.52298818 1.969201237 
2.353722659 1.72752455 

2.159172335 2.310377605 
2.129101813 2.107587371 

1.316234833 2.305711887 
1.64401838 2.291986194 

6.053694504 7.074033847 
6.24064214 6.924426697 

5.946367971 6.78740488 
6.24064214 6.924426697 

2.595657815 7.601091905 
2.320042588 7.376499132 

2.055584066 8.494891855 
2.037830377 8.834320102 

6.945063813 7.075862338 
6.798084405 6.811564552 

2.403422315 7.698363485 
2.443232474 8.044205238 

2.364135289 8.324490429 
2.443232474 8.044205238 

7.304739939 7.76549405 
6.914416051 7.806464221 

3.748651897 0.8674640184 
3.585848585 0.7913230195 

4.750836598 5.640225673 
4.853635676 5.833805847 

3.092923454 2.333709666 
3.517460395 2.622949648 

2.373104495 0.8918056386 
2.256429094 0.6550867044 

7.310549781 6.107928705 
7.190047426 6.293506507 

4.375010187 7.634920264 
4.299557714 7.286658271 

4.299557714 7.286658271 
4.570768138 7.259228731 

1.866232781 8.844917328 
2.037830377 8.834320102 

6.299810482 7.982876294 
5.553534101 7.973108258 

7.142329474 5.147302361 
7.086807224 5.3769749 

5.553534101 7.973108258 
5.584641524 7.691622909 

1.09033427 8.059168675 
1.307537449 7.744596111 

0.3141745255 8.140261217 
0.6377103581 7.980871366 

1.921880072 2.882441778 
2.017744835 2.573702147 

2.907602103 7.746167537 
2.443232474 8.044205238 

4.451536741 1.3288148 
3.917455311 1.588469624 

2.907602103 7.746167537 
2.709476251 7.976137947 

5.657941541 4.957013554 
5.510264446 4.774804464 

5.13764806 4.806466573 
5.510264446 4.774804464 

5.727059882 7.047735141 
5.490811277 7.019761761 

3.126742845 8.310687659 
3.231452069 8.576699989 

6.080238262 6.595456776 
6.057538726 6.312996858 

5.828993234 6.077422385 
6.057538726 6.312996858 

2.499059482 8.577701847 
2.601235655 8.907467191 

3.118543712 0.3016997577 
3.35929529 0.713640108 

3.45176332 1.007674429 
3.35929529 0.713640108 

3.720142161 3.006660304 
3.755468448 3.278213947 

2.549842055 3.8126743 
2.371331535 3.422380361 

2.129101813 2.107587371 
2.730624755 2.10039382 

4.179150273 5.899656178 
4.731569449 6.302179058 

5.045855128 6.580969723 
4.731569449 6.302179058 

1.845763268 6.305970419 
1.618910325 6.653385928 

1.845763268 6.305970419 
1.965752926 6.137436688 

6.200454534 7.360464938 
5.696447619 7.355711663 

2.138532656 7.753809163 
2.253648188 7.509932848 

2.438435723 7.02290394 
2.253648188 7.509932848 

3.231452069 8.576699989 
3.367978884 8.398587152 

2.730624755 2.10039382 
2.424224158 2.188444796 

2.129101813 2.107587371 
1.835552303 2.18342116 

3.935971335 2.562313608 
3.61820512 2.520139991 

3.531292581 2.211395998 
3.61820512 2.520139991 

2.1272025 7.418181874 
2.253648188 7.509932848 

2.85756025 6.653738928 
3.390633941 6.459913862 

7.56069737 6.492726173 
7.262126859 6.528949253 

6.814743708 7.366713822 
6.601452421 7.456826849 

1.667032172 7.865057246 
1.467877212 8.01702904 

7.16294563 6.666528548 
7.41441449 6.651081444 

3.762301406 1.812063141 
4.128610538 1.436176126 

6.057538726 6.312996858 
6.110251821 5.974359058 

1.467877212 8.01702904 
1.430745693 8.126734818 

0.9710113507 7.463817186 
0.4378083889 7.470156225 

2.48005221 6.001949876 
2.700219337 6.125535191 

2.739124499 6.295747208 
2.700219337 6.125535191 

2.751642406 8.246678322 
2.364135289 8.324490429 

2.857302033 2.446522943 
2.891820495 2.263549094 

2.933775895 2.048801841 
2.891820495 2.263549094 

1.189282805 6.931996223 
1.384165483 7.239030499 

2.371331535 3.422380361 
2.174888097 3.355211541 

2.320042588 7.376499132 
2.253648188 7.509932848 

0.9710113507 7.463817186 
1.146355756 7.154166053 

1.189282805 6.931996223 
1.146355756 7.154166053 

4.731569449 6.302179058 
4.66329746 6.48277146 

3.935619023 6.838497145 
3.835428611 7.157094202 

3.718719799 7.518944477 
3.835428611 7.157094202 

2.632099102 3.18063304 
2.444053918 3.247339788 

2.021229473 7.034779714 
1.930285812 6.877491704 

3.132926552 3.279872422 
3.221594731 3.521051481 

5.13764806 4.806466573 
4.919890519 4.948570934 

4.754528885 4.760345426 
4.919890519 4.948570934 

5.657941541 4.957013554 
5.883974492 4.748795783 

1.009440537 7.643749516 
0.9710113507 7.463817186 

2.358490523 1.34772498 
2.069746355 1.352436181 

2.762999515 8.845604691 
2.601235655 8.907467191 

5.586921936 6.492957403 
5.622244461 6.743780356 

0.7179336549 8.323118846 
0.6377103581 7.980871366 

4.299557714 7.286658271 
3.935619023 6.838497145 

2.335500986 6.411818056 
1.965752926 6.137436688 

6.660809243 8.250524262 
6.71532352 7.957955457 

1.64401838 2.291986194 
1.605043284 2.419864033 

2.751642406 8.246678322 
3.071891352 8.057168455 

1.926900438 1.507940256 
1.923035327 1.708209241 

5.622244461 6.743780356 
5.946367971 6.78740488 

2.965166448 1.741920891 
2.933775895 2.048801841 

4.451536741 1.3288148 
4.551209668 1.615263767 

3.585848585 0.7913230195 
3.513150574 0.4664569623 

4.761274644 6.829614113 
4.532413058 6.96455627 

0.8036353333 7.181926913 
1.146355756 7.154166053 

3.61820512 2.520139991 
3.517460395 2.622949648 

3.329782157 2.220798173 
3.222669242 2.1142878 

1.316234833 2.305711887 
1.605043284 2.419864033 

1.657410615 8.319986301 
1.698641277 8.161595946 

2.673826707 0.4436096894 
2.757774312 0.8248004442 

3.092923454 2.333709666 
2.891820495 2.263549094 

4.462816986 2.714095686 
4.38291975 2.858844434 

2.907602103 7.746167537 
3.33964943 7.975496667 

1.835552303 2.18342116 
1.64401838 2.291986194 

2.85756025 6.653738928 
2.893314746 6.816260185 

2.970464618 2.905173474 
3.009620791 2.73024523 

2.709476251 7.976137947 
2.751642406 8.246678322 

5.584641524 7.691622909 
5.25758908 7.714607725 

0.8036353333 7.181926913 
1.003064185 6.768331322 

4.51980002 3.354596339 
4.558290061 3.131822239 

4.342025402 3.072361774 
4.558290061 3.131822239 

2.62740632 9.484576712 
2.751330219 9.141186387 

2.762999515 8.845604691 
2.751330219 9.141186387 

6.798084405 6.811564552 
6.730728868 6.514882965 

3.718719799 7.518944477 
4.080429225 7.608561964 

4.375010187 7.634920264 
4.080429225 7.608561964 

3.57442341 1.767185223 
3.454530225 1.630709129 

1.926900438 1.507940256 
2.069746355 1.352436181 

3.45176332 1.007674429 
3.585848585 0.7913230195 

6.135968313 5.334489188 
6.301700479 5.441112151 

6.501934571 5.252665136 
6.301700479 5.441112151 

0.754172643 8.815826673 
0.5445638054 8.623964449 

2.965166448 1.741920891 
3.03506969 1.555417396 

4.991430701 8.036630278 
5.435067182 7.666017521 

7.190047426 6.293506507 
7.262126859 6.528949253 

6.902570018 6.007182986 
6.934930311 5.658654433 

1.384165483 7.239030499 
0.9593160475 6.981471186 

3.367978884 8.398587152 
3.535621648 8.34382557 

2.403422315 7.698363485 
2.253648188 7.509932848 

5.900915634 5.554778936 
6.135968313 5.334489188 

1.430745693 8.126734818 
1.514197711 8.392413698 

1.639563215 8.582678441 
1.514197711 8.392413698 

2.751642406 8.246678322 
2.787210724 8.471736421 

5.24063835 7.228723415 
5.25758908 7.714607725 

6.730728868 6.514882965 
6.608189811 6.687671606 

6.553204378 6.900614132 
6.608189811 6.687671606 

5.435105633 5.702592045 
5.088293966 5.93355305 

2.730624755 2.10039382 
2.933775895 2.048801841 

0.6377103581 7.980871366 
0.7160983912 7.606295201 

6.660809243 8.250524262 
6.987831238 8.035294576 

0.6377103581 7.980871366 
0.8401724601 7.862274342 

1.009440537 7.643749516 
0.8401724601 7.862274342 

0.9593160475 6.981471186 
1.189282805 6.931996223 

4.551209668 1.615263767 
4.265233186 1.587482058 

4.128610538 1.436176126 
4.265233186 1.587482058 

4.154480505 1.927340903 
3.936867338 2.158439436 

1.605043284 2.419864033 
1.531530555 2.474235799 

3.287250766 3.901615284 
3.190743957 3.627130066 

2.977770594 3.385767547 
3.190743957 3.627130066 

5.18912319 6.426679916 
4.970003194 6.365115311 

4.731569449 6.302179058 
4.970003194 6.365115311 

4.750836598 5.640225673 
5.162215475 5.435175617 

1.667095883 6.387752401 
1.845763268 6.305970419 

3.03506969 1.555417396 
2.825811404 1.562980844 

2.910704607 7.193811036 
2.665209879 7.319473638 

2.739124499 6.295747208 
2.78623507 6.470074518 

1.003064185 6.768331322 
1.108529141 6.569139795 

1.618910325 6.653385928 
1.189282805 6.931996223 

3.16939246 1.327355668 
2.99665105 1.327994085 

3.03506969 1.555417396 
2.99665105 1.327994085 

1.246668198 6.21714902 
1.327490085 6.580926585 

0.7160983912 7.606295201 
0.5238772912 7.669607986 

7.41441449 6.651081444 
7.262126859 6.528949253 

4.51980002 3.354596339 
4.859370384 2.925510464 

5.053029723 2.552264661 
4.859370384 2.925510464 

2.335500986 6.411818056 
2.739124499 6.295747208 

6.300967375 4.783816929 
6.022381562 4.825069363 

5.883974492 4.748795783 
6.022381562 4.825069363 

3.193125118 0.9091147497 
3.35929529 0.713640108 

1.962926207 0.7828889488 
1.872256769 1.060988356 

6.798084405 6.811564552 
6.608189811 6.687671606 

1.09033427 8.059168675 
0.7708878803 8.122766035 

2.639624123 2.658150517 
3.009620791 2.73024523 

5.490811277 7.019761761 
5.678552343 6.889085077 

5.622244461 6.743780356 
5.678552343 6.889085077 

4.553793511 1.823685072 
4.71793424 1.822417628 

4.923302253 1.690749742 
4.71793424 1.822417628 

1.514512041 8.908382278 
1.352841353 9.070800564 

4.909530431 6.883065159 
4.95673406 7.138004335 

2.601235655 8.907467191 
2.751330219 9.141186387 

4.919890519 4.948570934 
4.831199429 5.150027248 

6.608425032 5.684495488 
6.881700747 5.376852669 

4.831199429 5.150027248 
4.489972674 5.284553938 

1.250686478 8.755929129 
1.514197711 8.392413698 

6.934930311 5.658654433 
6.881700747 5.376852669 

4.079563985 0.9699632506 
4.118007674 0.8312230825 

2.825811404 1.562980844 
2.59443874 1.638383616 

2.353722659 1.72752455 
2.59443874 1.638383616 

3.718719799 7.518944477 
3.33964943 7.975496667 

3.718719799 7.518944477 
3.668718144 7.894640756 

2.933775895 2.048801841 
3.143271663 2.181649963 

4.991430701 8.036630278 
4.961360431 7.647197565 

4.809381613 7.433492554 
4.961360431 7.647197565 

4.570768138 7.259228731 
4.532413058 6.96455627 

2.52298818 1.969201237 
2.59443874 1.638383616 

3.755468448 3.278213947 
3.626811791 3.258867849 

1.590971754 7.491304514 
1.858320742 7.451991856 

2.027906088 8.042733222 
2.238198582 8.07519187 

2.443232474 8.044205238 
2.238198582 8.07519187 

3.347266469 7.008782674 
3.105024962 7.041942615 

2.910704607 7.193811036 
3.105024962 7.041942615 

1.892522955 7.687938619 
2.050916157 7.668810391 

3.083326538 6.100531536 
2.700219337 6.125535191 

5.081319065 2.125002392 
4.944836196 1.985605275 

4.731569449 6.302179058 
4.560466165 6.111270526 

2.189130949 9.194406995 
2.376493021 8.864432269 

2.499059482 8.577701847 
2.376493021 8.864432269 

1.641185779 7.021054493 
1.726797646 7.354650294 

4.128610538 1.436176126 
4.488549223 0.8327918465 

7.381267072 7.305117432 
7.195306154 7.079877973 

3.126742845 8.310687659 
2.787210724 8.471736421 

2.787210724 8.471736421 
3.016516479 8.643748709 

1.384165483 7.239030499 
1.726797646 7.354650294 

2.549842055 3.8126743 
2.639735772 3.468477481 

2.632099102 3.18063304 
2.639735772 3.468477481 

6.881700747 5.376852669 
7.086807224 5.3769749 

4.793474664 2.414964587 
4.5846041 2.594963244 

4.462816986 2.714095686 
4.5846041 2.594963244 

3.143271663 2.181649963 
3.222669242 2.1142878 

4.750836598 5.640225673 
4.852826108 5.420369628 

4.488549223 0.8327918465 
4.118007674 0.8312230825 

1.430745693 8.126734818 
1.698641277 8.161595946 

3.627089422 2.077412272 
3.418577466 2.084689536 

6.06341232 7.883344605 
6.068635022 8.170141946 

6.24064214 6.924426697 
6.219753354 6.733043145 

3.092923454 2.333709666 
3.143271663 2.181649963 

3.071891352 8.057168455 
3.33964943 7.975496667 

3.016516479 8.643748709 
3.090650472 8.716064505 

5.435067182 7.666017521 
5.584641524 7.691622909 

2.639624123 2.658150517 
2.733517042 2.854899606 

2.970464618 2.905173474 
2.733517042 2.854899606 

7.56069737 6.492726173 
7.619607899 6.717908842 

3.092923454 2.333709666 
3.07578068 2.498162764 

2.673826707 0.4436096894 
2.394880452 0.6896312499 

2.256429094 0.6550867044 
2.394880452 0.6896312499 

1.667095883 6.387752401 
1.712549454 6.170873788 

3.083326538 6.100531536 
3.092115746 6.323390812 

3.07578068 2.498162764 
2.857302033 2.446522943 

4.991430701 8.036630278 
5.144463675 7.901312698 

5.25758908 7.714607725 
5.144463675 7.901312698 

2.373104495 0.8918056386 
2.456864944 0.7159720028 

2.62740632 9.484576712 
2.536657941 9.131114028 

2.601235655 8.907467191 
2.536657941 9.131114028 

3.45176332 1.007674429 
3.266163213 1.118067386 

3.16939246 1.327355668 
3.266163213 1.118067386 

2.174888097 3.355211541 
2.097834377 3.493701321 

4.128610538 1.436176126 
4.007702746 1.443531596 

1.316234833 2.305711887 
1.531530555 2.474235799 

1.316234833 2.305711887 
1.572323117 2.074462774 

0.7708878803 8.122766035 
0.6377103581 7.980871366 

7.310549781 6.107928705 
7.408701864 6.159656293 

4.199710235 2.331781875 
4.462816986 2.714095686 

4.154480505 1.927340903 
4.270186153 2.127646849 

2.456864944 0.7159720028 
2.457076791 0.5474947544 

0.9710113507 7.463817186 
1.254291862 7.442476333 

5.045855128 6.580969723 
4.909530431 6.883065159 

1.134353302 9.295663312 
1.382970004 8.67342229 

4.532413058 6.96455627 
4.36570457 6.641651482 

0.9593160475 6.981471186 
0.8036353333 7.181926913 

2.595657815 7.601091905 
2.77045584 7.572167183 

7.190047426 6.293506507 
7.408701864 6.159656293 

2.364135289 8.324490429 
2.141594729 8.370047023 

2.055584066 8.494891855 
2.141594729 8.370047023 

6.987831238 8.035294576 
6.914416051 7.806464221 

0.4107645701 6.740701656 
0.7162428593 6.623289382 

0.7708878803 8.122766035 
0.7179336549 8.323118846 

0.7179336549 8.323118846 
0.7359088171 8.529623739 

6.275587425 5.64437554 
6.608425032 5.684495488 

7.304739939 7.76549405 
7.204702775 7.546819699 

1.250686478 8.755929129 
1.382970004 8.67342229 

3.287250766 3.901615284 
3.535803209 3.852012073 

3.739157092 3.984978262 
3.535803209 3.852012073 

5.755046347 7.770184279 
5.844269682 7.572995446 

1.09033427 8.059168675 
0.8401724601 7.862274342 

1.250686478 8.755929129 
1.047159202 8.697856469 

2.138532656 7.753809163 
2.238198582 8.07519187 

4.299557714 7.286658271 
3.980664895 7.446858484 

3.718719799 7.518944477 
3.980664895 7.446858484 

2.52298818 1.969201237 
2.683814817 1.801359742 

2.138532656 7.753809163 
2.207075277 7.709977335 

2.403422315 7.698363485 
2.207075277 7.709977335 

3.193125118 0.9091147497 
3.266163213 1.118067386 

6.299810482 7.982876294 
6.468311602 8.210797919 

6.300967375 4.783816929 
6.158129224 5.058170621 

2.907602103 7.746167537 
3.005158286 7.919650875 

3.071891352 8.057168455 
3.005158286 7.919650875 

2.340227737 7.899764961 
2.207075277 7.709977335 

6.730728868 6.514882965 
6.58112015 6.449496085 

4.080429225 7.608561964 
3.980664895 7.446858484 

6.58112015 6.449496085 
6.608189811 6.687671606 

6.275587425 5.64437554 
6.034791024 5.860609676 

5.828993234 6.077422385 
6.034791024 5.860609676 

2.340227737 7.899764961 
2.403422315 7.698363485 

0.7761054631 6.386077772 
1.046470336 6.376054598 

2.424224158 2.188444796 
2.4771264 2.344741805 

5.359721024 6.683624515 
5.622244461 6.743780356 

2.77045584 7.572167183 
2.907602103 7.746167537 

2.709476251 7.976137947 
3.005158286 7.919650875 

4.200147807 6.24838294 
4.560466165 6.111270526 

6.798084405 6.811564552 
6.86576121 6.693966225 

6.949230803 6.600825981 
6.86576121 6.693966225 

4.200147807 6.24838294 
4.250623256 6.47787275 

4.36570457 6.641651482 
4.250623256 6.47787275 

5.727059882 7.047735141 
5.678552343 6.889085077 

5.946367971 6.78740488 
5.678552343 6.889085077 

7.408701864 6.159656293 
7.475429198 6.231565187 

7.086807224 5.3769749 
7.461060224 5.485126145 

2.444053918 3.247339788 
2.384076303 2.928894942 

3.35929529 0.713640108 
3.585848585 0.7913230195 

4.852826108 5.420369628 
5.162215475 5.435175617 

4.991430701 8.036630278 
5.145808524 7.617480378 

4.199710235 2.331781875 
4.29532009 2.209370043 

4.270186153 2.127646849 
4.29532009 2.209370043 

2.320042588 7.376499132 
2.096649907 7.250931275 

5.51162551 6.019306411 
5.245065135 6.016945264 

5.088293966 5.93355305 
5.245065135 6.016945264 

7.086807224 5.3769749 
7.028582754 5.513960701 

6.934930311 5.658654433 
7.028582754 5.513960701 

3.99745689 3.088025368 
4.140408496 2.869021479 

6.553204378 6.900614132 
6.219753354 6.733043145 

7.262126859 6.528949253 
7.16294563 6.666528548 

6.057538726 6.312996858 
5.874653085 6.422672031 

5.743349225 6.523307482 
5.874653085 6.422672031 

6.110251821 5.974359058 
6.034791024 5.860609676 

1.965752926 6.137436688 
1.798237884 6.0278794 

2.340227737 7.899764961 
2.443232474 8.044205238 

1.307537449 7.744596111 
1.295904817 7.982259024 

4.451536741 1.3288148 
4.358849284 1.185097927 

5.13764806 4.806466573 
5.040652254 5.178655762 

5.910744264 6.535550135 
5.874653085 6.422672031 

1.835552303 2.18342116 
1.572323117 2.074462774 

0.9593160475 6.981471186 
0.6928675405 6.870374797 

6.910012599 6.337332042 
6.58112015 6.449496085 

0.5445638054 8.623964449 
0.6578670887 8.556236502 

0.7359088171 8.529623739 
0.6578670887 8.556236502 

1.752217804 9.305414075 
1.704604056 9.172016004 

1.597609843 9.063061421 
1.704604056 9.172016004 

3.668718144 7.894640756 
3.535621648 8.34382557 

1.590971754 7.491304514 
1.791378421 7.594369716 

1.892522955 7.687938619 
1.791378421 7.594369716 

1.978829002 3.348533794 
1.930444805 3.47135708 

1.327490085 6.580926585 
1.108529141 6.569139795 

1.514197711 8.392413698 
1.657410615 8.319986301 

2.420034186 6.247566878 
2.195403195 6.031870084 

4.852826108 5.420369628 
5.040652254 5.178655762 

3.335498417 0.5154039172 
3.390787769 0.3602237577 

1.662603897 1.388896788 
1.923309961 1.319504493 

2.069746355 1.352436181 
1.923309961 1.319504493 

2.055584066 8.494891855 
1.639563215 8.582678441 

1.09033427 8.059168675 
1.295904817 7.982259024 

1.845763268 6.305970419 
1.997515387 6.345277007 

1.926900438 1.507940256 
1.923309961 1.319504493 

5.727059882 7.047735141 
5.875246923 7.088773161 

1.835552303 2.18342116 
1.636370951 2.19430939 

4.091826053 0.5959983481 
4.095096866 0.7434830037 

4.118007674 0.8312230825 
4.095096866 0.7434830037 

3.287250766 3.901615284 
3.369880299 3.70716209 

3.221594731 3.521051481 
3.369880299 3.70716209 

5.553534101 7.973108258 
5.441629125 8.158920725 

0.7162428593 6.623289382 
0.7848255726 6.555338116 

2.965166448 1.741920891 
2.683814817 1.801359742 

7.153297772 5.927718622 
7.235267911 5.723503906 

2.097834377 3.493701321 
2.046737853 3.457449508 

1.978829002 3.348533794 
2.046737853 3.457449508 

2.977770594 3.385767547 
2.808425911 3.550190989 

5.18912319 6.426679916 
5.245065135 6.016945264 

3.35929529 0.713640108 
3.335498417 0.5154039172 

6.553204378 6.900614132 
6.374663456 6.68683221 

6.394182071 6.45721047 
6.374663456 6.68683221 

3.517460395 2.622949648 
3.312552999 2.391589313 

3.329782157 2.220798173 
3.312552999 2.391589313 

3.300662888 8.89975102 
2.872732357 8.690446631 

2.499059482 8.577701847 
2.872732357 8.690446631 

3.57442341 1.767185223 
3.637897262 1.602514 

5.182701525 8.068454971 
5.144463675 7.901312698 

2.050916157 7.668810391 
2.088010882 7.556342421 

1.921880072 2.882441778 
1.71276861 2.725759683 

2.825811404 1.562980844 
2.871062263 1.433788194 

6.553204378 6.900614132 
6.412833988 6.843400838 

6.24064214 6.924426697 
6.412833988 6.843400838 

3.935971335 2.562313608 
4.199710235 2.331781875 

3.935971335 2.562313608 
3.700278068 2.339051071 

3.627089422 2.077412272 
3.700278068 2.339051071 

2.373104495 0.8918056386 
2.394880452 0.6896312499 

3.221594731 3.521051481 
3.190743957 3.627130066 

2.457076791 0.5474947544 
2.394880452 0.6896312499 

1.667095883 6.387752401 
1.327490085 6.580926585 

1.618910325 6.653385928 
1.825315325 6.735150611 

1.858320742 7.451991856 
1.726797646 7.354650294 

5.145808524 7.617480378 
4.961360431 7.647197565 

7.235267911 5.723503906 
7.303889201 5.622867131 

3.668718144 7.894640756 
3.738860688 8.228758367 

1.636370951 2.19430939 
1.64401838 2.291986194 

5.900915634 5.554778936 
5.713511655 5.625429227 

3.329782157 2.220798173 
3.418577466 2.084689536 

7.475429198 6.231565187 
7.531169223 6.216267949 

2.730624755 2.10039382 
2.721419602 2.264884591 

2.857302033 2.446522943 
2.721419602 2.264884591 

5.946367971 6.78740488 
5.736432154 6.651328081 

5.586921936 6.492957403 
5.736432154 6.651328081 

4.179150273 5.899656178 
4.811929437 5.978246694 

5.51162551 6.019306411 
4.811929437 5.978246694 

2.438435723 7.02290394 
2.402926385 7.222610323 

2.320042588 7.376499132 
2.402926385 7.222610323 

3.347266469 7.008782674 
3.367173455 7.226776311 

4.750836598 5.640225673 
4.811929437 5.978246694 

6.299810482 7.982876294 
6.209775563 8.00574424 

2.215206722 3.636812976 
2.004178495 3.45844823 

4.040599113 3.831974363 
4.261012275 3.589188938 

3.720142161 3.006660304 
3.626811791 3.258867849 

4.853635676 5.833805847 
4.811929437 5.978246694 

6.945063813 7.075862338 
7.064220494 6.941620044 

5.743349225 6.523307482 
5.736432154 6.651328081 

1.352841353 9.070800564 
1.365538915 9.173104126 

1.531530555 2.474235799 
1.506342248 2.607966763 

3.531292581 2.211395998 
3.700278068 2.339051071 

6.501934571 5.252665136 
6.741383575 5.132209285 

2.709476251 7.976137947 
2.527597554 7.941511849 

2.340227737 7.899764961 
2.527597554 7.941511849 

6.080238262 6.595456776 
5.982581007 6.594937271 

5.910744264 6.535550135 
5.982581007 6.594937271 

4.154480505 1.927340903 
3.964444619 1.868180563 

7.461060224 5.485126145 
7.356677674 5.58110573 

7.303889201 5.622867131 
7.356677674 5.58110573 

6.987831238 8.035294576 
7.092000391 7.880278355 

3.454530225 1.630709129 
3.292481644 1.446678609 

3.16939246 1.327355668 
3.292481644 1.446678609 

2.762999515 8.845604691 
2.872732357 8.690446631 

5.182701525 8.068454971 
5.26937538 8.135101798 

4.532413058 6.96455627 
4.300004868 6.971953754 

6.200454534 7.360464938 
6.398831251 7.288903448 

2.787210724 8.471736421 
2.872732357 8.690446631 

1.98523242 8.213836773 
2.141594729 8.370047023 

7.619607899 6.717908842 
7.620739431 6.847561351 

1.382970004 8.67342229 
1.514197711 8.392413698 

3.410186043 1.846152308 
3.418577466 2.084689536 

1.98523242 8.213836773 
1.912190415 8.440409863 

2.77045584 7.572167183 
2.778832082 7.453875997 

5.696447619 7.355711663 
5.684422751 7.570781839 

5.584641524 7.691622909 
5.684422751 7.570781839 

3.935619023 6.838497145 
4.134909005 6.747409545 

4.36570457 6.641651482 
4.134909005 6.747409545 

2.757774312 0.8248004442 
2.777653797 0.969687531 

1.382970004 8.67342229 
1.315034925 8.427844503 

0.7160983912 7.606295201 
0.4378083889 7.470156225 

1.858320742 7.451991856 
1.791378421 7.594369716 

2.189130949 9.194406995 
2.396770494 9.32718646 

2.62740632 9.484576712 
2.396770494 9.32718646 

2.358490523 1.34772498 
2.6324565 1.574264557 

2.965166448 1.741920891 
2.6324565 1.574264557 

6.219753354 6.733043145 
6.374663456 6.68683221 

5.045855128 6.580969723 
5.124185425 6.721097297 

5.359721024 6.683624515 
5.124185425 6.721097297 

5.25758908 7.714607725 
5.145808524 7.617480378 

2.256429094 0.6550867044 
2.078912757 0.7158862883 

1.930285812 6.877491704 
1.825315325 6.735150611 

0.5238772912 7.669607986 
0.5191118767 7.56521759 

0.4378083889 7.470156225 
0.5191118767 7.56521759 

2.054647119 5.919396957 
2.293828963 5.896723502 

1.640602242 3.280794991 
1.865994255 3.405723109 

2.004178495 3.45844823 
1.865994255 3.405723109 

3.367173455 7.226776311 
3.436992281 7.31991457 

3.219768162 2.906022424 
3.341794928 2.667550219 

3.517460395 2.622949648 
3.341794928 2.667550219 

3.535621648 8.34382557 
3.738860688 8.228758367 

3.092115746 6.323390812 
3.121504516 6.41100473 

2.384076303 2.928894942 
2.576955231 2.901374936 

2.733517042 2.854899606 
2.576955231 2.901374936 

4.809381613 7.433492554 
4.71943402 7.299101149 

1.641185779 7.021054493 
1.738806464 7.232377959 

1.858320742 7.451991856 
1.738806464 7.232377959 

4.853635676 5.833805847 
5.020333663 5.683774388 

5.162215475 5.435175617 
5.020333663 5.683774388 

2.891820495 2.263549094 
2.721419602 2.264884591 

1.307537449 7.744596111 
0.8318271253 7.994279419 

2.438435723 7.02290394 
2.29116788 7.109716162 

1.384165483 7.239030499 
1.146355756 7.154166053 

4.558290061 3.131822239 
4.663191001 3.075980846 

2.777653797 0.969687531 
2.856844479 0.8794542905 

2.986317692 0.7836899265 
2.856844479 0.8794542905 

3.390787769 0.3602237577 
3.270084951 0.3511820102 

0.9593160475 6.981471186 
1.003064185 6.768331322 

1.923035327 1.708209241 
1.733225679 1.804142385 

1.546292781 1.763142064 
1.733225679 1.804142385 

6.881700747 5.376852669 
7.028582754 5.513960701 

3.935971335 2.562313608 
3.763146247 2.776121126 

3.720142161 3.006660304 
3.763146247 2.776121126 

5.736432154 6.651328081 
5.622244461 6.743780356 

1.667032172 7.865057246 
1.890886012 7.89753107 

4.179150273 5.899656178 
4.474543103 5.767344557 

4.750836598 5.640225673 
4.474543103 5.767344557 

0.604932572 7.330281221 
0.7112920677 7.278915205 

0.8036353333 7.181926913 
0.7112920677 7.278915205 

1.662603897 1.388896788 
1.79937593 1.409884431 

1.926900438 1.507940256 
1.79937593 1.409884431 

1.726797646 7.354650294 
1.738806464 7.232377959 

3.190351886 1.879574264 
3.132501605 2.040125218 

3.143271663 2.181649963 
3.132501605 2.040125218 

4.300004868 6.971953754 
4.134909005 6.747409545 

1.046470336 6.376054598 
1.138643521 6.295602412 

3.07578068 2.498162764 
3.341794928 2.667550219 

1.09033427 8.059168675 
0.8318271253 7.994279419 

6.468311602 8.210797919 
6.287138278 8.113083968 

1.752217804 9.305414075 
1.488022235 9.281999202 

2.808425911 3.550190989 
2.732771562 3.614543473 

5.435067182 7.666017521 
5.25758908 7.714607725 

5.510264446 4.774804464 
5.625096928 4.628178659 

7.56069737 6.492726173 
7.475429198 6.231565187 

7.195306154 7.079877973 
6.945063813 7.075862338 

2.751330219 9.141186387 
2.651233394 9.144621764 

6.608425032 5.684495488 
6.934930311 5.658654433 

2.85756025 6.653738928 
2.68352165 6.594272615 

2.639624123 2.658150517 
2.576955231 2.901374936 

7.41441449 6.651081444 
7.56069737 6.492726173 

2.088010882 7.556342421 
2.253648188 7.509932848 

2.129101813 2.107587371 
1.9016794 1.987416888 

6.730728868 6.514882965 
6.86576121 6.693966225 

5.162215475 5.435175617 
5.040652254 5.178655762 

7.195306154 7.079877973 
7.09000567 7.183957825 

5.946367971 6.78740488 
5.982581007 6.594937271 

5.441629125 8.158920725 
5.355096045 8.145068481 

5.26937538 8.135101798 
5.355096045 8.145068481 

7.381267072 7.305117432 
7.244266961 7.452008454 

1.930444805 3.47135708 
2.004178495 3.45844823 

2.303437151 2.427917511 
2.485261995 2.551642691 

2.639624123 2.658150517 
2.485261995 2.551642691 

3.74032387 8.56037748 
3.613993508 8.497954447 

2.499059482 8.577701847 
2.644044198 8.728550266 

2.762999515 8.845604691 
2.644044198 8.728550266 

4.358849284 1.185097927 
4.351690228 1.04485026 

5.490811277 7.019761761 
5.24063835 7.228723415 

5.946367971 6.78740488 
5.764275298 6.869272891 

3.121504516 6.41100473 
3.19881155 6.428217119 

6.71532352 7.957955457 
6.872865225 7.980292066 

6.987831238 8.035294576 
6.872865225 7.980292066 

1.488022235 9.281999202 
1.365538915 9.173104126 

3.287250766 3.901615284 
3.46518442 3.584421667 

6.910012599 6.337332042 
6.949230803 6.600825981 

4.199710235 2.331781875 
4.560650454 2.051706214 

4.923302253 1.690749742 
4.560650454 2.051706214 

4.553793511 1.823685072 
4.660576632 1.695330479 

4.551209668 1.615263767 
4.660576632 1.695330479 

6.698127138 6.116705202 
6.614183012 6.287457044 

6.58112015 6.449496085 
6.614183012 6.287457044 

3.517460395 2.622949648 
3.717780099 2.622499831 

3.454530225 1.630709129 
3.637897262 1.602514 

3.009620791 2.73024523 
3.068907 2.65259088 

3.07578068 2.498162764 
3.068907 2.65259088 

2.683814817 1.801359742 
2.6324565 1.574264557 

1.866232781 8.844917328 
2.059837027 9.073849157 

2.189130949 9.194406995 
2.059837027 9.073849157 

2.29116788 7.109716162 
2.402926385 7.222610323 

1.385141314 2.693087706 
1.548683299 2.695102915 

1.71276861 2.725759683 
1.548683299 2.695102915 

3.222669242 2.1142878 
3.289688571 2.115910128 

3.418577466 2.084689536 
3.289688571 2.115910128 

6.394182071 6.45721047 
6.58112015 6.449496085 

2.52298818 1.969201237 
2.15000393 1.699435885 

3.390633941 6.459913862 
3.254976945 6.439575519 

3.19881155 6.428217119 
3.254976945 6.439575519 

6.698127138 6.116705202 
6.982429347 5.88964189 

5.764275298 6.869272891 
5.678552343 6.889085077 

3.835428611 7.157094202 
3.980664895 7.446858484 

6.394182071 6.45721047 
6.172981495 6.550206034 

6.080238262 6.595456776 
6.172981495 6.550206034 

6.336267082 6.145121316 
6.394182071 6.45721047 

1.662603897 1.388896788 
1.872242759 1.50104619 

2.15000393 1.699435885 
1.872242759 1.50104619 

6.287138278 8.113083968 
6.189785406 8.108140318 

3.132501605 2.040125218 
3.222669242 2.1142878 

3.300662888 8.89975102 
3.170073611 8.623551432 

3.126742845 8.310687659 
3.170073611 8.623551432 

4.560466165 6.111270526 
4.811929437 5.978246694 

3.46518442 3.584421667 
3.369880299 3.70716209 

2.215206722 3.636812976 
2.371331535 3.422380361 

6.336267082 6.145121316 
6.241231633 6.064432832 

6.110251821 5.974359058 
6.241231633 6.064432832 

1.930444805 3.47135708 
1.865994255 3.405723109 

6.068635022 8.170141946 
6.143111421 8.074361172 

6.209775563 8.00574424 
6.143111421 8.074361172 

3.513150574 0.4664569623 
3.390787769 0.3602237577 

3.513150574 0.4664569623 
3.443824172 0.5828097538 

3.35929529 0.713640108 
3.443824172 0.5828097538 

6.468311602 8.210797919 
6.552299438 8.237521194 

5.435105633 5.702592045 
5.245065135 6.016945264 

2.499059482 8.577701847 
2.310217673 8.532906351 

2.055584066 8.494891855 
2.310217673 8.532906351 

3.190351886 1.879574264 
3.03506969 1.555417396 

6.301700479 5.441112151 
6.275587425 5.64437554 

5.874653085 6.422672031 
5.695258612 6.240621862 

7.461060224 5.485126145 
7.22294209 5.654808042 

6.982429347 5.88964189 
7.22294209 5.654808042 

6.06341232 7.883344605 
6.209775563 8.00574424 

2.893314746 6.816260185 
2.93595442 7.010320322 

3.717780099 2.622499831 
3.61820512 2.520139991 

6.299810482 7.982876294 
6.287138278 8.113083968 

4.560466165 6.111270526 
4.603090167 6.306025097 

4.66329746 6.48277146 
4.603090167 6.306025097 

6.374663456 6.68683221 
6.412833988 6.843400838 

0.7160983912 7.606295201 
0.5338531343 7.901931936 

3.717780099 2.622499831 
3.763146247 2.776121126 

4.080429225 7.608561964 
4.197757571 7.429091888 

4.299557714 7.286658271 
4.197757571 7.429091888 

0.5338531343 7.901931936 
0.6377103581 7.980871366 

5.900915634 5.554778936 
5.942449751 5.71634427 

6.034791024 5.860609676 
5.942449751 5.71634427 

1.639563215 8.582678441 
1.382970004 8.67342229 

1.858320742 7.451991856 
2.088010882 7.556342421 

1.546292781 1.763142064 
1.743841807 1.900957043 

1.9016794 1.987416888 
1.743841807 1.900957043 

3.410186043 1.846152308 
3.57442341 1.767185223 

7.195306154 7.079877973 
7.336836964 7.01966623 

7.546575333 6.984820392 
7.336836964 7.01966623 

5.162215475 5.435175617 
5.292692537 5.544352949 

6.06341232 7.883344605 
6.143111421 8.074361172 

1.384165483 7.239030499 
1.283403353 7.352299564 

1.254291862 7.442476333 
1.283403353 7.352299564 

3.936867338 2.158439436 
3.700278068 2.339051071 

2.376493021 8.864432269 
2.601235655 8.907467191 

1.488022235 9.281999202 
1.363404684 9.262447282 

3.349874367 7.542755789 
3.56033468 7.503929935 

3.718719799 7.518944477 
3.56033468 7.503929935 

2.358490523 1.34772498 
2.15000393 1.699435885 

4.375010187 7.634920264 
4.197757571 7.429091888 

4.793474664 2.414964587 
4.869466804 2.4779054 

5.053029723 2.552264661 
4.869466804 2.4779054 

2.358490523 1.34772498 
2.278932166 1.495849824 

1.926900438 1.507940256 
1.872242759 1.50104619 

3.270084951 0.3511820102 
3.254278378 0.2324223119 

4.660576632 1.695330479 
4.71793424 1.822417628 

5.695258612 6.240621862 
5.792221474 6.194144558 

5.828993234 6.077422385 
5.792221474 6.194144558 

6.158129224 5.058170621 
6.022381562 4.825069363 

6.158129224 5.058170621 
6.118149014 5.186431049 

6.135968313 5.334489188 
6.118149014 5.186431049 

3.244705468 6.291680013 
3.170278173 6.211434799 

3.936867338 2.158439436 
3.89559139 2.02768732 

3.964444619 1.868180563 
3.89559139 2.02768732 

1.872256769 1.060988356 
1.756686653 1.179868568 

3.090650472 8.716064505 
3.170073611 8.623551432 

2.751330219 9.141186387 
3.014593079 9.094465203 

6.06341232 7.883344605 
6.190915223 7.583829068 

1.640602242 3.280794991 
1.773614926 3.069779443 

1.921880072 2.882441778 
1.773614926 3.069779443 

2.933775895 2.048801841 
3.132501605 2.040125218 

2.303437151 2.427917511 
2.357208684 2.372625864 

2.4771264 2.344741805 
2.357208684 2.372625864 

4.603090167 6.306025097 
4.731569449 6.302179058 

2.709476251 7.976137947 
2.564803545 7.834657355 

2.403422315 7.698363485 
2.564803545 7.834657355 

5.040652254 5.178655762 
4.831199429 5.150027248 

2.335500986 6.411818056 
2.286461014 6.282684293 

3.289688571 2.115910128 
3.329782157 2.220798173 

2.933775895 2.048801841 
3.012185226 2.230901625 

3.092923454 2.333709666 
3.012185226 2.230901625 

6.945063813 7.075862338 
7.021199911 7.083212344 

7.09000567 7.183957825 
7.021199911 7.083212344 

4.852826108 5.420369628 
4.756606101 5.367544003 

2.037830377 8.834320102 
2.059837027 9.073849157 

7.531169223 6.216267949 
7.57608251 6.247664726 

1.295904817 7.982259024 
1.439289729 7.925537115 

1.467877212 8.01702904 
1.439289729 7.925537115 

1.488059978 5.901432888 
1.646208984 6.060181431 

1.712549454 6.170873788 
1.646208984 6.060181431 

5.51162551 6.019306411 
5.348721101 6.193613509 

4.451536741 1.3288148 
4.265233186 1.587482058 

1.978829002 3.348533794 
1.865994255 3.405723109 

3.219768162 2.906022424 
3.068907 2.65259088 

2.456864944 0.7159720028 
2.394880452 0.6896312499 

6.501934571 5.252665136 
6.48583331 4.987306606 

1.698641277 8.161595946 
1.856554998 8.193722566 

1.98523242 8.213836773 
1.856554998 8.193722566 

6.902570018 6.007182986 
6.982429347 5.88964189 

5.245065135 6.016945264 
5.348721101 6.193613509 

3.613993508 8.497954447 
3.567624851 8.427018397 

3.535621648 8.34382557 
3.567624851 8.427018397 

2.373104495 0.8918056386 
2.356722659 1.186795264 

2.358490523 1.34772498 
2.356722659 1.186795264 

3.300662888 8.89975102 
3.163120192 8.978927598 

3.014593079 9.094465203 
3.163120192 8.978927598 

3.748651897 0.8674640184 
3.930848544 0.7694023413 

1.108529141 6.569139795 
1.046470336 6.376054598 

5.348721101 6.193613509 
5.176064332 6.233526557 

2.457076791 0.5474947544 
2.556904738 0.5178795003 

2.156667803 6.690236915 
2.018687724 6.792854198 

1.930285812 6.877491704 
2.018687724 6.792854198 

3.369880299 3.70716209 
3.535803209 3.852012073 

6.219753354 6.733043145 
6.172981495 6.550206034 

2.424224158 2.188444796 
2.431401715 2.057685556 

2.52298818 1.969201237 
2.431401715 2.057685556 

2.420034186 6.247566878 
2.328449672 6.249282703 

2.286461014 6.282684293 
2.328449672 6.249282703 

3.627089422 2.077412272 
3.89559139 2.02768732 

6.053694504 7.074033847 
5.968013379 7.129084498 

5.875246923 7.088773161 
5.968013379 7.129084498 

6.336267082 6.145121316 
6.423141635 6.015090024 

3.335498417 0.5154039172 
3.443824172 0.5828097538 

2.29116788 7.109716162 
2.184668446 7.155358949 

2.096649907 7.250931275 
2.184668446 7.155358949 

2.443232474 8.044205238 
2.527597554 7.941511849 

2.499059482 8.577701847 
2.636451124 8.475877963 

5.435105633 5.702592045 
5.713511655 5.625429227 

1.641185779 7.021054493 
1.682112745 7.459551913 

1.667032172 7.865057246 
1.682112745 7.459551913 

6.237099378 5.860185238 
6.034791024 5.860609676 

1.315034925 8.427844503 
1.38639376 8.277482466 

1.430745693 8.126734818 
1.38639376 8.277482466 

1.667032172 7.865057246 
1.791378421 7.594369716 

6.910012599 6.337332042 
6.614183012 6.287457044 

1.134353302 9.295663312 
1.280320867 9.232845019 

1.365538915 9.173104126 
1.280320867 9.232845019 

0.754172643 8.815826673 
0.9160539825 8.741459019 

1.047159202 8.697856469 
0.9160539825 8.741459019 

1.572323117 2.074462774 
1.636370951 2.19430939 

6.698127138 6.116705202 
6.546163676 6.110991786 

1.756686653 1.179868568 
1.923309961 1.319504493 

2.732771562 3.614543473 
2.651061853 3.67110874 

7.064220494 6.941620044 
7.021199911 7.083212344 

3.349874367 7.542755789 
3.13278529 7.64749974 

2.907602103 7.746167537 
3.13278529 7.64749974 

1.912190415 8.440409863 
2.001473734 8.405721167 

2.055584066 8.494891855 
2.001473734 8.405721167 

3.105024962 7.041942615 
2.93595442 7.010320322 

4.756606101 5.367544003 
4.687912018 5.336559785 

3.454530225 1.630709129 
3.431495678 1.725103327 

3.410186043 1.846152308 
3.431495678 1.725103327 

5.020333663 5.683774388 
5.20629707 5.685343856 

5.24063835 7.228723415 
5.184538524 7.438138171 

5.145808524 7.617480378 
5.184538524 7.438138171 

6.275587425 5.64437554 
6.065546283 5.637213611 

5.053029723 2.552264661 
5.072176941 2.344243293 

5.081319065 2.125002392 
5.072176941 2.344243293 

1.590971754 7.491304514 
1.682112745 7.459551913 

3.03506969 1.555417396 
2.871062263 1.433788194 

4.750836598 5.640225673 
4.924154818 5.409644542 

3.739157092 3.984978262 
3.90202535 3.853789567 

4.040599113 3.831974363 
3.90202535 3.853789567 

5.946367971 6.78740488 
5.968013379 7.129084498 

3.762301406 1.812063141 
3.840214237 1.713402153 

3.917455311 1.588469624 
3.840214237 1.713402153 

1.618910325 6.653385928 
1.599260339 6.889272899 

1.641185779 7.021054493 
1.599260339 6.889272899 

1.295904817 7.982259024 
1.467877212 8.01702904 

1.858320742 7.451991856 
1.682112745 7.459551913 

3.33964943 7.975496667 
3.13278529 7.64749974 

1.858320742 7.451991856 
1.950144224 7.578704452 

2.050916157 7.668810391 
1.950144224 7.578704452 

4.687912018 5.336559785 
4.631539629 5.318868507 

1.254291862 7.442476333 
1.307537449 7.744596111 

1.798237884 6.0278794 
1.683381661 5.995773672 

1.488059978 5.901432888 
1.683381661 5.995773672 

4.924154818 5.409644542 
4.852826108 5.420369628 

6.057538726 6.312996858 
6.172981495 6.550206034 

2.15000393 1.699435885 
2.353722659 1.72752455 

6.608189811 6.687671606 
6.374663456 6.68683221 

1.009440537 7.643749516 
1.042101222 7.849811472 

1.09033427 8.059168675 
1.042101222 7.849811472 

2.536657941 9.131114028 
2.593691897 9.191279794 

2.651233394 9.144621764 
2.593691897 9.191279794 

5.727059882 7.047735141 
5.764275298 6.869272891 

2.78623507 6.470074518 
2.751394435 6.540427525 

6.910012599 6.337332042 
6.898795619 6.133529141 

6.902570018 6.007182986 
6.898795619 6.133529141 

5.088293966 5.93355305 
4.811929437 5.978246694 

6.914416051 7.806464221 
6.872865225 7.980292066 

1.890886012 7.89753107 
1.975458818 7.974709876 

2.027906088 8.042733222 
1.975458818 7.974709876 

2.583849979 5.866033345 
2.495553739 5.93846819 

2.48005221 6.001949876 
2.495553739 5.93846819 

2.891820495 2.263549094 
3.012185226 2.230901625 

3.835428611 7.157094202 
4.073082518 7.200544163 

4.299557714 7.286658271 
4.073082518 7.200544163 

1.950144224 7.578704452 
1.892522955 7.687938619 

2.636451124 8.475877963 
2.751642406 8.246678322 

0.8318271253 7.994279419 
0.8401724601 7.862274342 

4.451536741 1.3288148 
4.289265247 1.38320669 

4.128610538 1.436176126 
4.289265247 1.38320669 

5.910744264 6.535550135 
5.841977867 6.494359063 

5.743349225 6.523307482 
5.841977867 6.494359063 

3.99745689 3.088025368 
4.170796877 3.07419921 

4.342025402 3.072361774 
4.170796877 3.07419921 

2.156667803 6.690236915 
1.972362117 6.729032554 

1.825315325 6.735150611 
1.972362117 6.729032554 

1.726797646 7.354650294 
1.682112745 7.459551913 

1.590971754 7.491304514 
1.640813063 7.371118153 

1.726797646 7.354650294 
1.640813063 7.371118153 

2.215206722 3.636812976 
2.097834377 3.493701321 

2.549842055 3.8126743 
2.423940719 3.674912634 

2.088010882 7.556342421 
1.950144224 7.578704452 

6.398831251 7.288903448 
6.509992456 7.369956237 

6.601452421 7.456826849 
6.509992456 7.369956237 

1.546292781 1.763142064 
1.662603897 1.388896788 

1.572323117 2.074462774 
1.589214647 1.911464748 

5.657941541 4.957013554 
5.664128769 4.8322629 

3.143271663 2.181649963 
3.012185226 2.230901625 

6.300967375 4.783816929 
6.359859685 4.878295041 

7.153297772 5.927718622 
6.982429347 5.88964189 

6.741383575 5.132209285 
6.93363646 5.155322751 

5.792221474 6.194144558 
5.874653085 6.422672031 

7.381267072 7.305117432 
7.437652327 6.900787228 

7.56069737 6.492726173 
7.437652327 6.900787228 

0.7160983912 7.606295201 
0.5191118767 7.56521759 

6.057538726 6.312996858 
6.241231633 6.064432832 

2.665209879 7.319473638 
2.726052887 7.38639831 

2.778832082 7.453875997 
2.726052887 7.38639831 

2.683814817 1.801359742 
2.752950315 1.639802574 

2.825811404 1.562980844 
2.752950315 1.639802574 

4.923302253 1.690749742 
4.793276215 1.744355089 

4.660576632 1.695330479 
4.793276215 1.744355089 

1.134353302 9.295663312 
1.260182292 9.325680823 

1.363404684 9.262447282 
1.260182292 9.325680823 

3.627089422 2.077412272 
3.936867338 2.158439436 

2.639624123 2.658150517 
2.538376369 2.794874151 

2.384076303 2.928894942 
2.538376369 2.794874151 

2.965166448 1.741920891 
2.752950315 1.639802574 

3.347266469 7.008782674 
3.375066798 6.733453321 

7.691533307 6.125912286 
7.604488033 6.181871051 

7.57608251 6.247664726 
7.604488033 6.181871051 

7.41441449 6.651081444 
7.619607899 6.717908842 

3.74032387 8.56037748 
3.570528517 8.297219806 

3.33964943 7.975496667 
3.570528517 8.297219806 

1.733225679 1.804142385 
1.743841807 1.900957043 

4.66329746 6.48277146 
4.824430979 6.428437211 

4.970003194 6.365115311 
4.824430979 6.428437211 

2.017744835 2.573702147 
2.078605366 2.439388566 

2.159172335 2.310377605 
2.078605366 2.439388566 

5.874653085 6.422672031 
5.841977867 6.494359063 

2.777653797 0.969687531 
2.56969935 0.9361695395 

2.373104495 0.8918056386 
2.56969935 0.9361695395 

4.95673406 7.138004335 
5.086011594 7.26380553 

5.24063835 7.228723415 
5.086011594 7.26380553 

3.57442341 1.767185223 
3.431495678 1.725103327 

7.153297772 5.927718622 
7.069842648 5.759355455 

6.934930311 5.658654433 
7.069842648 5.759355455 

6.881700747 5.376852669 
7.019563102 5.276495654 

1.756686653 1.179868568 
1.721226486 1.284067043 

1.662603897 1.388896788 
1.721226486 1.284067043 

5.581587897 5.391732638 
5.653895851 5.539919258 

5.713511655 5.625429227 
5.653895851 5.539919258 

1.134353302 9.295663312 
1.191619215 9.00906626 

1.250686478 8.755929129 
1.191619215 9.00906626 

6.057538726 6.312996858 
6.04783855 6.485132277 

5.982581007 6.594937271 
6.04783855 6.485132277 

4.489972674 5.284553938 
4.573511374 5.306876544 

4.631539629 5.318868507 
4.573511374 5.306876544 

2.364135289 8.324490429 
2.310217673 8.532906351 

1.962926207 0.7828889488 
2.025726458 0.7639890588 

2.078912757 0.7158862883 
2.025726458 0.7639890588 

5.586921936 6.492957403 
5.478895242 6.553614733 

5.359721024 6.683624515 
5.478895242 6.553614733 

4.375010187 7.634920264 
4.682868216 7.82730693 

4.991430701 8.036630278 
4.682868216 7.82730693 

1.791378421 7.594369716 
1.950144224 7.578704452 

2.595657815 7.601091905 
2.734478835 7.684604732 

2.907602103 7.746167537 
2.734478835 7.684604732 

1.835552303 2.18342116 
1.9016794 1.987416888 

2.910704607 7.193811036 
2.712687749 7.131552376 

4.944836196 1.985605275 
4.71793424 1.822417628 

2.174888097 3.355211541 
1.978829002 3.348533794 

0.3141745255 8.140261217 
0.4449508059 8.031534863 

0.5338531343 7.901931936 
0.4449508059 8.031534863 

2.335500986 6.411818056 
2.328449672 6.249282703 

4.944836196 1.985605275 
4.923570003 1.858558706 

4.923302253 1.690749742 
4.923570003 1.858558706 

2.335500986 6.411818056 
2.146990535 6.378258475 

1.997515387 6.345277007 
2.146990535 6.378258475 

4.961360431 7.647197565 
5.144463675 7.901312698 

6.219753354 6.733043145 
6.271847127 6.594153232 

6.394182071 6.45721047 
6.271847127 6.594153232 

4.38291975 2.858844434 
4.264176 2.836852979 

4.140408496 2.869021479 
4.264176 2.836852979 

6.04783855 6.485132277 
6.080238262 6.595456776 

7.019563102 5.276495654 
7.086807224 5.3769749 

3.190351886 1.879574264 
3.325908085 1.965816536 

3.418577466 2.084689536 
3.325908085 1.965816536 

6.237099378 5.860185238 
6.167513364 5.896963864 

6.110251821 5.974359058 
6.167513364 5.896963864 

3.570528517 8.297219806 
3.535621648 8.34382557 

2.207075277 7.709977335 
2.253648188 7.509932848 

2.141594729 8.370047023 
2.213651385 8.192999366 

2.238198582 8.07519187 
2.213651385 8.192999366 

5.292692537 5.544352949 
5.20629707 5.685343856 

2.556904738 0.5178795003 
2.580320548 0.4354238836 

3.07578068 2.498162764 
3.141180972 2.663770497 

6.065546283 5.637213611 
5.942449751 5.71634427 

2.189130949 9.194406995 
1.982448303 9.224986318 

2.712687749 7.131552376 
2.615964749 7.063491826 

7.437652327 6.900787228 
7.336836964 7.01966623 

2.215206722 3.636812976 
2.318171441 3.654219793 

2.423940719 3.674912634 
2.318171441 3.654219793 

4.351690228 1.04485026 
4.371136859 0.9648546511 

3.668718144 7.894640756 
3.507778218 7.970572114 

3.33964943 7.975496667 
3.507778218 7.970572114 

6.068635022 8.170141946 
6.129098156 8.141642627 

6.189785406 8.108140318 
6.129098156 8.141642627 

7.546575333 6.984820392 
7.45653502 6.800591768 

7.41441449 6.651081444 
7.45653502 6.800591768 

2.050916157 7.668810391 
2.207075277 7.709977335 

2.651061853 3.67110874 
2.609373734 3.729498372 

0.7708878803 8.122766035 
0.5580303373 8.146755352 

6.190915223 7.583829068 
6.188670375 7.479682511 

6.200454534 7.360464938 
6.188670375 7.479682511 

2.278932166 1.495849824 
2.35988315 1.591074107 

2.353722659 1.72752455 
2.35988315 1.591074107 

1.657410615 8.319986301 
1.648190626 8.439118137 

1.639563215 8.582678441 
1.648190626 8.439118137 

5.586921936 6.492957403 
5.695258612 6.240621862 

5.586921936 6.492957403 
5.721704988 6.426403426 

5.874653085 6.422672031 
5.721704988 6.426403426 

3.436992281 7.31991457 
3.394923621 7.431110837 

3.349874367 7.542755789 
3.394923621 7.431110837 

1.546292781 1.763142064 
1.691191647 1.968320422 

1.835552303 2.18342116 
1.691191647 1.968320422 

5.292692537 5.544352949 
5.382467813 5.601955936 

5.435105633 5.702592045 
5.382467813 5.601955936 

3.964444619 1.868180563 
3.840214237 1.713402153 

2.986317692 0.7836899265 
3.108248977 0.829796939 

3.193125118 0.9091147497 
3.108248977 0.829796939 

6.910012599 6.337332042 
7.04051321 6.300802195 

7.190047426 6.293506507 
7.04051321 6.300802195 

2.549842055 3.8126743 
2.572120387 3.766600428 

2.609373734 3.729498372 
2.572120387 3.766600428 

3.935971335 2.562313608 
3.814495294 2.58841354 

3.717780099 2.622499831 
3.814495294 2.58841354 

1.641185779 7.021054493 
1.785570744 6.93642317 

1.930285812 6.877491704 
1.785570744 6.93642317 

3.748651897 0.8674640184 
3.629186049 0.9476337203 

3.45176332 1.007674429 
3.629186049 0.9476337203 

0.3141745255 8.140261217 
0.4446789819 8.144810766 

0.5580303373 8.146755352 
0.4446789819 8.144810766 

3.502665369 3.226180291 
3.491094568 3.436534849 

3.46518442 3.584421667 
3.491094568 3.436534849 

2.438435723 7.02290394 
2.581907697 7.16814928 

2.665209879 7.319473638 
2.581907697 7.16814928 

4.560466165 6.111270526 
4.451000444 6.095292444 

4.362478141 6.084013065 
4.451000444 6.095292444 

2.970464618 2.905173474 
3.049341499 3.090953494 

3.132926552 3.279872422 
3.049341499 3.090953494 

3.300662888 8.89975102 
3.186682289 8.825452437 

3.090650472 8.716064505 
3.186682289 8.825452437 

0.9710113507 7.463817186 
1.16170572 7.593655744 

1.307537449 7.744596111 
1.16170572 7.593655744 

2.156667803 6.690236915 
2.228453224 6.538292639 

2.335500986 6.411818056 
2.228453224 6.538292639 

2.639624123 2.658150517 
2.679365579 2.914606962 

2.364135289 8.324490429 
2.213651385 8.192999366 

2.99665105 1.327994085 
2.961215883 1.382216017 

2.871062263 1.433788194 
2.961215883 1.382216017 

4.509095514 2.398468264 
4.5846041 2.594963244 

2.615964749 7.063491826 
2.549066 7.051018528 

2.438435723 7.02290394 
2.549066 7.051018528 

1.009440537 7.643749516 
1.16170572 7.593655744 

1.315034925 8.427844503 
1.419696251 8.407587243 

1.514197711 8.392413698 
1.419696251 8.407587243 

3.219768162 2.906022424 
3.049341499 3.090953494 

3.141180972 2.663770497 
3.188353183 2.749761403 

7.142329474 5.147302361 
7.029066946 5.148027705 

6.93363646 5.155322751 
7.029066946 5.148027705 

0.9710113507 7.463817186 
0.8488487223 7.518123608 

0.7160983912 7.606295201 
0.8488487223 7.518123608 

3.312552999 2.391589313 
3.341794928 2.667550219 

5.743349225 6.523307482 
5.721704988 6.426403426 

4.793276215 1.744355089 
4.71793424 1.822417628 

2.054647119 5.919396957 
2.153685266 5.965810561 

2.195403195 6.031870084 
2.153685266 5.965810561 

7.546575333 6.984820392 
7.437652327 6.900787228 

1.923035327 1.708209241 
2.033779657 1.728164149 

2.15000393 1.699435885 
2.033779657 1.728164149 

3.964444619 1.868180563 
3.85567384 1.846402301 

3.762301406 1.812063141 
3.85567384 1.846402301 

2.189130949 9.194406995 
2.13862305 9.013665102 

2.037830377 8.834320102 
2.13862305 9.013665102 

2.335500986 6.411818056 
2.420034186 6.247566878 

1.640602242 3.280794991 
1.792072967 3.369267923 

1.930444805 3.47135708 
1.792072967 3.369267923 

2.679365579 2.914606962 
2.733517042 2.854899606 

6.949230803 6.600825981 
7.117911773 6.587930137 

7.262126859 6.528949253 
7.117911773 6.587930137 

4.570768138 7.259228731 
4.646413995 7.294744038 

4.71943402 7.299101149 
4.646413995 7.294744038 

6.423141635 6.015090024 
6.506213215 6.058886014 

6.546163676 6.110991786 
6.506213215 6.058886014 

2.021229473 7.034779714 
2.184668446 7.155358949 

1.246668198 6.21714902 
1.164798267 6.385193171 

1.108529141 6.569139795 
1.164798267 6.385193171 

0.7848255726 6.555338116 
0.7976451207 6.48143954 

2.021229473 7.034779714 
2.038353507 7.138264481 

2.096649907 7.250931275 
2.038353507 7.138264481 

2.893314746 6.816260185 
3.017907971 6.921931168 

3.105024962 7.041942615 
3.017907971 6.921931168 

5.625096928 4.628178659 
5.77968133 4.689676158 

5.883974492 4.748795783 
5.77968133 4.689676158 

4.200147807 6.24838294 
4.362478141 6.084013065 

4.371136859 0.9648546511 
4.407777879 0.9102176999 

1.667032172 7.865057246 
1.439289729 7.925537115 

0.3141745255 8.140261217 
0.5672364852 8.075494816 

0.8318271253 7.994279419 
0.5672364852 8.075494816 

2.141594729 8.370047023 
2.001473734 8.405721167 

6.080238262 6.595456776 
6.157555931 6.659917455 

6.219753354 6.733043145 
6.157555931 6.659917455 

2.485261995 2.551642691 
2.4771264 2.344741805 

2.636451124 8.475877963 
2.708637738 8.472567438 

2.787210724 8.471736421 
2.708637738 8.472567438 

1.246668198 6.21714902 
1.143773507 6.171583699 

2.443232474 8.044205238 
2.579070408 8.023631953 

2.709476251 7.976137947 
2.579070408 8.023631953 

4.663191001 3.075980846 
4.38291975 2.858844434 

4.859370384 2.925510464 
4.754828116 2.96745915 

2.564803545 7.834657355 
2.595657815 7.601091905 

5.900915634 5.554778936 
5.984247625 5.58804849 

6.065546283 5.637213611 
5.984247625 5.58804849 

1.384165483 7.239030499 
1.478458242 7.36187694 

1.590971754 7.491304514 
1.478458242 7.36187694 

4.970003194 6.365115311 
5.176064332 6.233526557 

2.757774312 0.8248004442 
2.856844479 0.8794542905 

7.461060224 5.485126145 
7.51510889 6.004352065 

7.56069737 6.492726173 
7.51510889 6.004352065 

2.1272025 7.418181874 
2.092369246 7.505045619 

2.088010882 7.556342421 
2.092369246 7.505045619 

5.942449751 5.71634427 
5.984247625 5.58804849 

4.553793511 1.823685072 
4.355609995 1.87551757 

4.154480505 1.927340903 
4.355609995 1.87551757 

5.18912319 6.426679916 
5.192849216 6.315421559 

5.176064332 6.233526557 
5.192849216 6.315421559 

4.091826053 0.5959983481 
4.011834547 0.6826950942 

3.930848544 0.7694023413 
4.011834547 0.6826950942 

1.546292781 1.763142064 
1.561983652 1.835688644 

1.589214647 1.911464748 
1.561983652 1.835688644 

1.866232781 8.844917328 
1.759271584 8.691118321 

1.639563215 8.582678441 
1.759271584 8.691118321 

1.327490085 6.580926585 
1.45443922 6.646290332 

5.696447619 7.355711663 
5.758144346 7.477019825 

5.844269682 7.572995446 
5.758144346 7.477019825 

2.13862305 9.013665102 
2.376493021 8.864432269 

6.553204378 6.900614132 
6.675874322 6.837810171 

6.798084405 6.811564552 
6.675874322 6.837810171 

4.754828116 2.96745915 
4.681646425 2.972545561 

2.059837027 9.073849157 
2.13862305 9.013665102 

1.618910325 6.653385928 
1.64409359 6.529750262 

1.667095883 6.387752401 
1.64409359 6.529750262 

6.48583331 4.987306606 
6.429375834 4.92143783 

6.359859685 4.878295041 
6.429375834 4.92143783 

5.040652254 5.178655762 
4.977911149 5.300180237 

4.924154818 5.409644542 
4.977911149 5.300180237 

5.684422751 7.570781839 
5.758144346 7.477019825 

0.4107645701 6.740701656 
0.5516297672 6.804365608 

0.6928675405 6.870374797 
0.5516297672 6.804365608 

7.092000391 7.880278355 
6.914416051 7.806464221 

7.092000391 7.880278355 
7.194363177 7.824764102 

7.304739939 7.76549405 
7.194363177 7.824764102 

1.246668198 6.21714902 
1.395282399 6.07525266 

5.18912319 6.426679916 
5.168244933 6.560979601 

1.260182292 9.325680823 
1.280320867 9.232845019 

1.858320742 7.451991856 
1.888874475 7.567637916 

1.892522955 7.687938619 
1.888874475 7.567637916 

2.424224158 2.188444796 
2.357208684 2.372625864 

4.991430701 8.036630278 
5.08884659 8.081285416 

1.950144224 7.578704452 
1.888874475 7.567637916 

2.438435723 7.02290394 
2.671444803 6.919180905 

2.893314746 6.816260185 
2.671444803 6.919180905 

6.271847127 6.594153232 
6.172981495 6.550206034 

2.364135289 8.324490429 
2.435407279 8.459518814 

2.499059482 8.577701847 
2.435407279 8.459518814 

3.219768162 2.906022424 
2.970464618 2.905173474 

3.219768162 2.906022424 
3.207401332 2.821462462 

3.188353183 2.749761403 
3.207401332 2.821462462 

5.696447619 7.355711663 
5.559807754 7.514262777 

5.435067182 7.666017521 
5.559807754 7.514262777 

1.646208984 6.060181431 
1.683381661 5.995773672 

3.254278378 0.2324223119 
3.317706882 0.3086564911 

3.390787769 0.3602237577 
3.317706882 0.3086564911 

2.424224158 2.188444796 
2.278085388 2.14561328 

2.129101813 2.107587371 
2.278085388 2.14561328 

2.320042588 7.376499132 
2.1272025 7.418181874 

4.853635676 5.833805847 
4.973027809 5.879834283 

5.088293966 5.93355305 
4.973027809 5.879834283 

1.138643521 6.295602412 
1.130031353 6.250606335 

1.636370951 2.19430939 
1.505408461 2.256200518 

4.488549223 0.8327918465 
4.446295566 0.8744103612 

4.407777879 0.9102176999 
4.446295566 0.8744103612 

0.7761054631 6.386077772 
0.7869425388 6.433429312 

0.7976451207 6.48143954 
0.7869425388 6.433429312 

2.977770594 3.385767547 
3.221594731 3.521051481 

4.362478141 6.084013065 
4.291230177 5.989959522 

1.130031353 6.250606335 
1.136941775 6.227677768 

3.410186043 1.846152308 
3.325908085 1.965816536 

5.625096928 4.628178659 
5.648188704 4.736378578 

5.664128769 4.8322629 
5.648188704 4.736378578 

3.390633941 6.459913862 
3.307099087 6.382749579 

3.244705468 6.291680013 
3.307099087 6.382749579 

7.019563102 5.276495654 
7.029066946 5.148027705 

1.009440537 7.643749516 
0.8488487223 7.518123608 

2.293828963 5.896723502 
2.414543966 5.877612973 

0.7708878803 8.122766035 
0.8318271253 7.994279419 

1.667032172 7.865057246 
1.557324517 7.989506379 

1.430745693 8.126734818 
1.557324517 7.989506379 

6.552299438 8.237521194 
6.600673034 8.233507304 

6.660809243 8.250524262 
6.600673034 8.233507304 

4.731569449 6.302179058 
4.824430979 6.428437211 

1.316234833 2.305711887 
1.427558599 2.284723183 

1.505408461 2.256200518 
1.427558599 2.284723183 

5.764275298 6.869272891 
5.623010895 6.925464349 

5.490811277 7.019761761 
5.623010895 6.925464349 

1.45443922 6.646290332 
1.599260339 6.889272899 

4.299557714 7.286658271 
4.311977854 7.158623452 

2.910704607 7.193811036 
2.922667513 7.09531127 

2.93595442 7.010320322 
2.922667513 7.09531127 

3.141180972 2.663770497 
3.068907 2.65259088 

1.45443922 6.646290332 
1.537088484 6.650523105 

1.618910325 6.653385928 
1.537088484 6.650523105 

6.04783855 6.485132277 
6.172981495 6.550206034 

5.124185425 6.721097297 
5.147595725 6.6429966 

5.168244933 6.560979601 
5.147595725 6.6429966 

4.761274644 6.829614113 
4.710364347 6.645548774 

4.66329746 6.48277146 
4.710364347 6.645548774 

6.157555931 6.659917455 
6.271847127 6.594153232 

2.986317692 0.7836899265 
2.829634305 0.6111289678 

1.865994255 3.405723109 
1.792072967 3.369267923 

1.488059978 5.901432888 
1.463028459 5.998567392 

1.395282399 6.07525266 
1.463028459 5.998567392 

6.237099378 5.860185238 
6.253074622 5.748802665 

6.275587425 5.64437554 
6.253074622 5.748802665 

5.182701525 8.068454971 
5.135054332 8.084810722 

5.08884659 8.081285416 
5.135054332 8.084810722 

7.620739431 6.847561351 
7.574260229 6.907612809 

7.546575333 6.984820392 
7.574260229 6.907612809 

3.083326538 6.100531536 
3.126802356 6.155983167 

3.170278173 6.211434799 
3.126802356 6.155983167 

1.965752926 6.137436688 
2.054647119 5.919396957 

2.583849979 5.866033345 
2.481712597 5.864441201 

2.414543966 5.877612973 
2.481712597 5.864441201 

7.204702775 7.546819699 
7.198878175 7.495539012 

7.244266961 7.452008454 
7.198878175 7.495539012 

4.300004868 6.971953754 
4.301452786 7.084680951 

4.311977854 7.158623452 
4.301452786 7.084680951 

5.045855128 6.580969723 
5.168244933 6.560979601 

4.007702746 1.443531596 
3.956873881 1.510780214 

3.917455311 1.588469624 
3.956873881 1.510780214 

6.271847127 6.594153232 
6.374663456 6.68683221 

5.910744264 6.535550135 
5.967466803 6.499228296 

6.04783855 6.485132277 
5.967466803 6.499228296 

2.632099102 3.18063304 
2.65144772 3.048733558 

2.679365579 2.914606962 
2.65144772 3.048733558 

2.431401715 2.057685556 
2.278085388 2.14561328 

2.050916157 7.668810391 
2.090673375 7.71319017 

2.138532656 7.753809163 
2.090673375 7.71319017 

7.56069737 6.492726173 
7.57608251 6.247664726 

5.435105633 5.702592045 
5.328386897 5.70312747 

5.20629707 5.685343856 
5.328386897 5.70312747 

2.752950315 1.639802574 
2.6324565 1.574264557 

2.027906088 8.042733222 
2.19139062 7.96773413 

2.340227737 7.899764961 
2.19139062 7.96773413 

3.585848585 0.7913230195 
3.629186049 0.9476337203 

4.970003194 6.365115311 
5.013188127 6.482193266 

5.045855128 6.580969723 
5.013188127 6.482193266 

2.829634305 0.6111289678 
2.751892487 0.5265291198 

2.673826707 0.4436096894 
2.751892487 0.5265291198 

0.604932572 7.330281221 
0.5190699231 7.390212899 

0.4378083889 7.470156225 
0.5190699231 7.390212899 

4.179150273 5.899656178 
4.241504498 5.942041126 

4.291230177 5.989959522 
4.241504498 5.942041126 

3.03506969 1.555417396 
2.961215883 1.382216017 

2.35988315 1.591074107 
2.59443874 1.638383616 

6.71532352 7.957955457 
6.811811275 7.879832355 

6.914416051 7.806464221 
6.811811275 7.879832355 

6.872865225 7.980292066 
6.811811275 7.879832355 

3.219768162 2.906022424 
3.109737053 2.837167513 

3.009620791 2.73024523 
3.109737053 2.837167513 

4.663191001 3.075980846 
4.672182155 3.017102002 

4.681646425 2.972545561 
4.672182155 3.017102002 

3.531292581 2.211395998 
3.418577466 2.084689536 

7.153297772 5.927718622 
7.034080068 5.95753299 

6.902570018 6.007182986 
7.034080068 5.95753299 

5.581587897 5.391732638 
5.429728879 5.464096511 

5.292692537 5.544352949 
5.429728879 5.464096511 

4.570768138 7.259228731 
4.443279239 7.138335535 

4.300004868 6.971953754 
4.443279239 7.138335535 

3.531292581 2.211395998 
3.433074845 2.222861694 

3.329782157 2.220798173 
3.433074845 2.222861694 

4.342025402 3.072361774 
4.360056833 2.964806606 

4.38291975 2.858844434 
4.360056833 2.964806606 

3.74032387 8.56037748 
3.437173827 8.437195606 

3.126742845 8.310687659 
3.437173827 8.437195606 

5.844269682 7.572995446 
6.188670375 7.479682511 

5.844269682 7.572995446 
5.764346216 7.571888642 

5.684422751 7.570781839 
5.764346216 7.571888642 

1.385141314 2.693087706 
1.445741781 2.650527234 

1.506342248 2.607966763 
1.445741781 2.650527234 

2.68352165 6.594272615 
2.717458043 6.56735007 

2.751394435 6.540427525 
2.717458043 6.56735007 

6.034791024 5.860609676 
6.167513364 5.896963864 

1.752217804 9.305414075 
1.863584985 9.260362794 

1.982448303 9.224986318 
1.863584985 9.260362794 

2.6324565 1.574264557 
2.59443874 1.638383616 

1.352841353 9.070800564 
1.191619215 9.00906626 

7.09000567 7.183957825 
7.081957788 7.060957743 

7.064220494 6.941620044 
7.081957788 7.060957743 

4.51980002 3.354596339 
4.392915657 3.467425308 

4.261012275 3.589188938 
4.392915657 3.467425308 

2.891820495 2.263549094 
2.810620516 2.182590658 

2.730624755 2.10039382 
2.810620516 2.182590658 

6.898795619 6.133529141 
7.04051321 6.300802195 

6.898795619 6.133529141 
6.798157164 6.125309745 

6.698127138 6.116705202 
6.798157164 6.125309745 

6.982429347 5.88964189 
7.034080068 5.95753299 

7.142329474 5.147302361 
7.080946288 5.211899008 

7.019563102 5.276495654 
7.080946288 5.211899008 

2.62740632 9.484576712 
2.610549109 9.337928253 

2.593691897 9.191279794 
2.610549109 9.337928253 

4.474543103 5.767344557 
4.241504498 5.942041126 

3.13278529 7.64749974 
3.005158286 7.919650875 

3.118543712 0.3016997577 
3.196428097 0.2663572366 

3.254278378 0.2324223119 
3.196428097 0.2663572366 

5.51162551 6.019306411 
5.435105633 5.702592045 

4.488549223 0.8327918465 
4.293504364 0.8944378781 

2.639735772 3.468477481 
2.651061853 3.67110874 

3.76169288 1.391204257 
4.007702746 1.443531596 

4.079563985 0.9699632506 
4.18585241 0.9324835731 

4.293504364 0.8944378781 
4.18585241 0.9324835731 

3.76169288 1.391204257 
3.699905545 1.498294236 

3.637897262 1.602514 
3.699905545 1.498294236 

7.56069737 6.492726173 
7.626115339 6.309319229 

7.626115339 6.309319229 
7.658824323 6.217615757 

7.691533307 6.125912286 
7.658824323 6.217615757 

3.109737053 2.837167513 
2.970464618 2.905173474 

2.671444803 6.919180905 
2.615964749 7.063491826 

3.375066798 6.733453321 
3.38285037 6.596683592 

3.390633941 6.459913862 
3.38285037 6.596683592 

3.513150574 0.4664569623 
3.424324495 0.4909304397 

3.335498417 0.5154039172 
3.424324495 0.4909304397 

3.626811791 3.258867849 
3.567111846 3.257155505 

2.580320548 0.4354238836 
2.627073628 0.4395167865 

2.673826707 0.4436096894 
2.627073628 0.4395167865 

6.949230803 6.600825981 
6.838390817 6.564524321 

6.730728868 6.514882965 
6.838390817 6.564524321 

7.381267072 7.305117432 
7.463921202 7.144968912 

7.546575333 6.984820392 
7.463921202 7.144968912 

4.824430979 6.428437211 
5.013188127 6.482193266 

1.143773507 6.171583699 
1.140357641 6.199630734 

1.136941775 6.227677768 
1.140357641 6.199630734 

5.967466803 6.499228296 
5.874653085 6.422672031 

3.502665369 3.226180291 
3.534888607 3.241667898 

3.567111846 3.257155505 
3.534888607 3.241667898 

3.738860688 8.228758367 
3.739592279 8.394567924 

3.74032387 8.56037748 
3.739592279 8.394567924 

2.933775895 2.048801841 
2.810620516 2.182590658 

6.608425032 5.684495488 
6.515783333 5.849792756 

6.423141635 6.015090024 
6.515783333 5.849792756 

