3.192544177 0.9033541552 
2.963465038 1.742574371 

2.963465038 1.742574371 
3.57329498 1.766071882 

3.718719799 7.518944477 
2.907128485 7.745065971 

4.467546798 2.718208032 
4.519679392 3.350911163 

2.027906088 8.042733222 
2.138532656 7.753809163 

5.045855128 6.580969723 
4.761274644 6.829614113 

2.762570691 8.844278764 
3.30029125 8.926951429 

2.027906088 8.042733222 
1.98523242 8.213836773 

4.754528885 4.760345426 
4.471534652 4.504793822 

2.963465038 1.742574371 
3.189820318 1.880630139 

6.393588056 6.458241534 
6.698127138 6.116705202 

5.94570492 6.773124466 
6.079386505 6.596119646 

2.857302033 2.446522943 
3.092923454 2.333709666 

6.902533289 6.0053247 
6.698127138 6.116705202 

0.8036353333 7.181926913 
0.4107645701 6.740701656 

1.641803309 7.023239526 
1.386325136 7.239907676 

3.748651897 0.8674640184 
3.76169288 1.391204257 

7.56069737 6.492726173 
6.945063813 7.075862338 

6.393588056 6.458241534 
6.732610911 6.516444109 

3.720142161 3.006660304 
3.99745689 3.088025368 

1.430745693 8.126734818 
1.307537449 7.744596111 

1.665609246 7.863854269 
1.890937418 7.687828559 

6.501934571 5.252665136 
6.609892751 5.685111732 

4.467546798 2.718208032 
5.051281228 2.549356217 

6.063177967 7.078800778 
5.94570492 6.773124466 

7.56069737 6.492726173 
6.910012599 6.337332042 

6.698127138 6.116705202 
6.910012599 6.337332042 

3.327577706 2.219500236 
3.092923454 2.333709666 

3.762442626 1.812236636 
3.57329498 1.766071882 

4.194777029 4.146324099 
4.040599113 3.831974363 

7.381267072 7.305117432 
6.814743708 7.366713822 

5.51162551 6.019306411 
5.828993234 6.077422385 

4.471534652 4.504793822 
4.340947333 4.341108605 

4.194777029 4.146324099 
4.340947333 4.341108605 

2.639624123 2.658150517 
2.857302033 2.446522943 

2.403422315 7.698363485 
2.597055862 7.600860793 

6.902533289 6.0053247 
7.310549781 6.107928705 

5.243623766 7.228320401 
4.809381613 7.433492554 

6.063177967 7.078800778 
5.699130769 7.351930454 

1.93188365 2.895525075 
2.441151636 3.249422206 

2.52393984 1.968491034 
2.730624755 2.10039382 

4.664366108 6.481883985 
4.36570457 6.641651482 

1.632461256 8.579413006 
1.511984206 8.904630825 

2.751642406 8.246678322 
2.907128485 7.745065971 

2.730624755 2.10039382 
2.159172335 2.310377605 

2.159172335 2.310377605 
2.303437151 2.427917511 

5.699130769 7.351930454 
5.729694591 7.032784877 

0.7160983912 7.606295201 
1.009440537 7.643749516 

1.307537449 7.744596111 
1.009440537 7.643749516 

6.814743708 7.366713822 
6.945063813 7.075862338 

4.186196123 2.341287518 
4.508385108 2.400410317 

1.641803309 7.023239526 
1.189282805 6.931996223 

2.097262056 7.250215786 
2.1272025 7.418181874 

1.546292781 1.763142064 
2.159172335 2.310377605 

6.553204378 6.900614132 
7.16294563 6.666528548 

1.189282805 6.931996223 
0.8036353333 7.181926913 

6.814743708 7.366713822 
6.915083986 7.806941263 

5.045855128 6.580969723 
5.18912319 6.426679916 

5.583888765 7.691334482 
5.755046347 7.770184279 

6.06341232 7.883344605 
5.755046347 7.770184279 

7.16294563 6.666528548 
6.945063813 7.075862338 

3.132926552 3.279872422 
2.977770594 3.385767547 

2.499059482 8.577701847 
2.751642406 8.246678322 

1.665609246 7.863854269 
1.08841677 8.060019462 

2.1272025 7.418181874 
1.856042145 7.453104872 

3.633399707 2.078923581 
3.762442626 1.812236636 

2.526358919 3.829698179 
2.441151636 3.249422206 

6.609892751 5.685111732 
6.902533289 6.0053247 

3.189820318 1.880630139 
3.410186043 1.846152308 

2.751642406 8.246678322 
3.126742845 8.310687659 

5.699130769 7.351930454 
6.06341232 7.883344605 

3.083326538 6.100531536 
2.739124499 6.295747208 

1.254554584 8.758662841 
1.511984206 8.904630825 

1.430745693 8.126734818 
1.657410615 8.319986301 

4.664366108 6.481883985 
5.18912319 6.426679916 

3.192544177 0.9033541552 
3.450800062 1.005652369 

4.467546798 2.718208032 
4.508385108 2.400410317 

4.923302253 1.690749742 
4.150634338 1.927497838 

3.633399707 2.078923581 
4.150634338 1.927497838 

6.299810482 7.982876294 
6.199698396 7.359769605 

6.063177967 7.078800778 
6.199698396 7.359769605 

3.192544177 0.9033541552 
3.102203412 0.3011981838 

2.441151636 3.249422206 
2.371698104 3.425232841 

7.16294563 6.666528548 
6.948498689 6.601358902 

4.508385108 2.400410317 
4.792284718 2.414248243 

5.588242557 6.491426176 
5.740250957 6.522994979 

0.8036353333 7.181926913 
0.9710113507 7.463817186 

2.963465038 1.742574371 
2.825811404 1.562980844 

1.189282805 6.931996223 
1.246668198 6.21714902 

3.126742845 8.310687659 
3.071891352 8.057168455 

4.179150273 5.899656178 
4.197623502 6.251047511 

3.904381267 6.809293341 
4.197623502 6.251047511 

3.76169288 1.391204257 
3.916366839 1.589671921 

0.3141745255 8.140261217 
0.7182505581 8.322385931 

5.581587897 5.391732638 
5.436912993 5.70229924 

3.633399707 2.078923581 
3.53205667 2.210637435 

7.457672554 5.4864002 
6.927233942 5.666417257 

1.868651258 8.851999575 
1.596126392 9.062590625 

1.121750035 9.269777026 
1.596126392 9.062590625 

6.948498689 6.601358902 
6.553204378 6.900614132 

5.828993234 6.077422385 
6.111030298 5.972723998 

3.192544177 0.9033541552 
3.170139273 1.327850356 

3.57329498 1.766071882 
3.170139273 1.327850356 

6.275587425 5.64437554 
6.135968313 5.334489188 

0.4107645701 6.740701656 
1.003064185 6.768331322 

1.189282805 6.931996223 
1.003064185 6.768331322 

5.243623766 7.228320401 
5.729694591 7.032784877 

4.761274644 6.829614113 
4.909530431 6.883065159 

3.30029125 8.926951429 
3.233034825 8.578127863 

6.910012599 6.337332042 
6.732610911 6.516444109 

2.52393984 1.968491034 
2.353722659 1.72752455 

2.159172335 2.310377605 
2.129101813 2.107587371 

1.317380017 2.304069456 
1.64401838 2.291986194 

6.063177967 7.078800778 
6.238018283 6.92421727 

5.94570492 6.773124466 
6.238018283 6.92421727 

2.597055862 7.600860793 
2.320042588 7.376499132 

2.052874882 8.495320611 
2.036873346 8.834596153 

6.945063813 7.075862338 
6.798523677 6.811200235 

2.403422315 7.698363485 
2.443232474 8.044205238 

2.364135289 8.324490429 
2.443232474 8.044205238 

7.304739939 7.76549405 
6.915083986 7.806941263 

3.748651897 0.8674640184 
3.584080816 0.7905990678 

4.751105646 5.641600329 
4.843198992 5.840070005 

3.092923454 2.333709666 
3.516013202 2.621383834 

2.367721874 0.9069145763 
2.256967667 0.6569602861 

7.310549781 6.107928705 
7.190047426 6.293506507 

4.372854773 7.6479987 
4.299997961 7.28569294 

4.299997961 7.28569294 
4.571294645 7.270012397 

1.868651258 8.851999575 
2.036873346 8.834596153 

6.299810482 7.982876294 
5.553534101 7.973108258 

7.142329474 5.147302361 
7.086807224 5.3769749 

5.553534101 7.973108258 
5.583888765 7.691334482 

1.08841677 8.060019462 
1.307537449 7.744596111 

0.3141745255 8.140261217 
0.6385086011 7.982191936 

2.907128485 7.745065971 
2.443232474 8.044205238 

4.451104568 1.330015676 
3.916366839 1.589671921 

2.907128485 7.745065971 
2.709476251 7.976137947 

5.631069999 4.966244035 
5.511214901 4.77729267 

5.13764806 4.806466573 
5.511214901 4.77729267 

5.729694591 7.032784877 
5.49228508 7.019476498 

3.126742845 8.310687659 
3.233034825 8.578127863 

6.079386505 6.596119646 
6.057538726 6.312996858 

5.828993234 6.077422385 
6.057538726 6.312996858 

2.499059482 8.577701847 
2.602093851 8.907021276 

3.102203412 0.3011981838 
3.34409834 0.7030277272 

3.450800062 1.005652369 
3.34409834 0.7030277272 

3.720142161 3.006660304 
3.755468448 3.278213947 

2.526358919 3.829698179 
2.371698104 3.425232841 

2.129101813 2.107587371 
2.730624755 2.10039382 

4.179150273 5.899656178 
4.732228466 6.302375137 

5.045855128 6.580969723 
4.732228466 6.302375137 

1.845763268 6.305970419 
1.618910325 6.653385928 

1.845763268 6.305970419 
1.966013078 6.136146106 

6.199698396 7.359769605 
5.699130769 7.351930454 

2.138532656 7.753809163 
2.253648188 7.509932848 

2.438435723 7.02290394 
2.253648188 7.509932848 

3.233034825 8.578127863 
3.377511873 8.389406378 

2.730624755 2.10039382 
2.424224158 2.188444796 

2.129101813 2.107587371 
1.833581582 2.182512473 

3.937105147 2.561156746 
3.61820512 2.520139991 

3.53205667 2.210637435 
3.61820512 2.520139991 

2.1272025 7.418181874 
2.253648188 7.509932848 

2.85726737 6.654768156 
3.390633941 6.459913862 

7.56069737 6.492726173 
7.262126859 6.528949253 

6.814743708 7.366713822 
6.601452421 7.456826849 

1.665609246 7.863854269 
1.467880414 8.016079967 

7.16294563 6.666528548 
7.41441449 6.651081444 

3.762442626 1.812236636 
4.130115922 1.436732833 

6.057538726 6.312996858 
6.111030298 5.972723998 

1.467880414 8.016079967 
1.430745693 8.126734818 

0.9710113507 7.463817186 
0.4378083889 7.470156225 

2.48005221 6.001949876 
2.700219337 6.125535191 

2.739124499 6.295747208 
2.700219337 6.125535191 

2.751642406 8.246678322 
2.364135289 8.324490429 

2.857302033 2.446522943 
2.891820495 2.263549094 

2.934783784 2.048842351 
2.891820495 2.263549094 

1.189282805 6.931996223 
1.386325136 7.239907676 

2.371698104 3.425232841 
2.174888097 3.355211541 

2.320042588 7.376499132 
2.253648188 7.509932848 

0.9710113507 7.463817186 
1.146355756 7.154166053 

1.189282805 6.931996223 
1.146355756 7.154166053 

4.732228466 6.302375137 
4.664366108 6.481883985 

3.904381267 6.809293341 
3.835092621 7.154306506 

3.718719799 7.518944477 
3.835092621 7.154306506 

2.632099102 3.18063304 
2.441151636 3.249422206 

2.022294146 7.035361135 
1.930285812 6.877491704 

3.132926552 3.279872422 
3.221594731 3.521051481 

5.13764806 4.806466573 
4.919890519 4.948570934 

4.754528885 4.760345426 
4.919890519 4.948570934 

5.631069999 4.966244035 
5.88045388 4.751595156 

1.009440537 7.643749516 
0.9710113507 7.463817186 

2.358490523 1.34772498 
2.068829779 1.352219389 

2.762570691 8.844278764 
2.602093851 8.907021276 

5.588242557 6.491426176 
5.624140667 6.743553284 

0.7182505581 8.322385931 
0.6385086011 7.982191936 

4.299997961 7.28569294 
3.904381267 6.809293341 

6.660653757 8.250044891 
6.71532352 7.957955457 

1.64401838 2.291986194 
1.605043284 2.419864033 

2.751642406 8.246678322 
3.071891352 8.057168455 

1.926641094 1.507637978 
1.917134988 1.69617676 

5.624140667 6.743553284 
5.94570492 6.773124466 

2.963465038 1.742574371 
2.934783784 2.048842351 

4.451104568 1.330015676 
4.550179457 1.614745949 

3.584080816 0.7905990678 
3.513150574 0.4664569623 

4.761274644 6.829614113 
4.532840914 6.968544221 

0.8036353333 7.181926913 
1.146355756 7.154166053 

3.61820512 2.520139991 
3.516013202 2.621383834 

3.327577706 2.219500236 
3.222143483 2.108119871 

1.317380017 2.304069456 
1.605043284 2.419864033 

1.657410615 8.319986301 
1.698641277 8.161595946 

2.674376176 0.4460718678 
2.75980299 0.8316034362 

3.092923454 2.333709666 
2.891820495 2.263549094 

4.467546798 2.718208032 
4.380865368 2.861149735 

2.907128485 7.745065971 
3.33964943 7.975496667 

1.833581582 2.182512473 
1.64401838 2.291986194 

2.85726737 6.654768156 
2.876401172 6.818063524 

2.970464618 2.905173474 
3.009620791 2.73024523 

2.709476251 7.976137947 
2.751642406 8.246678322 

5.583888765 7.691334482 
5.258798636 7.714181389 

0.8036353333 7.181926913 
1.003064185 6.768331322 

4.519679392 3.350911163 
4.557134844 3.132251042 

4.346771124 3.098547309 
4.557134844 3.132251042 

2.62740632 9.484576712 
2.751287848 9.139338156 

2.762570691 8.844278764 
2.751287848 9.139338156 

6.798523677 6.811200235 
6.732610911 6.516444109 

3.718719799 7.518944477 
4.082132048 7.609112467 

4.372854773 7.6479987 
4.082132048 7.609112467 

3.57329498 1.766071882 
3.440123336 1.619832629 

1.926641094 1.507637978 
2.068829779 1.352219389 

3.450800062 1.005652369 
3.584080816 0.7905990678 

6.135968313 5.334489188 
6.301700479 5.441112151 

6.501934571 5.252665136 
6.301700479 5.441112151 

0.7405487869 8.83290076 
0.5454127427 8.625627845 

2.963465038 1.742574371 
3.034881659 1.554516281 

4.994237208 8.034271807 
5.439890092 7.661524368 

7.190047426 6.293506507 
7.262126859 6.528949253 

6.902533289 6.0053247 
6.927233942 5.666417257 

1.386325136 7.239907676 
0.9593160475 6.981471186 

3.377511873 8.389406378 
3.534901781 8.343878716 

2.403422315 7.698363485 
2.253648188 7.509932848 

5.899928135 5.55537301 
6.135968313 5.334489188 

1.430745693 8.126734818 
1.5116755 8.397894066 

1.632461256 8.579413006 
1.5116755 8.397894066 

2.751642406 8.246678322 
2.787210724 8.471736421 

5.243623766 7.228320401 
5.258798636 7.714181389 

6.732610911 6.516444109 
6.608189811 6.687671606 

6.553204378 6.900614132 
6.608189811 6.687671606 

5.436912993 5.70229924 
5.087364838 5.932812583 

2.730624755 2.10039382 
2.934783784 2.048842351 

0.6385086011 7.982191936 
0.7160983912 7.606295201 

6.660653757 8.250044891 
6.988058682 8.034398635 

0.6385086011 7.982191936 
0.8401724601 7.862274342 

1.009440537 7.643749516 
0.8401724601 7.862274342 

0.9593160475 6.981471186 
1.189282805 6.931996223 

4.550179457 1.614745949 
4.288088135 1.575777793 

4.130115922 1.436732833 
4.288088135 1.575777793 

4.150634338 1.927497838 
3.935197979 2.157998612 

1.605043284 2.419864033 
1.531530555 2.474235799 

3.287250766 3.901615284 
3.190743957 3.627130066 

2.977770594 3.385767547 
3.190743957 3.627130066 

5.18912319 6.426679916 
4.969231608 6.364933773 

4.732228466 6.302375137 
4.969231608 6.364933773 

4.751105646 5.641600329 
5.16112667 5.436741139 

1.667095883 6.387752401 
1.845763268 6.305970419 

3.034881659 1.554516281 
2.825811404 1.562980844 

2.910704607 7.193811036 
2.665209879 7.319473638 

2.739124499 6.295747208 
2.78623507 6.470074518 

1.003064185 6.768331322 
1.108529141 6.569139795 

1.618910325 6.653385928 
1.189282805 6.931996223 

3.170139273 1.327850356 
2.996693531 1.328457509 

3.034881659 1.554516281 
2.996693531 1.328457509 

1.246668198 6.21714902 
1.327490085 6.580926585 

0.7160983912 7.606295201 
0.5238772912 7.669607986 

7.41441449 6.651081444 
7.262126859 6.528949253 

4.519679392 3.350911163 
4.859370384 2.925510464 

5.051281228 2.549356217 
4.859370384 2.925510464 

2.334472904 6.412063499 
2.739124499 6.295747208 

6.303954315 4.782654416 
6.024142686 4.824786973 

5.88045388 4.751595156 
6.024142686 4.824786973 

3.192544177 0.9033541552 
3.34409834 0.7030277272 

1.962926207 0.7828889488 
1.872256769 1.060988356 

6.798523677 6.811200235 
6.608189811 6.687671606 

1.08841677 8.060019462 
0.7708604771 8.138406118 

2.639624123 2.658150517 
3.009620791 2.73024523 

5.49228508 7.019476498 
5.680455974 6.888481981 

5.624140667 6.743553284 
5.680455974 6.888481981 

4.553793511 1.823685072 
4.718515179 1.82341705 

4.923302253 1.690749742 
4.718515179 1.82341705 

1.511984206 8.904630825 
1.352841353 9.070800564 

4.909530431 6.883065159 
4.95673406 7.138004335 

2.602093851 8.907021276 
2.751287848 9.139338156 

4.919890519 4.948570934 
4.828685488 5.150838177 

6.609892751 5.685111732 
6.881789233 5.378776364 

4.828685488 5.150838177 
4.474419995 5.284679535 

1.254554584 8.758662841 
1.5116755 8.397894066 

6.927233942 5.666417257 
6.881789233 5.378776364 

4.079563985 0.9699632506 
4.118007674 0.8312230825 

2.825811404 1.562980844 
2.59443874 1.638383616 

2.353722659 1.72752455 
2.59443874 1.638383616 

3.718719799 7.518944477 
3.33964943 7.975496667 

3.718719799 7.518944477 
3.668718144 7.894640756 

2.934783784 2.048842351 
3.144475045 2.179477494 

4.994237208 8.034271807 
4.961360431 7.647197565 

4.809381613 7.433492554 
4.961360431 7.647197565 

4.571294645 7.270012397 
4.532840914 6.968544221 

2.52393984 1.968491034 
2.59443874 1.638383616 

3.755468448 3.278213947 
3.626811791 3.258867849 

1.591195523 7.492374258 
1.856042145 7.453104872 

2.027906088 8.042733222 
2.238198582 8.07519187 

2.443232474 8.044205238 
2.238198582 8.07519187 

3.347266469 7.008782674 
3.105024962 7.041942615 

2.910704607 7.193811036 
3.105024962 7.041942615 

1.890937418 7.687828559 
2.050916157 7.668810391 

3.083326538 6.100531536 
2.700219337 6.125535191 

5.080754261 2.127828515 
4.918820434 1.986281836 

4.732228466 6.302375137 
4.560466165 6.111270526 

2.189130949 9.194406995 
2.376493021 8.864432269 

2.499059482 8.577701847 
2.376493021 8.864432269 

1.641803309 7.023239526 
1.730259623 7.360765588 

4.130115922 1.436732833 
4.488549223 0.8327918465 

7.381267072 7.305117432 
7.194432456 7.080632256 

3.126742845 8.310687659 
2.787210724 8.471736421 

2.787210724 8.471736421 
3.016516479 8.643748709 

1.386325136 7.239907676 
1.730259623 7.360765588 

2.632099102 3.18063304 
2.638491916 3.471053378 

6.881789233 5.378776364 
7.086807224 5.3769749 

4.792284718 2.414248243 
4.585304867 2.594740993 

4.467546798 2.718208032 
4.585304867 2.594740993 

3.144475045 2.179477494 
3.222143483 2.108119871 

4.751105646 5.641600329 
4.852826108 5.420369628 

4.488549223 0.8327918465 
4.118007674 0.8312230825 

1.430745693 8.126734818 
1.698641277 8.161595946 

3.633399707 2.078923581 
3.420017846 2.084691212 

6.06341232 7.883344605 
6.068635022 8.170141946 

6.238018283 6.92421727 
6.220205912 6.732419214 

3.092923454 2.333709666 
3.144475045 2.179477494 

3.071891352 8.057168455 
3.33964943 7.975496667 

3.016516479 8.643748709 
3.090650472 8.716064505 

5.439890092 7.661524368 
5.583888765 7.691334482 

2.639624123 2.658150517 
2.733517042 2.854899606 

2.970464618 2.905173474 
2.733517042 2.854899606 

7.56069737 6.492726173 
7.619607899 6.717908842 

3.092923454 2.333709666 
3.07578068 2.498162764 

2.674376176 0.4460718678 
2.395096932 0.6903409805 

2.256967667 0.6569602861 
2.395096932 0.6903409805 

1.667095883 6.387752401 
1.712549454 6.170873788 

3.083326538 6.100531536 
3.092115746 6.323390812 

3.07578068 2.498162764 
2.857302033 2.446522943 

4.994237208 8.034271807 
5.144463675 7.901312698 

5.258798636 7.714181389 
5.144463675 7.901312698 

2.367721874 0.9069145763 
2.456339842 0.7163665926 

2.62740632 9.484576712 
2.536657941 9.131114028 

2.602093851 8.907021276 
2.536657941 9.131114028 

3.450800062 1.005652369 
3.266163213 1.118067386 

3.170139273 1.327850356 
3.266163213 1.118067386 

2.174888097 3.355211541 
2.097834377 3.493701321 

4.130115922 1.436732833 
4.007702746 1.443531596 

1.317380017 2.304069456 
1.531530555 2.474235799 

1.317380017 2.304069456 
1.559278236 2.065964891 

0.7708604771 8.138406118 
0.6385086011 7.982191936 

7.310549781 6.107928705 
7.408701864 6.159656293 

4.186196123 2.341287518 
4.467546798 2.718208032 

4.150634338 1.927497838 
4.270186153 2.127646849 

2.456339842 0.7163665926 
2.46169369 0.543843453 

0.9710113507 7.463817186 
1.254291862 7.442476333 

5.045855128 6.580969723 
4.909530431 6.883065159 

1.121750035 9.269777026 
1.380926995 8.676828935 

4.532840914 6.968544221 
4.36570457 6.641651482 

0.9593160475 6.981471186 
0.8036353333 7.181926913 

2.597055862 7.600860793 
2.782097825 7.570248394 

7.190047426 6.293506507 
7.408701864 6.159656293 

2.364135289 8.324490429 
2.141594729 8.370047023 

2.052874882 8.495320611 
2.141594729 8.370047023 

6.988058682 8.034398635 
6.915083986 7.806941263 

0.4107645701 6.740701656 
0.7162428593 6.623289382 

0.7708604771 8.138406118 
0.7182505581 8.322385931 

0.7182505581 8.322385931 
0.7359088171 8.529623739 

6.275587425 5.64437554 
6.609892751 5.685111732 

7.304739939 7.76549405 
7.204702775 7.546819699 

1.254554584 8.758662841 
1.380926995 8.676828935 

3.287250766 3.901615284 
3.535803209 3.852012073 

3.739157092 3.984978262 
3.535803209 3.852012073 

5.755046347 7.770184279 
5.846229023 7.572552495 

1.08841677 8.060019462 
0.8401724601 7.862274342 

1.254554584 8.758662841 
1.049691956 8.698651381 

2.138532656 7.753809163 
2.238198582 8.07519187 

4.299997961 7.28569294 
3.980664895 7.446858484 

3.718719799 7.518944477 
3.980664895 7.446858484 

2.52393984 1.968491034 
2.683371488 1.81125461 

2.138532656 7.753809163 
2.207075277 7.709977335 

2.403422315 7.698363485 
2.207075277 7.709977335 

3.192544177 0.9033541552 
3.266163213 1.118067386 

6.299810482 7.982876294 
6.468311602 8.210797919 

6.303954315 4.782654416 
6.159075861 5.056489623 

2.907128485 7.745065971 
3.005158286 7.919650875 

3.071891352 8.057168455 
3.005158286 7.919650875 

2.340227737 7.899764961 
2.207075277 7.709977335 

6.732610911 6.516444109 
6.58112015 6.449496085 

4.082132048 7.609112467 
3.980664895 7.446858484 

6.58112015 6.449496085 
6.608189811 6.687671606 

6.275587425 5.64437554 
6.036472313 5.860335514 

5.828993234 6.077422385 
6.036472313 5.860335514 

2.340227737 7.899764961 
2.403422315 7.698363485 

0.7761054631 6.386077772 
1.046470336 6.376054598 

2.424224158 2.188444796 
2.4771264 2.344741805 

5.359721024 6.683624515 
5.624140667 6.743553284 

2.782097825 7.570248394 
2.907128485 7.745065971 

2.709476251 7.976137947 
3.005158286 7.919650875 

4.197623502 6.251047511 
4.560466165 6.111270526 

6.798523677 6.811200235 
6.86686828 6.705342004 

6.948498689 6.601358902 
6.86686828 6.705342004 

4.197623502 6.251047511 
4.250623256 6.47787275 

4.36570457 6.641651482 
4.250623256 6.47787275 

5.729694591 7.032784877 
5.680455974 6.888481981 

5.94570492 6.773124466 
5.680455974 6.888481981 

7.408701864 6.159656293 
7.475429198 6.231565187 

7.086807224 5.3769749 
7.457672554 5.4864002 

2.441151636 3.249422206 
2.384076303 2.928894942 

3.34409834 0.7030277272 
3.584080816 0.7905990678 

4.852826108 5.420369628 
5.16112667 5.436741139 

4.994237208 8.034271807 
5.146405927 7.616274621 

4.186196123 2.341287518 
4.29429781 2.210330842 

4.270186153 2.127646849 
4.29429781 2.210330842 

2.320042588 7.376499132 
2.097262056 7.250215786 

5.51162551 6.019306411 
5.245065135 6.016945264 

5.087364838 5.932812583 
5.245065135 6.016945264 

7.086807224 5.3769749 
7.027789949 5.515061748 

6.927233942 5.666417257 
7.027789949 5.515061748 

3.99745689 3.088025368 
4.141229189 2.868339209 

6.553204378 6.900614132 
6.220205912 6.732419214 

7.262126859 6.528949253 
7.16294563 6.666528548 

6.057538726 6.312996858 
5.872531291 6.421981699 

5.740250957 6.522994979 
5.872531291 6.421981699 

6.111030298 5.972723998 
6.036472313 5.860335514 

1.966013078 6.136146106 
1.798237884 6.0278794 

2.340227737 7.899764961 
2.443232474 8.044205238 

1.307537449 7.744596111 
1.296939853 7.981518571 

4.451104568 1.330015676 
4.358849284 1.185097927 

5.13764806 4.806466573 
5.040652254 5.178655762 

5.910744264 6.535550135 
5.872531291 6.421981699 

1.833581582 2.182512473 
1.559278236 2.065964891 

0.9593160475 6.981471186 
0.6928675405 6.870374797 

6.910012599 6.337332042 
6.58112015 6.449496085 

0.5454127427 8.625627845 
0.6578670887 8.556236502 

0.7359088171 8.529623739 
0.6578670887 8.556236502 

1.752217804 9.305414075 
1.704604056 9.172016004 

1.596126392 9.062590625 
1.704604056 9.172016004 

3.668718144 7.894640756 
3.534901781 8.343878716 

1.591195523 7.492374258 
1.75912256 7.608695243 

1.890937418 7.687828559 
1.75912256 7.608695243 

1.978829002 3.348533794 
1.930444805 3.47135708 

1.327490085 6.580926585 
1.108529141 6.569139795 

1.5116755 8.397894066 
1.657410615 8.319986301 

2.420034186 6.247566878 
2.195403195 6.031870084 

4.852826108 5.420369628 
5.040652254 5.178655762 

3.335232749 0.5163354801 
3.390787769 0.3602237577 

1.664130176 1.388461232 
1.922044715 1.318864444 

2.068829779 1.352219389 
1.922044715 1.318864444 

2.052874882 8.495320611 
1.632461256 8.579413006 

1.08841677 8.060019462 
1.296939853 7.981518571 

1.845763268 6.305970419 
1.997515387 6.345277007 

1.926641094 1.507637978 
1.922044715 1.318864444 

5.729694591 7.032784877 
5.870574199 7.082091092 

1.833581582 2.182512473 
1.635595318 2.193335373 

4.110011054 0.5858874495 
4.095622791 0.7422947688 

4.118007674 0.8312230825 
4.095622791 0.7422947688 

3.287250766 3.901615284 
3.369880299 3.70716209 

3.221594731 3.521051481 
3.369880299 3.70716209 

5.553534101 7.973108258 
5.441629125 8.158920725 

0.7162428593 6.623289382 
0.7848255726 6.555338116 

2.963465038 1.742574371 
2.683371488 1.81125461 

7.177413277 5.916879516 
7.235499555 5.724404021 

2.097834377 3.493701321 
2.046737853 3.457449508 

1.978829002 3.348533794 
2.046737853 3.457449508 

2.977770594 3.385767547 
2.808425911 3.550190989 

5.18912319 6.426679916 
5.245065135 6.016945264 

3.34409834 0.7030277272 
3.335232749 0.5163354801 

6.553204378 6.900614132 
6.374186554 6.686485544 

6.393588056 6.458241534 
6.374186554 6.686485544 

3.516013202 2.621383834 
3.305294726 2.385667573 

3.327577706 2.219500236 
3.305294726 2.385667573 

3.30029125 8.926951429 
2.874602752 8.693379131 

2.499059482 8.577701847 
2.874602752 8.693379131 

3.57329498 1.766071882 
3.636387989 1.602388686 

5.182701525 8.068454971 
5.144463675 7.901312698 

2.050916157 7.668810391 
2.088010882 7.556342421 

1.93188365 2.895525075 
1.714323386 2.727092274 

2.825811404 1.562980844 
2.871858277 1.433616854 

6.553204378 6.900614132 
6.412833988 6.843400838 

6.238018283 6.92421727 
6.412833988 6.843400838 

3.937105147 2.561156746 
4.186196123 2.341287518 

3.937105147 2.561156746 
3.700028245 2.337526577 

3.633399707 2.078923581 
3.700028245 2.337526577 

2.367721874 0.9069145763 
2.395096932 0.6903409805 

3.221594731 3.521051481 
3.190743957 3.627130066 

2.46169369 0.543843453 
2.395096932 0.6903409805 

1.667095883 6.387752401 
1.327490085 6.580926585 

1.618910325 6.653385928 
1.825315325 6.735150611 

1.856042145 7.453104872 
1.730259623 7.360765588 

5.146405927 7.616274621 
4.961360431 7.647197565 

7.235499555 5.724404021 
7.303889201 5.622867131 

3.668718144 7.894640756 
3.739679863 8.230109111 

1.635595318 2.193335373 
1.64401838 2.291986194 

5.899928135 5.55537301 
5.718075794 5.631101629 

3.327577706 2.219500236 
3.420017846 2.084691212 

7.475429198 6.231565187 
7.531169223 6.216267949 

2.730624755 2.10039382 
2.721419602 2.264884591 

2.857302033 2.446522943 
2.721419602 2.264884591 

5.94570492 6.773124466 
5.737592097 6.650882889 

5.588242557 6.491426176 
5.737592097 6.650882889 

4.179150273 5.899656178 
4.811831929 5.977593224 

5.51162551 6.019306411 
4.811831929 5.977593224 

2.438435723 7.02290394 
2.402926385 7.222610323 

2.320042588 7.376499132 
2.402926385 7.222610323 

3.347266469 7.008782674 
3.367173455 7.226776311 

4.751105646 5.641600329 
4.811831929 5.977593224 

6.299810482 7.982876294 
6.209775563 8.00574424 

2.215206722 3.636812976 
2.004178495 3.45844823 

4.040599113 3.831974363 
4.261012275 3.589188938 

3.720142161 3.006660304 
3.626811791 3.258867849 

4.843198992 5.840070005 
4.811831929 5.977593224 

6.945063813 7.075862338 
7.064220494 6.941620044 

5.740250957 6.522994979 
5.737592097 6.650882889 

1.352841353 9.070800564 
1.365538915 9.173104126 

1.531530555 2.474235799 
1.506342248 2.607966763 

3.53205667 2.210637435 
3.700028245 2.337526577 

6.501934571 5.252665136 
6.741383575 5.132209285 

2.709476251 7.976137947 
2.527597554 7.941511849 

2.340227737 7.899764961 
2.527597554 7.941511849 

6.079386505 6.596119646 
5.982315193 6.595603258 

5.910744264 6.535550135 
5.982315193 6.595603258 

4.150634338 1.927497838 
3.971700053 1.85171683 

7.457672554 5.4864002 
7.356677674 5.58110573 

7.303889201 5.622867131 
7.356677674 5.58110573 

6.988058682 8.034398635 
7.078748045 7.881416912 

3.440123336 1.619832629 
3.293319154 1.440157577 

3.170139273 1.327850356 
3.293319154 1.440157577 

2.762570691 8.844278764 
2.874602752 8.693379131 

5.182701525 8.068454971 
5.26937538 8.135101798 

4.532840914 6.968544221 
4.299723166 6.972730554 

6.199698396 7.359769605 
6.398831251 7.288903448 

2.787210724 8.471736421 
2.874602752 8.693379131 

1.98523242 8.213836773 
2.141594729 8.370047023 

7.619607899 6.717908842 
7.620739431 6.847561351 

1.380926995 8.676828935 
1.5116755 8.397894066 

3.410186043 1.846152308 
3.420017846 2.084691212 

1.98523242 8.213836773 
1.912190415 8.440409863 

2.782097825 7.570248394 
2.779131084 7.45452818 

5.699130769 7.351930454 
5.684422751 7.570781839 

5.583888765 7.691334482 
5.684422751 7.570781839 

4.36570457 6.641651482 
4.132776133 6.747079957 

2.75980299 0.8316034362 
2.790676688 0.9736059621 

1.380926995 8.676828935 
1.315034925 8.427844503 

0.7160983912 7.606295201 
0.4378083889 7.470156225 

2.189130949 9.194406995 
2.396770494 9.32718646 

2.62740632 9.484576712 
2.396770494 9.32718646 

2.358490523 1.34772498 
2.63275135 1.575923974 

2.963465038 1.742574371 
2.63275135 1.575923974 

6.220205912 6.732419214 
6.374186554 6.686485544 

5.045855128 6.580969723 
5.124185425 6.721097297 

5.359721024 6.683624515 
5.124185425 6.721097297 

5.258798636 7.714181389 
5.146405927 7.616274621 

2.256967667 0.6569602861 
2.078912757 0.7158862883 

1.930285812 6.877491704 
1.825315325 6.735150611 

0.5238772912 7.669607986 
0.5191118767 7.56521759 

0.4378083889 7.470156225 
0.5191118767 7.56521759 

2.045540002 5.919985503 
2.292120658 5.8968772 

1.640602242 3.280794991 
1.865994255 3.405723109 

2.004178495 3.45844823 
1.865994255 3.405723109 

3.367173455 7.226776311 
3.436992281 7.31991457 

3.219768162 2.906022424 
3.341401728 2.665716801 

3.516013202 2.621383834 
3.341401728 2.665716801 

3.534901781 8.343878716 
3.739679863 8.230109111 

3.092115746 6.323390812 
3.121504516 6.41100473 

2.384076303 2.928894942 
2.576955231 2.901374936 

2.733517042 2.854899606 
2.576955231 2.901374936 

4.809381613 7.433492554 
4.71943402 7.299101149 

1.641803309 7.023239526 
1.738838271 7.233295051 

1.856042145 7.453104872 
1.738838271 7.233295051 

4.843198992 5.840070005 
5.010650028 5.688074106 

5.16112667 5.436741139 
5.010650028 5.688074106 

2.891820495 2.263549094 
2.721419602 2.264884591 

1.307537449 7.744596111 
0.8314606678 7.995519541 

2.438435723 7.02290394 
2.290612922 7.109847964 

1.386325136 7.239907676 
1.146355756 7.154166053 

4.557134844 3.132251042 
4.661446252 3.07477905 

2.790676688 0.9736059621 
2.856216439 0.8799779339 

2.987356518 0.7837586768 
2.856216439 0.8799779339 

3.390787769 0.3602237577 
3.270084951 0.3511820102 

0.9593160475 6.981471186 
1.003064185 6.768331322 

1.917134988 1.69617676 
1.734187527 1.803205812 

1.546292781 1.763142064 
1.734187527 1.803205812 

6.881789233 5.378776364 
7.027789949 5.515061748 

3.937105147 2.561156746 
3.763146247 2.776121126 

3.720142161 3.006660304 
3.763146247 2.776121126 

5.737592097 6.650882889 
5.624140667 6.743553284 

1.665609246 7.863854269 
1.890886012 7.89753107 

4.179150273 5.899656178 
4.474543103 5.767344557 

4.751105646 5.641600329 
4.474543103 5.767344557 

0.595871573 7.318329585 
0.7103820807 7.278864852 

0.8036353333 7.181926913 
0.7103820807 7.278864852 

1.664130176 1.388461232 
1.79937593 1.409884431 

1.926641094 1.507637978 
1.79937593 1.409884431 

1.730259623 7.360765588 
1.738838271 7.233295051 

3.189820318 1.880630139 
3.128103475 2.044258425 

3.144475045 2.179477494 
3.128103475 2.044258425 

4.299723166 6.972730554 
4.132776133 6.747079957 

1.046470336 6.376054598 
1.138643521 6.295602412 

3.07578068 2.498162764 
3.341401728 2.665716801 

1.08841677 8.060019462 
0.8314606678 7.995519541 

6.468311602 8.210797919 
6.287138278 8.113083968 

1.752217804 9.305414075 
1.488022235 9.281999202 

2.808425911 3.550190989 
2.732771562 3.614543473 

5.439890092 7.661524368 
5.258798636 7.714181389 

5.511214901 4.77729267 
5.625096928 4.628178659 

7.56069737 6.492726173 
7.475429198 6.231565187 

7.194432456 7.080632256 
6.945063813 7.075862338 

2.751287848 9.139338156 
2.651233394 9.144621764 

6.609892751 5.685111732 
6.927233942 5.666417257 

2.85726737 6.654768156 
2.68352165 6.594272615 

2.639624123 2.658150517 
2.576955231 2.901374936 

7.41441449 6.651081444 
7.56069737 6.492726173 

2.088010882 7.556342421 
2.253648188 7.509932848 

2.129101813 2.107587371 
1.9016794 1.987416888 

6.732610911 6.516444109 
6.86686828 6.705342004 

5.16112667 5.436741139 
5.040652254 5.178655762 

7.194432456 7.080632256 
7.081942499 7.188284598 

5.94570492 6.773124466 
5.982315193 6.595603258 

5.441629125 8.158920725 
5.355096045 8.145068481 

5.26937538 8.135101798 
5.355096045 8.145068481 

7.381267072 7.305117432 
7.244266961 7.452008454 

1.930444805 3.47135708 
2.004178495 3.45844823 

2.303437151 2.427917511 
2.485261995 2.551642691 

2.639624123 2.658150517 
2.485261995 2.551642691 

3.741134266 8.559738508 
3.613993508 8.497954447 

2.499059482 8.577701847 
2.644645542 8.729177852 

2.762570691 8.844278764 
2.644645542 8.729177852 

4.358849284 1.185097927 
4.351690228 1.04485026 

5.94570492 6.773124466 
5.765153339 6.868906828 

3.121504516 6.41100473 
3.19881155 6.428217119 

6.71532352 7.957955457 
6.872865225 7.980292066 

6.988058682 8.034398635 
6.872865225 7.980292066 

1.488022235 9.281999202 
1.365538915 9.173104126 

3.287250766 3.901615284 
3.46518442 3.584421667 

6.910012599 6.337332042 
6.948498689 6.601358902 

4.186196123 2.341287518 
4.558036192 2.053612996 

4.923302253 1.690749742 
4.558036192 2.053612996 

4.553793511 1.823685072 
4.660576632 1.695330479 

4.550179457 1.614745949 
4.660576632 1.695330479 

6.698127138 6.116705202 
6.614183012 6.287457044 

6.58112015 6.449496085 
6.614183012 6.287457044 

3.516013202 2.621383834 
3.717780099 2.622499831 

3.440123336 1.619832629 
3.636387989 1.602388686 

3.009620791 2.73024523 
3.068907 2.65259088 

3.07578068 2.498162764 
3.068907 2.65259088 

2.683371488 1.81125461 
2.63275135 1.575923974 

1.868651258 8.851999575 
2.058747956 9.072688034 

2.189130949 9.194406995 
2.058747956 9.072688034 

2.290612922 7.109847964 
2.402926385 7.222610323 

1.385141314 2.693087706 
1.548683299 2.695102915 

1.714323386 2.727092274 
1.548683299 2.695102915 

3.222143483 2.108119871 
3.28851686 2.115656931 

3.420017846 2.084691212 
3.28851686 2.115656931 

6.393588056 6.458241534 
6.58112015 6.449496085 

2.52393984 1.968491034 
2.15000393 1.699435885 

3.390633941 6.459913862 
3.254976945 6.439575519 

3.19881155 6.428217119 
3.254976945 6.439575519 

6.698127138 6.116705202 
6.984178023 5.889545178 

5.765153339 6.868906828 
5.680455974 6.888481981 

3.835092621 7.154306506 
3.980664895 7.446858484 

6.393588056 6.458241534 
6.173714684 6.550679125 

6.079386505 6.596119646 
6.173714684 6.550679125 

6.336267082 6.145121316 
6.393588056 6.458241534 

1.664130176 1.388461232 
1.872242759 1.50104619 

2.15000393 1.699435885 
1.872242759 1.50104619 

6.287138278 8.113083968 
6.189785406 8.108140318 

3.128103475 2.044258425 
3.222143483 2.108119871 

3.30029125 8.926951429 
3.170926118 8.626034233 

3.126742845 8.310687659 
3.170926118 8.626034233 

4.560466165 6.111270526 
4.811831929 5.977593224 

3.46518442 3.584421667 
3.369880299 3.70716209 

2.215206722 3.636812976 
2.371698104 3.425232841 

6.336267082 6.145121316 
6.241231633 6.064432832 

6.111030298 5.972723998 
6.241231633 6.064432832 

1.930444805 3.47135708 
1.865994255 3.405723109 

6.068635022 8.170141946 
6.143111421 8.074361172 

6.209775563 8.00574424 
6.143111421 8.074361172 

3.513150574 0.4664569623 
3.390787769 0.3602237577 

3.513150574 0.4664569623 
3.442908549 0.5833368816 

3.34409834 0.7030277272 
3.442908549 0.5833368816 

6.468311602 8.210797919 
6.55279501 8.237119841 

5.436912993 5.70229924 
5.245065135 6.016945264 

2.499059482 8.577701847 
2.310217673 8.532906351 

2.052874882 8.495320611 
2.310217673 8.532906351 

3.189820318 1.880630139 
3.034881659 1.554516281 

6.301700479 5.441112151 
6.275587425 5.64437554 

5.872531291 6.421981699 
5.689520354 6.233947723 

7.457672554 5.4864002 
7.22294209 5.654808042 

6.984178023 5.889545178 
7.22294209 5.654808042 

6.06341232 7.883344605 
6.209775563 8.00574424 

2.876401172 6.818063524 
2.935191175 7.009210062 

3.717780099 2.622499831 
3.61820512 2.520139991 

6.299810482 7.982876294 
6.287138278 8.113083968 

4.560466165 6.111270526 
4.603090167 6.306025097 

4.664366108 6.481883985 
4.603090167 6.306025097 

6.374186554 6.686485544 
6.412833988 6.843400838 

0.7160983912 7.606295201 
0.5338531343 7.901931936 

3.717780099 2.622499831 
3.763146247 2.776121126 

4.082132048 7.609112467 
4.198756425 7.430719212 

4.299997961 7.28569294 
4.198756425 7.430719212 

0.5338531343 7.901931936 
0.6385086011 7.982191936 

5.899928135 5.55537301 
5.942449751 5.71634427 

6.036472313 5.860335514 
5.942449751 5.71634427 

1.632461256 8.579413006 
1.380926995 8.676828935 

1.856042145 7.453104872 
2.088010882 7.556342421 

1.546292781 1.763142064 
1.743841807 1.900957043 

1.9016794 1.987416888 
1.743841807 1.900957043 

3.410186043 1.846152308 
3.57329498 1.766071882 

7.194432456 7.080632256 
7.336836964 7.01966623 

7.546575333 6.984820392 
7.336836964 7.01966623 

5.16112667 5.436741139 
5.292692537 5.544352949 

6.06341232 7.883344605 
6.143111421 8.074361172 

1.386325136 7.239907676 
1.283403353 7.352299564 

1.254291862 7.442476333 
1.283403353 7.352299564 

3.935197979 2.157998612 
3.700028245 2.337526577 

2.376493021 8.864432269 
2.602093851 8.907021276 

1.488022235 9.281999202 
1.363404684 9.262447282 

3.349874367 7.542755789 
3.56033468 7.503929935 

3.718719799 7.518944477 
3.56033468 7.503929935 

2.358490523 1.34772498 
2.15000393 1.699435885 

4.372854773 7.6479987 
4.198756425 7.430719212 

4.792284718 2.414248243 
4.868975153 2.477506265 

5.051281228 2.549356217 
4.868975153 2.477506265 

2.358490523 1.34772498 
2.278932166 1.495849824 

1.926641094 1.507637978 
1.872242759 1.50104619 

3.270084951 0.3511820102 
3.252851158 0.2320535631 

4.660576632 1.695330479 
4.718515179 1.82341705 

5.689520354 6.233947723 
5.791467549 6.194223198 

5.828993234 6.077422385 
5.791467549 6.194223198 

6.159075861 5.056489623 
6.024142686 4.824786973 

6.159075861 5.056489623 
6.118149014 5.186431049 

6.135968313 5.334489188 
6.118149014 5.186431049 

3.244705468 6.291680013 
3.170278173 6.211434799 

3.935197979 2.157998612 
3.894842573 2.026643711 

3.971700053 1.85171683 
3.894842573 2.026643711 

1.872256769 1.060988356 
1.757648436 1.180687182 

3.090650472 8.716064505 
3.170926118 8.626034233 

2.751287848 9.139338156 
3.014593079 9.094465203 

6.06341232 7.883344605 
6.190794691 7.583321116 

1.640602242 3.280794991 
1.774804624 3.069047916 

1.93188365 2.895525075 
1.774804624 3.069047916 

2.934783784 2.048842351 
3.128103475 2.044258425 

2.303437151 2.427917511 
2.357208684 2.372625864 

2.4771264 2.344741805 
2.357208684 2.372625864 

4.603090167 6.306025097 
4.732228466 6.302375137 

2.709476251 7.976137947 
2.564803545 7.834657355 

2.403422315 7.698363485 
2.564803545 7.834657355 

5.040652254 5.178655762 
4.828685488 5.150838177 

2.334472904 6.412063499 
2.288647637 6.281091619 

3.28851686 2.115656931 
3.327577706 2.219500236 

2.934783784 2.048842351 
3.012185226 2.230901625 

3.092923454 2.333709666 
3.012185226 2.230901625 

6.945063813 7.075862338 
7.02137085 7.08394662 

7.081942499 7.188284598 
7.02137085 7.08394662 

4.852826108 5.420369628 
4.756606101 5.367544003 

2.036873346 8.834596153 
2.058747956 9.072688034 

7.531169223 6.216267949 
7.57608251 6.247664726 

1.296939853 7.981518571 
1.445113959 7.912199735 

1.467880414 8.016079967 
1.445113959 7.912199735 

1.488278191 5.902156876 
1.646208984 6.060181431 

1.712549454 6.170873788 
1.646208984 6.060181431 

5.51162551 6.019306411 
5.348721101 6.193613509 

4.451104568 1.330015676 
4.288088135 1.575777793 

1.978829002 3.348533794 
1.865994255 3.405723109 

3.219768162 2.906022424 
3.068907 2.65259088 

2.456339842 0.7163665926 
2.395096932 0.6903409805 

6.501934571 5.252665136 
6.485701126 4.986685111 

1.698641277 8.161595946 
1.856554998 8.193722566 

1.98523242 8.213836773 
1.856554998 8.193722566 

6.902533289 6.0053247 
6.984178023 5.889545178 

5.245065135 6.016945264 
5.348721101 6.193613509 

3.613993508 8.497954447 
3.567624851 8.427018397 

3.534901781 8.343878716 
3.567624851 8.427018397 

2.367721874 0.9069145763 
2.356659472 1.185478595 

2.358490523 1.34772498 
2.356659472 1.185478595 

3.014593079 9.094465203 
3.16401442 8.979278142 

3.748651897 0.8674640184 
3.930848544 0.7694023413 

1.108529141 6.569139795 
1.046470336 6.376054598 

5.348721101 6.193613509 
5.176064332 6.233526557 

2.46169369 0.543843453 
2.556444277 0.5179476528 

2.156936535 6.689640874 
2.018687724 6.792854198 

1.930285812 6.877491704 
2.018687724 6.792854198 

3.369880299 3.70716209 
3.535803209 3.852012073 

6.220205912 6.732419214 
6.173714684 6.550679125 

2.424224158 2.188444796 
2.431401715 2.057685556 

2.52393984 1.968491034 
2.431401715 2.057685556 

2.420034186 6.247566878 
2.328263339 6.249435332 

2.288647637 6.281091619 
2.328263339 6.249435332 

3.633399707 2.078923581 
3.894842573 2.026643711 

6.063177967 7.078800778 
5.967979584 7.126018694 

5.870574199 7.082091092 
5.967979584 7.126018694 

6.336267082 6.145121316 
6.42519727 6.013372926 

3.335232749 0.5163354801 
3.442908549 0.5833368816 

2.290612922 7.109847964 
2.18746973 7.150623802 

2.097262056 7.250215786 
2.18746973 7.150623802 

2.443232474 8.044205238 
2.527597554 7.941511849 

2.499059482 8.577701847 
2.636451124 8.475877963 

5.436912993 5.70229924 
5.718075794 5.631101629 

1.641803309 7.023239526 
1.682484714 7.459105962 

1.665609246 7.863854269 
1.682484714 7.459105962 

6.23636025 5.859916154 
6.036472313 5.860335514 

1.315034925 8.427844503 
1.38639376 8.277482466 

1.430745693 8.126734818 
1.38639376 8.277482466 

1.665609246 7.863854269 
1.75912256 7.608695243 

6.910012599 6.337332042 
6.614183012 6.287457044 

1.121750035 9.269777026 
1.279066964 9.23244534 

1.365538915 9.173104126 
1.279066964 9.23244534 

0.7405487869 8.83290076 
0.9146739788 8.742417448 

1.049691956 8.698651381 
0.9146739788 8.742417448 

1.559278236 2.065964891 
1.635595318 2.193335373 

6.698127138 6.116705202 
6.546624702 6.110135303 

1.757648436 1.180687182 
1.922044715 1.318864444 

2.732771562 3.614543473 
2.651061853 3.67110874 

7.064220494 6.941620044 
7.02137085 7.08394662 

3.349874367 7.542755789 
3.13278529 7.64749974 

2.907128485 7.745065971 
3.13278529 7.64749974 

1.912190415 8.440409863 
2.001473734 8.405721167 

2.052874882 8.495320611 
2.001473734 8.405721167 

3.105024962 7.041942615 
2.935191175 7.009210062 

4.756606101 5.367544003 
4.687912018 5.336559785 

3.440123336 1.619832629 
3.431224815 1.724242477 

3.410186043 1.846152308 
3.431224815 1.724242477 

5.010650028 5.688074106 
5.204943775 5.685408368 

5.243623766 7.228320401 
5.196705954 7.433814715 

5.146405927 7.616274621 
5.196705954 7.433814715 

6.275587425 5.64437554 
6.065546283 5.637213611 

5.051281228 2.549356217 
5.104296789 2.336300269 

5.080754261 2.127828515 
5.104296789 2.336300269 

1.591195523 7.492374258 
1.682484714 7.459105962 

3.034881659 1.554516281 
2.871858277 1.433616854 

4.751105646 5.641600329 
4.924154818 5.409644542 

3.739157092 3.984978262 
3.90202535 3.853789567 

4.040599113 3.831974363 
3.90202535 3.853789567 

5.94570492 6.773124466 
5.967979584 7.126018694 

3.762442626 1.812236636 
3.836089182 1.70501938 

3.916366839 1.589671921 
3.836089182 1.70501938 

1.618910325 6.653385928 
1.599260339 6.889272899 

1.641803309 7.023239526 
1.599260339 6.889272899 

1.296939853 7.981518571 
1.467880414 8.016079967 

1.856042145 7.453104872 
1.682484714 7.459105962 

3.33964943 7.975496667 
3.13278529 7.64749974 

1.856042145 7.453104872 
1.948212958 7.579249797 

2.050916157 7.668810391 
1.948212958 7.579249797 

4.687912018 5.336559785 
4.631539629 5.318868507 

1.254291862 7.442476333 
1.307537449 7.744596111 

1.798237884 6.0278794 
1.683381661 5.995773672 

1.488278191 5.902156876 
1.683381661 5.995773672 

4.924154818 5.409644542 
4.852826108 5.420369628 

6.057538726 6.312996858 
6.173714684 6.550679125 

2.15000393 1.699435885 
2.353722659 1.72752455 

6.608189811 6.687671606 
6.374186554 6.686485544 

1.009440537 7.643749516 
1.042101222 7.849811472 

1.08841677 8.060019462 
1.042101222 7.849811472 

2.536657941 9.131114028 
2.593691897 9.191279794 

2.651233394 9.144621764 
2.593691897 9.191279794 

5.729694591 7.032784877 
5.765153339 6.868906828 

2.78623507 6.470074518 
2.751394435 6.540427525 

6.910012599 6.337332042 
6.898795619 6.133529141 

6.902533289 6.0053247 
6.898795619 6.133529141 

5.087364838 5.932812583 
4.811831929 5.977593224 

6.915083986 7.806941263 
6.872865225 7.980292066 

1.890886012 7.89753107 
1.975458818 7.974709876 

2.027906088 8.042733222 
1.975458818 7.974709876 

2.603295454 5.868537843 
2.496666881 5.938108716 

2.48005221 6.001949876 
2.496666881 5.938108716 

2.891820495 2.263549094 
3.012185226 2.230901625 

3.835092621 7.154306506 
4.073082518 7.200544163 

4.299997961 7.28569294 
4.073082518 7.200544163 

1.948212958 7.579249797 
1.890937418 7.687828559 

2.636451124 8.475877963 
2.751642406 8.246678322 

0.8314606678 7.995519541 
0.8401724601 7.862274342 

4.451104568 1.330015676 
4.289265247 1.38320669 

4.130115922 1.436732833 
4.289265247 1.38320669 

5.910744264 6.535550135 
5.841293147 6.494523378 

5.740250957 6.522994979 
5.841293147 6.494523378 

3.99745689 3.088025368 
4.17196662 3.074973751 

4.346771124 3.098547309 
4.17196662 3.074973751 

2.156936535 6.689640874 
1.972362117 6.729032554 

1.825315325 6.735150611 
1.972362117 6.729032554 

1.730259623 7.360765588 
1.682484714 7.459105962 

1.591195523 7.492374258 
1.641432829 7.371202804 

1.730259623 7.360765588 
1.641432829 7.371202804 

2.215206722 3.636812976 
2.097834377 3.493701321 

2.526358919 3.829698179 
2.423991633 3.67624992 

2.088010882 7.556342421 
1.948212958 7.579249797 

6.398831251 7.288903448 
6.509992456 7.369956237 

6.601452421 7.456826849 
6.509992456 7.369956237 

1.546292781 1.763142064 
1.664130176 1.388461232 

1.559278236 2.065964891 
1.588721951 1.9121878 

5.631069999 4.966244035 
5.66323839 4.834063672 

3.144475045 2.179477494 
3.012185226 2.230901625 

6.303954315 4.782654416 
6.36022118 4.877729482 

7.177413277 5.916879516 
6.984178023 5.889545178 

6.741383575 5.132209285 
6.93363646 5.155322751 

5.791467549 6.194223198 
5.872531291 6.421981699 

7.381267072 7.305117432 
7.437652327 6.900787228 

7.56069737 6.492726173 
7.437652327 6.900787228 

0.7160983912 7.606295201 
0.5191118767 7.56521759 

6.057538726 6.312996858 
6.241231633 6.064432832 

2.665209879 7.319473638 
2.726052887 7.38639831 

2.779131084 7.45452818 
2.726052887 7.38639831 

2.683371488 1.81125461 
2.752522202 1.641068763 

2.825811404 1.562980844 
2.752522202 1.641068763 

4.923302253 1.690749742 
4.793276215 1.744355089 

4.660576632 1.695330479 
4.793276215 1.744355089 

1.121750035 9.269777026 
1.25904922 9.32472413 

1.363404684 9.262447282 
1.25904922 9.32472413 

3.633399707 2.078923581 
3.935197979 2.157998612 

2.639624123 2.658150517 
2.538376369 2.794874151 

2.384076303 2.928894942 
2.538376369 2.794874151 

2.963465038 1.742574371 
2.752522202 1.641068763 

3.347266469 7.008782674 
3.375066798 6.733453321 

7.691533307 6.125912286 
7.604488033 6.181871051 

7.57608251 6.247664726 
7.604488033 6.181871051 

7.41441449 6.651081444 
7.619607899 6.717908842 

3.741134266 8.559738508 
3.570528517 8.297219806 

3.33964943 7.975496667 
3.570528517 8.297219806 

1.734187527 1.803205812 
1.743841807 1.900957043 

4.664366108 6.481883985 
4.827825902 6.409721557 

4.969231608 6.364933773 
4.827825902 6.409721557 

2.017744835 2.573702147 
2.078605366 2.439388566 

2.159172335 2.310377605 
2.078605366 2.439388566 

5.872531291 6.421981699 
5.841293147 6.494523378 

2.367721874 0.9069145763 
2.570006526 0.9366908256 

4.95673406 7.138004335 
5.086011594 7.26380553 

5.243623766 7.228320401 
5.086011594 7.26380553 

3.57329498 1.766071882 
3.431224815 1.724242477 

7.177413277 5.916879516 
7.070032721 5.759671367 

6.927233942 5.666417257 
7.070032721 5.759671367 

6.881789233 5.378776364 
7.019563102 5.276495654 

1.757648436 1.180687182 
1.721226486 1.284067043 

1.664130176 1.388461232 
1.721226486 1.284067043 

5.581587897 5.391732638 
5.65439047 5.54060249 

5.718075794 5.631101629 
5.65439047 5.54060249 

1.121750035 9.269777026 
1.19169713 9.007098421 

1.254554584 8.758662841 
1.19169713 9.007098421 

6.057538726 6.312996858 
6.04783855 6.485132277 

5.982315193 6.595603258 
6.04783855 6.485132277 

4.474419995 5.284679535 
4.572543562 5.306746376 

4.631539629 5.318868507 
4.572543562 5.306746376 

2.364135289 8.324490429 
2.310217673 8.532906351 

1.962926207 0.7828889488 
2.025726458 0.7639890588 

2.078912757 0.7158862883 
2.025726458 0.7639890588 

5.588242557 6.491426176 
5.478895242 6.553614733 

5.359721024 6.683624515 
5.478895242 6.553614733 

4.372854773 7.6479987 
4.680956405 7.826544963 

4.994237208 8.034271807 
4.680956405 7.826544963 

1.75912256 7.608695243 
1.948212958 7.579249797 

2.597055862 7.600860793 
2.734478835 7.684604732 

2.907128485 7.745065971 
2.734478835 7.684604732 

1.833581582 2.182512473 
1.9016794 1.987416888 

2.910704607 7.193811036 
2.712687749 7.131552376 

4.918820434 1.986281836 
4.718515179 1.82341705 

2.174888097 3.355211541 
1.978829002 3.348533794 

0.3141745255 8.140261217 
0.4449508059 8.031534863 

0.5338531343 7.901931936 
0.4449508059 8.031534863 

2.334472904 6.412063499 
2.328263339 6.249435332 

4.918820434 1.986281836 
4.922917128 1.859341282 

4.923302253 1.690749742 
4.922917128 1.859341282 

2.334472904 6.412063499 
2.146990535 6.378258475 

1.997515387 6.345277007 
2.146990535 6.378258475 

4.961360431 7.647197565 
5.144463675 7.901312698 

6.220205912 6.732419214 
6.276513644 6.601133491 

6.393588056 6.458241534 
6.276513644 6.601133491 

4.380865368 2.861149735 
4.267412666 2.82087518 

4.141229189 2.868339209 
4.267412666 2.82087518 

6.04783855 6.485132277 
6.079386505 6.596119646 

7.019563102 5.276495654 
7.086807224 5.3769749 

3.189820318 1.880630139 
3.325908085 1.965816536 

3.420017846 2.084691212 
3.325908085 1.965816536 

6.23636025 5.859916154 
6.170323784 5.87562673 

6.111030298 5.972723998 
6.170323784 5.87562673 

3.570528517 8.297219806 
3.534901781 8.343878716 

2.207075277 7.709977335 
2.253648188 7.509932848 

2.141594729 8.370047023 
2.213651385 8.192999366 

2.238198582 8.07519187 
2.213651385 8.192999366 

5.292692537 5.544352949 
5.204943775 5.685408368 

2.556444277 0.5179476528 
2.580320548 0.4354238836 

3.07578068 2.498162764 
3.141424202 2.664257152 

6.065546283 5.637213611 
5.942449751 5.71634427 

2.189130949 9.194406995 
1.982448303 9.224986318 

2.712687749 7.131552376 
2.615964749 7.063491826 

7.437652327 6.900787228 
7.336836964 7.01966623 

2.215206722 3.636812976 
2.318171441 3.654219793 

2.423991633 3.67624992 
2.318171441 3.654219793 

4.351690228 1.04485026 
4.371136859 0.9648546511 

3.668718144 7.894640756 
3.507778218 7.970572114 

3.33964943 7.975496667 
3.507778218 7.970572114 

6.068635022 8.170141946 
6.129098156 8.141642627 

6.189785406 8.108140318 
6.129098156 8.141642627 

7.546575333 6.984820392 
7.45653502 6.800591768 

7.41441449 6.651081444 
7.45653502 6.800591768 

2.050916157 7.668810391 
2.207075277 7.709977335 

2.651061853 3.67110874 
2.609373734 3.729498372 

0.7708604771 8.138406118 
0.5593066605 8.147080619 

6.190794691 7.583321116 
6.185101599 7.483580091 

6.199698396 7.359769605 
6.185101599 7.483580091 

2.278932166 1.495849824 
2.35988315 1.591074107 

2.353722659 1.72752455 
2.35988315 1.591074107 

1.657410615 8.319986301 
1.647925802 8.439881535 

1.632461256 8.579413006 
1.647925802 8.439881535 

5.588242557 6.491426176 
5.689520354 6.233947723 

5.588242557 6.491426176 
5.721741906 6.426975475 

5.872531291 6.421981699 
5.721741906 6.426975475 

3.436992281 7.31991457 
3.394923621 7.431110837 

3.349874367 7.542755789 
3.394923621 7.431110837 

1.546292781 1.763142064 
1.691191647 1.968320422 

1.833581582 2.182512473 
1.691191647 1.968320422 

5.292692537 5.544352949 
5.382467813 5.601955936 

5.436912993 5.70229924 
5.382467813 5.601955936 

3.971700053 1.85171683 
3.836089182 1.70501938 

2.987356518 0.7837586768 
3.118490257 0.8228672144 

3.192544177 0.9033541552 
3.118490257 0.8228672144 

6.910012599 6.337332042 
7.04051321 6.300802195 

7.190047426 6.293506507 
7.04051321 6.300802195 

2.526358919 3.829698179 
2.571282223 3.767387588 

2.609373734 3.729498372 
2.571282223 3.767387588 

3.937105147 2.561156746 
3.814495294 2.58841354 

3.717780099 2.622499831 
3.814495294 2.58841354 

1.641803309 7.023239526 
1.785570744 6.93642317 

1.930285812 6.877491704 
1.785570744 6.93642317 

3.748651897 0.8674640184 
3.629186049 0.9476337203 

3.450800062 1.005652369 
3.629186049 0.9476337203 

0.3141745255 8.140261217 
0.4446789819 8.144810766 

0.5593066605 8.147080619 
0.4446789819 8.144810766 

3.502665369 3.226180291 
3.491094568 3.436534849 

3.46518442 3.584421667 
3.491094568 3.436534849 

2.438435723 7.02290394 
2.581907697 7.16814928 

2.665209879 7.319473638 
2.581907697 7.16814928 

4.560466165 6.111270526 
4.451000444 6.095292444 

4.362478141 6.084013065 
4.451000444 6.095292444 

2.970464618 2.905173474 
3.049341499 3.090953494 

3.132926552 3.279872422 
3.049341499 3.090953494 

3.30029125 8.926951429 
3.187435144 8.826723832 

3.090650472 8.716064505 
3.187435144 8.826723832 

0.9710113507 7.463817186 
1.16170572 7.593655744 

1.307537449 7.744596111 
1.16170572 7.593655744 

2.156936535 6.689640874 
2.223053867 6.548813473 

2.334472904 6.412063499 
2.223053867 6.548813473 

2.639624123 2.658150517 
2.679365579 2.914606962 

2.364135289 8.324490429 
2.213651385 8.192999366 

2.996693531 1.328457509 
2.969718958 1.386819112 

2.871858277 1.433616854 
2.969718958 1.386819112 

4.508385108 2.400410317 
4.585304867 2.594740993 

2.615964749 7.063491826 
2.549066 7.051018528 

2.438435723 7.02290394 
2.549066 7.051018528 

1.009440537 7.643749516 
1.16170572 7.593655744 

1.315034925 8.427844503 
1.419696251 8.407587243 

1.5116755 8.397894066 
1.419696251 8.407587243 

3.219768162 2.906022424 
3.049341499 3.090953494 

3.141424202 2.664257152 
3.187026407 2.748785052 

7.142329474 5.147302361 
7.029066946 5.148027705 

6.93363646 5.155322751 
7.029066946 5.148027705 

0.9710113507 7.463817186 
0.8488487223 7.518123608 

0.7160983912 7.606295201 
0.8488487223 7.518123608 

3.305294726 2.385667573 
3.341401728 2.665716801 

5.740250957 6.522994979 
5.721741906 6.426975475 

4.793276215 1.744355089 
4.718515179 1.82341705 

2.045540002 5.919985503 
2.152817823 5.965549735 

2.195403195 6.031870084 
2.152817823 5.965549735 

7.546575333 6.984820392 
7.437652327 6.900787228 

1.917134988 1.69617676 
2.032938181 1.727683445 

2.15000393 1.699435885 
2.032938181 1.727683445 

3.971700053 1.85171683 
3.856590293 1.846094338 

3.762442626 1.812236636 
3.856590293 1.846094338 

2.189130949 9.194406995 
2.13862305 9.013665102 

2.036873346 8.834596153 
2.13862305 9.013665102 

2.334472904 6.412063499 
2.420034186 6.247566878 

1.640602242 3.280794991 
1.792072967 3.369267923 

1.930444805 3.47135708 
1.792072967 3.369267923 

2.679365579 2.914606962 
2.733517042 2.854899606 

6.948498689 6.601358902 
7.117911773 6.587930137 

7.262126859 6.528949253 
7.117911773 6.587930137 

4.571294645 7.270012397 
4.645477943 7.294781623 

4.71943402 7.299101149 
4.645477943 7.294781623 

6.42519727 6.013372926 
6.52957084 6.04075774 

6.546624702 6.110135303 
6.52957084 6.04075774 

2.022294146 7.035361135 
2.18746973 7.150623802 

1.246668198 6.21714902 
1.164798267 6.385193171 

1.108529141 6.569139795 
1.164798267 6.385193171 

0.7848255726 6.555338116 
0.7976451207 6.48143954 

2.022294146 7.035361135 
2.038353507 7.138264481 

2.097262056 7.250215786 
2.038353507 7.138264481 

2.876401172 6.818063524 
3.016653005 6.921351242 

3.105024962 7.041942615 
3.016653005 6.921351242 

5.625096928 4.628178659 
5.77968133 4.689676158 

5.88045388 4.751595156 
5.77968133 4.689676158 

4.197623502 6.251047511 
4.362478141 6.084013065 

4.371136859 0.9648546511 
4.407777879 0.9102176999 

1.665609246 7.863854269 
1.445113959 7.912199735 

0.3141745255 8.140261217 
0.5672364852 8.075494816 

0.8314606678 7.995519541 
0.5672364852 8.075494816 

2.141594729 8.370047023 
2.001473734 8.405721167 

6.079386505 6.596119646 
6.158381674 6.659732277 

6.220205912 6.732419214 
6.158381674 6.659732277 

2.485261995 2.551642691 
2.4771264 2.344741805 

2.636451124 8.475877963 
2.708637738 8.472567438 

2.787210724 8.471736421 
2.708637738 8.472567438 

1.246668198 6.21714902 
1.143773507 6.171583699 

2.443232474 8.044205238 
2.579070408 8.023631953 

2.709476251 7.976137947 
2.579070408 8.023631953 

4.661446252 3.07477905 
4.380865368 2.861149735 

4.859370384 2.925510464 
4.754828116 2.96745915 

2.564803545 7.834657355 
2.597055862 7.600860793 

5.899928135 5.55537301 
5.984247625 5.58804849 

6.065546283 5.637213611 
5.984247625 5.58804849 

1.386325136 7.239907676 
1.478458242 7.36187694 

1.591195523 7.492374258 
1.478458242 7.36187694 

4.969231608 6.364933773 
5.176064332 6.233526557 

2.75980299 0.8316034362 
2.856216439 0.8799779339 

7.457672554 5.4864002 
7.51510889 6.004352065 

7.56069737 6.492726173 
7.51510889 6.004352065 

2.1272025 7.418181874 
2.092369246 7.505045619 

2.088010882 7.556342421 
2.092369246 7.505045619 

5.942449751 5.71634427 
5.984247625 5.58804849 

4.553793511 1.823685072 
4.355609995 1.87551757 

4.150634338 1.927497838 
4.355609995 1.87551757 

5.18912319 6.426679916 
5.192849216 6.315421559 

5.176064332 6.233526557 
5.192849216 6.315421559 

4.110011054 0.5858874495 
4.012860046 0.6818715867 

3.930848544 0.7694023413 
4.012860046 0.6818715867 

1.546292781 1.763142064 
1.561983652 1.835688644 

1.588721951 1.9121878 
1.561983652 1.835688644 

1.868651258 8.851999575 
1.75905031 8.691498168 

1.632461256 8.579413006 
1.75905031 8.691498168 

1.327490085 6.580926585 
1.45443922 6.646290332 

5.699130769 7.351930454 
5.758144346 7.477019825 

5.846229023 7.572552495 
5.758144346 7.477019825 

2.13862305 9.013665102 
2.376493021 8.864432269 

6.553204378 6.900614132 
6.675874322 6.837810171 

6.798523677 6.811200235 
6.675874322 6.837810171 

4.754828116 2.96745915 
4.681646425 2.972545561 

2.058747956 9.072688034 
2.13862305 9.013665102 

1.618910325 6.653385928 
1.64409359 6.529750262 

1.667095883 6.387752401 
1.64409359 6.529750262 

6.485701126 4.986685111 
6.4362612 4.913895089 

6.36022118 4.877729482 
6.4362612 4.913895089 

5.040652254 5.178655762 
4.977911149 5.300180237 

4.924154818 5.409644542 
4.977911149 5.300180237 

5.684422751 7.570781839 
5.758144346 7.477019825 

0.4107645701 6.740701656 
0.5516297672 6.804365608 

0.6928675405 6.870374797 
0.5516297672 6.804365608 

7.078748045 7.881416912 
6.915083986 7.806941263 

7.078748045 7.881416912 
7.193351429 7.825131344 

7.304739939 7.76549405 
7.193351429 7.825131344 

1.246668198 6.21714902 
1.396057277 6.07493373 

5.18912319 6.426679916 
5.168244933 6.560979601 

1.25904922 9.32472413 
1.279066964 9.23244534 

1.856042145 7.453104872 
1.888874475 7.567637916 

1.890937418 7.687828559 
1.888874475 7.567637916 

2.424224158 2.188444796 
2.357208684 2.372625864 

4.994237208 8.034271807 
5.08884659 8.081285416 

1.948212958 7.579249797 
1.888874475 7.567637916 

2.438435723 7.02290394 
2.672268616 6.91861748 

2.876401172 6.818063524 
2.672268616 6.91861748 

6.276513644 6.601133491 
6.173714684 6.550679125 

2.364135289 8.324490429 
2.435407279 8.459518814 

2.499059482 8.577701847 
2.435407279 8.459518814 

3.219768162 2.906022424 
2.970464618 2.905173474 

3.219768162 2.906022424 
3.20724724 2.821002965 

3.187026407 2.748785052 
3.20724724 2.821002965 

5.699130769 7.351930454 
5.559203997 7.515038511 

5.439890092 7.661524368 
5.559203997 7.515038511 

1.646208984 6.060181431 
1.683381661 5.995773672 

3.252851158 0.2320535631 
3.317706882 0.3086564911 

3.390787769 0.3602237577 
3.317706882 0.3086564911 

2.424224158 2.188444796 
2.278085388 2.14561328 

2.129101813 2.107587371 
2.278085388 2.14561328 

2.320042588 7.376499132 
2.1272025 7.418181874 

4.843198992 5.840070005 
4.964258821 5.865845433 

5.087364838 5.932812583 
4.964258821 5.865845433 

1.138643521 6.295602412 
1.130031353 6.250606335 

1.635595318 2.193335373 
1.505408461 2.256200518 

4.488549223 0.8327918465 
4.446295566 0.8744103612 

4.407777879 0.9102176999 
4.446295566 0.8744103612 

0.7761054631 6.386077772 
0.7869425388 6.433429312 

0.7976451207 6.48143954 
0.7869425388 6.433429312 

2.977770594 3.385767547 
3.221594731 3.521051481 

4.362478141 6.084013065 
4.291230177 5.989959522 

1.130031353 6.250606335 
1.136941775 6.227677768 

3.410186043 1.846152308 
3.325908085 1.965816536 

5.625096928 4.628178659 
5.648188704 4.736378578 

5.66323839 4.834063672 
5.648188704 4.736378578 

3.390633941 6.459913862 
3.307099087 6.382749579 

3.244705468 6.291680013 
3.307099087 6.382749579 

7.019563102 5.276495654 
7.029066946 5.148027705 

1.009440537 7.643749516 
0.8488487223 7.518123608 

2.292120658 5.8968772 
2.414543966 5.877612973 

0.7708604771 8.138406118 
0.8314606678 7.995519541 

1.665609246 7.863854269 
1.557324517 7.989506379 

1.430745693 8.126734818 
1.557324517 7.989506379 

6.55279501 8.237119841 
6.607517411 8.22093167 

6.660653757 8.250044891 
6.607517411 8.22093167 

4.732228466 6.302375137 
4.827825902 6.409721557 

1.317380017 2.304069456 
1.427558599 2.284723183 

1.505408461 2.256200518 
1.427558599 2.284723183 

5.765153339 6.868906828 
5.623010895 6.925464349 

5.49228508 7.019476498 
5.623010895 6.925464349 

1.45443922 6.646290332 
1.599260339 6.889272899 

4.299997961 7.28569294 
4.311624314 7.158280234 

2.910704607 7.193811036 
2.922667513 7.09531127 

2.935191175 7.009210062 
2.922667513 7.09531127 

3.141424202 2.664257152 
3.068907 2.65259088 

1.45443922 6.646290332 
1.537088484 6.650523105 

1.618910325 6.653385928 
1.537088484 6.650523105 

6.04783855 6.485132277 
6.173714684 6.550679125 

5.124185425 6.721097297 
5.147595725 6.6429966 

5.168244933 6.560979601 
5.147595725 6.6429966 

4.761274644 6.829614113 
4.710364347 6.645548774 

4.664366108 6.481883985 
4.710364347 6.645548774 

6.158381674 6.659732277 
6.276513644 6.601133491 

2.987356518 0.7837586768 
2.829634305 0.6111289678 

1.865994255 3.405723109 
1.792072967 3.369267923 

1.488278191 5.902156876 
1.475308528 6.003273442 

1.396057277 6.07493373 
1.475308528 6.003273442 

6.23636025 5.859916154 
6.253074622 5.748802665 

6.275587425 5.64437554 
6.253074622 5.748802665 

5.182701525 8.068454971 
5.135054332 8.084810722 

5.08884659 8.081285416 
5.135054332 8.084810722 

7.620739431 6.847561351 
7.574260229 6.907612809 

7.546575333 6.984820392 
7.574260229 6.907612809 

3.083326538 6.100531536 
3.126802356 6.155983167 

3.170278173 6.211434799 
3.126802356 6.155983167 

1.966013078 6.136146106 
2.045540002 5.919985503 

2.603295454 5.868537843 
2.482908786 5.864525889 

2.414543966 5.877612973 
2.482908786 5.864525889 

7.204702775 7.546819699 
7.198878175 7.495539012 

7.244266961 7.452008454 
7.198878175 7.495539012 

4.299723166 6.972730554 
4.291773149 7.08802887 

4.311624314 7.158280234 
4.291773149 7.08802887 

5.045855128 6.580969723 
5.168244933 6.560979601 

4.007702746 1.443531596 
3.956873881 1.510780214 

3.916366839 1.589671921 
3.956873881 1.510780214 

6.276513644 6.601133491 
6.374186554 6.686485544 

5.910744264 6.535550135 
5.967466803 6.499228296 

6.04783855 6.485132277 
5.967466803 6.499228296 

2.632099102 3.18063304 
2.65144772 3.048733558 

2.679365579 2.914606962 
2.65144772 3.048733558 

2.431401715 2.057685556 
2.278085388 2.14561328 

2.050916157 7.668810391 
2.090673375 7.71319017 

2.138532656 7.753809163 
2.090673375 7.71319017 

7.56069737 6.492726173 
7.57608251 6.247664726 

5.436912993 5.70229924 
5.328386897 5.70312747 

5.204943775 5.685408368 
5.328386897 5.70312747 

2.752522202 1.641068763 
2.63275135 1.575923974 

2.027906088 8.042733222 
2.19139062 7.96773413 

2.340227737 7.899764961 
2.19139062 7.96773413 

3.584080816 0.7905990678 
3.629186049 0.9476337203 

4.969231608 6.364933773 
5.012157431 6.48130926 

5.045855128 6.580969723 
5.012157431 6.48130926 

2.829634305 0.6111289678 
2.751892487 0.5265291198 

2.674376176 0.4460718678 
2.751892487 0.5265291198 

0.595871573 7.318329585 
0.519313269 7.38949476 

0.4378083889 7.470156225 
0.519313269 7.38949476 

4.179150273 5.899656178 
4.241504498 5.942041126 

4.291230177 5.989959522 
4.241504498 5.942041126 

3.034881659 1.554516281 
2.969718958 1.386819112 

2.35988315 1.591074107 
2.59443874 1.638383616 

6.71532352 7.957955457 
6.811811275 7.879832355 

6.915083986 7.806941263 
6.811811275 7.879832355 

6.872865225 7.980292066 
6.811811275 7.879832355 

3.219768162 2.906022424 
3.109737053 2.837167513 

3.009620791 2.73024523 
3.109737053 2.837167513 

4.661446252 3.07477905 
4.672182155 3.017102002 

4.681646425 2.972545561 
4.672182155 3.017102002 

3.53205667 2.210637435 
3.420017846 2.084691212 

7.177413277 5.916879516 
7.035518839 5.957028931 

6.902533289 6.0053247 
7.035518839 5.957028931 

5.581587897 5.391732638 
5.429728879 5.464096511 

5.292692537 5.544352949 
5.429728879 5.464096511 

4.299723166 6.972730554 
4.444773492 7.140244392 

3.53205667 2.210637435 
3.433074845 2.222861694 

3.327577706 2.219500236 
3.433074845 2.222861694 

4.346771124 3.098547309 
4.360164867 2.965694166 

4.380865368 2.861149735 
4.360164867 2.965694166 

3.741134266 8.559738508 
3.437173827 8.437195606 

3.126742845 8.310687659 
3.437173827 8.437195606 

5.846229023 7.572552495 
6.185101599 7.483580091 

5.846229023 7.572552495 
5.764346216 7.571888642 

5.684422751 7.570781839 
5.764346216 7.571888642 

1.385141314 2.693087706 
1.445741781 2.650527234 

1.506342248 2.607966763 
1.445741781 2.650527234 

2.68352165 6.594272615 
2.717458043 6.56735007 

2.751394435 6.540427525 
2.717458043 6.56735007 

6.036472313 5.860335514 
6.170323784 5.87562673 

1.752217804 9.305414075 
1.863584985 9.260362794 

1.982448303 9.224986318 
1.863584985 9.260362794 

2.63275135 1.575923974 
2.59443874 1.638383616 

1.352841353 9.070800564 
1.19169713 9.007098421 

7.081942499 7.188284598 
7.08176418 7.061825547 

7.064220494 6.941620044 
7.08176418 7.061825547 

4.519679392 3.350911163 
4.392915657 3.467425308 

4.261012275 3.589188938 
4.392915657 3.467425308 

2.891820495 2.263549094 
2.810620516 2.182590658 

2.730624755 2.10039382 
2.810620516 2.182590658 

6.898795619 6.133529141 
7.04051321 6.300802195 

6.898795619 6.133529141 
6.798157164 6.125309745 

6.698127138 6.116705202 
6.798157164 6.125309745 

6.984178023 5.889545178 
7.035518839 5.957028931 

7.142329474 5.147302361 
7.080946288 5.211899008 

7.019563102 5.276495654 
7.080946288 5.211899008 

2.62740632 9.484576712 
2.610549109 9.337928253 

2.593691897 9.191279794 
2.610549109 9.337928253 

4.474543103 5.767344557 
4.241504498 5.942041126 

3.13278529 7.64749974 
3.005158286 7.919650875 

3.102203412 0.3011981838 
3.173567552 0.2432367967 

3.252851158 0.2320535631 
3.173567552 0.2432367967 

5.51162551 6.019306411 
5.436912993 5.70229924 

4.488549223 0.8327918465 
4.293504364 0.8944378781 

2.638491916 3.471053378 
2.651061853 3.67110874 

3.76169288 1.391204257 
4.007702746 1.443531596 

4.079563985 0.9699632506 
4.18585241 0.9324835731 

4.293504364 0.8944378781 
4.18585241 0.9324835731 

3.76169288 1.391204257 
3.699905545 1.498294236 

3.636387989 1.602388686 
3.699905545 1.498294236 

7.56069737 6.492726173 
7.626115339 6.309319229 

7.626115339 6.309319229 
7.658824323 6.217615757 

7.691533307 6.125912286 
7.658824323 6.217615757 

3.109737053 2.837167513 
2.970464618 2.905173474 

2.672268616 6.91861748 
2.615964749 7.063491826 

3.375066798 6.733453321 
3.38285037 6.596683592 

3.390633941 6.459913862 
3.38285037 6.596683592 

3.513150574 0.4664569623 
3.424324495 0.4909304397 

3.335232749 0.5163354801 
3.424324495 0.4909304397 

3.626811791 3.258867849 
3.567111846 3.257155505 

2.580320548 0.4354238836 
2.627073628 0.4395167865 

2.674376176 0.4460718678 
2.627073628 0.4395167865 

6.948498689 6.601358902 
6.851648335 6.559724892 

6.732610911 6.516444109 
6.851648335 6.559724892 

7.381267072 7.305117432 
7.463921202 7.144968912 

7.546575333 6.984820392 
7.463921202 7.144968912 

4.827825902 6.409721557 
5.012157431 6.48130926 

1.143773507 6.171583699 
1.140357641 6.199630734 

1.136941775 6.227677768 
1.140357641 6.199630734 

5.967466803 6.499228296 
5.872531291 6.421981699 

3.502665369 3.226180291 
3.534888607 3.241667898 

3.567111846 3.257155505 
3.534888607 3.241667898 

3.741134266 8.559738508 
3.766751808 8.406430784 

2.934783784 2.048842351 
2.810620516 2.182590658 

6.609892751 5.685111732 
6.525976567 5.834695736 

6.42519727 6.013372926 
6.525976567 5.834695736 

3.766751808 8.406430784 
3.753215836 8.318269947 

3.739679863 8.230109111 
3.753215836 8.318269947 

1.922044715 1.318864444 
1.79937593 1.409884431 

2.526358919 3.829698179 
2.582425418 3.650375778 

2.638491916 3.471053378 
2.582425418 3.650375778 

3.377511873 8.389406378 
3.437173827 8.437195606 

1.75912256 7.608695243 
1.810246324 7.522981851 

1.856042145 7.453104872 
1.810246324 7.522981851 

5.010650028 5.688074106 
4.964258821 5.865845433 

1.93188365 2.895525075 
1.969824966 2.72939068 

2.017744835 2.573702147 
1.969824966 2.72939068 

4.288088135 1.575777793 
4.289265247 1.38320669 

4.571294645 7.270012397 
4.508034068 7.205128394 

4.444773492 7.140244392 
4.508034068 7.205128394 

1.445113959 7.912199735 
1.557324517 7.989506379 

5.243623766 7.228320401 
5.367954423 7.12389845 

5.49228508 7.019476498 
5.367954423 7.12389845 

2.790676688 0.9736059621 
2.680341607 0.9551483938 

2.570006526 0.9366908256 
2.680341607 0.9551483938 

2.334472904 6.412063499 
2.150242991 6.274104802 

1.966013078 6.136146106 
2.150242991 6.274104802 

3.904381267 6.809293341 
4.0185787 6.778186649 

4.132776133 6.747079957 
4.0185787 6.778186649 

3.30029125 8.926951429 
3.232152835 8.953114786 

3.16401442 8.979278142 
3.232152835 8.953114786 

