3.192544177 0.9033541552 
2.962975775 1.740795258 

2.962975775 1.740795258 
3.573174444 1.765071626 

3.735854628 7.528379467 
2.913736753 7.743166874 

4.467546798 2.718208032 
4.519679392 3.350911163 

2.029647178 8.041844869 
2.133566708 7.769279734 

5.042054597 6.572511351 
4.765542591 6.826368196 

2.762570691 8.844278764 
3.30029125 8.926951429 

2.029647178 8.041844869 
1.98523242 8.213836773 

4.754528885 4.760345426 
4.471534652 4.504793822 

2.962975775 1.740795258 
3.189418997 1.879437581 

6.392277138 6.459396904 
6.698127138 6.116705202 

5.929734142 6.768717129 
6.079310668 6.595257441 

2.866530096 2.455563916 
3.091812266 2.3346868 

6.90249678 6.003477563 
6.698127138 6.116705202 

0.8048225216 7.180922632 
0.4107645701 6.740701656 

1.641803309 7.023239526 
1.384531835 7.239855779 

3.748801498 0.8709351715 
3.764071402 1.402161313 

7.56069737 6.492726173 
6.945063813 7.075862338 

6.392277138 6.459396904 
6.733643316 6.516588607 

3.722593196 3.020703035 
3.996523091 3.086450187 

1.440036754 8.124195818 
1.308519823 7.746810811 

1.665609246 7.863854269 
1.891737195 7.686794518 

6.501934571 5.252665136 
6.611612085 5.685185873 

4.467546798 2.718208032 
5.051281228 2.549356217 

6.063093877 7.076051108 
5.929734142 6.768717129 

7.56069737 6.492726173 
6.910012599 6.337332042 

6.698127138 6.116705202 
6.910012599 6.337332042 

3.327209567 2.217998493 
3.091812266 2.3346868 

3.763454109 1.811531533 
3.573174444 1.765071626 

4.194777029 4.146324099 
4.040599113 3.831974363 

7.381267072 7.305117432 
6.814743708 7.366713822 

5.51162551 6.019306411 
5.829653323 6.079660244 

4.471534652 4.504793822 
4.340947333 4.341108605 

4.194777029 4.146324099 
4.340947333 4.341108605 

2.63989243 2.657884612 
2.866530096 2.455563916 

2.412008099 7.694666487 
2.592824882 7.597943161 

6.90249678 6.003477563 
7.310549781 6.107928705 

5.243623766 7.228320401 
4.809381613 7.433492554 

6.063093877 7.076051108 
5.69915932 7.353672539 

1.93188365 2.895525075 
2.441099284 3.253312435 

2.522301505 1.967156375 
2.730314041 2.101261216 

4.647742062 6.478641077 
4.366997818 6.640595589 

1.632461256 8.579413006 
1.511984206 8.904630825 

2.747012056 8.248983832 
2.913736753 7.743166874 

2.730314041 2.101261216 
2.159172335 2.310377605 

2.159172335 2.310377605 
2.303938197 2.428736953 

5.69915932 7.353672539 
5.730170463 7.031767613 

0.7141096881 7.605443309 
1.009440537 7.643749516 

1.308519823 7.746810811 
1.009440537 7.643749516 

6.814743708 7.366713822 
6.945063813 7.075862338 

4.186196123 2.341287518 
4.508385108 2.400410317 

1.641803309 7.023239526 
1.188156109 6.932491527 

2.093018411 7.263111898 
2.128327811 7.415924849 

1.547289925 1.763388961 
2.159172335 2.310377605 

6.551178827 6.899642561 
7.16294563 6.666528548 

1.188156109 6.932491527 
0.8048225216 7.180922632 

6.814743708 7.366713822 
6.917820796 7.806752162 

5.042054597 6.572511351 
5.183702559 6.42842286 

5.584608768 7.691040144 
5.755046347 7.770184279 

6.06341232 7.883344605 
5.755046347 7.770184279 

7.16294563 6.666528548 
6.945063813 7.075862338 

3.131793258 3.280231353 
2.971025301 3.376552902 

2.50016091 8.602392732 
2.747012056 8.248983832 

1.665609246 7.863854269 
1.08841677 8.060019462 

2.128327811 7.415924849 
1.857581624 7.454574223 

3.631529944 2.079158818 
3.763454109 1.811531533 

2.507572411 3.843317281 
2.441099284 3.253312435 

6.611612085 5.685185873 
6.90249678 6.003477563 

3.189418997 1.879437581 
3.409283936 1.848403673 

2.747012056 8.248983832 
3.126742845 8.310687659 

5.69915932 7.353672539 
6.06341232 7.883344605 

3.083326538 6.100531536 
2.739124499 6.295747208 

1.254554584 8.758662841 
1.511984206 8.904630825 

1.440036754 8.124195818 
1.656175991 8.317646352 

4.647742062 6.478641077 
5.183702559 6.42842286 

3.192544177 0.9033541552 
3.450800062 1.005652369 

4.467546798 2.718208032 
4.508385108 2.400410317 

4.923302253 1.690749742 
4.14966861 1.927294406 

3.631529944 2.079158818 
4.14966861 1.927294406 

6.299810482 7.982876294 
6.199698396 7.359769605 

6.063093877 7.076051108 
6.199698396 7.359769605 

3.192544177 0.9033541552 
3.102203412 0.3011981838 

2.441099284 3.253312435 
2.372062474 3.428068206 

7.16294563 6.666528548 
6.948235767 6.600993911 

4.508385108 2.400410317 
4.792284718 2.414248243 

5.588818696 6.492310601 
5.740654465 6.523595857 

0.8048225216 7.180922632 
0.9674931698 7.463820162 

2.962975775 1.740795258 
2.82696903 1.563350389 

1.188156109 6.932491527 
1.246035125 6.216006595 

3.126742845 8.310687659 
3.071891352 8.057168455 

4.179150273 5.899656178 
4.197623502 6.251047511 

3.906807697 6.812445266 
4.197623502 6.251047511 

3.764071402 1.402161313 
3.915603229 1.589445285 

0.3151328401 8.141160921 
0.7182505581 8.322385931 

5.577434888 5.37451742 
5.439448507 5.699642615 

3.631529944 2.079158818 
3.534130183 2.197210625 

7.454305209 5.48766661 
6.921076846 5.672627515 

1.874058941 8.83922746 
1.597903166 9.060945239 

1.122511195 9.27028286 
1.597903166 9.060945239 

6.948235767 6.600993911 
6.551178827 6.899642561 

5.829653323 6.079660244 
6.110150517 5.975068014 

3.192544177 0.9033541552 
3.170139273 1.327850356 

3.573174444 1.765071626 
3.170139273 1.327850356 

6.274313449 5.644497566 
6.135968313 5.334489188 

0.4107645701 6.740701656 
1.003054801 6.769808616 

1.188156109 6.932491527 
1.003054801 6.769808616 

5.243623766 7.228320401 
5.730170463 7.031767613 

4.765542591 6.826368196 
4.913967752 6.870653835 

3.30029125 8.926951429 
3.233034825 8.578127863 

6.910012599 6.337332042 
6.733643316 6.516588607 

2.522301505 1.967156375 
2.333154929 1.73122921 

2.159172335 2.310377605 
2.129101813 2.107587371 

1.318570237 2.304966045 
1.64401838 2.291986194 

6.063093877 7.076051108 
6.236783397 6.927273445 

5.929734142 6.768717129 
6.236783397 6.927273445 

2.592824882 7.597943161 
2.31657587 7.353122595 

2.052628115 8.497405528 
2.031010529 8.835950985 

6.945063813 7.075862338 
6.798523677 6.811200235 

2.412008099 7.694666487 
2.441452926 8.042275508 

2.366436257 8.303572942 
2.441452926 8.042275508 

7.318035744 7.767480128 
6.917820796 7.806752162 

3.748801498 0.8709351715 
3.584080816 0.7905990678 

4.751105646 5.641600329 
4.843198992 5.840070005 

3.091812266 2.3346868 
3.516013202 2.621383834 

2.367721874 0.9069145763 
2.256967667 0.6569602861 

7.310549781 6.107928705 
7.190047426 6.293506507 

4.372470362 7.646118393 
4.301755599 7.295477175 

4.301755599 7.295477175 
4.569719594 7.270400007 

1.874058941 8.83922746 
2.031010529 8.835950985 

6.299810482 7.982876294 
5.553534101 7.973108258 

7.155537105 5.166135087 
7.087536586 5.376161847 

5.553534101 7.973108258 
5.584608768 7.691040144 

1.08841677 8.060019462 
1.308519823 7.746810811 

0.3151328401 8.141160921 
0.6385086011 7.982191936 

2.913736753 7.743166874 
2.441452926 8.042275508 

4.451104568 1.330015676 
3.915603229 1.589445285 

5.631069999 4.966244035 
5.511214901 4.77729267 

5.13764806 4.806466573 
5.511214901 4.77729267 

5.730170463 7.031767613 
5.49228508 7.019476498 

3.126742845 8.310687659 
3.233034825 8.578127863 

6.079310668 6.595257441 
6.040315059 6.324023803 

5.829653323 6.079660244 
6.040315059 6.324023803 

2.50016091 8.602392732 
2.60147774 8.905800358 

3.102203412 0.3011981838 
3.34409834 0.7030277272 

3.450800062 1.005652369 
3.34409834 0.7030277272 

3.722593196 3.020703035 
3.755325475 3.277044444 

2.507572411 3.843317281 
2.372062474 3.428068206 

2.129101813 2.107587371 
2.730314041 2.101261216 

4.179150273 5.899656178 
4.734982694 6.306342169 

5.042054597 6.572511351 
4.734982694 6.306342169 

1.845763268 6.305970419 
1.618910325 6.653385928 

1.845763268 6.305970419 
1.966013078 6.136146106 

6.199698396 7.359769605 
5.69915932 7.353672539 

2.133566708 7.769279734 
2.254907345 7.50738091 

2.441306773 6.999792111 
2.254907345 7.50738091 

3.233034825 8.578127863 
3.377511873 8.389406378 

2.730314041 2.101261216 
2.424224158 2.188444796 

2.129101813 2.107587371 
1.833581582 2.182512473 

3.935968728 2.562637153 
3.617768236 2.517903374 

3.534130183 2.197210625 
3.617768236 2.517903374 

2.128327811 7.415924849 
2.254907345 7.50738091 

2.857919226 6.655833494 
3.390633941 6.459913862 

7.56069737 6.492726173 
7.262126859 6.528949253 

6.814743708 7.366713822 
6.601452421 7.456826849 

1.665609246 7.863854269 
1.46790073 8.016665764 

7.16294563 6.666528548 
7.41441449 6.651081444 

3.763454109 1.811531533 
4.130115922 1.436732833 

6.040315059 6.324023803 
6.110150517 5.975068014 

1.46790073 8.016665764 
1.440036754 8.124195818 

0.9674931698 7.463820162 
0.4271762845 7.468987621 

2.48005221 6.001949876 
2.700219337 6.125535191 

2.739124499 6.295747208 
2.700219337 6.125535191 

2.747012056 8.248983832 
2.366436257 8.303572942 

2.866530096 2.455563916 
2.890645703 2.264836325 

2.934783784 2.048842351 
2.890645703 2.264836325 

1.188156109 6.932491527 
1.384531835 7.239855779 

2.372062474 3.428068206 
2.172358714 3.354843226 

2.31657587 7.353122595 
2.254907345 7.50738091 

0.9674931698 7.463820162 
1.146355756 7.154166053 

1.188156109 6.932491527 
1.146355756 7.154166053 

4.734982694 6.306342169 
4.647742062 6.478641077 

3.906807697 6.812445266 
3.834908429 7.156777383 

3.735854628 7.528379467 
3.834908429 7.156777383 

2.632540938 3.181775852 
2.441099284 3.253312435 

2.022294146 7.035361135 
1.930285812 6.877491704 

3.131793258 3.280231353 
3.219929427 3.519963338 

5.13764806 4.806466573 
4.919890519 4.948570934 

4.754528885 4.760345426 
4.919890519 4.948570934 

5.631069999 4.966244035 
5.88045388 4.751595156 

1.009440537 7.643749516 
0.9674931698 7.463820162 

2.358490523 1.34772498 
2.068829779 1.352219389 

2.762570691 8.844278764 
2.60147774 8.905800358 

5.588818696 6.492310601 
5.625966517 6.74295098 

0.7182505581 8.322385931 
0.6385086011 7.982191936 

4.301755599 7.295477175 
3.906807697 6.812445266 

6.660466612 8.249888378 
6.71532352 7.957955457 

1.64401838 2.291986194 
1.604507525 2.420065854 

2.747012056 8.248983832 
3.071891352 8.057168455 

1.926641094 1.507637978 
1.915907078 1.696825449 

5.625966517 6.74295098 
5.929734142 6.768717129 

2.962975775 1.740795258 
2.934783784 2.048842351 

4.451104568 1.330015676 
4.550179457 1.614745949 

3.584080816 0.7905990678 
3.513150574 0.4664569623 

4.765542591 6.826368196 
4.532840914 6.968544221 

0.8048225216 7.180922632 
1.146355756 7.154166053 

3.617768236 2.517903374 
3.516013202 2.621383834 

3.327209567 2.217998493 
3.214885339 2.114132626 

1.318570237 2.304966045 
1.604507525 2.420065854 

1.656175991 8.317646352 
1.685155068 8.156053055 

2.675110717 0.4464648654 
2.75980299 0.8316034362 

3.091812266 2.3346868 
2.890645703 2.264836325 

4.467546798 2.718208032 
4.380335569 2.861194909 

2.913736753 7.743166874 
3.341083018 7.970840697 

1.833581582 2.182512473 
1.64401838 2.291986194 

2.857919226 6.655833494 
2.894302963 6.820915719 

2.956490721 2.9046795 
3.008966637 2.73127998 

2.704150235 7.967622255 
2.747012056 8.248983832 

5.584608768 7.691040144 
5.258798636 7.714181389 

0.8048225216 7.180922632 
1.003054801 6.769808616 

4.519679392 3.350911163 
4.557134844 3.132251042 

4.346771124 3.098547309 
4.557134844 3.132251042 

2.62740632 9.484576712 
2.752472809 9.138355703 

2.762570691 8.844278764 
2.752472809 9.138355703 

6.798523677 6.811200235 
6.733643316 6.516588607 

3.735854628 7.528379467 
4.080465619 7.608854508 

4.372470362 7.646118393 
4.080465619 7.608854508 

3.573174444 1.765071626 
3.44080183 1.619709809 

1.926641094 1.507637978 
2.068829779 1.352219389 

3.450800062 1.005652369 
3.584080816 0.7905990678 

6.135968313 5.334489188 
6.301700479 5.441112151 

6.501934571 5.252665136 
6.301700479 5.441112151 

0.73888006 8.831687328 
0.5288157223 8.62663468 

2.962975775 1.740795258 
3.038402618 1.552466637 

4.994237208 8.034271807 
5.439890092 7.661524368 

7.190047426 6.293506507 
7.262126859 6.528949253 

6.90249678 6.003477563 
6.921076846 5.672627515 

1.384531835 7.239855779 
0.9677528481 6.988086323 

3.377511873 8.389406378 
3.534901781 8.343878716 

2.412008099 7.694666487 
2.254907345 7.50738091 

5.89894656 5.555963519 
6.135968313 5.334489188 

1.440036754 8.124195818 
1.511433046 8.396188979 

1.632461256 8.579413006 
1.511433046 8.396188979 

2.747012056 8.248983832 
2.788551297 8.472790806 

5.243623766 7.228320401 
5.258798636 7.714181389 

6.733643316 6.516588607 
6.608189811 6.687671606 

6.551178827 6.899642561 
6.608189811 6.687671606 

5.439448507 5.699642615 
5.087364838 5.932812583 

2.730314041 2.101261216 
2.934783784 2.048842351 

0.6385086011 7.982191936 
0.7141096881 7.605443309 

6.660466612 8.249888378 
6.988058682 8.034398635 

0.6385086011 7.982191936 
0.8401724601 7.862274342 

1.009440537 7.643749516 
0.8401724601 7.862274342 

0.9677528481 6.988086323 
1.188156109 6.932491527 

4.550179457 1.614745949 
4.288088135 1.575777793 

4.130115922 1.436732833 
4.288088135 1.575777793 

4.14966861 1.927294406 
3.935197979 2.157998612 

1.604507525 2.420065854 
1.528374462 2.470088817 

3.287250766 3.901615284 
3.189263758 3.625405451 

2.971025301 3.376552902 
3.189263758 3.625405451 

5.183702559 6.42842286 
4.969231608 6.364933773 

4.734982694 6.306342169 
4.969231608 6.364933773 

4.751105646 5.641600329 
5.16112667 5.436741139 

1.667095883 6.387752401 
1.845763268 6.305970419 

3.038402618 1.552466637 
2.82696903 1.563350389 

2.891006959 7.207008209 
2.657408161 7.321372972 

2.739124499 6.295747208 
2.78623507 6.470074518 

1.003054801 6.769808616 
1.108529141 6.569139795 

1.618910325 6.653385928 
1.188156109 6.932491527 

3.170139273 1.327850356 
2.997028289 1.329752373 

3.038402618 1.552466637 
2.997028289 1.329752373 

1.246035125 6.216006595 
1.327490085 6.580926585 

0.7141096881 7.605443309 
0.5238772912 7.669607986 

7.41441449 6.651081444 
7.262126859 6.528949253 

4.519679392 3.350911163 
4.859370384 2.925510464 

5.051281228 2.549356217 
4.859370384 2.925510464 

2.333960007 6.412426176 
2.739124499 6.295747208 

6.303954315 4.782654416 
6.024142686 4.824786973 

5.88045388 4.751595156 
6.024142686 4.824786973 

3.192544177 0.9033541552 
3.34409834 0.7030277272 

1.962926207 0.7828889488 
1.872256769 1.060988356 

6.798523677 6.811200235 
6.608189811 6.687671606 

1.08841677 8.060019462 
0.7708604771 8.138406118 

2.63989243 2.657884612 
3.008966637 2.73127998 

5.49228508 7.019476498 
5.682356512 6.887492215 

5.625966517 6.74295098 
5.682356512 6.887492215 

4.554421143 1.822941326 
4.717545678 1.823396346 

4.923302253 1.690749742 
4.717545678 1.823396346 

1.511984206 8.904630825 
1.352841353 9.070800564 

4.913967752 6.870653835 
4.956547285 7.136197122 

2.60147774 8.905800358 
2.752472809 9.138355703 

4.919890519 4.948570934 
4.828685488 5.150838177 

6.611612085 5.685185873 
6.881877188 5.380688517 

4.828685488 5.150838177 
4.474419995 5.284679535 

1.254554584 8.758662841 
1.511433046 8.396188979 

6.921076846 5.672627515 
6.881877188 5.380688517 

4.079563985 0.9699632506 
4.118007674 0.8312230825 

2.82696903 1.563350389 
2.592377412 1.639029601 

2.333154929 1.73122921 
2.592377412 1.639029601 

3.735854628 7.528379467 
3.341083018 7.970840697 

3.735854628 7.528379467 
3.669532199 7.892669628 

2.934783784 2.048842351 
3.144723312 2.17922973 

4.994237208 8.034271807 
4.961360431 7.647197565 

4.809381613 7.433492554 
4.961360431 7.647197565 

4.569719594 7.270400007 
4.532840914 6.968544221 

2.522301505 1.967156375 
2.592377412 1.639029601 

3.755325475 3.277044444 
3.627440758 3.257814423 

1.590485063 7.492167575 
1.857581624 7.454574223 

2.029647178 8.041844869 
2.237121441 8.08200373 

2.441452926 8.042275508 
2.237121441 8.08200373 

3.347266469 7.008782674 
3.103357131 7.043206588 

2.891006959 7.207008209 
3.103357131 7.043206588 

1.891737195 7.686794518 
2.047689501 7.661494462 

3.083326538 6.100531536 
2.700219337 6.125535191 

5.080754261 2.127828515 
4.918820434 1.986281836 

4.734982694 6.306342169 
4.560466165 6.111270526 

2.189130949 9.194406995 
2.377230515 8.863466885 

2.50016091 8.602392732 
2.377230515 8.863466885 

1.641803309 7.023239526 
1.730259623 7.360765588 

4.130115922 1.436732833 
4.488549223 0.8327918465 

7.381267072 7.305117432 
7.194432456 7.080632256 

3.126742845 8.310687659 
2.788551297 8.472790806 

2.788551297 8.472790806 
3.015341086 8.6444924 

1.384531835 7.239855779 
1.730259623 7.360765588 

2.632540938 3.181775852 
2.651941214 3.451063047 

6.881877188 5.380688517 
7.087536586 5.376161847 

4.792284718 2.414248243 
4.585304867 2.594740993 

4.467546798 2.718208032 
4.585304867 2.594740993 

3.144723312 2.17922973 
3.214885339 2.114132626 

4.751105646 5.641600329 
4.852826108 5.420369628 

4.488549223 0.8327918465 
4.118007674 0.8312230825 

1.440036754 8.124195818 
1.685155068 8.156053055 

3.631529944 2.079158818 
3.417706504 2.077759429 

6.06341232 7.883344605 
6.068635022 8.170141946 

6.236783397 6.927273445 
6.220063259 6.732158574 

3.091812266 2.3346868 
3.144723312 2.17922973 

3.071891352 8.057168455 
3.341083018 7.970840697 

3.015341086 8.6444924 
3.090170407 8.715652921 

5.439890092 7.661524368 
5.584608768 7.691040144 

2.63989243 2.657884612 
2.734127218 2.855282827 

2.956490721 2.9046795 
2.734127218 2.855282827 

7.56069737 6.492726173 
7.619607899 6.717908842 

3.091812266 2.3346868 
3.074772348 2.49815318 

2.675110717 0.4464648654 
2.395096932 0.6903409805 

2.256967667 0.6569602861 
2.395096932 0.6903409805 

1.667095883 6.387752401 
1.712549454 6.170873788 

3.083326538 6.100531536 
3.092272012 6.324103815 

3.074772348 2.49815318 
2.866530096 2.455563916 

4.994237208 8.034271807 
5.144463675 7.901312698 

5.258798636 7.714181389 
5.144463675 7.901312698 

2.367721874 0.9069145763 
2.456339842 0.7163665926 

2.62740632 9.484576712 
2.536657941 9.131114028 

2.60147774 8.905800358 
2.536657941 9.131114028 

3.450800062 1.005652369 
3.266163213 1.118067386 

3.170139273 1.327850356 
3.266163213 1.118067386 

2.172358714 3.354843226 
2.097834377 3.493701321 

4.130115922 1.436732833 
4.006298042 1.443546343 

1.318570237 2.304966045 
1.528374462 2.470088817 

1.318570237 2.304966045 
1.559278236 2.065964891 

0.7708604771 8.138406118 
0.6385086011 7.982191936 

7.310549781 6.107928705 
7.408701864 6.159656293 

4.186196123 2.341287518 
4.467546798 2.718208032 

4.14966861 1.927294406 
4.270186153 2.127646849 

2.456339842 0.7163665926 
2.46169369 0.543843453 

0.9674931698 7.463820162 
1.254291862 7.442476333 

5.042054597 6.572511351 
4.913967752 6.870653835 

1.122511195 9.27028286 
1.380926995 8.676828935 

4.532840914 6.968544221 
4.366997818 6.640595589 

0.9677528481 6.988086323 
0.8048225216 7.180922632 

2.592824882 7.597943161 
2.782097825 7.570248394 

7.190047426 6.293506507 
7.408701864 6.159656293 

2.052628115 8.497405528 
2.142999002 8.369146159 

6.988058682 8.034398635 
6.917820796 7.806752162 

0.4107645701 6.740701656 
0.7162428593 6.623289382 

0.7708604771 8.138406118 
0.7182505581 8.322385931 

0.7182505581 8.322385931 
0.7359088171 8.529623739 

6.274313449 5.644497566 
6.611612085 5.685185873 

7.318035744 7.767480128 
7.205701872 7.548191328 

1.254554584 8.758662841 
1.380926995 8.676828935 

3.287250766 3.901615284 
3.535803209 3.852012073 

3.739157092 3.984978262 
3.535803209 3.852012073 

5.755046347 7.770184279 
5.846229023 7.572552495 

1.08841677 8.060019462 
0.8401724601 7.862274342 

1.254554584 8.758662841 
1.049691956 8.698651381 

2.133566708 7.769279734 
2.237121441 8.08200373 

4.301755599 7.295477175 
3.981564185 7.446904624 

3.735854628 7.528379467 
3.981564185 7.446904624 

2.522301505 1.967156375 
2.684031863 1.810246116 

2.133566708 7.769279734 
2.208152035 7.710778201 

2.412008099 7.694666487 
2.208152035 7.710778201 

3.192544177 0.9033541552 
3.266163213 1.118067386 

6.299810482 7.982876294 
6.468311602 8.210797919 

6.303954315 4.782654416 
6.159075861 5.056489623 

2.913736753 7.743166874 
3.003864439 7.917867684 

3.071891352 8.057168455 
3.003864439 7.917867684 

2.355584696 7.887221951 
2.208152035 7.710778201 

6.733643316 6.516588607 
6.58112015 6.449496085 

4.080465619 7.608854508 
3.981564185 7.446904624 

6.58112015 6.449496085 
6.608189811 6.687671606 

6.274313449 5.644497566 
6.036472313 5.860335514 

5.829653323 6.079660244 
6.036472313 5.860335514 

2.355584696 7.887221951 
2.412008099 7.694666487 

0.7761054631 6.386077772 
1.047282168 6.375608367 

2.424224158 2.188444796 
2.476585311 2.346060301 

5.359721024 6.683624515 
5.625966517 6.74295098 

2.782097825 7.570248394 
2.913736753 7.743166874 

2.704150235 7.967622255 
3.003864439 7.917867684 

4.197623502 6.251047511 
4.560466165 6.111270526 

6.798523677 6.811200235 
6.86686828 6.705342004 

6.948235767 6.600993911 
6.86686828 6.705342004 

4.197623502 6.251047511 
4.250623256 6.47787275 

4.366997818 6.640595589 
4.250623256 6.47787275 

5.730170463 7.031767613 
5.682356512 6.887492215 

5.929734142 6.768717129 
5.682356512 6.887492215 

7.408701864 6.159656293 
7.475429198 6.231565187 

7.087536586 5.376161847 
7.454305209 5.48766661 

2.441099284 3.253312435 
2.384076303 2.928894942 

3.34409834 0.7030277272 
3.584080816 0.7905990678 

4.852826108 5.420369628 
5.16112667 5.436741139 

4.994237208 8.034271807 
5.146405927 7.616274621 

4.186196123 2.341287518 
4.29429781 2.210330842 

4.270186153 2.127646849 
4.29429781 2.210330842 

2.31657587 7.353122595 
2.093018411 7.263111898 

5.51162551 6.019306411 
5.245065135 6.016945264 

5.087364838 5.932812583 
5.245065135 6.016945264 

7.087536586 5.376161847 
7.0270019 5.516156189 

6.921076846 5.672627515 
7.0270019 5.516156189 

3.996523091 3.086450187 
4.134919 2.860712061 

6.551178827 6.899642561 
6.220063259 6.732158574 

7.262126859 6.528949253 
7.16294563 6.666528548 

6.040315059 6.324023803 
5.873023632 6.422304288 

5.740654465 6.523595857 
5.873023632 6.422304288 

6.110150517 5.975068014 
6.036472313 5.860335514 

1.966013078 6.136146106 
1.798237884 6.0278794 

2.355584696 7.887221951 
2.441452926 8.042275508 

1.308519823 7.746810811 
1.296939853 7.981518571 

4.451104568 1.330015676 
4.358849284 1.185097927 

5.13764806 4.806466573 
5.040652254 5.178655762 

5.909678587 6.546098594 
5.873023632 6.422304288 

1.833581582 2.182512473 
1.559278236 2.065964891 

0.9677528481 6.988086323 
0.6947193356 6.871239829 

6.910012599 6.337332042 
6.58112015 6.449496085 

0.5288157223 8.62663468 
0.656694452 8.556683055 

0.7359088171 8.529623739 
0.656694452 8.556683055 

1.752217804 9.305414075 
1.704604056 9.172016004 

1.597903166 9.060945239 
1.704604056 9.172016004 

3.669532199 7.892669628 
3.534901781 8.343878716 

1.590485063 7.492167575 
1.75912256 7.608695243 

1.891737195 7.686794518 
1.75912256 7.608695243 

1.974101838 3.339190289 
1.930839941 3.4695992 

1.327490085 6.580926585 
1.108529141 6.569139795 

1.511433046 8.396188979 
1.656175991 8.317646352 

2.420034186 6.247566878 
2.195333076 6.031448092 

4.852826108 5.420369628 
5.040652254 5.178655762 

3.335232749 0.5163354801 
3.390787769 0.3602237577 

1.664130176 1.388461232 
1.922044715 1.318864444 

2.068829779 1.352219389 
1.922044715 1.318864444 

2.052628115 8.497405528 
1.632461256 8.579413006 

1.08841677 8.060019462 
1.296939853 7.981518571 

1.845763268 6.305970419 
1.997515387 6.345277007 

1.926641094 1.507637978 
1.922044715 1.318864444 

5.730170463 7.031767613 
5.870574199 7.082091092 

1.833581582 2.182512473 
1.635595318 2.193335373 

4.110011054 0.5858874495 
4.095622791 0.7422947688 

4.118007674 0.8312230825 
4.095622791 0.7422947688 

3.287250766 3.901615284 
3.369880299 3.70716209 

3.219929427 3.519963338 
3.369880299 3.70716209 

5.553534101 7.973108258 
5.441629125 8.158920725 

0.7162428593 6.623289382 
0.7848255726 6.555338116 

2.962975775 1.740795258 
2.684031863 1.810246116 

7.177413277 5.916879516 
7.235499555 5.724404021 

2.097834377 3.493701321 
2.045741659 3.455858018 

1.974101838 3.339190289 
2.045741659 3.455858018 

2.971025301 3.376552902 
2.808786854 3.5492331 

5.183702559 6.42842286 
5.245065135 6.016945264 

3.34409834 0.7030277272 
3.335232749 0.5163354801 

6.551178827 6.899642561 
6.372766777 6.68645228 

6.392277138 6.459396904 
6.372766777 6.68645228 

3.516013202 2.621383834 
3.305294726 2.385667573 

3.327209567 2.217998493 
3.305294726 2.385667573 

3.30029125 8.926951429 
2.872351587 8.693440066 

2.50016091 8.602392732 
2.872351587 8.693440066 

3.573174444 1.765071626 
3.6197515 1.601783467 

5.182701525 8.068454971 
5.144463675 7.901312698 

2.047689501 7.661494462 
2.087399411 7.561825054 

1.93188365 2.895525075 
1.714323386 2.727092274 

2.82696903 1.563350389 
2.872942046 1.434280761 

6.551178827 6.899642561 
6.411818738 6.844044247 

6.236783397 6.927273445 
6.411818738 6.844044247 

3.935968728 2.562637153 
4.186196123 2.341287518 

3.935968728 2.562637153 
3.699100423 2.336385641 

3.631529944 2.079158818 
3.699100423 2.336385641 

2.367721874 0.9069145763 
2.395096932 0.6903409805 

3.219929427 3.519963338 
3.189263758 3.625405451 

2.46169369 0.543843453 
2.395096932 0.6903409805 

1.667095883 6.387752401 
1.327490085 6.580926585 

1.618910325 6.653385928 
1.825315325 6.735150611 

1.857581624 7.454574223 
1.730259623 7.360765588 

5.146405927 7.616274621 
4.961360431 7.647197565 

7.235499555 5.724404021 
7.303889201 5.622867131 

3.669532199 7.892669628 
3.739679863 8.230109111 

1.635595318 2.193335373 
1.64401838 2.291986194 

5.89894656 5.555963519 
5.721727105 5.635639551 

3.327209567 2.217998493 
3.417706504 2.077759429 

7.475429198 6.231565187 
7.531169223 6.216267949 

2.730314041 2.101261216 
2.71407242 2.262313622 

2.866530096 2.455563916 
2.71407242 2.262313622 

5.929734142 6.768717129 
5.727561426 6.64893815 

5.588818696 6.492310601 
5.727561426 6.64893815 

4.179150273 5.899656178 
4.811831929 5.977593224 

5.51162551 6.019306411 
4.811831929 5.977593224 

2.441306773 6.999792111 
2.40220288 7.22186546 

2.31657587 7.353122595 
2.40220288 7.22186546 

3.347266469 7.008782674 
3.367173455 7.226776311 

4.751105646 5.641600329 
4.811831929 5.977593224 

6.299810482 7.982876294 
6.209775563 8.00574424 

2.215206722 3.636812976 
2.004178495 3.45844823 

4.040599113 3.831974363 
4.261012275 3.589188938 

3.722593196 3.020703035 
3.627440758 3.257814423 

4.843198992 5.840070005 
4.811831929 5.977593224 

6.945063813 7.075862338 
7.064220494 6.941620044 

5.740654465 6.523595857 
5.727561426 6.64893815 

1.352841353 9.070800564 
1.365538915 9.173104126 

1.528374462 2.470088817 
1.506398695 2.607039968 

3.534130183 2.197210625 
3.699100423 2.336385641 

6.501934571 5.252665136 
6.741383575 5.132209285 

2.704150235 7.967622255 
2.527844676 7.940869956 

2.355584696 7.887221951 
2.527844676 7.940869956 

6.079310668 6.595257441 
5.980738581 6.59614395 

5.909678587 6.546098594 
5.980738581 6.59614395 

4.14966861 1.927294406 
3.975030321 1.859099716 

7.454305209 5.48766661 
7.356677674 5.58110573 

7.303889201 5.622867131 
7.356677674 5.58110573 

6.988058682 8.034398635 
7.078748045 7.881416912 

3.44080183 1.619709809 
3.293319154 1.440157577 

3.170139273 1.327850356 
3.293319154 1.440157577 

2.762570691 8.844278764 
2.872351587 8.693440066 

5.182701525 8.068454971 
5.26937538 8.135101798 

4.532840914 6.968544221 
4.299723166 6.972730554 

6.199698396 7.359769605 
6.398831251 7.288903448 

2.788551297 8.472790806 
2.872351587 8.693440066 

1.98523242 8.213836773 
2.142999002 8.369146159 

7.619607899 6.717908842 
7.620739431 6.847561351 

1.380926995 8.676828935 
1.511433046 8.396188979 

3.409283936 1.848403673 
3.417706504 2.077759429 

1.98523242 8.213836773 
1.912190415 8.440409863 

2.782097825 7.570248394 
2.779131084 7.45452818 

5.69915932 7.353672539 
5.688316045 7.585081076 

5.584608768 7.691040144 
5.688316045 7.585081076 

4.366997818 6.640595589 
4.132776133 6.747079957 

2.75980299 0.8316034362 
2.790676688 0.9736059621 

1.380926995 8.676828935 
1.315034925 8.427844503 

0.7141096881 7.605443309 
0.4271762845 7.468987621 

2.189130949 9.194406995 
2.396770494 9.32718646 

2.62740632 9.484576712 
2.396770494 9.32718646 

2.358490523 1.34772498 
2.633715445 1.576327463 

2.962975775 1.740795258 
2.633715445 1.576327463 

6.220063259 6.732158574 
6.372766777 6.68645228 

5.042054597 6.572511351 
5.123145338 6.719086693 

5.359721024 6.683624515 
5.123145338 6.719086693 

5.258798636 7.714181389 
5.146405927 7.616274621 

2.256967667 0.6569602861 
2.078912757 0.7158862883 

1.930285812 6.877491704 
1.825315325 6.735150611 

0.5238772912 7.669607986 
0.5183050926 7.564612164 

0.4271762845 7.468987621 
0.5183050926 7.564612164 

2.046369062 5.920234819 
2.292120658 5.8968772 

1.640602242 3.280794991 
1.867160477 3.404750473 

2.004178495 3.45844823 
1.867160477 3.404750473 

3.367173455 7.226776311 
3.436992281 7.31991457 

3.217853124 2.906002511 
3.341401728 2.665716801 

3.516013202 2.621383834 
3.341401728 2.665716801 

3.534901781 8.343878716 
3.739679863 8.230109111 

3.092272012 6.324103815 
3.12083562 6.417248721 

2.384076303 2.928894942 
2.576955231 2.901374936 

2.734127218 2.855282827 
2.576955231 2.901374936 

4.809381613 7.433492554 
4.71943402 7.299101149 

1.641803309 7.023239526 
1.738838271 7.233295051 

1.857581624 7.454574223 
1.738838271 7.233295051 

4.843198992 5.840070005 
5.010650028 5.688074106 

5.16112667 5.436741139 
5.010650028 5.688074106 

2.890645703 2.264836325 
2.71407242 2.262313622 

1.308519823 7.746810811 
0.8314606678 7.995519541 

2.441306773 6.999792111 
2.29158599 7.108632945 

1.384531835 7.239855779 
1.146355756 7.154166053 

4.557134844 3.132251042 
4.661446252 3.07477905 

2.790676688 0.9736059621 
2.856216439 0.8799779339 

2.987356518 0.7837586768 
2.856216439 0.8799779339 

3.390787769 0.3602237577 
3.270084951 0.3511820102 

0.9677528481 6.988086323 
1.003054801 6.769808616 

1.915907078 1.696825449 
1.729846691 1.803422971 

1.547289925 1.763388961 
1.729846691 1.803422971 

6.881877188 5.380688517 
7.0270019 5.516156189 

3.935968728 2.562637153 
3.759906155 2.783949597 

3.722593196 3.020703035 
3.759906155 2.783949597 

5.727561426 6.64893815 
5.625966517 6.74295098 

1.665609246 7.863854269 
1.890886012 7.89753107 

4.179150273 5.899656178 
4.474543103 5.767344557 

4.751105646 5.641600329 
4.474543103 5.767344557 

0.5886227738 7.308768276 
0.7094775537 7.278814801 

0.8048225216 7.180922632 
0.7094775537 7.278814801 

1.664130176 1.388461232 
1.79937593 1.409884431 

1.926641094 1.507637978 
1.79937593 1.409884431 

1.730259623 7.360765588 
1.738838271 7.233295051 

3.189418997 1.879437581 
3.128449971 2.044821976 

3.144723312 2.17922973 
3.128449971 2.044821976 

4.299723166 6.972730554 
4.132776133 6.747079957 

1.047282168 6.375608367 
1.147269951 6.296818455 

3.074772348 2.49815318 
3.341401728 2.665716801 

1.08841677 8.060019462 
0.8314606678 7.995519541 

6.468311602 8.210797919 
6.287138278 8.113083968 

1.752217804 9.305414075 
1.488022235 9.281999202 

2.808786854 3.5492331 
2.732972984 3.611590071 

5.439890092 7.661524368 
5.258798636 7.714181389 

5.511214901 4.77729267 
5.625096928 4.628178659 

7.56069737 6.492726173 
7.475429198 6.231565187 

7.194432456 7.080632256 
6.945063813 7.075862338 

2.752472809 9.138355703 
2.651233394 9.144621764 

6.611612085 5.685185873 
6.921076846 5.672627515 

2.857919226 6.655833494 
2.68352165 6.594272615 

2.63989243 2.657884612 
2.576955231 2.901374936 

7.41441449 6.651081444 
7.56069737 6.492726173 

2.087399411 7.561825054 
2.254907345 7.50738091 

2.129101813 2.107587371 
1.9016794 1.987416888 

6.733643316 6.516588607 
6.86686828 6.705342004 

5.16112667 5.436741139 
5.040652254 5.178655762 

7.194432456 7.080632256 
7.081942499 7.188284598 

5.929734142 6.768717129 
5.980738581 6.59614395 

5.441629125 8.158920725 
5.355096045 8.145068481 

5.26937538 8.135101798 
5.355096045 8.145068481 

7.381267072 7.305117432 
7.244266961 7.452008454 

1.930839941 3.4695992 
2.004178495 3.45844823 

2.303938197 2.428736953 
2.465598575 2.554212405 

2.63989243 2.657884612 
2.465598575 2.554212405 

3.740509748 8.559111746 
3.618604406 8.489419195 

2.50016091 8.602392732 
2.643774121 8.729023995 

2.762570691 8.844278764 
2.643774121 8.729023995 

4.358849284 1.185097927 
4.351690228 1.04485026 

5.929734142 6.768717129 
5.774426267 6.867192922 

3.12083562 6.417248721 
3.198327641 6.428301164 

6.71532352 7.957955457 
6.872865225 7.980292066 

6.988058682 8.034398635 
6.872865225 7.980292066 

1.488022235 9.281999202 
1.365538915 9.173104126 

3.287250766 3.901615284 
3.46518442 3.584421667 

6.910012599 6.337332042 
6.948235767 6.600993911 

4.186196123 2.341287518 
4.558036192 2.053612996 

4.923302253 1.690749742 
4.558036192 2.053612996 

4.554421143 1.822941326 
4.659954762 1.696078294 

4.550179457 1.614745949 
4.659954762 1.696078294 

6.698127138 6.116705202 
6.614183012 6.287457044 

6.58112015 6.449496085 
6.614183012 6.287457044 

3.516013202 2.621383834 
3.71795963 2.623612179 

3.44080183 1.619709809 
3.6197515 1.601783467 

3.008966637 2.73127998 
3.068907 2.65259088 

3.074772348 2.49815318 
3.068907 2.65259088 

2.684031863 1.810246116 
2.633715445 1.576327463 

1.874058941 8.83922746 
2.057468687 9.069611051 

2.189130949 9.194406995 
2.057468687 9.069611051 

2.29158599 7.108632945 
2.40220288 7.22186546 

1.385141314 2.693087706 
1.548683299 2.695102915 

1.714323386 2.727092274 
1.548683299 2.695102915 

3.214885339 2.114132626 
3.288616045 2.11539757 

3.417706504 2.077759429 
3.288616045 2.11539757 

6.392277138 6.459396904 
6.58112015 6.449496085 

2.522301505 1.967156375 
2.150609211 1.699715557 

3.390633941 6.459913862 
3.254976945 6.439575519 

3.198327641 6.428301164 
3.254976945 6.439575519 

6.698127138 6.116705202 
6.984178023 5.889545178 

5.774426267 6.867192922 
5.682356512 6.887492215 

3.834908429 7.156777383 
3.981564185 7.446904624 

6.392277138 6.459396904 
6.193345897 6.537131318 

6.079310668 6.595257441 
6.193345897 6.537131318 

6.336984458 6.144539512 
6.392277138 6.459396904 

1.664130176 1.388461232 
1.872242759 1.50104619 

2.150609211 1.699715557 
1.872242759 1.50104619 

6.287138278 8.113083968 
6.189785406 8.108140318 

3.128449971 2.044821976 
3.214885339 2.114132626 

3.30029125 8.926951429 
3.170926118 8.626034233 

3.126742845 8.310687659 
3.170926118 8.626034233 

4.560466165 6.111270526 
4.811831929 5.977593224 

3.46518442 3.584421667 
3.369880299 3.70716209 

2.215206722 3.636812976 
2.372062474 3.428068206 

6.336984458 6.144539512 
6.239570644 6.066226595 

6.110150517 5.975068014 
6.239570644 6.066226595 

1.930839941 3.4695992 
1.867160477 3.404750473 

6.068635022 8.170141946 
6.143111421 8.074361172 

6.209775563 8.00574424 
6.143111421 8.074361172 

3.513150574 0.4664569623 
3.390787769 0.3602237577 

3.513150574 0.4664569623 
3.442908549 0.5833368816 

3.34409834 0.7030277272 
3.442908549 0.5833368816 

6.468311602 8.210797919 
6.553255018 8.237040878 

5.439448507 5.699642615 
5.245065135 6.016945264 

2.50016091 8.602392732 
2.311738543 8.532045961 

2.052628115 8.497405528 
2.311738543 8.532045961 

3.189418997 1.879437581 
3.038402618 1.552466637 

6.301700479 5.441112151 
6.274313449 5.644497566 

5.873023632 6.422304288 
5.690209714 6.233540899 

7.454305209 5.48766661 
7.22294209 5.654808042 

6.984178023 5.889545178 
7.22294209 5.654808042 

6.06341232 7.883344605 
6.209775563 8.00574424 

2.894302963 6.820915719 
2.935375489 7.008148748 

3.71795963 2.623612179 
3.617768236 2.517903374 

6.299810482 7.982876294 
6.287138278 8.113083968 

4.560466165 6.111270526 
4.602959101 6.306982963 

4.647742062 6.478641077 
4.602959101 6.306982963 

6.372766777 6.68645228 
6.411818738 6.844044247 

0.7141096881 7.605443309 
0.5338531343 7.901931936 

3.71795963 2.623612179 
3.759906155 2.783949597 

4.080465619 7.608854508 
4.199416603 7.430142581 

4.301755599 7.295477175 
4.199416603 7.430142581 

0.5338531343 7.901931936 
0.6385086011 7.982191936 

5.89894656 5.555963519 
5.943174601 5.716034483 

6.036472313 5.860335514 
5.943174601 5.716034483 

1.632461256 8.579413006 
1.380926995 8.676828935 

1.857581624 7.454574223 
2.087399411 7.561825054 

1.547289925 1.763388961 
1.743653656 1.90037705 

1.9016794 1.987416888 
1.743653656 1.90037705 

3.409283936 1.848403673 
3.573174444 1.765071626 

7.194432456 7.080632256 
7.336836964 7.01966623 

7.546575333 6.984820392 
7.336836964 7.01966623 

5.16112667 5.436741139 
5.292692537 5.544352949 

6.06341232 7.883344605 
6.143111421 8.074361172 

1.384531835 7.239855779 
1.283403353 7.352299564 

1.254291862 7.442476333 
1.283403353 7.352299564 

3.935197979 2.157998612 
3.699100423 2.336385641 

2.377230515 8.863466885 
2.60147774 8.905800358 

1.488022235 9.281999202 
1.362715916 9.262997095 

3.348449959 7.54313925 
3.561799036 7.504303072 

3.735854628 7.528379467 
3.561799036 7.504303072 

2.358490523 1.34772498 
2.150609211 1.699715557 

4.372470362 7.646118393 
4.199416603 7.430142581 

4.792284718 2.414248243 
4.868975153 2.477506265 

5.051281228 2.549356217 
4.868975153 2.477506265 

2.358490523 1.34772498 
2.278932166 1.495849824 

1.926641094 1.507637978 
1.872242759 1.50104619 

3.270084951 0.3511820102 
3.252851158 0.2320535631 

4.659954762 1.696078294 
4.717545678 1.823396346 

5.690209714 6.233540899 
5.794056759 6.188607306 

5.829653323 6.079660244 
5.794056759 6.188607306 

6.159075861 5.056489623 
6.024142686 4.824786973 

6.159075861 5.056489623 
6.118149014 5.186431049 

6.135968313 5.334489188 
6.118149014 5.186431049 

3.244705468 6.291680013 
3.170278173 6.211434799 

3.935197979 2.157998612 
3.895411595 2.025845403 

3.975030321 1.859099716 
3.895411595 2.025845403 

1.872256769 1.060988356 
1.757648436 1.180687182 

3.090170407 8.715652921 
3.170926118 8.626034233 

6.06341232 7.883344605 
6.190794691 7.583321116 

1.640602242 3.280794991 
1.774804624 3.069047916 

1.93188365 2.895525075 
1.774804624 3.069047916 

2.934783784 2.048842351 
3.128449971 2.044821976 

2.303938197 2.428736953 
2.357208684 2.372625864 

2.476585311 2.346060301 
2.357208684 2.372625864 

4.602959101 6.306982963 
4.734982694 6.306342169 

2.704150235 7.967622255 
2.564804908 7.834301068 

2.412008099 7.694666487 
2.564804908 7.834301068 

5.040652254 5.178655762 
4.828685488 5.150838177 

2.333960007 6.412426176 
2.288647637 6.281091619 

3.288616045 2.11539757 
3.327209567 2.217998493 

2.934783784 2.048842351 
3.012185226 2.230901625 

3.091812266 2.3346868 
3.012185226 2.230901625 

6.945063813 7.075862338 
7.02137085 7.08394662 

7.081942499 7.188284598 
7.02137085 7.08394662 

4.852826108 5.420369628 
4.756606101 5.367544003 

2.031010529 8.835950985 
2.057468687 9.069611051 

7.531169223 6.216267949 
7.57608251 6.247664726 

1.296939853 7.981518571 
1.445113959 7.912199735 

1.46790073 8.016665764 
1.445113959 7.912199735 

1.488278191 5.902156876 
1.646208984 6.060181431 

1.712549454 6.170873788 
1.646208984 6.060181431 

5.51162551 6.019306411 
5.348721101 6.193613509 

4.451104568 1.330015676 
4.288088135 1.575777793 

1.974101838 3.339190289 
1.867160477 3.404750473 

3.217853124 2.906002511 
3.068907 2.65259088 

2.456339842 0.7163665926 
2.395096932 0.6903409805 

6.501934571 5.252665136 
6.485701126 4.986685111 

1.685155068 8.156053055 
1.855235671 8.193370415 

1.98523242 8.213836773 
1.855235671 8.193370415 

6.90249678 6.003477563 
6.984178023 5.889545178 

5.245065135 6.016945264 
5.348721101 6.193613509 

3.618604406 8.489419195 
3.56804139 8.427187956 

3.534901781 8.343878716 
3.56804139 8.427187956 

2.367721874 0.9069145763 
2.356659472 1.185478595 

2.358490523 1.34772498 
2.356659472 1.185478595 

3.00143076 9.070691354 
3.162723022 8.979256049 

3.748801498 0.8709351715 
3.930848544 0.7694023413 

1.108529141 6.569139795 
1.047282168 6.375608367 

5.348721101 6.193613509 
5.176064332 6.233526557 

2.46169369 0.543843453 
2.556444277 0.5179476528 

2.157488857 6.688338088 
2.018687724 6.792854198 

1.930285812 6.877491704 
2.018687724 6.792854198 

3.369880299 3.70716209 
3.535803209 3.852012073 

6.220063259 6.732158574 
6.193345897 6.537131318 

2.424224158 2.188444796 
2.431401715 2.057685556 

2.522301505 1.967156375 
2.431401715 2.057685556 

2.420034186 6.247566878 
2.328263339 6.249435332 

2.288647637 6.281091619 
2.328263339 6.249435332 

3.631529944 2.079158818 
3.895411595 2.025845403 

6.063093877 7.076051108 
5.967390493 7.123750093 

5.870574199 7.082091092 
5.967390493 7.123750093 

6.336984458 6.144539512 
6.431323786 6.02032916 

3.335232749 0.5163354801 
3.442908549 0.5833368816 

2.29158599 7.108632945 
2.186125171 7.152191322 

2.093018411 7.263111898 
2.186125171 7.152191322 

2.441452926 8.042275508 
2.527844676 7.940869956 

2.50016091 8.602392732 
2.642715032 8.486510248 

5.439448507 5.699642615 
5.721727105 5.635639551 

1.641803309 7.023239526 
1.682484714 7.459105962 

1.665609246 7.863854269 
1.682484714 7.459105962 

6.23636025 5.859916154 
6.036472313 5.860335514 

1.315034925 8.427844503 
1.386902996 8.276499848 

1.440036754 8.124195818 
1.386902996 8.276499848 

1.665609246 7.863854269 
1.75912256 7.608695243 

6.910012599 6.337332042 
6.614183012 6.287457044 

1.122511195 9.27028286 
1.278884222 9.233175164 

1.365538915 9.173104126 
1.278884222 9.233175164 

0.73888006 8.831687328 
0.9146739788 8.742417448 

1.049691956 8.698651381 
0.9146739788 8.742417448 

1.559278236 2.065964891 
1.635595318 2.193335373 

6.698127138 6.116705202 
6.546624702 6.110135303 

1.757648436 1.180687182 
1.922044715 1.318864444 

2.732972984 3.611590071 
2.651884245 3.668891504 

7.064220494 6.941620044 
7.02137085 7.08394662 

3.348449959 7.54313925 
3.128722849 7.639332981 

2.913736753 7.743166874 
3.128722849 7.639332981 

1.912190415 8.440409863 
2.001473734 8.405721167 

2.052628115 8.497405528 
2.001473734 8.405721167 

3.103357131 7.043206588 
2.935375489 7.008148748 

4.756606101 5.367544003 
4.687912018 5.336559785 

3.44080183 1.619709809 
3.431224815 1.724242477 

3.409283936 1.848403673 
3.431224815 1.724242477 

5.010650028 5.688074106 
5.204943775 5.685408368 

5.243623766 7.228320401 
5.196705954 7.433814715 

5.146405927 7.616274621 
5.196705954 7.433814715 

6.274313449 5.644497566 
6.065088633 5.64271353 

5.080754261 2.127828515 
5.104296789 2.336300269 

1.590485063 7.492167575 
1.682484714 7.459105962 

3.038402618 1.552466637 
2.872942046 1.434280761 

4.751105646 5.641600329 
4.924154818 5.409644542 

3.739157092 3.984978262 
3.90202535 3.853789567 

4.040599113 3.831974363 
3.90202535 3.853789567 

5.929734142 6.768717129 
5.967390493 7.123750093 

3.763454109 1.811531533 
3.855813206 1.703864555 

3.915603229 1.589445285 
3.855813206 1.703864555 

1.618910325 6.653385928 
1.599260339 6.889272899 

1.641803309 7.023239526 
1.599260339 6.889272899 

1.296939853 7.981518571 
1.46790073 8.016665764 

1.857581624 7.454574223 
1.682484714 7.459105962 

3.341083018 7.970840697 
3.128722849 7.639332981 

1.857581624 7.454574223 
1.949155768 7.579537992 

2.047689501 7.661494462 
1.949155768 7.579537992 

4.687912018 5.336559785 
4.631539629 5.318868507 

1.254291862 7.442476333 
1.308519823 7.746810811 

1.798237884 6.0278794 
1.683381661 5.995773672 

1.488278191 5.902156876 
1.683381661 5.995773672 

4.924154818 5.409644542 
4.852826108 5.420369628 

6.040315059 6.324023803 
6.193345897 6.537131318 

2.150609211 1.699715557 
2.333154929 1.73122921 

6.608189811 6.687671606 
6.372766777 6.68645228 

1.009440537 7.643749516 
1.042101222 7.849811472 

1.08841677 8.060019462 
1.042101222 7.849811472 

2.536657941 9.131114028 
2.593691897 9.191279794 

2.651233394 9.144621764 
2.593691897 9.191279794 

5.730170463 7.031767613 
5.774426267 6.867192922 

2.78623507 6.470074518 
2.751394435 6.540427525 

6.910012599 6.337332042 
6.898795619 6.133529141 

6.90249678 6.003477563 
6.898795619 6.133529141 

5.087364838 5.932812583 
4.811831929 5.977593224 

6.917820796 7.806752162 
6.872865225 7.980292066 

1.890886012 7.89753107 
1.975458818 7.974709876 

2.029647178 8.041844869 
1.975458818 7.974709876 

2.603295454 5.868537843 
2.496666881 5.938108716 

2.48005221 6.001949876 
2.496666881 5.938108716 

2.890645703 2.264836325 
3.012185226 2.230901625 

3.834908429 7.156777383 
4.07449674 7.201348583 

4.301755599 7.295477175 
4.07449674 7.201348583 

1.949155768 7.579537992 
1.891737195 7.686794518 

2.642715032 8.486510248 
2.747012056 8.248983832 

0.8314606678 7.995519541 
0.8401724601 7.862274342 

4.451104568 1.330015676 
4.289265247 1.38320669 

4.130115922 1.436732833 
4.289265247 1.38320669 

5.909678587 6.546098594 
5.846576046 6.497808144 

5.740654465 6.523595857 
5.846576046 6.497808144 

3.996523091 3.086450187 
4.17196662 3.074973751 

4.346771124 3.098547309 
4.17196662 3.074973751 

2.157488857 6.688338088 
1.972362117 6.729032554 

1.825315325 6.735150611 
1.972362117 6.729032554 

1.730259623 7.360765588 
1.682484714 7.459105962 

1.590485063 7.492167575 
1.641432829 7.371202804 

1.730259623 7.360765588 
1.641432829 7.371202804 

2.215206722 3.636812976 
2.097834377 3.493701321 

2.507572411 3.843317281 
2.424042241 3.677579183 

2.087399411 7.561825054 
1.949155768 7.579537992 

6.398831251 7.288903448 
6.509992456 7.369956237 

6.601452421 7.456826849 
6.509992456 7.369956237 

1.547289925 1.763388961 
1.664130176 1.388461232 

1.559278236 2.065964891 
1.588721951 1.9121878 

5.631069999 4.966244035 
5.66323839 4.834063672 

3.144723312 2.17922973 
3.012185226 2.230901625 

6.303954315 4.782654416 
6.36022118 4.877729482 

7.177413277 5.916879516 
6.984178023 5.889545178 

6.741383575 5.132209285 
6.93363646 5.155322751 

5.794056759 6.188607306 
5.873023632 6.422304288 

7.381267072 7.305117432 
7.437652327 6.900787228 

7.56069737 6.492726173 
7.437652327 6.900787228 

0.7141096881 7.605443309 
0.5183050926 7.564612164 

6.040315059 6.324023803 
6.239570644 6.066226595 

2.657408161 7.321372972 
2.725094542 7.385673301 

2.779131084 7.45452818 
2.725094542 7.385673301 

2.684031863 1.810246116 
2.760704555 1.641489444 

2.82696903 1.563350389 
2.760704555 1.641489444 

4.923302253 1.690749742 
4.793276215 1.744355089 

4.659954762 1.696078294 
4.793276215 1.744355089 

1.122511195 9.27028286 
1.256961387 9.330595844 

1.362715916 9.262997095 
1.256961387 9.330595844 

3.631529944 2.079158818 
3.935197979 2.157998612 

2.63989243 2.657884612 
2.538376369 2.794874151 

2.384076303 2.928894942 
2.538376369 2.794874151 

2.962975775 1.740795258 
2.760704555 1.641489444 

3.347266469 7.008782674 
3.375066798 6.733453321 

7.691533307 6.125912286 
7.604488033 6.181871051 

7.57608251 6.247664726 
7.604488033 6.181871051 

7.41441449 6.651081444 
7.619607899 6.717908842 

3.740509748 8.559111746 
3.570528517 8.297219806 

3.341083018 7.970840697 
3.570528517 8.297219806 

1.729846691 1.803422971 
1.743653656 1.90037705 

4.647742062 6.478641077 
4.826346422 6.410057244 

4.969231608 6.364933773 
4.826346422 6.410057244 

2.017744835 2.573702147 
2.078605366 2.439388566 

2.159172335 2.310377605 
2.078605366 2.439388566 

5.873023632 6.422304288 
5.846576046 6.497808144 

2.367721874 0.9069145763 
2.570006526 0.9366908256 

4.956547285 7.136197122 
5.086011594 7.26380553 

5.243623766 7.228320401 
5.086011594 7.26380553 

3.573174444 1.765071626 
3.431224815 1.724242477 

7.177413277 5.916879516 
7.068991215 5.75929815 

6.921076846 5.672627515 
7.068991215 5.75929815 

6.881877188 5.380688517 
7.019563102 5.276495654 

1.757648436 1.180687182 
1.721226486 1.284067043 

1.664130176 1.388461232 
1.721226486 1.284067043 

5.577434888 5.37451742 
5.654324084 5.539880405 

5.721727105 5.635639551 
5.654324084 5.539880405 

1.254554584 8.758662841 
1.19169713 9.007098421 

6.040315059 6.324023803 
6.048691409 6.484381523 

5.980738581 6.59614395 
6.048691409 6.484381523 

4.474419995 5.284679535 
4.572543562 5.306746376 

4.631539629 5.318868507 
4.572543562 5.306746376 

2.366436257 8.303572942 
2.311738543 8.532045961 

1.962926207 0.7828889488 
2.025726458 0.7639890588 

2.078912757 0.7158862883 
2.025726458 0.7639890588 

5.588818696 6.492310601 
5.478895242 6.553614733 

5.359721024 6.683624515 
5.478895242 6.553614733 

4.372470362 7.646118393 
4.680956405 7.826544963 

4.994237208 8.034271807 
4.680956405 7.826544963 

1.75912256 7.608695243 
1.949155768 7.579537992 

2.592824882 7.597943161 
2.734478835 7.684604732 

2.913736753 7.743166874 
2.734478835 7.684604732 

1.833581582 2.182512473 
1.9016794 1.987416888 

2.891006959 7.207008209 
2.713373942 7.13227869 

4.918820434 1.986281836 
4.717545678 1.823396346 

2.172358714 3.354843226 
1.974101838 3.339190289 

0.3151328401 8.141160921 
0.4449508059 8.031534863 

0.5338531343 7.901931936 
0.4449508059 8.031534863 

2.333960007 6.412426176 
2.328263339 6.249435332 

4.918820434 1.986281836 
4.922917128 1.859341282 

4.923302253 1.690749742 
4.922917128 1.859341282 

2.333960007 6.412426176 
2.146990535 6.378258475 

1.997515387 6.345277007 
2.146990535 6.378258475 

4.961360431 7.647197565 
5.144463675 7.901312698 

6.220063259 6.732158574 
6.279536479 6.606839652 

6.392277138 6.459396904 
6.279536479 6.606839652 

4.380335569 2.861194909 
4.271444855 2.830434443 

4.134919 2.860712061 
4.271444855 2.830434443 

6.048691409 6.484381523 
6.079310668 6.595257441 

7.019563102 5.276495654 
7.087536586 5.376161847 

3.189418997 1.879437581 
3.312672875 1.97787179 

3.417706504 2.077759429 
3.312672875 1.97787179 

6.23636025 5.859916154 
6.170323784 5.87562673 

6.110150517 5.975068014 
6.170323784 5.87562673 

3.570528517 8.297219806 
3.534901781 8.343878716 

2.208152035 7.710778201 
2.254907345 7.50738091 

2.142999002 8.369146159 
2.214755859 8.192697738 

2.237121441 8.08200373 
2.214755859 8.192697738 

5.292692537 5.544352949 
5.204943775 5.685408368 

2.556444277 0.5179476528 
2.580320548 0.4354238836 

3.074772348 2.49815318 
3.141424202 2.664257152 

6.065088633 5.64271353 
5.943174601 5.716034483 

2.189130949 9.194406995 
1.982448303 9.224986318 

2.713373942 7.13227869 
2.615964749 7.063491826 

7.437652327 6.900787228 
7.336836964 7.01966623 

2.215206722 3.636812976 
2.318171441 3.654219793 

2.424042241 3.677579183 
2.318171441 3.654219793 

4.351690228 1.04485026 
4.371136859 0.9648546511 

3.669532199 7.892669628 
3.507778218 7.970572114 

3.341083018 7.970840697 
3.507778218 7.970572114 

6.068635022 8.170141946 
6.129098156 8.141642627 

6.189785406 8.108140318 
6.129098156 8.141642627 

7.546575333 6.984820392 
7.45653502 6.800591768 

7.41441449 6.651081444 
7.45653502 6.800591768 

2.047689501 7.661494462 
2.208152035 7.710778201 

2.651884245 3.668891504 
2.609373734 3.729498372 

0.7708604771 8.138406118 
0.5587941823 8.147939407 

6.190794691 7.583321116 
6.185101599 7.483580091 

6.199698396 7.359769605 
6.185101599 7.483580091 

2.278932166 1.495849824 
2.359229155 1.592003949 

2.333154929 1.73122921 
2.359229155 1.592003949 

1.656175991 8.317646352 
1.647925802 8.439881535 

1.632461256 8.579413006 
1.647925802 8.439881535 

5.588818696 6.492310601 
5.690209714 6.233540899 

5.588818696 6.492310601 
5.721741906 6.426975475 

5.873023632 6.422304288 
5.721741906 6.426975475 

3.436992281 7.31991457 
3.394923621 7.431110837 

3.348449959 7.54313925 
3.394923621 7.431110837 

1.547289925 1.763388961 
1.691191647 1.968320422 

1.833581582 2.182512473 
1.691191647 1.968320422 

5.292692537 5.544352949 
5.382467813 5.601955936 

5.439448507 5.699642615 
5.382467813 5.601955936 

3.975030321 1.859099716 
3.855813206 1.703864555 

2.987356518 0.7837586768 
3.118490257 0.8228672144 

3.192544177 0.9033541552 
3.118490257 0.8228672144 

6.910012599 6.337332042 
7.04051321 6.300802195 

7.190047426 6.293506507 
7.04051321 6.300802195 

2.507572411 3.843317281 
2.570449088 3.768170025 

2.609373734 3.729498372 
2.570449088 3.768170025 

3.935968728 2.562637153 
3.814495294 2.58841354 

3.71795963 2.623612179 
3.814495294 2.58841354 

1.641803309 7.023239526 
1.785570744 6.93642317 

1.930285812 6.877491704 
1.785570744 6.93642317 

3.748801498 0.8709351715 
3.629186049 0.9476337203 

3.450800062 1.005652369 
3.629186049 0.9476337203 

0.3151328401 8.141160921 
0.4505219107 8.173891014 

0.5587941823 8.147939407 
0.4505219107 8.173891014 

3.502665369 3.226180291 
3.491094568 3.436534849 

3.46518442 3.584421667 
3.491094568 3.436534849 

2.441306773 6.999792111 
2.581908473 7.168489297 

2.657408161 7.321372972 
2.581908473 7.168489297 

4.560466165 6.111270526 
4.451000444 6.095292444 

4.362478141 6.084013065 
4.451000444 6.095292444 

2.956490721 2.9046795 
3.048449021 3.089823995 

3.131793258 3.280231353 
3.048449021 3.089823995 

3.30029125 8.926951429 
3.187435144 8.826723832 

3.090170407 8.715652921 
3.187435144 8.826723832 

0.9674931698 7.463820162 
1.16170572 7.593655744 

1.308519823 7.746810811 
1.16170572 7.593655744 

2.157488857 6.688338088 
2.228241134 6.533552736 

2.333960007 6.412426176 
2.228241134 6.533552736 

2.63989243 2.657884612 
2.677040506 2.905898115 

2.366436257 8.303572942 
2.214755859 8.192697738 

2.997028289 1.329752373 
2.970215563 1.387763806 

2.872942046 1.434280761 
2.970215563 1.387763806 

4.508385108 2.400410317 
4.585304867 2.594740993 

2.615964749 7.063491826 
2.54848835 7.050156486 

2.441306773 6.999792111 
2.54848835 7.050156486 

1.009440537 7.643749516 
1.16170572 7.593655744 

1.315034925 8.427844503 
1.419696251 8.407587243 

1.511433046 8.396188979 
1.419696251 8.407587243 

3.217853124 2.906002511 
3.048449021 3.089823995 

3.141424202 2.664257152 
3.187026407 2.748785052 

7.155537105 5.166135087 
7.03014275 5.148588335 

6.93363646 5.155322751 
7.03014275 5.148588335 

0.9674931698 7.463820162 
0.8488487223 7.518123608 

0.7141096881 7.605443309 
0.8488487223 7.518123608 

3.305294726 2.385667573 
3.341401728 2.665716801 

5.740654465 6.523595857 
5.721741906 6.426975475 

4.793276215 1.744355089 
4.717545678 1.823396346 

2.046369062 5.920234819 
2.158997569 5.964747423 

2.195333076 6.031448092 
2.158997569 5.964747423 

7.546575333 6.984820392 
7.437652327 6.900787228 

1.915907078 1.696825449 
2.032938181 1.727683445 

2.150609211 1.699715557 
2.032938181 1.727683445 

3.975030321 1.859099716 
3.857388829 1.846379327 

3.763454109 1.811531533 
3.857388829 1.846379327 

2.189130949 9.194406995 
2.137861794 9.012639951 

2.031010529 8.835950985 
2.137861794 9.012639951 

2.333960007 6.412426176 
2.420034186 6.247566878 

1.640602242 3.280794991 
1.792072967 3.369267923 

1.930839941 3.4695992 
1.792072967 3.369267923 

2.677040506 2.905898115 
2.734127218 2.855282827 

6.948235767 6.600993911 
7.117911773 6.587930137 

7.262126859 6.528949253 
7.117911773 6.587930137 

4.569719594 7.270400007 
4.645477943 7.294781623 

4.71943402 7.299101149 
4.645477943 7.294781623 

6.431323786 6.02032916 
6.529128394 6.040802118 

6.546624702 6.110135303 
6.529128394 6.040802118 

2.022294146 7.035361135 
2.186125171 7.152191322 

1.246035125 6.216006595 
1.164798267 6.385193171 

1.108529141 6.569139795 
1.164798267 6.385193171 

0.7848255726 6.555338116 
0.7976451207 6.48143954 

2.022294146 7.035361135 
2.038792975 7.139979867 

2.093018411 7.263111898 
2.038792975 7.139979867 

3.103357131 7.043206588 
3.016348547 6.920817082 

5.625096928 4.628178659 
5.77968133 4.689676158 

5.88045388 4.751595156 
5.77968133 4.689676158 

4.197623502 6.251047511 
4.362478141 6.084013065 

4.371136859 0.9648546511 
4.407777879 0.9102176999 

1.665609246 7.863854269 
1.445113959 7.912199735 

0.3151328401 8.141160921 
0.5672364852 8.075494816 

0.8314606678 7.995519541 
0.5672364852 8.075494816 

2.142999002 8.369146159 
2.001473734 8.405721167 

6.079310668 6.595257441 
6.167227385 6.657601216 

6.220063259 6.732158574 
6.167227385 6.657601216 

2.465598575 2.554212405 
2.476585311 2.346060301 

2.642715032 8.486510248 
2.70841227 8.472873487 

2.788551297 8.472790806 
2.70841227 8.472873487 

1.246035125 6.216006595 
1.143250003 6.142615916 

2.441452926 8.042275508 
2.579693063 8.023091518 

2.704150235 7.967622255 
2.579693063 8.023091518 

4.661446252 3.07477905 
4.380335569 2.861194909 

4.859370384 2.925510464 
4.754828116 2.96745915 

2.564804908 7.834301068 
2.592824882 7.597943161 

5.89894656 5.555963519 
5.984721687 5.588508478 

6.065088633 5.64271353 
5.984721687 5.588508478 

1.384531835 7.239855779 
1.477323691 7.381086966 

1.590485063 7.492167575 
1.477323691 7.381086966 

4.969231608 6.364933773 
5.176064332 6.233526557 

2.75980299 0.8316034362 
2.856216439 0.8799779339 

7.454305209 5.48766661 
7.51510889 6.004352065 

7.56069737 6.492726173 
7.51510889 6.004352065 

2.128327811 7.415924849 
2.082441191 7.506215173 

2.087399411 7.561825054 
2.082441191 7.506215173 

5.943174601 5.716034483 
5.984721687 5.588508478 

4.554421143 1.822941326 
4.356817925 1.875184263 

4.14966861 1.927294406 
4.356817925 1.875184263 

5.183702559 6.42842286 
5.192849216 6.315421559 

5.176064332 6.233526557 
5.192849216 6.315421559 

4.110011054 0.5858874495 
4.012860046 0.6818715867 

3.930848544 0.7694023413 
4.012860046 0.6818715867 

1.547289925 1.763388961 
1.561983652 1.835688644 

1.588721951 1.9121878 
1.561983652 1.835688644 

1.874058941 8.83922746 
1.759849541 8.692079337 

1.632461256 8.579413006 
1.759849541 8.692079337 

1.327490085 6.580926585 
1.45443922 6.646290332 

5.69915932 7.353672539 
5.757818816 7.478011374 

5.846229023 7.572552495 
5.757818816 7.478011374 

2.137861794 9.012639951 
2.377230515 8.863466885 

6.551178827 6.899642561 
6.675874322 6.837810171 

6.798523677 6.811200235 
6.675874322 6.837810171 

4.754828116 2.96745915 
4.681646425 2.972545561 

2.057468687 9.069611051 
2.137861794 9.012639951 

1.618910325 6.653385928 
1.64409359 6.529750262 

1.667095883 6.387752401 
1.64409359 6.529750262 

6.485701126 4.986685111 
6.4362612 4.913895089 

6.36022118 4.877729482 
6.4362612 4.913895089 

5.040652254 5.178655762 
4.977911149 5.300180237 

4.924154818 5.409644542 
4.977911149 5.300180237 

5.688316045 7.585081076 
5.757818816 7.478011374 

0.4107645701 6.740701656 
0.5516297672 6.804365608 

0.6947193356 6.871239829 
0.5516297672 6.804365608 

7.078748045 7.881416912 
6.917820796 7.806752162 

7.078748045 7.881416912 
7.194418635 7.824833103 

7.318035744 7.767480128 
7.194418635 7.824833103 

1.246035125 6.216006595 
1.396057277 6.07493373 

5.183702559 6.42842286 
5.166677717 6.560884645 

1.256961387 9.330595844 
1.278884222 9.233175164 

1.857581624 7.454574223 
1.887589315 7.567792743 

1.891737195 7.686794518 
1.887589315 7.567792743 

2.424224158 2.188444796 
2.357208684 2.372625864 

4.994237208 8.034271807 
5.08884659 8.081285416 

1.949155768 7.579537992 
1.887589315 7.567792743 

2.441306773 6.999792111 
2.6727215 6.918032492 

2.894302963 6.820915719 
2.6727215 6.918032492 

6.279536479 6.606839652 
6.193345897 6.537131318 

2.366436257 8.303572942 
2.435430381 8.459536432 

2.50016091 8.602392732 
2.435430381 8.459536432 

3.217853124 2.906002511 
2.956490721 2.9046795 

3.217853124 2.906002511 
3.20724724 2.821002965 

3.187026407 2.748785052 
3.20724724 2.821002965 

5.69915932 7.353672539 
5.559203997 7.515038511 

5.439890092 7.661524368 
5.559203997 7.515038511 

1.646208984 6.060181431 
1.683381661 5.995773672 

3.252851158 0.2320535631 
3.317706882 0.3086564911 

3.390787769 0.3602237577 
3.317706882 0.3086564911 

2.424224158 2.188444796 
2.278085388 2.14561328 

2.129101813 2.107587371 
2.278085388 2.14561328 

2.31657587 7.353122595 
2.128327811 7.415924849 

4.843198992 5.840070005 
4.964258821 5.865845433 

5.087364838 5.932812583 
4.964258821 5.865845433 

1.147269951 6.296818455 
1.130341819 6.250912793 

1.635595318 2.193335373 
1.505408461 2.256200518 

4.488549223 0.8327918465 
4.446295566 0.8744103612 

4.407777879 0.9102176999 
4.446295566 0.8744103612 

0.7761054631 6.386077772 
0.7869425388 6.433429312 

0.7976451207 6.48143954 
0.7869425388 6.433429312 

2.971025301 3.376552902 
3.219929427 3.519963338 

4.362478141 6.084013065 
4.291230177 5.989959522 

1.130341819 6.250912793 
1.136941775 6.227677768 

3.409283936 1.848403673 
3.312672875 1.97787179 

5.625096928 4.628178659 
5.648188704 4.736378578 

5.66323839 4.834063672 
5.648188704 4.736378578 

3.390633941 6.459913862 
3.307099087 6.382749579 

3.244705468 6.291680013 
3.307099087 6.382749579 

7.019563102 5.276495654 
7.03014275 5.148588335 

1.009440537 7.643749516 
0.8488487223 7.518123608 

2.292120658 5.8968772 
2.414543966 5.877612973 

0.7708604771 8.138406118 
0.8314606678 7.995519541 

1.665609246 7.863854269 
1.556808169 7.990251618 

1.440036754 8.124195818 
1.556808169 7.990251618 

6.553255018 8.237040878 
6.611906523 8.221537203 

6.660466612 8.249888378 
6.611906523 8.221537203 

4.734982694 6.306342169 
4.826346422 6.410057244 

1.318570237 2.304966045 
1.427558599 2.284723183 

1.505408461 2.256200518 
1.427558599 2.284723183 

5.774426267 6.867192922 
5.624126868 6.925091009 

5.49228508 7.019476498 
5.624126868 6.925091009 

1.45443922 6.646290332 
1.599260339 6.889272899 

4.301755599 7.295477175 
4.311607285 7.159338238 

2.891006959 7.207008209 
2.922093827 7.096255031 

2.935375489 7.008148748 
2.922093827 7.096255031 

3.141424202 2.664257152 
3.068907 2.65259088 

1.45443922 6.646290332 
1.537088484 6.650523105 

1.618910325 6.653385928 
1.537088484 6.650523105 

6.048691409 6.484381523 
6.193345897 6.537131318 

5.123145338 6.719086693 
5.147595725 6.6429966 

5.166677717 6.560884645 
5.147595725 6.6429966 

4.765542591 6.826368196 
4.709589636 6.644469498 

4.647742062 6.478641077 
4.709589636 6.644469498 

6.167227385 6.657601216 
6.279536479 6.606839652 

2.987356518 0.7837586768 
2.829437297 0.6105316228 

1.867160477 3.404750473 
1.792072967 3.369267923 

1.488278191 5.902156876 
1.475308528 6.003273442 

1.396057277 6.07493373 
1.475308528 6.003273442 

6.23636025 5.859916154 
6.253074622 5.748802665 

6.274313449 5.644497566 
6.253074622 5.748802665 

5.182701525 8.068454971 
5.135054332 8.084810722 

5.08884659 8.081285416 
5.135054332 8.084810722 

7.620739431 6.847561351 
7.574260229 6.907612809 

7.546575333 6.984820392 
7.574260229 6.907612809 

3.083326538 6.100531536 
3.126802356 6.155983167 

3.170278173 6.211434799 
3.126802356 6.155983167 

1.966013078 6.136146106 
2.046369062 5.920234819 

2.414543966 5.877612973 
2.482908786 5.864525889 

7.205701872 7.548191328 
7.198878175 7.495539012 

7.244266961 7.452008454 
7.198878175 7.495539012 

4.299723166 6.972730554 
4.291773149 7.08802887 

4.311607285 7.159338238 
4.291773149 7.08802887 

5.042054597 6.572511351 
5.166677717 6.560884645 

4.006298042 1.443546343 
3.956873881 1.510780214 

3.915603229 1.589445285 
3.956873881 1.510780214 

6.279536479 6.606839652 
6.372766777 6.68645228 

5.909678587 6.546098594 
5.966735507 6.500012329 

6.048691409 6.484381523 
5.966735507 6.500012329 

2.632540938 3.181775852 
2.651545475 3.047667533 

2.677040506 2.905898115 
2.651545475 3.047667533 

2.431401715 2.057685556 
2.278085388 2.14561328 

2.047689501 7.661494462 
2.09045251 7.713366533 

2.133566708 7.769279734 
2.09045251 7.713366533 

7.56069737 6.492726173 
7.57608251 6.247664726 

5.439448507 5.699642615 
5.328386897 5.70312747 

5.204943775 5.685408368 
5.328386897 5.70312747 

2.760704555 1.641489444 
2.633715445 1.576327463 

2.029647178 8.041844869 
2.19272908 7.96698233 

2.355584696 7.887221951 
2.19272908 7.96698233 

3.584080816 0.7905990678 
3.629186049 0.9476337203 

4.969231608 6.364933773 
5.012457647 6.482167481 

5.042054597 6.572511351 
5.012457647 6.482167481 

2.829437297 0.6105316228 
2.760873913 0.5235375906 

2.675110717 0.4464648654 
2.760873913 0.5235375906 

0.5886227738 7.308768276 
0.5187520104 7.389227147 

0.4271762845 7.468987621 
0.5187520104 7.389227147 

4.179150273 5.899656178 
4.241504498 5.942041126 

4.291230177 5.989959522 
4.241504498 5.942041126 

3.038402618 1.552466637 
2.970215563 1.387763806 

2.359229155 1.592003949 
2.592377412 1.639029601 

6.71532352 7.957955457 
6.811811275 7.879832355 

6.917820796 7.806752162 
6.811811275 7.879832355 

6.872865225 7.980292066 
6.811811275 7.879832355 

3.217853124 2.906002511 
3.108482201 2.837560729 

3.008966637 2.73127998 
3.108482201 2.837560729 

4.661446252 3.07477905 
4.672182155 3.017102002 

4.681646425 2.972545561 
4.672182155 3.017102002 

3.534130183 2.197210625 
3.417706504 2.077759429 

7.177413277 5.916879516 
7.035518839 5.957028931 

6.90249678 6.003477563 
7.035518839 5.957028931 

5.577434888 5.37451742 
5.430515443 5.463145871 

5.292692537 5.544352949 
5.430515443 5.463145871 

4.299723166 6.972730554 
4.444773492 7.140244392 

3.534130183 2.197210625 
3.433748743 2.222408747 

3.327209567 2.217998493 
3.433748743 2.222408747 

4.346771124 3.098547309 
4.360164867 2.965694166 

4.380335569 2.861194909 
4.360164867 2.965694166 

3.740509748 8.559111746 
3.437173827 8.437195606 

3.126742845 8.310687659 
3.437173827 8.437195606 

5.846229023 7.572552495 
6.185101599 7.483580091 

5.846229023 7.572552495 
5.763983474 7.572310978 

5.688316045 7.585081076 
5.763983474 7.572310978 

1.385141314 2.693087706 
1.445741781 2.650527234 

1.506398695 2.607039968 
1.445741781 2.650527234 

2.68352165 6.594272615 
2.717458043 6.56735007 

2.751394435 6.540427525 
2.717458043 6.56735007 

6.036472313 5.860335514 
6.170323784 5.87562673 

1.752217804 9.305414075 
1.863584985 9.260362794 

1.982448303 9.224986318 
1.863584985 9.260362794 

2.633715445 1.576327463 
2.592377412 1.639029601 

1.352841353 9.070800564 
1.19169713 9.007098421 

7.081942499 7.188284598 
7.08176418 7.061825547 

7.064220494 6.941620044 
7.08176418 7.061825547 

4.519679392 3.350911163 
4.392915657 3.467425308 

4.261012275 3.589188938 
4.392915657 3.467425308 

2.890645703 2.264836325 
2.810620516 2.182590658 

2.730314041 2.101261216 
2.810620516 2.182590658 

6.898795619 6.133529141 
7.04051321 6.300802195 

6.898795619 6.133529141 
6.798157164 6.125309745 

6.698127138 6.116705202 
6.798157164 6.125309745 

6.984178023 5.889545178 
7.035518839 5.957028931 

7.155537105 5.166135087 
7.081710816 5.21207641 

7.019563102 5.276495654 
7.081710816 5.21207641 

2.62740632 9.484576712 
2.610549109 9.337928253 

2.593691897 9.191279794 
2.610549109 9.337928253 

4.474543103 5.767344557 
4.241504498 5.942041126 

3.128722849 7.639332981 
3.003864439 7.917867684 

3.102203412 0.3011981838 
3.173567552 0.2432367967 

3.252851158 0.2320535631 
3.173567552 0.2432367967 

5.51162551 6.019306411 
5.439448507 5.699642615 

4.488549223 0.8327918465 
4.293504364 0.8944378781 

2.651941214 3.451063047 
2.651884245 3.668891504 

3.764071402 1.402161313 
4.006298042 1.443546343 

4.079563985 0.9699632506 
4.18585241 0.9324835731 

4.293504364 0.8944378781 
4.18585241 0.9324835731 

3.764071402 1.402161313 
3.699464772 1.498588701 

3.6197515 1.601783467 
3.699464772 1.498588701 

7.56069737 6.492726173 
7.626115339 6.309319229 

7.626115339 6.309319229 
7.658824323 6.217615757 

7.691533307 6.125912286 
7.658824323 6.217615757 

3.108482201 2.837560729 
2.956490721 2.9046795 

2.6727215 6.918032492 
2.615964749 7.063491826 

3.375066798 6.733453321 
3.38285037 6.596683592 

3.390633941 6.459913862 
3.38285037 6.596683592 

3.513150574 0.4664569623 
3.424324495 0.4909304397 

3.335232749 0.5163354801 
3.424324495 0.4909304397 

3.627440758 3.257814423 
3.567111846 3.257155505 

2.580320548 0.4354238836 
2.627073628 0.4395167865 

2.675110717 0.4464648654 
2.627073628 0.4395167865 

6.948235767 6.600993911 
6.86225435 6.555885348 

6.733643316 6.516588607 
6.86225435 6.555885348 

7.381267072 7.305117432 
7.463921202 7.144968912 

7.546575333 6.984820392 
7.463921202 7.144968912 

4.826346422 6.410057244 
5.012457647 6.482167481 

1.136941775 6.227677768 
1.140362431 6.198593418 

5.966735507 6.500012329 
5.873023632 6.422304288 

3.502665369 3.226180291 
3.534888607 3.241667898 

3.567111846 3.257155505 
3.534888607 3.241667898 

3.740509748 8.559111746 
3.766751808 8.406430784 

2.934783784 2.048842351 
2.810620516 2.182590658 

6.611612085 5.685185873 
6.525555687 5.835976486 

6.431323786 6.02032916 
6.525555687 5.835976486 

3.766751808 8.406430784 
3.753215836 8.318269947 

3.739679863 8.230109111 
3.753215836 8.318269947 

1.922044715 1.318864444 
1.79937593 1.409884431 

2.651941214 3.451063047 
2.582260862 3.650194695 

3.377511873 8.389406378 
3.437173827 8.437195606 

1.75912256 7.608695243 
1.810246324 7.522981851 

1.857581624 7.454574223 
1.810246324 7.522981851 

5.010650028 5.688074106 
4.964258821 5.865845433 

1.93188365 2.895525075 
1.969824966 2.72939068 

2.017744835 2.573702147 
1.969824966 2.72939068 

4.569719594 7.270400007 
4.508034068 7.205128394 

4.444773492 7.140244392 
4.508034068 7.205128394 

1.445113959 7.912199735 
1.556808169 7.990251618 

5.243623766 7.228320401 
5.367954423 7.12389845 

5.49228508 7.019476498 
5.367954423 7.12389845 

2.790676688 0.9736059621 
2.680341607 0.9551483938 

2.570006526 0.9366908256 
2.680341607 0.9551483938 

2.333960007 6.412426176 
2.150242991 6.274104802 

1.966013078 6.136146106 
2.150242991 6.274104802 

3.906807697 6.812445266 
4.0185787 6.778186649 

4.132776133 6.747079957 
4.0185787 6.778186649 

3.30029125 8.926951429 
3.232152835 8.953114786 

3.162723022 8.979256049 
3.232152835 8.953114786 

1.122511195 9.27028286 
1.156723582 9.138437724 

1.19169713 9.007098421 
1.156723582 9.138437724 

2.603295454 5.868537843 
2.54310212 5.866531866 

2.482908786 5.864525889 
2.54310212 5.866531866 

3.312672875 1.97787179 
3.214885339 2.114132626 

1.685155068 8.156053055 
1.556808169 7.990251618 

4.288088135 1.575777793 
4.288676691 1.479492242 

4.289265247 1.38320669 
4.288676691 1.479492242 

1.143250003 6.142615916 
1.141806217 6.170604667 

1.140362431 6.198593418 
1.141806217 6.170604667 

2.704150235 7.967622255 
2.807549631 7.861039704 

2.913736753 7.743166874 
2.807549631 7.861039704 

5.104296789 2.336300269 
5.077789008 2.442828243 

5.051281228 2.549356217 
5.077789008 2.442828243 

1.974101838 3.339190289 
2.004178495 3.45844823 

2.507572411 3.843317281 
2.544916637 3.746755988 

2.582260862 3.650194695 
2.544916637 3.746755988 

3.00143076 9.070691354 
2.876951785 9.104523528 

2.752472809 9.138355703 
2.876951785 9.104523528 

0.9677528481 6.988086323 
1.146355756 7.154166053 

2.366436257 8.303572942 
2.254717629 8.33635955 

2.142999002 8.369146159 
2.254717629 8.33635955 

2.71407242 2.262313622 
2.810620516 2.182590658 

2.894302963 6.820915719 
2.955325755 6.8708664 

3.016348547 6.920817082 
2.955325755 6.8708664 

