3.210182296 0.8992795591 
2.963479017 1.734646305 

2.963479017 1.734646305 
3.573391202 1.766846538 

3.735502762 7.530428799 
2.913662296 7.743207843 

4.467546798 2.718208032 
4.522515378 3.348344924 

2.022994038 8.046266648 
2.133422358 7.772973246 

5.042265745 6.573684368 
4.764415919 6.827163404 

2.762570691 8.844278764 
3.299836396 8.927242275 

2.022994038 8.046266648 
1.985257707 8.212928944 

4.754528885 4.760345426 
4.471534652 4.504793822 

2.963479017 1.734646305 
3.191178149 1.880383977 

6.382964374 6.432371612 
6.697730304 6.116650297 

5.929878225 6.767533013 
6.087874179 6.597637174 

2.86671985 2.455986966 
3.091695966 2.334046312 

6.905412492 6.004020778 
6.697730304 6.116650297 

0.8048225216 7.180922632 
0.4107645701 6.740701656 

1.64240651 7.02575649 
1.386392058 7.24016274 

3.748801498 0.8709351715 
3.764071402 1.402161313 

7.547386945 6.481859151 
6.946183713 7.068599229 

6.382964374 6.432371612 
6.732579121 6.520024583 

1.440036754 8.124195818 
1.307097689 7.745974016 

1.665609246 7.863854269 
1.895181477 7.684489024 

6.48156666 5.261994333 
6.610335217 5.682898128 

4.467546798 2.718208032 
5.050927603 2.551599308 

6.063093877 7.076051108 
5.929878225 6.767533013 

7.547386945 6.481859151 
6.9135134 6.337963004 

6.697730304 6.116650297 
6.9135134 6.337963004 

3.336728319 2.212889151 
3.091695966 2.334046312 

3.766219235 1.833329333 
3.573391202 1.766846538 

4.194777029 4.146324099 
4.040599113 3.831974363 

7.381267072 7.305117432 
6.814743708 7.366713822 

5.510758618 6.020698142 
5.830602295 6.079022357 

4.471534652 4.504793822 
4.340947333 4.341108605 

4.194777029 4.146324099 
4.340947333 4.341108605 

2.651419847 2.654553378 
2.86671985 2.455986966 

2.412008099 7.694666487 
2.594239928 7.597730941 

6.905412492 6.004020778 
7.310267195 6.125471556 

5.249665674 7.226949269 
4.809381613 7.433492554 

6.063093877 7.076051108 
5.699746416 7.350451936 

1.93188365 2.895525075 
2.441099284 3.253312435 

2.522301505 1.967156375 
2.730314041 2.101261216 

4.647742062 6.478641077 
4.368262414 6.642505433 

1.632461256 8.579413006 
1.511984206 8.904630825 

2.744926092 8.249755075 
2.913662296 7.743207843 

2.730314041 2.101261216 
2.159893883 2.310987912 

2.159893883 2.310987912 
2.299036622 2.425408668 

5.699746416 7.350451936 
5.737595514 7.026836714 

0.7140408936 7.595812937 
1.019951948 7.635993273 

1.307097689 7.745974016 
1.019951948 7.635993273 

6.814743708 7.366713822 
6.946183713 7.068599229 

4.186196123 2.341287518 
4.508385108 2.400410317 

1.64240651 7.02575649 
1.188156109 6.932491527 

2.081382851 7.262100377 
2.116225244 7.418256114 

1.547289925 1.763388961 
2.159893883 2.310987912 

6.555439897 6.939680677 
7.155768062 6.670648124 

1.188156109 6.932491527 
0.8048225216 7.180922632 

6.814743708 7.366713822 
6.918745854 7.808541196 

5.042265745 6.573684368 
5.183702559 6.42842286 

5.584608768 7.691040144 
5.756411263 7.76862654 

6.06341232 7.883344605 
5.756411263 7.76862654 

7.155768062 6.670648124 
6.946183713 7.068599229 

3.131793258 3.280231353 
2.971025301 3.376552902 

2.50016091 8.602392732 
2.744926092 8.249755075 

1.665609246 7.863854269 
1.08841677 8.060019462 

2.116225244 7.418256114 
1.865647879 7.442654204 

3.63439654 2.079093453 
3.766219235 1.833329333 

2.507572411 3.843317281 
2.441099284 3.253312435 

6.610335217 5.682898128 
6.905412492 6.004020778 

3.191178149 1.880383977 
3.40906691 1.859218563 

2.744926092 8.249755075 
3.126742845 8.310687659 

5.699746416 7.350451936 
6.06341232 7.883344605 

3.083326538 6.100531536 
2.739124499 6.295747208 

1.254554584 8.758662841 
1.511984206 8.904630825 

1.440036754 8.124195818 
1.656175991 8.317646352 

4.647742062 6.478641077 
5.183702559 6.42842286 

3.210182296 0.8992795591 
3.44977967 1.004916342 

4.467546798 2.718208032 
4.508385108 2.400410317 

4.921758412 1.680402572 
4.153203964 1.927299322 

3.63439654 2.079093453 
4.153203964 1.927299322 

6.324310602 7.979226722 
6.202225062 7.36274313 

6.063093877 7.076051108 
6.202225062 7.36274313 

3.210182296 0.8992795591 
3.1032746 0.3046888818 

2.441099284 3.253312435 
2.372062474 3.428068206 

7.155768062 6.670648124 
6.943193005 6.606767229 

4.508385108 2.400410317 
4.792284718 2.414248243 

5.589854919 6.49373877 
5.741510068 6.52405508 

0.8048225216 7.180922632 
0.9681171958 7.464681311 

2.963479017 1.734646305 
2.826785212 1.562950238 

1.188156109 6.932491527 
1.246378703 6.218443068 

3.126742845 8.310687659 
3.071375331 8.056402475 

4.181550974 5.898743775 
4.20014469 6.249963324 

3.906807697 6.812445266 
4.20014469 6.249963324 

3.764071402 1.402161313 
3.915603229 1.589445285 

0.3151328401 8.141160921 
0.7182505581 8.322385931 

5.577434888 5.37451742 
5.439448507 5.699642615 

3.63439654 2.079093453 
3.533682794 2.197191544 

7.454305209 5.48766661 
6.921076846 5.672627515 

1.849440818 8.853725303 
1.598821557 9.060049867 

1.122511195 9.27028286 
1.598821557 9.060049867 

6.943193005 6.606767229 
6.555439897 6.939680677 

5.830602295 6.079022357 
6.109567035 5.974541893 

3.210182296 0.8992795591 
3.169663528 1.32504797 

3.573391202 1.766846538 
3.169663528 1.32504797 

6.27274499 5.645954867 
6.135968313 5.334489188 

0.4107645701 6.740701656 
1.003054801 6.769808616 

1.188156109 6.932491527 
1.003054801 6.769808616 

5.249665674 7.226949269 
5.737595514 7.026836714 

4.764415919 6.827163404 
4.913967752 6.870653835 

3.299836396 8.927242275 
3.234130479 8.576775195 

6.9135134 6.337963004 
6.732579121 6.520024583 

2.522301505 1.967156375 
2.333154929 1.73122921 

2.159893883 2.310987912 
2.126972715 2.10770682 

1.319753316 2.305857254 
1.644799783 2.29099925 

6.063093877 7.076051108 
6.236783397 6.927273445 

5.929878225 6.767533013 
6.236783397 6.927273445 

2.594239928 7.597730941 
2.31347317 7.352984626 

2.052628115 8.497405528 
2.029330276 8.836405579 

6.946183713 7.068599229 
6.786615752 6.799008637 

2.412008099 7.694666487 
2.440069697 8.044581513 

2.373019276 8.318363244 
2.440069697 8.044581513 

7.318035744 7.767480128 
6.918745854 7.808541196 

3.748801498 0.8709351715 
3.584080816 0.7905990678 

4.750856104 5.643384802 
4.850623744 5.838787953 

3.091695966 2.334046312 
3.516013202 2.621383834 

2.367721874 0.9069145763 
2.256967667 0.6569602861 

7.310267195 6.125471556 
7.190761963 6.292919326 

4.372470362 7.646118393 
4.301755599 7.295477175 

4.301755599 7.295477175 
4.569767859 7.268531024 

1.849440818 8.853725303 
2.029330276 8.836405579 

6.324310602 7.979226722 
5.558746763 7.973057379 

7.185943141 5.171932999 
7.08885677 5.375075624 

5.558746763 7.973057379 
5.584608768 7.691040144 

1.08841677 8.060019462 
1.307097689 7.745974016 

0.3151328401 8.141160921 
0.63890868 7.979642259 

2.913662296 7.743207843 
2.440069697 8.044581513 

4.451104568 1.330015676 
3.915603229 1.589445285 

5.634690334 4.969783059 
5.512042642 4.778532549 

5.13764806 4.806466573 
5.512042642 4.778532549 

5.737595514 7.026836714 
5.4953779 7.019459679 

3.126742845 8.310687659 
3.234130479 8.576775195 

6.087874179 6.597637174 
6.039741304 6.327347368 

5.830602295 6.079022357 
6.039741304 6.327347368 

2.50016091 8.602392732 
2.60147774 8.905800358 

3.1032746 0.3046888818 
3.343718159 0.7041074479 

3.44977967 1.004916342 
3.343718159 0.7041074479 

3.670985721 3.03513896 
3.753218777 3.274457329 

2.507572411 3.843317281 
2.372062474 3.428068206 

2.126972715 2.10770682 
2.730314041 2.101261216 

4.181550974 5.898743775 
4.734279727 6.304926214 

5.042265745 6.573684368 
4.734279727 6.304926214 

1.845763268 6.305970419 
1.618910325 6.653385928 

1.845763268 6.305970419 
1.966013078 6.136146106 

6.202225062 7.36274313 
5.699746416 7.350451936 

2.133422358 7.772973246 
2.253854576 7.506914537 

2.442382185 7.000745689 
2.253854576 7.506914537 

3.234130479 8.576775195 
3.385138263 8.382061759 

2.730314041 2.101261216 
2.424224158 2.188444796 

2.126972715 2.10770682 
1.82171572 2.171509109 

3.935968728 2.562637153 
3.617768236 2.517903374 

3.533682794 2.197191544 
3.617768236 2.517903374 

2.116225244 7.418256114 
2.253854576 7.506914537 

2.857919226 6.655833494 
3.390633941 6.459913862 

7.547386945 6.481859151 
7.263514974 6.528430512 

6.814743708 7.366713822 
6.601452421 7.456826849 

1.665609246 7.863854269 
1.46790073 8.016665764 

7.155768062 6.670648124 
7.414888879 6.649829909 

3.766219235 1.833329333 
4.117499827 1.449094437 

6.039741304 6.327347368 
6.109567035 5.974541893 

1.46790073 8.016665764 
1.440036754 8.124195818 

0.9681171958 7.464681311 
0.4288443572 7.46951717 

2.474974047 6.005855279 
2.69874599 6.124910842 

2.739124499 6.295747208 
2.69874599 6.124910842 

2.744926092 8.249755075 
2.373019276 8.318363244 

2.86671985 2.455986966 
2.900073082 2.265469242 

2.935389424 2.051302298 
2.900073082 2.265469242 

1.188156109 6.932491527 
1.386392058 7.24016274 

2.372062474 3.428068206 
2.172358714 3.354843226 

2.31347317 7.352984626 
2.253854576 7.506914537 

0.9681171958 7.464681311 
1.146355756 7.154166053 

1.188156109 6.932491527 
1.146355756 7.154166053 

4.734279727 6.304926214 
4.647742062 6.478641077 

3.906807697 6.812445266 
3.834908429 7.156777383 

2.632540938 3.181775852 
2.441099284 3.253312435 

2.021825741 7.019382598 
1.935102812 6.86964576 

3.131793258 3.280231353 
3.219929427 3.519963338 

5.13764806 4.806466573 
4.919890519 4.948570934 

4.754528885 4.760345426 
4.919890519 4.948570934 

5.634690334 4.969783059 
5.879066186 4.75298922 

1.019951948 7.635993273 
0.9681171958 7.464681311 

2.358356529 1.348337439 
2.068829779 1.352219389 

2.762570691 8.844278764 
2.60147774 8.905800358 

5.589854919 6.49373877 
5.626779853 6.742875306 

0.7182505581 8.322385931 
0.63890868 7.979642259 

4.301755599 7.295477175 
3.906807697 6.812445266 

6.666489082 8.255822171 
6.677542256 7.962014349 

1.644799783 2.29099925 
1.603974981 2.420266464 

2.744926092 8.249755075 
3.071375331 8.056402475 

1.926641094 1.507637978 
1.915907078 1.696825449 

5.626779853 6.742875306 
5.929878225 6.767533013 

2.963479017 1.734646305 
2.935389424 2.051302298 

4.451104568 1.330015676 
4.550179457 1.614745949 

3.584080816 0.7905990678 
3.513150574 0.4664569623 

4.764415919 6.827163404 
4.541825497 6.966615954 

0.8048225216 7.180922632 
1.146355756 7.154166053 

3.617768236 2.517903374 
3.516013202 2.621383834 

3.336728319 2.212889151 
3.212947735 2.114679064 

1.319753316 2.305857254 
1.603974981 2.420266464 

1.656175991 8.317646352 
1.685155068 8.156053055 

2.675110717 0.4464648654 
2.75980299 0.8316034362 

3.091695966 2.334046312 
2.900073082 2.265469242 

4.467546798 2.718208032 
4.380335569 2.861194909 

2.913662296 7.743207843 
3.341083018 7.970840697 

1.82171572 2.171509109 
1.644799783 2.29099925 

2.857919226 6.655833494 
2.894302963 6.820915719 

2.956490721 2.9046795 
3.007098014 2.730739671 

2.70584066 7.967393553 
2.744926092 8.249755075 

5.584608768 7.691040144 
5.258798636 7.714181389 

0.8048225216 7.180922632 
1.003054801 6.769808616 

4.522515378 3.348344924 
4.557134844 3.132251042 

4.346771124 3.098547309 
4.557134844 3.132251042 

2.62740632 9.484576712 
2.752472809 9.138355703 

2.762570691 8.844278764 
2.752472809 9.138355703 

6.786615752 6.799008637 
6.732579121 6.520024583 

3.735502762 7.530428799 
4.080465619 7.608854508 

4.372470362 7.646118393 
4.080465619 7.608854508 

3.573391202 1.766846538 
3.44080183 1.619709809 

1.926641094 1.507637978 
2.068829779 1.352219389 

3.44977967 1.004916342 
3.584080816 0.7905990678 

6.135968313 5.334489188 
6.302283081 5.440288848 

6.48156666 5.261994333 
6.302283081 5.440288848 

0.73888006 8.831687328 
0.5288157223 8.62663468 

2.963479017 1.734646305 
3.037177867 1.550618006 

4.994237208 8.034271807 
5.439890092 7.661524368 

7.190761963 6.292919326 
7.263514974 6.528430512 

6.905412492 6.004020778 
6.921076846 5.672627515 

1.386392058 7.24016274 
0.9677528481 6.988086323 

3.385138263 8.382061759 
3.535044378 8.341087563 

2.412008099 7.694666487 
2.253854576 7.506914537 

5.899186173 5.556892639 
6.135968313 5.334489188 

1.440036754 8.124195818 
1.511433046 8.396188979 

1.632461256 8.579413006 
1.511433046 8.396188979 

2.744926092 8.249755075 
2.788551297 8.472790806 

5.249665674 7.226949269 
5.258798636 7.714181389 

6.732579121 6.520024583 
6.609546682 6.692634606 

5.439448507 5.699642615 
5.087364838 5.932812583 

2.730314041 2.101261216 
2.935389424 2.051302298 

0.63890868 7.979642259 
0.7140408936 7.595812937 

6.666489082 8.255822171 
7.002932599 8.049978469 

0.63890868 7.979642259 
0.8415604103 7.860744766 

1.019951948 7.635993273 
0.8415604103 7.860744766 

0.9677528481 6.988086323 
1.188156109 6.932491527 

4.550179457 1.614745949 
4.286824793 1.575227579 

4.117499827 1.449094437 
4.286824793 1.575227579 

4.153203964 1.927299322 
3.942541051 2.170026754 

1.603974981 2.420266464 
1.525849587 2.466771232 

3.271058393 3.918381503 
3.189365909 3.627565697 

2.971025301 3.376552902 
3.189365909 3.627565697 

5.183702559 6.42842286 
4.969231608 6.364933773 

4.734279727 6.304926214 
4.969231608 6.364933773 

4.750856104 5.643384802 
5.161809927 5.437479205 

1.664913097 6.389158399 
1.845763268 6.305970419 

3.037177867 1.550618006 
2.826785212 1.562950238 

2.904278775 7.21470245 
2.649207484 7.320388296 

2.739124499 6.295747208 
2.78623507 6.470074518 

1.003054801 6.769808616 
1.109697755 6.569457469 

1.618910325 6.653385928 
1.188156109 6.932491527 

3.169663528 1.32504797 
2.993443961 1.324906145 

3.037177867 1.550618006 
2.993443961 1.324906145 

1.246378703 6.218443068 
1.322651716 6.58915836 

0.7140408936 7.595812937 
0.5249651579 7.668933813 

7.414888879 6.649829909 
7.263514974 6.528430512 

4.522515378 3.348344924 
4.885965056 2.925049322 

5.050927603 2.551599308 
4.885965056 2.925049322 

2.333960007 6.412426176 
2.739124499 6.295747208 

6.303954315 4.782654416 
6.024142686 4.824786973 

5.879066186 4.75298922 
6.024142686 4.824786973 

3.210182296 0.8992795591 
3.343718159 0.7041074479 

1.962926207 0.7828889488 
1.872256769 1.060988356 

6.786615752 6.799008637 
6.609546682 6.692634606 

1.08841677 8.060019462 
0.7708604771 8.138406118 

2.651419847 2.654553378 
3.007098014 2.730739671 

5.4953779 7.019459679 
5.683175318 6.889054455 

5.626779853 6.742875306 
5.683175318 6.889054455 

4.554421143 1.822941326 
4.718733902 1.822290051 

4.921758412 1.680402572 
4.718733902 1.822290051 

1.511984206 8.904630825 
1.352841353 9.070800564 

4.913967752 6.870653835 
4.956547285 7.136197122 

2.60147774 8.905800358 
2.752472809 9.138355703 

4.919890519 4.948570934 
4.828685488 5.150838177 

6.610335217 5.682898128 
6.881877188 5.380688517 

4.828685488 5.150838177 
4.474419995 5.284679535 

1.254554584 8.758662841 
1.511433046 8.396188979 

6.921076846 5.672627515 
6.881877188 5.380688517 

4.079563985 0.9699632506 
4.118007674 0.8312230825 

2.826785212 1.562950238 
2.592377412 1.639029601 

2.333154929 1.73122921 
2.592377412 1.639029601 

3.735502762 7.530428799 
3.341083018 7.970840697 

3.735502762 7.530428799 
3.67106784 7.888122664 

2.935389424 2.051302298 
3.144413156 2.179221348 

4.994237208 8.034271807 
4.961360431 7.647197565 

4.809381613 7.433492554 
4.961360431 7.647197565 

4.569767859 7.268531024 
4.541825497 6.966615954 

2.522301505 1.967156375 
2.592377412 1.639029601 

3.753218777 3.274457329 
3.626864073 3.255457376 

1.592328254 7.491615893 
1.865647879 7.442654204 

2.440069697 8.044581513 
2.239061041 8.084183951 

3.347266469 7.008782674 
3.102521968 7.044403566 

2.904278775 7.21470245 
3.102521968 7.044403566 

1.895181477 7.684489024 
2.057853339 7.660025487 

3.083326538 6.100531536 
2.69874599 6.124910842 

5.080754261 2.127828515 
4.918820434 1.986281836 

4.734279727 6.304926214 
4.571937243 6.103086358 

2.189130949 9.194406995 
2.377230515 8.863466885 

2.50016091 8.602392732 
2.377230515 8.863466885 

1.64240651 7.02575649 
1.723976122 7.346253934 

4.117499827 1.449094437 
4.486083114 0.8366995485 

7.381267072 7.305117432 
7.194432456 7.080632256 

3.126742845 8.310687659 
2.788551297 8.472790806 

2.788551297 8.472790806 
3.015341086 8.6444924 

1.386392058 7.24016274 
1.723976122 7.346253934 

2.632540938 3.181775852 
2.651941214 3.451063047 

6.881877188 5.380688517 
7.08885677 5.375075624 

4.792284718 2.414248243 
4.585304867 2.594740993 

4.467546798 2.718208032 
4.585304867 2.594740993 

3.144413156 2.179221348 
3.212947735 2.114679064 

4.750856104 5.643384802 
4.852826108 5.420369628 

4.486083114 0.8366995485 
4.118007674 0.8312230825 

1.440036754 8.124195818 
1.685155068 8.156053055 

3.63439654 2.079093453 
3.41648567 2.077033555 

6.06341232 7.883344605 
6.068635022 8.170141946 

6.236783397 6.927273445 
6.224166335 6.735492952 

3.091695966 2.334046312 
3.144413156 2.179221348 

3.071375331 8.056402475 
3.341083018 7.970840697 

3.015341086 8.6444924 
3.090170407 8.715652921 

5.439890092 7.661524368 
5.584608768 7.691040144 

2.651419847 2.654553378 
2.733907632 2.853998501 

2.956490721 2.9046795 
2.733907632 2.853998501 

7.547386945 6.481859151 
7.618851128 6.716256343 

3.091695966 2.334046312 
3.060146986 2.503601159 

2.675110717 0.4464648654 
2.395096932 0.6903409805 

2.256967667 0.6569602861 
2.395096932 0.6903409805 

1.664913097 6.389158399 
1.712549454 6.170873788 

3.083326538 6.100531536 
3.092272012 6.324103815 

3.060146986 2.503601159 
2.86671985 2.455986966 

4.994237208 8.034271807 
5.144463675 7.901312698 

5.258798636 7.714181389 
5.144463675 7.901312698 

2.367721874 0.9069145763 
2.456339842 0.7163665926 

2.62740632 9.484576712 
2.536657941 9.131114028 

2.60147774 8.905800358 
2.536657941 9.131114028 

3.44977967 1.004916342 
3.266250642 1.116656869 

3.169663528 1.32504797 
3.266250642 1.116656869 

2.172358714 3.354843226 
2.097834377 3.493701321 

4.117499827 1.449094437 
4.006725441 1.443789518 

1.319753316 2.305857254 
1.525849587 2.466771232 

1.319753316 2.305857254 
1.560568081 2.066334075 

0.7708604771 8.138406118 
0.63890868 7.979642259 

7.310267195 6.125471556 
7.408104474 6.159872213 

4.186196123 2.341287518 
4.467546798 2.718208032 

4.153203964 1.927299322 
4.270186153 2.127646849 

2.456339842 0.7163665926 
2.46169369 0.543843453 

0.9681171958 7.464681311 
1.254291862 7.442476333 

5.042265745 6.573684368 
4.913967752 6.870653835 

1.122511195 9.27028286 
1.380926995 8.676828935 

4.541825497 6.966615954 
4.368262414 6.642505433 

0.9677528481 6.988086323 
0.8048225216 7.180922632 

2.594239928 7.597730941 
2.791411412 7.568713363 

7.190761963 6.292919326 
7.408104474 6.159872213 

2.052628115 8.497405528 
2.142999002 8.369146159 

7.002932599 8.049978469 
6.918745854 7.808541196 

0.4107645701 6.740701656 
0.7162428593 6.623289382 

0.7708604771 8.138406118 
0.7182505581 8.322385931 

0.7182505581 8.322385931 
0.7359088171 8.529623739 

6.27274499 5.645954867 
6.610335217 5.682898128 

7.318035744 7.767480128 
7.205701872 7.548191328 

1.254554584 8.758662841 
1.380926995 8.676828935 

3.271058393 3.918381503 
3.533826123 3.852812679 

3.739157092 3.984978262 
3.533826123 3.852812679 

5.756411263 7.76862654 
5.872758918 7.559746923 

1.08841677 8.060019462 
0.8415604103 7.860744766 

1.254554584 8.758662841 
1.049691956 8.698651381 

2.133422358 7.772973246 
2.239061041 8.084183951 

4.301755599 7.295477175 
3.981564185 7.446904624 

3.735502762 7.530428799 
3.981564185 7.446904624 

2.522301505 1.967156375 
2.684313653 1.80879646 

2.133422358 7.772973246 
2.205738454 7.709799459 

2.412008099 7.694666487 
2.205738454 7.709799459 

3.210182296 0.8992795591 
3.266250642 1.116656869 

6.324310602 7.979226722 
6.468035599 8.209320902 

6.303954315 4.782654416 
6.159075861 5.056489623 

2.913662296 7.743207843 
3.000269112 7.920195176 

3.071375331 8.056402475 
3.000269112 7.920195176 

2.355584696 7.887221951 
2.205738454 7.709799459 

6.732579121 6.520024583 
6.579707709 6.448744731 

4.080465619 7.608854508 
3.981564185 7.446904624 

6.579707709 6.448744731 
6.609546682 6.692634606 

6.27274499 5.645954867 
6.031201319 5.864815065 

5.830602295 6.079022357 
6.031201319 5.864815065 

2.355584696 7.887221951 
2.412008099 7.694666487 

0.7761054631 6.386077772 
1.047282168 6.375608367 

2.424224158 2.188444796 
2.476585311 2.346060301 

5.358026174 6.684130853 
5.626779853 6.742875306 

2.791411412 7.568713363 
2.913662296 7.743207843 

2.70584066 7.967393553 
3.000269112 7.920195176 

4.20014469 6.249963324 
4.571937243 6.103086358 

6.786615752 6.799008637 
6.866797381 6.715182267 

6.943193005 6.606767229 
6.866797381 6.715182267 

4.20014469 6.249963324 
4.250623256 6.47787275 

4.368262414 6.642505433 
4.250623256 6.47787275 

5.737595514 7.026836714 
5.683175318 6.889054455 

5.929878225 6.767533013 
5.683175318 6.889054455 

7.408104474 6.159872213 
7.475537499 6.23283075 

7.08885677 5.375075624 
7.454305209 5.48766661 

2.441099284 3.253312435 
2.384076303 2.928894942 

3.343718159 0.7041074479 
3.584080816 0.7905990678 

4.852826108 5.420369628 
5.161809927 5.437479205 

4.994237208 8.034271807 
5.146999745 7.615076099 

4.186196123 2.341287518 
4.29429781 2.210330842 

4.270186153 2.127646849 
4.29429781 2.210330842 

2.31347317 7.352984626 
2.081382851 7.262100377 

5.510758618 6.020698142 
5.245797605 6.018351162 

5.087364838 5.932812583 
5.245797605 6.018351162 

7.08885677 5.375075624 
7.0270019 5.516156189 

6.921076846 5.672627515 
7.0270019 5.516156189 

3.988966341 3.087543883 
4.13392201 2.862102994 

6.555439897 6.939680677 
6.224166335 6.735492952 

7.263514974 6.528430512 
7.155768062 6.670648124 

6.039741304 6.327347368 
5.870713911 6.415134731 

5.741510068 6.52405508 
5.870713911 6.415134731 

6.109567035 5.974541893 
6.031201319 5.864815065 

1.966013078 6.136146106 
1.798237884 6.0278794 

2.355584696 7.887221951 
2.440069697 8.044581513 

1.307097689 7.745974016 
1.296939853 7.981518571 

4.451104568 1.330015676 
4.358849284 1.185097927 

5.13764806 4.806466573 
5.040652254 5.178655762 

5.909399246 6.545177629 
5.870713911 6.415134731 

1.82171572 2.171509109 
1.560568081 2.066334075 

0.9677528481 6.988086323 
0.6947193356 6.871239829 

6.9135134 6.337963004 
6.579707709 6.448744731 

0.5288157223 8.62663468 
0.656694452 8.556683055 

0.7359088171 8.529623739 
0.656694452 8.556683055 

1.75052897 9.305326479 
1.704604056 9.172016004 

1.598821557 9.060049867 
1.704604056 9.172016004 

3.67106784 7.888122664 
3.535044378 8.341087563 

1.592328254 7.491615893 
1.760205191 7.608363594 

1.895181477 7.684489024 
1.760205191 7.608363594 

1.974101838 3.339190289 
1.930839941 3.4695992 

1.322651716 6.58915836 
1.109697755 6.569457469 

1.511433046 8.396188979 
1.656175991 8.317646352 

2.420034186 6.247566878 
2.195333076 6.031448092 

4.852826108 5.420369628 
5.040652254 5.178655762 

3.335232749 0.5163354801 
3.390787769 0.3602237577 

1.664130176 1.388461232 
1.922044715 1.318864444 

2.068829779 1.352219389 
1.922044715 1.318864444 

2.052628115 8.497405528 
1.632461256 8.579413006 

1.08841677 8.060019462 
1.296939853 7.981518571 

1.845763268 6.305970419 
1.997515387 6.345277007 

1.926641094 1.507637978 
1.922044715 1.318864444 

5.737595514 7.026836714 
5.869141168 7.081325152 

1.82171572 2.171509109 
1.63642726 2.192940335 

4.110011054 0.5858874495 
4.095622791 0.7422947688 

4.118007674 0.8312230825 
4.095622791 0.7422947688 

3.271058393 3.918381503 
3.368898751 3.708831795 

3.219929427 3.519963338 
3.368898751 3.708831795 

5.558746763 7.973057379 
5.441629125 8.158920725 

0.7162428593 6.623289382 
0.7848255726 6.555338116 

2.963479017 1.734646305 
2.684313653 1.80879646 

7.176242523 5.916785646 
7.235499555 5.724404021 

2.097834377 3.493701321 
2.045741659 3.455858018 

1.974101838 3.339190289 
2.045741659 3.455858018 

2.971025301 3.376552902 
2.808336805 3.54953636 

5.183702559 6.42842286 
5.245797605 6.018351162 

3.343718159 0.7041074479 
3.335232749 0.5163354801 

6.555439897 6.939680677 
6.37488253 6.688186396 

6.382964374 6.432371612 
6.37488253 6.688186396 

3.516013202 2.621383834 
3.305717431 2.384529059 

3.336728319 2.212889151 
3.305717431 2.384529059 

3.299836396 8.927242275 
2.872351587 8.693440066 

2.50016091 8.602392732 
2.872351587 8.693440066 

3.573391202 1.766846538 
3.6197515 1.601783467 

5.182701525 8.068454971 
5.144463675 7.901312698 

2.057853339 7.660025487 
2.084808452 7.562301873 

1.93188365 2.895525075 
1.713802129 2.726504676 

2.826785212 1.562950238 
2.876893492 1.445612146 

6.555439897 6.939680677 
6.413627652 6.846040025 

6.236783397 6.927273445 
6.413627652 6.846040025 

3.935968728 2.562637153 
4.186196123 2.341287518 

3.935968728 2.562637153 
3.7007373 2.335676163 

3.63439654 2.079093453 
3.7007373 2.335676163 

2.367721874 0.9069145763 
2.395096932 0.6903409805 

3.219929427 3.519963338 
3.189365909 3.627565697 

2.46169369 0.543843453 
2.395096932 0.6903409805 

1.664913097 6.389158399 
1.322651716 6.58915836 

1.618910325 6.653385928 
1.826076443 6.735757254 

1.865647879 7.442654204 
1.723976122 7.346253934 

5.146999745 7.615076099 
4.961360431 7.647197565 

7.235499555 5.724404021 
7.303889201 5.622867131 

3.67106784 7.888122664 
3.739305047 8.227948065 

1.63642726 2.192940335 
1.644799783 2.29099925 

5.899186173 5.556892639 
5.721727105 5.635639551 

3.336728319 2.212889151 
3.41648567 2.077033555 

7.475537499 6.23283075 
7.531169223 6.216267949 

2.730314041 2.101261216 
2.715389913 2.262352316 

2.86671985 2.455986966 
2.715389913 2.262352316 

5.929878225 6.767533013 
5.73435364 6.665218252 

5.589854919 6.49373877 
5.73435364 6.665218252 

4.181550974 5.898743775 
4.811085796 5.977282822 

5.510758618 6.020698142 
4.811085796 5.977282822 

2.442382185 7.000745689 
2.40220288 7.22186546 

2.31347317 7.352984626 
2.40220288 7.22186546 

3.347266469 7.008782674 
3.367948593 7.227012316 

4.750856104 5.643384802 
4.811085796 5.977282822 

6.324310602 7.979226722 
6.211050776 8.005497545 

2.215206722 3.636812976 
2.004178495 3.45844823 

4.040599113 3.831974363 
4.261012275 3.589188938 

3.670985721 3.03513896 
3.626864073 3.255457376 

4.850623744 5.838787953 
4.811085796 5.977282822 

6.946183713 7.068599229 
7.064220494 6.941620044 

5.741510068 6.52405508 
5.73435364 6.665218252 

1.352841353 9.070800564 
1.366170154 9.17381039 

1.525849587 2.466771232 
1.506454803 2.606118734 

3.533682794 2.197191544 
3.7007373 2.335676163 

6.48156666 5.261994333 
6.739328079 5.1332394 

2.70584066 7.967393553 
2.527844676 7.940869956 

2.355584696 7.887221951 
2.527844676 7.940869956 

6.087874179 6.597637174 
5.981934298 6.595810134 

5.909399246 6.545177629 
5.981934298 6.595810134 

4.153203964 1.927299322 
3.975030321 1.859099716 

7.454305209 5.48766661 
7.356677674 5.58110573 

7.303889201 5.622867131 
7.356677674 5.58110573 

7.002932599 8.049978469 
7.078707539 7.882757958 

3.44080183 1.619709809 
3.293319154 1.440157577 

3.169663528 1.32504797 
3.293319154 1.440157577 

2.762570691 8.844278764 
2.872351587 8.693440066 

5.182701525 8.068454971 
5.26937538 8.135101798 

4.541825497 6.966615954 
4.30139141 6.972647588 

6.202225062 7.36274313 
6.398971462 7.281948256 

2.788551297 8.472790806 
2.872351587 8.693440066 

1.985257707 8.212928944 
2.142999002 8.369146159 

7.618851128 6.716256343 
7.620739431 6.847561351 

1.380926995 8.676828935 
1.511433046 8.396188979 

3.40906691 1.859218563 
3.41648567 2.077033555 

1.985257707 8.212928944 
1.912190415 8.440409863 

2.791411412 7.568713363 
2.779428292 7.455176451 

5.699746416 7.350451936 
5.688350053 7.584496783 

5.584608768 7.691040144 
5.688350053 7.584496783 

4.368262414 6.642505433 
4.132776133 6.747079957 

2.75980299 0.8316034362 
2.790676688 0.9736059621 

1.380926995 8.676828935 
1.315034925 8.427844503 

0.7140408936 7.595812937 
0.4288443572 7.46951717 

2.189130949 9.194406995 
2.396770494 9.32718646 

2.62740632 9.484576712 
2.396770494 9.32718646 

2.358356529 1.348337439 
2.634299134 1.57628132 

2.963479017 1.734646305 
2.634299134 1.57628132 

6.224166335 6.735492952 
6.37488253 6.688186396 

5.042265745 6.573684368 
5.113965462 6.728872199 

5.358026174 6.684130853 
5.113965462 6.728872199 

5.258798636 7.714181389 
5.146999745 7.615076099 

2.256967667 0.6569602861 
2.078912757 0.7158862883 

1.935102812 6.86964576 
1.826076443 6.735757254 

0.5249651579 7.668933813 
0.5194263925 7.564567966 

0.4288443572 7.46951717 
0.5194263925 7.564567966 

2.046369062 5.920234819 
2.292120658 5.8968772 

1.640602242 3.280794991 
1.867160477 3.404750473 

2.004178495 3.45844823 
1.867160477 3.404750473 

3.367948593 7.227012316 
3.44886647 7.309153737 

3.217853124 2.906002511 
3.339363191 2.664874859 

3.516013202 2.621383834 
3.339363191 2.664874859 

3.535044378 8.341087563 
3.739305047 8.227948065 

3.092272012 6.324103815 
3.12083562 6.417248721 

2.384076303 2.928894942 
2.577678677 2.899814057 

2.733907632 2.853998501 
2.577678677 2.899814057 

4.809381613 7.433492554 
4.71943402 7.299101149 

1.64240651 7.02575649 
1.729848734 7.22329382 

1.865647879 7.442654204 
1.729848734 7.22329382 

4.850623744 5.838787953 
5.009868065 5.688947619 

5.161809927 5.437479205 
5.009868065 5.688947619 

2.900073082 2.265469242 
2.715389913 2.262352316 

1.307097689 7.745974016 
0.8314606678 7.995519541 

2.442382185 7.000745689 
2.29158599 7.108632945 

1.386392058 7.24016274 
1.146355756 7.154166053 

4.557134844 3.132251042 
4.661446252 3.07477905 

2.790676688 0.9736059621 
2.856216439 0.8799779339 

2.987356518 0.7837586768 
2.856216439 0.8799779339 

3.390787769 0.3602237577 
3.270084951 0.3511820102 

0.9677528481 6.988086323 
1.003054801 6.769808616 

1.915907078 1.696825449 
1.729846691 1.803422971 

1.547289925 1.763388961 
1.729846691 1.803422971 

6.881877188 5.380688517 
7.0270019 5.516156189 

3.935968728 2.562637153 
3.757744655 2.787261869 

3.670985721 3.03513896 
3.757744655 2.787261869 

5.73435364 6.665218252 
5.626779853 6.742875306 

1.665609246 7.863854269 
1.890886012 7.89753107 

4.750856104 5.643384802 
4.495487896 5.763393473 

0.5886227738 7.308768276 
0.7094775537 7.278814801 

0.8048225216 7.180922632 
0.7094775537 7.278814801 

1.664130176 1.388461232 
1.79937593 1.409884431 

1.926641094 1.507637978 
1.79937593 1.409884431 

1.723976122 7.346253934 
1.729848734 7.22329382 

3.191178149 1.880383977 
3.128880834 2.045256217 

3.144413156 2.179221348 
3.128880834 2.045256217 

4.30139141 6.972647588 
4.132776133 6.747079957 

1.047282168 6.375608367 
1.147269951 6.296818455 

3.060146986 2.503601159 
3.339363191 2.664874859 

1.08841677 8.060019462 
0.8314606678 7.995519541 

6.468035599 8.209320902 
6.287949315 8.112193235 

1.75052897 9.305326479 
1.484566866 9.283762308 

2.808336805 3.54953636 
2.733134122 3.60922735 

5.439890092 7.661524368 
5.258798636 7.714181389 

5.512042642 4.778532549 
5.625096928 4.628178659 

7.547386945 6.481859151 
7.475537499 6.23283075 

7.194432456 7.080632256 
6.946183713 7.068599229 

2.752472809 9.138355703 
2.651233394 9.144621764 

6.610335217 5.682898128 
6.921076846 5.672627515 

2.857919226 6.655833494 
2.68352165 6.594272615 

2.651419847 2.654553378 
2.577678677 2.899814057 

7.414888879 6.649829909 
7.547386945 6.481859151 

2.084808452 7.562301873 
2.253854576 7.506914537 

2.126972715 2.10770682 
1.900914838 1.988257361 

6.732579121 6.520024583 
6.866797381 6.715182267 

5.161809927 5.437479205 
5.040652254 5.178655762 

7.194432456 7.080632256 
7.081942499 7.188284598 

5.929878225 6.767533013 
5.981934298 6.595810134 

5.441629125 8.158920725 
5.355096045 8.145068481 

5.26937538 8.135101798 
5.355096045 8.145068481 

7.381267072 7.305117432 
7.244266961 7.452008454 

1.930839941 3.4695992 
2.004178495 3.45844823 

2.299036622 2.425408668 
2.465864801 2.553878668 

2.651419847 2.654553378 
2.465864801 2.553878668 

3.740509748 8.559111746 
3.618604406 8.489419195 

2.50016091 8.602392732 
2.643774121 8.729023995 

2.762570691 8.844278764 
2.643774121 8.729023995 

4.358849284 1.185097927 
4.351690228 1.04485026 

5.929878225 6.767533013 
5.774143549 6.868998024 

3.12083562 6.417248721 
3.198327641 6.428301164 

6.677542256 7.962014349 
6.871978398 7.98097469 

7.002932599 8.049978469 
6.871978398 7.98097469 

1.484566866 9.283762308 
1.366170154 9.17381039 

3.271058393 3.918381503 
3.463631047 3.586827815 

6.9135134 6.337963004 
6.943193005 6.606767229 

4.186196123 2.341287518 
4.560181473 2.051125401 

4.921758412 1.680402572 
4.560181473 2.051125401 

4.554421143 1.822941326 
4.659954762 1.696078294 

4.550179457 1.614745949 
4.659954762 1.696078294 

6.697730304 6.116650297 
6.614183012 6.287457044 

6.579707709 6.448744731 
6.614183012 6.287457044 

3.516013202 2.621383834 
3.71795963 2.623612179 

3.44080183 1.619709809 
3.6197515 1.601783467 

3.007098014 2.730739671 
3.068503431 2.651827693 

3.060146986 2.503601159 
3.068503431 2.651827693 

2.684313653 1.80879646 
2.634299134 1.57628132 

2.189130949 9.194406995 
2.055629685 9.068663685 

2.29158599 7.108632945 
2.40220288 7.22186546 

1.386595148 2.692704135 
1.564436058 2.681914182 

1.713802129 2.726504676 
1.564436058 2.681914182 

3.212947735 2.114679064 
3.288605552 2.115888564 

3.41648567 2.077033555 
3.288605552 2.115888564 

6.382964374 6.432371612 
6.579707709 6.448744731 

2.522301505 1.967156375 
2.150609211 1.699715557 

3.390633941 6.459913862 
3.254976945 6.439575519 

3.198327641 6.428301164 
3.254976945 6.439575519 

6.697730304 6.116650297 
6.983799914 5.891883041 

5.774143549 6.868998024 
5.683175318 6.889054455 

3.834908429 7.156777383 
3.981564185 7.446904624 

6.087874179 6.597637174 
6.192901247 6.536241644 

6.337511144 6.144396271 
6.382964374 6.432371612 

1.664130176 1.388461232 
1.872242759 1.50104619 

2.150609211 1.699715557 
1.872242759 1.50104619 

6.287949315 8.112193235 
6.189785406 8.108140318 

3.128880834 2.045256217 
3.212947735 2.114679064 

3.299836396 8.927242275 
3.170926118 8.626034233 

3.126742845 8.310687659 
3.170926118 8.626034233 

4.571937243 6.103086358 
4.811085796 5.977282822 

3.463631047 3.586827815 
3.368898751 3.708831795 

2.215206722 3.636812976 
2.372062474 3.428068206 

6.337511144 6.144396271 
6.239570644 6.066226595 

6.109567035 5.974541893 
6.239570644 6.066226595 

1.930839941 3.4695992 
1.867160477 3.404750473 

6.068635022 8.170141946 
6.143111421 8.074361172 

6.211050776 8.005497545 
6.143111421 8.074361172 

3.513150574 0.4664569623 
3.390787769 0.3602237577 

3.513150574 0.4664569623 
3.442908549 0.5833368816 

3.343718159 0.7041074479 
3.442908549 0.5833368816 

6.468035599 8.209320902 
6.553744858 8.236642408 

5.439448507 5.699642615 
5.245797605 6.018351162 

2.50016091 8.602392732 
2.31226422 8.531118832 

2.052628115 8.497405528 
2.31226422 8.531118832 

3.191178149 1.880383977 
3.037177867 1.550618006 

6.302283081 5.440288848 
6.27274499 5.645954867 

5.870713911 6.415134731 
5.691928298 6.234093323 

7.454305209 5.48766661 
7.221498163 5.656286601 

6.983799914 5.891883041 
7.221498163 5.656286601 

6.06341232 7.883344605 
6.211050776 8.005497545 

2.894302963 6.820915719 
2.935375489 7.008148748 

3.71795963 2.623612179 
3.617768236 2.517903374 

6.324310602 7.979226722 
6.287949315 8.112193235 

4.571937243 6.103086358 
4.603048276 6.305563164 

4.647742062 6.478641077 
4.603048276 6.305563164 

6.37488253 6.688186396 
6.413627652 6.846040025 

0.7140408936 7.595812937 
0.534881146 7.899863819 

3.71795963 2.623612179 
3.757744655 2.787261869 

4.080465619 7.608854508 
4.199416603 7.430142581 

4.301755599 7.295477175 
4.199416603 7.430142581 

0.534881146 7.899863819 
0.63890868 7.979642259 

5.899186173 5.556892639 
5.942650782 5.715813436 

6.031201319 5.864815065 
5.942650782 5.715813436 

1.632461256 8.579413006 
1.380926995 8.676828935 

1.865647879 7.442654204 
2.084808452 7.562301873 

1.547289925 1.763388961 
1.743653656 1.90037705 

1.900914838 1.988257361 
1.743653656 1.90037705 

3.40906691 1.859218563 
3.573391202 1.766846538 

7.194432456 7.080632256 
7.336836964 7.01966623 

7.546575333 6.984820392 
7.336836964 7.01966623 

5.161809927 5.437479205 
5.289154603 5.547432801 

6.06341232 7.883344605 
6.143111421 8.074361172 

1.386392058 7.24016274 
1.283403353 7.352299564 

1.254291862 7.442476333 
1.283403353 7.352299564 

3.942541051 2.170026754 
3.7007373 2.335676163 

2.377230515 8.863466885 
2.60147774 8.905800358 

1.484566866 9.283762308 
1.363364093 9.263164001 

3.348449959 7.54313925 
3.561799036 7.504303072 

3.735502762 7.530428799 
3.561799036 7.504303072 

2.358356529 1.348337439 
2.150609211 1.699715557 

4.372470362 7.646118393 
4.199416603 7.430142581 

4.792284718 2.414248243 
4.868975153 2.477506265 

5.050927603 2.551599308 
4.868975153 2.477506265 

2.358356529 1.348337439 
2.290377382 1.486640146 

1.926641094 1.507637978 
1.872242759 1.50104619 

3.270084951 0.3511820102 
3.252851158 0.2320535631 

4.659954762 1.696078294 
4.718733902 1.822290051 

5.691928298 6.234093323 
5.796530089 6.18536553 

5.830602295 6.079022357 
5.796530089 6.18536553 

6.159075861 5.056489623 
6.024142686 4.824786973 

6.159075861 5.056489623 
6.118149014 5.186431049 

6.135968313 5.334489188 
6.118149014 5.186431049 

3.244705468 6.291680013 
3.170278173 6.211434799 

3.942541051 2.170026754 
3.895870605 2.026999167 

3.975030321 1.859099716 
3.895870605 2.026999167 

1.872256769 1.060988356 
1.757648436 1.180687182 

3.090170407 8.715652921 
3.170926118 8.626034233 

6.06341232 7.883344605 
6.190794691 7.583321116 

1.640602242 3.280794991 
1.774804624 3.069047916 

1.93188365 2.895525075 
1.774804624 3.069047916 

2.935389424 2.051302298 
3.128880834 2.045256217 

2.299036622 2.425408668 
2.356742013 2.372862682 

2.476585311 2.346060301 
2.356742013 2.372862682 

4.603048276 6.305563164 
4.734279727 6.304926214 

2.70584066 7.967393553 
2.564804908 7.834301068 

2.412008099 7.694666487 
2.564804908 7.834301068 

5.040652254 5.178655762 
4.828685488 5.150838177 

2.333960007 6.412426176 
2.288647637 6.281091619 

3.288605552 2.115888564 
3.336728319 2.212889151 

2.935389424 2.051302298 
3.016740482 2.232949603 

3.091695966 2.334046312 
3.016740482 2.232949603 

6.946183713 7.068599229 
7.02137085 7.08394662 

7.081942499 7.188284598 
7.02137085 7.08394662 

4.852826108 5.420369628 
4.756606101 5.367544003 

2.029330276 8.836405579 
2.055629685 9.068663685 

7.531169223 6.216267949 
7.575586891 6.248833691 

1.296939853 7.981518571 
1.445113959 7.912199735 

1.46790073 8.016665764 
1.445113959 7.912199735 

1.488278191 5.902156876 
1.646208984 6.060181431 

1.712549454 6.170873788 
1.646208984 6.060181431 

5.510758618 6.020698142 
5.352405575 6.205143102 

4.451104568 1.330015676 
4.286824793 1.575227579 

1.974101838 3.339190289 
1.867160477 3.404750473 

3.217853124 2.906002511 
3.068503431 2.651827693 

2.456339842 0.7163665926 
2.395096932 0.6903409805 

6.48156666 5.261994333 
6.499127527 5.003494929 

1.685155068 8.156053055 
1.855235671 8.193370415 

1.985257707 8.212928944 
1.855235671 8.193370415 

6.905412492 6.004020778 
6.983799914 5.891883041 

5.245797605 6.018351162 
5.352405575 6.205143102 

3.618604406 8.489419195 
3.56804139 8.427187956 

3.535044378 8.341087563 
3.56804139 8.427187956 

2.367721874 0.9069145763 
2.356659472 1.185478595 

2.358356529 1.348337439 
2.356659472 1.185478595 

3.00143076 9.070691354 
3.163093578 8.979233067 

3.748801498 0.8709351715 
3.930848544 0.7694023413 

1.109697755 6.569457469 
1.047282168 6.375608367 

5.352405575 6.205143102 
5.177210807 6.233632967 

2.46169369 0.543843453 
2.556444277 0.5179476528 

2.157488857 6.688338088 
2.018288608 6.79311462 

1.935102812 6.86964576 
2.018288608 6.79311462 

3.368898751 3.708831795 
3.533826123 3.852812679 

6.224166335 6.735492952 
6.192901247 6.536241644 

2.424224158 2.188444796 
2.431401715 2.057685556 

2.522301505 1.967156375 
2.431401715 2.057685556 

2.420034186 6.247566878 
2.328263339 6.249435332 

2.288647637 6.281091619 
2.328263339 6.249435332 

3.63439654 2.079093453 
3.895870605 2.026999167 

6.063093877 7.076051108 
5.967390493 7.123750093 

5.869141168 7.081325152 
5.967390493 7.123750093 

6.337511144 6.144396271 
6.428276824 6.004665993 

3.335232749 0.5163354801 
3.442908549 0.5833368816 

2.29158599 7.108632945 
2.184240901 7.151662225 

2.081382851 7.262100377 
2.184240901 7.151662225 

2.440069697 8.044581513 
2.527844676 7.940869956 

2.50016091 8.602392732 
2.642715032 8.486510248 

5.439448507 5.699642615 
5.721727105 5.635639551 

1.64240651 7.02575649 
1.683847978 7.457750161 

1.665609246 7.863854269 
1.683847978 7.457750161 

6.23501951 5.860080944 
6.031201319 5.864815065 

1.315034925 8.427844503 
1.386902996 8.276499848 

1.440036754 8.124195818 
1.386902996 8.276499848 

1.665609246 7.863854269 
1.760205191 7.608363594 

6.9135134 6.337963004 
6.614183012 6.287457044 

1.122511195 9.27028286 
1.278884222 9.233175164 

1.366170154 9.17381039 
1.278884222 9.233175164 

0.73888006 8.831687328 
0.9146739788 8.742417448 

1.049691956 8.698651381 
0.9146739788 8.742417448 

1.560568081 2.066334075 
1.63642726 2.192940335 

6.697730304 6.116650297 
6.546624702 6.110135303 

1.757648436 1.180687182 
1.922044715 1.318864444 

2.733134122 3.60922735 
2.652375611 3.668476814 

7.064220494 6.941620044 
7.02137085 7.08394662 

3.348449959 7.54313925 
3.127865839 7.641074014 

2.913662296 7.743207843 
3.127865839 7.641074014 

1.912190415 8.440409863 
2.001473734 8.405721167 

2.052628115 8.497405528 
2.001473734 8.405721167 

3.102521968 7.044403566 
2.935375489 7.008148748 

4.756606101 5.367544003 
4.687912018 5.336559785 

3.44080183 1.619709809 
3.431108056 1.725287316 

3.40906691 1.859218563 
3.431108056 1.725287316 

5.009868065 5.688947619 
5.20536413 5.684654432 

5.249665674 7.226949269 
5.206439899 7.430355951 

5.146999745 7.615076099 
5.206439899 7.430355951 

6.27274499 5.645954867 
6.064331393 5.64312215 

5.080754261 2.127828515 
5.104296789 2.336300269 

1.592328254 7.491615893 
1.683847978 7.457750161 

3.037177867 1.550618006 
2.876893492 1.445612146 

4.750856104 5.643384802 
4.924154818 5.409644542 

3.739157092 3.984978262 
3.90202535 3.853789567 

4.040599113 3.831974363 
3.90202535 3.853789567 

5.929878225 6.767533013 
5.967390493 7.123750093 

3.766219235 1.833329333 
3.855296778 1.705211644 

3.915603229 1.589445285 
3.855296778 1.705211644 

1.618910325 6.653385928 
1.599260339 6.889272899 

1.64240651 7.02575649 
1.599260339 6.889272899 

1.296939853 7.981518571 
1.46790073 8.016665764 

1.865647879 7.442654204 
1.683847978 7.457750161 

3.341083018 7.970840697 
3.127865839 7.641074014 

1.865647879 7.442654204 
1.948363466 7.574249225 

2.057853339 7.660025487 
1.948363466 7.574249225 

4.687912018 5.336559785 
4.631539629 5.318868507 

1.254291862 7.442476333 
1.307097689 7.745974016 

1.798237884 6.0278794 
1.683381661 5.995773672 

1.488278191 5.902156876 
1.683381661 5.995773672 

4.924154818 5.409644542 
4.852826108 5.420369628 

6.039741304 6.327347368 
6.192901247 6.536241644 

2.150609211 1.699715557 
2.333154929 1.73122921 

6.609546682 6.692634606 
6.37488253 6.688186396 

1.019951948 7.635993273 
1.0422776 7.848356673 

1.08841677 8.060019462 
1.0422776 7.848356673 

2.536657941 9.131114028 
2.593691897 9.191279794 

2.651233394 9.144621764 
2.593691897 9.191279794 

5.737595514 7.026836714 
5.774143549 6.868998024 

2.78623507 6.470074518 
2.751394435 6.540427525 

6.9135134 6.337963004 
6.898795619 6.133529141 

6.905412492 6.004020778 
6.898795619 6.133529141 

5.087364838 5.932812583 
4.811085796 5.977282822 

6.918745854 7.808541196 
6.871978398 7.98097469 

1.890886012 7.89753107 
1.975542746 7.97523681 

2.022994038 8.046266648 
1.975542746 7.97523681 

2.602796715 5.868274297 
2.496414848 5.938608925 

2.474974047 6.005855279 
2.496414848 5.938608925 

2.900073082 2.265469242 
3.016740482 2.232949603 

3.834908429 7.156777383 
4.07449674 7.201348583 

4.301755599 7.295477175 
4.07449674 7.201348583 

1.948363466 7.574249225 
1.895181477 7.684489024 

2.642715032 8.486510248 
2.744926092 8.249755075 

0.8314606678 7.995519541 
0.8415604103 7.860744766 

4.451104568 1.330015676 
4.287994843 1.383811903 

4.117499827 1.449094437 
4.287994843 1.383811903 

5.909399246 6.545177629 
5.846675319 6.497176921 

5.741510068 6.52405508 
5.846675319 6.497176921 

3.988966341 3.087543883 
4.170747345 3.075079114 

4.346771124 3.098547309 
4.170747345 3.075079114 

2.157488857 6.688338088 
1.972362117 6.729032554 

1.826076443 6.735757254 
1.972362117 6.729032554 

1.723976122 7.346253934 
1.683847978 7.457750161 

1.592328254 7.491615893 
1.641751647 7.370721683 

1.723976122 7.346253934 
1.641751647 7.370721683 

2.215206722 3.636812976 
2.097834377 3.493701321 

2.507572411 3.843317281 
2.424042241 3.677579183 

2.084808452 7.562301873 
1.948363466 7.574249225 

6.398971462 7.281948256 
6.509329695 7.369261265 

6.601452421 7.456826849 
6.509329695 7.369261265 

1.547289925 1.763388961 
1.664130176 1.388461232 

1.560568081 2.066334075 
1.588721951 1.9121878 

5.634690334 4.969783059 
5.66315399 4.834962925 

3.144413156 2.179221348 
3.016740482 2.232949603 

6.303954315 4.782654416 
6.36022118 4.877729482 

7.176242523 5.916785646 
6.983799914 5.891883041 

6.739328079 5.1332394 
6.93363646 5.155322751 

5.796530089 6.18536553 
5.870713911 6.415134731 

7.381267072 7.305117432 
7.43798729 6.898037459 

7.547386945 6.481859151 
7.43798729 6.898037459 

0.7140408936 7.595812937 
0.5194263925 7.564567966 

6.039741304 6.327347368 
6.239570644 6.066226595 

2.649207484 7.320388296 
2.724390678 7.385295449 

2.779428292 7.455176451 
2.724390678 7.385295449 

2.684313653 1.80879646 
2.754763022 1.626918926 

2.826785212 1.562950238 
2.754763022 1.626918926 

4.921758412 1.680402572 
4.794010056 1.743723042 

4.659954762 1.696078294 
4.794010056 1.743723042 

1.122511195 9.27028286 
1.256961387 9.330595844 

1.363364093 9.263164001 
1.256961387 9.330595844 

3.63439654 2.079093453 
3.942541051 2.170026754 

2.651419847 2.654553378 
2.539331287 2.793952276 

2.384076303 2.928894942 
2.539331287 2.793952276 

2.963479017 1.734646305 
2.754763022 1.626918926 

3.347266469 7.008782674 
3.375066798 6.733453321 

7.691533307 6.125912286 
7.604488033 6.181871051 

7.575586891 6.248833691 
7.604488033 6.181871051 

7.414888879 6.649829909 
7.618851128 6.716256343 

3.740509748 8.559111746 
3.570528517 8.297219806 

3.341083018 7.970840697 
3.570528517 8.297219806 

1.729846691 1.803422971 
1.743653656 1.90037705 

4.647742062 6.478641077 
4.826346422 6.410057244 

4.969231608 6.364933773 
4.826346422 6.410057244 

2.017744835 2.573702147 
2.078605366 2.439388566 

2.159893883 2.310987912 
2.078605366 2.439388566 

5.870713911 6.415134731 
5.846675319 6.497176921 

2.367721874 0.9069145763 
2.570006526 0.9366908256 

4.956547285 7.136197122 
5.086011594 7.26380553 

5.249665674 7.226949269 
5.086011594 7.26380553 

3.573391202 1.766846538 
3.431108056 1.725287316 

7.176242523 5.916785646 
7.068991215 5.75929815 

6.921076846 5.672627515 
7.068991215 5.75929815 

6.881877188 5.380688517 
7.019563102 5.276495654 

1.757648436 1.180687182 
1.721226486 1.284067043 

1.664130176 1.388461232 
1.721226486 1.284067043 

5.577434888 5.37451742 
5.654324084 5.539880405 

5.721727105 5.635639551 
5.654324084 5.539880405 

1.254554584 8.758662841 
1.19169713 9.007098421 

6.039741304 6.327347368 
6.047009902 6.493691253 

5.981934298 6.595810134 
6.047009902 6.493691253 

4.474419995 5.284679535 
4.572543562 5.306746376 

4.631539629 5.318868507 
4.572543562 5.306746376 

2.373019276 8.318363244 
2.31226422 8.531118832 

1.962926207 0.7828889488 
2.025726458 0.7639890588 

2.078912757 0.7158862883 
2.025726458 0.7639890588 

5.589854919 6.49373877 
5.478895242 6.553614733 

5.358026174 6.684130853 
5.478895242 6.553614733 

4.372470362 7.646118393 
4.680956405 7.826544963 

4.994237208 8.034271807 
4.680956405 7.826544963 

1.760205191 7.608363594 
1.948363466 7.574249225 

2.594239928 7.597730941 
2.734478835 7.684604732 

2.913662296 7.743207843 
2.734478835 7.684604732 

1.82171572 2.171509109 
1.900914838 1.988257361 

2.904278775 7.21470245 
2.714878678 7.132941235 

4.918820434 1.986281836 
4.718733902 1.822290051 

2.172358714 3.354843226 
1.974101838 3.339190289 

0.3151328401 8.141160921 
0.4449508059 8.031534863 

0.534881146 7.899863819 
0.4449508059 8.031534863 

2.333960007 6.412426176 
2.328263339 6.249435332 

4.918820434 1.986281836 
4.922873123 1.858019317 

4.921758412 1.680402572 
4.922873123 1.858019317 

2.333960007 6.412426176 
2.146990535 6.378258475 

1.997515387 6.345277007 
2.146990535 6.378258475 

4.961360431 7.647197565 
5.144463675 7.901312698 

6.224166335 6.735492952 
6.27993354 6.605144237 

6.382964374 6.432371612 
6.27993354 6.605144237 

4.380335569 2.861194909 
4.271444855 2.830434443 

4.13392201 2.862102994 
4.271444855 2.830434443 

6.047009902 6.493691253 
6.087874179 6.597637174 

7.019563102 5.276495654 
7.08885677 5.375075624 

3.191178149 1.880383977 
3.302317712 1.986373376 

3.41648567 2.077033555 
3.302317712 1.986373376 

6.23501951 5.860080944 
6.169379263 5.875697256 

6.109567035 5.974541893 
6.169379263 5.875697256 

3.570528517 8.297219806 
3.535044378 8.341087563 

2.205738454 7.709799459 
2.253854576 7.506914537 

2.142999002 8.369146159 
2.216084833 8.193204091 

2.239061041 8.084183951 
2.216084833 8.193204091 

5.289154603 5.547432801 
5.20536413 5.684654432 

2.556444277 0.5179476528 
2.580320548 0.4354238836 

3.060146986 2.503601159 
3.14058553 2.663423967 

6.064331393 5.64312215 
5.942650782 5.715813436 

2.189130949 9.194406995 
1.982448303 9.224986318 

2.714878678 7.132941235 
2.615964749 7.063491826 

7.43798729 6.898037459 
7.336836964 7.01966623 

2.215206722 3.636812976 
2.318171441 3.654219793 

2.424042241 3.677579183 
2.318171441 3.654219793 

4.351690228 1.04485026 
4.371136859 0.9648546511 

3.67106784 7.888122664 
3.508794811 7.96996829 

3.341083018 7.970840697 
3.508794811 7.96996829 

6.068635022 8.170141946 
6.129098156 8.141642627 

6.189785406 8.108140318 
6.129098156 8.141642627 

7.546575333 6.984820392 
7.45653502 6.800591768 

7.414888879 6.649829909 
7.45653502 6.800591768 

2.057853339 7.660025487 
2.205738454 7.709799459 

2.652375611 3.668476814 
2.609373734 3.729498372 

0.7708604771 8.138406118 
0.5587941823 8.147939407 

6.190794691 7.583321116 
6.183886184 7.483741977 

6.202225062 7.36274313 
6.183886184 7.483741977 

2.290377382 1.486640146 
2.35909073 1.591150734 

2.333154929 1.73122921 
2.35909073 1.591150734 

1.656175991 8.317646352 
1.647925802 8.439881535 

1.632461256 8.579413006 
1.647925802 8.439881535 

5.589854919 6.49373877 
5.691928298 6.234093323 

5.589854919 6.49373877 
5.722590184 6.426769249 

5.870713911 6.415134731 
5.722590184 6.426769249 

3.44886647 7.309153737 
3.395532259 7.430120834 

3.348449959 7.54313925 
3.395532259 7.430120834 

1.547289925 1.763388961 
1.69169001 1.969275473 

1.82171572 2.171509109 
1.69169001 1.969275473 

5.289154603 5.547432801 
5.381823023 5.601702713 

5.439448507 5.699642615 
5.381823023 5.601702713 

3.975030321 1.859099716 
3.855296778 1.705211644 

2.987356518 0.7837586768 
3.119463724 0.8232278982 

3.210182296 0.8992795591 
3.119463724 0.8232278982 

6.9135134 6.337963004 
7.04051321 6.300802195 

7.190761963 6.292919326 
7.04051321 6.300802195 

2.507572411 3.843317281 
2.570449088 3.768170025 

2.609373734 3.729498372 
2.570449088 3.768170025 

3.935968728 2.562637153 
3.814495294 2.58841354 

3.71795963 2.623612179 
3.814495294 2.58841354 

1.64240651 7.02575649 
1.786570329 6.935822178 

1.935102812 6.86964576 
1.786570329 6.935822178 

3.748801498 0.8709351715 
3.629186049 0.9476337203 

3.44977967 1.004916342 
3.629186049 0.9476337203 

0.3151328401 8.141160921 
0.4505219107 8.173891014 

0.5587941823 8.147939407 
0.4505219107 8.173891014 

3.503124812 3.225188026 
3.491094568 3.436534849 

3.463631047 3.586827815 
3.491094568 3.436534849 

2.442382185 7.000745689 
2.589744114 7.167472776 

2.649207484 7.320388296 
2.589744114 7.167472776 

4.571937243 6.103086358 
4.45200137 6.095142787 

4.362478141 6.084013065 
4.45200137 6.095142787 

2.956490721 2.9046795 
3.048449021 3.089823995 

3.131793258 3.280231353 
3.048449021 3.089823995 

3.299836396 8.927242275 
3.187435144 8.826723832 

3.090170407 8.715652921 
3.187435144 8.826723832 

0.9681171958 7.464681311 
1.161164471 7.593737879 

1.307097689 7.745974016 
1.161164471 7.593737879 

2.157488857 6.688338088 
2.228241134 6.533552736 

2.333960007 6.412426176 
2.228241134 6.533552736 

2.651419847 2.654553378 
2.67716344 2.904310097 

2.373019276 8.318363244 
2.216084833 8.193204091 

2.993443961 1.324906145 
2.969806602 1.387885679 

2.876893492 1.445612146 
2.969806602 1.387885679 

4.508385108 2.400410317 
4.585304867 2.594740993 

2.615964749 7.063491826 
2.54848835 7.050156486 

2.442382185 7.000745689 
2.54848835 7.050156486 

1.019951948 7.635993273 
1.161164471 7.593737879 

1.315034925 8.427844503 
1.419696251 8.407587243 

1.511433046 8.396188979 
1.419696251 8.407587243 

3.217853124 2.906002511 
3.048449021 3.089823995 

3.14058553 2.663423967 
3.187026407 2.748785052 

7.185943141 5.171932999 
7.031807297 5.148867553 

6.93363646 5.155322751 
7.031807297 5.148867553 

0.9681171958 7.464681311 
0.8493146377 7.518890457 

0.7140408936 7.595812937 
0.8493146377 7.518890457 

3.305717431 2.384529059 
3.339363191 2.664874859 

5.741510068 6.52405508 
5.722590184 6.426769249 

4.794010056 1.743723042 
4.718733902 1.822290051 

2.046369062 5.920234819 
2.158997569 5.964747423 

2.195333076 6.031448092 
2.158997569 5.964747423 

7.546575333 6.984820392 
7.43798729 6.898037459 

1.915907078 1.696825449 
2.032938181 1.727683445 

2.150609211 1.699715557 
2.032938181 1.727683445 

3.975030321 1.859099716 
3.856862947 1.846871328 

3.766219235 1.833329333 
3.856862947 1.846871328 

2.189130949 9.194406995 
2.137861794 9.012639951 

2.029330276 8.836405579 
2.137861794 9.012639951 

2.333960007 6.412426176 
2.420034186 6.247566878 

1.640602242 3.280794991 
1.792072967 3.369267923 

1.930839941 3.4695992 
1.792072967 3.369267923 

2.67716344 2.904310097 
2.733907632 2.853998501 

6.943193005 6.606767229 
7.117911773 6.587930137 

7.263514974 6.528430512 
7.117911773 6.587930137 

4.569767859 7.268531024 
4.645477943 7.294781623 

4.71943402 7.299101149 
4.645477943 7.294781623 

6.428276824 6.004665993 
6.528450158 6.040209385 

6.546624702 6.110135303 
6.528450158 6.040209385 

2.021825741 7.019382598 
2.184240901 7.151662225 

1.246378703 6.218443068 
1.164798267 6.385193171 

1.109697755 6.569457469 
1.164798267 6.385193171 

0.7848255726 6.555338116 
0.7976451207 6.48143954 

2.021825741 7.019382598 
2.038671387 7.139596868 

2.081382851 7.262100377 
2.038671387 7.139596868 

3.102521968 7.044403566 
3.016348547 6.920817082 

5.625096928 4.628178659 
5.77968133 4.689676158 

5.879066186 4.75298922 
5.77968133 4.689676158 

4.20014469 6.249963324 
4.362478141 6.084013065 

4.371136859 0.9648546511 
4.407777879 0.9102176999 

1.665609246 7.863854269 
1.445113959 7.912199735 

0.3151328401 8.141160921 
0.5672364852 8.075494816 

0.8314606678 7.995519541 
0.5672364852 8.075494816 

2.142999002 8.369146159 
2.001473734 8.405721167 

6.087874179 6.597637174 
6.16696274 6.657308308 

6.224166335 6.735492952 
6.16696274 6.657308308 

2.465864801 2.553878668 
2.476585311 2.346060301 

2.642715032 8.486510248 
2.70841227 8.472873487 

2.788551297 8.472790806 
2.70841227 8.472873487 

1.246378703 6.218443068 
1.143250003 6.142615916 

2.440069697 8.044581513 
2.579693063 8.023091518 

2.70584066 7.967393553 
2.579693063 8.023091518 

4.661446252 3.07477905 
4.380335569 2.861194909 

4.885965056 2.925049322 
4.75625321 2.967193623 

2.564804908 7.834301068 
2.594239928 7.597730941 

5.899186173 5.556892639 
5.984446649 5.589242329 

6.064331393 5.64312215 
5.984446649 5.589242329 

1.386392058 7.24016274 
1.477323691 7.381086966 

1.592328254 7.491615893 
1.477323691 7.381086966 

4.969231608 6.364933773 
5.177210807 6.233632967 

2.75980299 0.8316034362 
2.856216439 0.8799779339 

7.454305209 5.48766661 
7.514979113 6.006980907 

7.547386945 6.481859151 
7.514979113 6.006980907 

2.116225244 7.418256114 
2.072489631 7.511398614 

2.084808452 7.562301873 
2.072489631 7.511398614 

5.942650782 5.715813436 
5.984446649 5.589242329 

4.554421143 1.822941326 
4.356817925 1.875184263 

4.153203964 1.927299322 
4.356817925 1.875184263 

5.183702559 6.42842286 
5.192849216 6.315421559 

5.177210807 6.233632967 
5.192849216 6.315421559 

4.110011054 0.5858874495 
4.012860046 0.6818715867 

3.930848544 0.7694023413 
4.012860046 0.6818715867 

1.547289925 1.763388961 
1.561983652 1.835688644 

1.588721951 1.9121878 
1.561983652 1.835688644 

1.849440818 8.853725303 
1.759796253 8.693397161 

1.632461256 8.579413006 
1.759796253 8.693397161 

1.322651716 6.58915836 
1.453532374 6.646145103 

5.699746416 7.350451936 
5.746476726 7.480132574 

2.137861794 9.012639951 
2.377230515 8.863466885 

6.555439897 6.939680677 
6.675621327 6.839202146 

6.786615752 6.799008637 
6.675621327 6.839202146 

4.75625321 2.967193623 
4.681646425 2.972545561 

2.055629685 9.068663685 
2.137861794 9.012639951 

1.618910325 6.653385928 
1.64409359 6.529750262 

1.664913097 6.389158399 
1.64409359 6.529750262 

6.499127527 5.003494929 
6.4369788 4.914781725 

6.36022118 4.877729482 
6.4369788 4.914781725 

5.040652254 5.178655762 
4.977911149 5.300180237 

4.924154818 5.409644542 
4.977911149 5.300180237 

5.688350053 7.584496783 
5.746476726 7.480132574 

0.4107645701 6.740701656 
0.5516297672 6.804365608 

0.6947193356 6.871239829 
0.5516297672 6.804365608 

7.078707539 7.882757958 
6.918745854 7.808541196 

7.078707539 7.882757958 
7.194418635 7.824833103 

7.318035744 7.767480128 
7.194418635 7.824833103 

1.246378703 6.218443068 
1.396057277 6.07493373 

5.183702559 6.42842286 
5.166677717 6.560884645 

1.256961387 9.330595844 
1.278884222 9.233175164 

1.865647879 7.442654204 
1.887054385 7.558491036 

1.895181477 7.684489024 
1.887054385 7.558491036 

2.424224158 2.188444796 
2.356742013 2.372862682 

4.994237208 8.034271807 
5.08884659 8.081285416 

1.948363466 7.574249225 
1.887054385 7.558491036 

2.442382185 7.000745689 
2.6727215 6.918032492 

2.894302963 6.820915719 
2.6727215 6.918032492 

6.27993354 6.605144237 
6.192901247 6.536241644 

2.373019276 8.318363244 
2.435213906 8.45904436 

2.50016091 8.602392732 
2.435213906 8.45904436 

3.217853124 2.906002511 
2.956490721 2.9046795 

3.217853124 2.906002511 
3.20724724 2.821002965 

3.187026407 2.748785052 
3.20724724 2.821002965 

5.699746416 7.350451936 
5.559203997 7.515038511 

5.439890092 7.661524368 
5.559203997 7.515038511 

1.646208984 6.060181431 
1.683381661 5.995773672 

3.252851158 0.2320535631 
3.317706882 0.3086564911 

3.390787769 0.3602237577 
3.317706882 0.3086564911 

2.424224158 2.188444796 
2.278085388 2.14561328 

2.126972715 2.10770682 
2.278085388 2.14561328 

2.31347317 7.352984626 
2.116225244 7.418256114 

4.850623744 5.838787953 
4.963755205 5.865652318 

5.087364838 5.932812583 
4.963755205 5.865652318 

1.147269951 6.296818455 
1.130341819 6.250912793 

1.63642726 2.192940335 
1.505408461 2.256200518 

4.486083114 0.8366995485 
4.446295566 0.8744103612 

4.407777879 0.9102176999 
4.446295566 0.8744103612 

0.7761054631 6.386077772 
0.7869425388 6.433429312 

0.7976451207 6.48143954 
0.7869425388 6.433429312 

2.971025301 3.376552902 
3.219929427 3.519963338 

4.362478141 6.084013065 
4.291230177 5.989959522 

1.130341819 6.250912793 
1.136941775 6.227677768 

3.40906691 1.859218563 
3.302317712 1.986373376 

5.625096928 4.628178659 
5.648188704 4.736378578 

5.66315399 4.834962925 
5.648188704 4.736378578 

3.390633941 6.459913862 
3.307099087 6.382749579 

3.244705468 6.291680013 
3.307099087 6.382749579 

7.019563102 5.276495654 
7.031807297 5.148867553 

1.019951948 7.635993273 
0.8493146377 7.518890457 

2.292120658 5.8968772 
2.414543966 5.877612973 

0.7708604771 8.138406118 
0.8314606678 7.995519541 

1.665609246 7.863854269 
1.556808169 7.990251618 

1.440036754 8.124195818 
1.556808169 7.990251618 

6.553744858 8.236642408 
6.61685931 8.211704759 

6.666489082 8.255822171 
6.61685931 8.211704759 

4.734279727 6.304926214 
4.826346422 6.410057244 

1.319753316 2.305857254 
1.427558599 2.284723183 

1.505408461 2.256200518 
1.427558599 2.284723183 

5.774143549 6.868998024 
5.624126868 6.925091009 

5.4953779 7.019459679 
5.624126868 6.925091009 

1.453532374 6.646145103 
1.599260339 6.889272899 

4.301755599 7.295477175 
4.311607285 7.159338238 

2.904278775 7.21470245 
2.922346244 7.097133718 

2.935375489 7.008148748 
2.922346244 7.097133718 

3.14058553 2.663423967 
3.068503431 2.651827693 

1.453532374 6.646145103 
1.537088484 6.650523105 

1.618910325 6.653385928 
1.537088484 6.650523105 

6.047009902 6.493691253 
6.192901247 6.536241644 

5.113965462 6.728872199 
5.147173626 6.643746706 

5.166677717 6.560884645 
5.147173626 6.643746706 

4.764415919 6.827163404 
4.709589636 6.644469498 

4.647742062 6.478641077 
4.709589636 6.644469498 

6.16696274 6.657308308 
6.27993354 6.605144237 

2.987356518 0.7837586768 
2.829437297 0.6105316228 

1.867160477 3.404750473 
1.792072967 3.369267923 

1.488278191 5.902156876 
1.475308528 6.003273442 

1.396057277 6.07493373 
1.475308528 6.003273442 

6.23501951 5.860080944 
6.253074622 5.748802665 

6.27274499 5.645954867 
6.253074622 5.748802665 

5.182701525 8.068454971 
5.135054332 8.084810722 

5.08884659 8.081285416 
5.135054332 8.084810722 

7.620739431 6.847561351 
7.574260229 6.907612809 

7.546575333 6.984820392 
7.574260229 6.907612809 

3.083326538 6.100531536 
3.126802356 6.155983167 

3.170278173 6.211434799 
3.126802356 6.155983167 

1.966013078 6.136146106 
2.046369062 5.920234819 

2.414543966 5.877612973 
2.483132367 5.864286414 

7.205701872 7.548191328 
7.198878175 7.495539012 

7.244266961 7.452008454 
7.198878175 7.495539012 

4.30139141 6.972647588 
4.291773149 7.08802887 

4.311607285 7.159338238 
4.291773149 7.08802887 

5.042265745 6.573684368 
5.166677717 6.560884645 

4.006725441 1.443789518 
3.956873881 1.510780214 

3.915603229 1.589445285 
3.956873881 1.510780214 

6.27993354 6.605144237 
6.37488253 6.688186396 

5.909399246 6.545177629 
5.966538767 6.499531559 

6.047009902 6.493691253 
5.966538767 6.499531559 

2.632540938 3.181775852 
2.651545475 3.047667533 

2.67716344 2.904310097 
2.651545475 3.047667533 

2.431401715 2.057685556 
2.278085388 2.14561328 

2.057853339 7.660025487 
2.090144834 7.71234148 

2.133422358 7.772973246 
2.090144834 7.71234148 

7.547386945 6.481859151 
7.575586891 6.248833691 

5.439448507 5.699642615 
5.328386897 5.70312747 

5.20536413 5.684654432 
5.328386897 5.70312747 

2.754763022 1.626918926 
2.634299134 1.57628132 

2.022994038 8.046266648 
2.191509386 7.967555629 

2.355584696 7.887221951 
2.191509386 7.967555629 

3.584080816 0.7905990678 
3.629186049 0.9476337203 

4.969231608 6.364933773 
5.012457647 6.482167481 

5.042265745 6.573684368 
5.012457647 6.482167481 

2.829437297 0.6105316228 
2.760873913 0.5235375906 

2.675110717 0.4464648654 
2.760873913 0.5235375906 

0.5886227738 7.308768276 
0.5187520104 7.389227147 

0.4288443572 7.46951717 
0.5187520104 7.389227147 

4.181550974 5.898743775 
4.243531073 5.940874414 

4.291230177 5.989959522 
4.243531073 5.940874414 

3.037177867 1.550618006 
2.969806602 1.387885679 

2.35909073 1.591150734 
2.592377412 1.639029601 

6.677542256 7.962014349 
6.810103149 7.880374429 

6.918745854 7.808541196 
6.810103149 7.880374429 

6.871978398 7.98097469 
6.810103149 7.880374429 

3.217853124 2.906002511 
3.108482201 2.837560729 

3.007098014 2.730739671 
3.108482201 2.837560729 

4.661446252 3.07477905 
4.672182155 3.017102002 

4.681646425 2.972545561 
4.672182155 3.017102002 

3.533682794 2.197191544 
3.41648567 2.077033555 

7.176242523 5.916785646 
7.035199451 5.956694164 

6.905412492 6.004020778 
7.035199451 5.956694164 

5.577434888 5.37451742 
5.429582367 5.463725509 

5.289154603 5.547432801 
5.429582367 5.463725509 

4.30139141 6.972647588 
4.444773492 7.140244392 

3.533682794 2.197191544 
3.438533068 2.216608206 

3.336728319 2.212889151 
3.438533068 2.216608206 

4.346771124 3.098547309 
4.360164867 2.965694166 

4.380335569 2.861194909 
4.360164867 2.965694166 

3.740509748 8.559111746 
3.437044647 8.436688532 

3.126742845 8.310687659 
3.437044647 8.436688532 

5.872758918 7.559746923 
6.183886184 7.483741977 

5.872758918 7.559746923 
5.765294768 7.571940479 

5.688350053 7.584496783 
5.765294768 7.571940479 

1.386595148 2.692704135 
1.445741781 2.650527234 

1.506454803 2.606118734 
1.445741781 2.650527234 

2.68352165 6.594272615 
2.717458043 6.56735007 

2.751394435 6.540427525 
2.717458043 6.56735007 

6.031201319 5.864815065 
6.169379263 5.875697256 

1.75052897 9.305326479 
1.863584985 9.260362794 

1.982448303 9.224986318 
1.863584985 9.260362794 

2.634299134 1.57628132 
2.592377412 1.639029601 

1.352841353 9.070800564 
1.19169713 9.007098421 

7.081942499 7.188284598 
7.08176418 7.061825547 

7.064220494 6.941620044 
7.08176418 7.061825547 

4.522515378 3.348344924 
4.392915657 3.467425308 

4.261012275 3.589188938 
4.392915657 3.467425308 

2.900073082 2.265469242 
2.811358721 2.18310769 

2.730314041 2.101261216 
2.811358721 2.18310769 

6.898795619 6.133529141 
7.04051321 6.300802195 

6.898795619 6.133529141 
6.798157164 6.125309745 

6.697730304 6.116650297 
6.798157164 6.125309745 

6.983799914 5.891883041 
7.035199451 5.956694164 

7.019563102 5.276495654 
7.083065955 5.211974699 

2.62740632 9.484576712 
2.610549109 9.337928253 

2.593691897 9.191279794 
2.610549109 9.337928253 

4.495487896 5.763393473 
4.243531073 5.940874414 

3.127865839 7.641074014 
3.000269112 7.920195176 

3.1032746 0.3046888818 
3.173567552 0.2432367967 

3.252851158 0.2320535631 
3.173567552 0.2432367967 

5.510758618 6.020698142 
5.439448507 5.699642615 

4.486083114 0.8366995485 
4.293504364 0.8944378781 

2.651941214 3.451063047 
2.652375611 3.668476814 

3.764071402 1.402161313 
4.006725441 1.443789518 

4.079563985 0.9699632506 
4.18585241 0.9324835731 

4.293504364 0.8944378781 
4.18585241 0.9324835731 

3.764071402 1.402161313 
3.699464772 1.498588701 

3.6197515 1.601783467 
3.699464772 1.498588701 

7.547386945 6.481859151 
7.617829996 6.312607449 

7.617829996 6.312607449 
7.658402027 6.218241104 

7.691533307 6.125912286 
7.658402027 6.218241104 

3.108482201 2.837560729 
2.956490721 2.9046795 

2.6727215 6.918032492 
2.615964749 7.063491826 

3.375066798 6.733453321 
3.38285037 6.596683592 

3.390633941 6.459913862 
3.38285037 6.596683592 

3.513150574 0.4664569623 
3.424324495 0.4909304397 

3.335232749 0.5163354801 
3.424324495 0.4909304397 

3.626864073 3.255457376 
3.567111846 3.257155505 

2.580320548 0.4354238836 
2.627073628 0.4395167865 

2.675110717 0.4464648654 
2.627073628 0.4395167865 

6.943193005 6.606767229 
6.86225435 6.555885348 

6.732579121 6.520024583 
6.86225435 6.555885348 

7.381267072 7.305117432 
7.463921202 7.144968912 

7.546575333 6.984820392 
7.463921202 7.144968912 

4.826346422 6.410057244 
5.012457647 6.482167481 

1.136941775 6.227677768 
1.140362431 6.198593418 

5.966538767 6.499531559 
5.870713911 6.415134731 

3.503124812 3.225188026 
3.534888607 3.241667898 

3.567111846 3.257155505 
3.534888607 3.241667898 

3.740509748 8.559111746 
3.766751808 8.406430784 

2.935389424 2.051302298 
2.811358721 2.18310769 

6.610335217 5.682898128 
6.524898886 5.836612707 

6.428276824 6.004665993 
6.524898886 5.836612707 

3.766751808 8.406430784 
3.753215836 8.318269947 

3.739305047 8.227948065 
3.753215836 8.318269947 

1.922044715 1.318864444 
1.79937593 1.409884431 

2.651941214 3.451063047 
2.582260862 3.650194695 

3.385138263 8.382061759 
3.437044647 8.436688532 

1.760205191 7.608363594 
1.810770948 7.522245283 

1.865647879 7.442654204 
1.810770948 7.522245283 

5.009868065 5.688947619 
4.963755205 5.865652318 

1.93188365 2.895525075 
1.969824966 2.72939068 

2.017744835 2.573702147 
1.969824966 2.72939068 

4.569767859 7.268531024 
4.508034068 7.205128394 

4.444773492 7.140244392 
4.508034068 7.205128394 

1.445113959 7.912199735 
1.556808169 7.990251618 

5.249665674 7.226949269 
5.367954423 7.12389845 

5.4953779 7.019459679 
5.367954423 7.12389845 

2.790676688 0.9736059621 
2.680341607 0.9551483938 

2.570006526 0.9366908256 
2.680341607 0.9551483938 

2.333960007 6.412426176 
2.150242991 6.274104802 

1.966013078 6.136146106 
2.150242991 6.274104802 

3.906807697 6.812445266 
4.0185787 6.778186649 

4.132776133 6.747079957 
4.0185787 6.778186649 

3.299836396 8.927242275 
3.230618726 8.957576961 

3.163093578 8.979233067 
3.230618726 8.957576961 

1.122511195 9.27028286 
1.156723582 9.138437724 

1.19169713 9.007098421 
1.156723582 9.138437724 

2.602796715 5.868274297 
2.538516152 5.858148197 

2.483132367 5.864286414 
2.538516152 5.858148197 

3.302317712 1.986373376 
3.212947735 2.114679064 

1.685155068 8.156053055 
1.556808169 7.990251618 

4.286824793 1.575227579 
4.288676691 1.479492242 

4.287994843 1.383811903 
4.288676691 1.479492242 

1.143250003 6.142615916 
1.141806217 6.170604667 

1.140362431 6.198593418 
1.141806217 6.170604667 

2.70584066 7.967393553 
2.807549631 7.861039704 

2.913662296 7.743207843 
2.807549631 7.861039704 

5.104296789 2.336300269 
5.077789008 2.442828243 

5.050927603 2.551599308 
5.077789008 2.442828243 

1.974101838 3.339190289 
2.004178495 3.45844823 

2.507572411 3.843317281 
2.544916637 3.746755988 

2.582260862 3.650194695 
2.544916637 3.746755988 

3.00143076 9.070691354 
2.876951785 9.104523528 

2.752472809 9.138355703 
2.876951785 9.104523528 

0.9677528481 6.988086323 
1.146355756 7.154166053 

2.373019276 8.318363244 
2.255585432 8.33660654 

2.142999002 8.369146159 
2.255585432 8.33660654 

2.715389913 2.262352316 
2.811358721 2.18310769 

2.894302963 6.820915719 
2.955325755 6.8708664 

3.016348547 6.920817082 
2.955325755 6.8708664 

7.617829996 6.312607449 
7.575586891 6.248833691 

6.382964374 6.432371612 
6.288612238 6.484112882 

6.192901247 6.536241644 
6.288612238 6.484112882 

4.495487896 5.763393473 
4.338519435 5.831068624 

4.181550974 5.898743775 
4.338519435 5.831068624 

3.735502762 7.530428799 
3.785381528 7.342578425 

3.834908429 7.156777383 
3.785381528 7.342578425 

2.589744114 7.167472776 
2.615964749 7.063491826 

7.185943141 5.171932999 
7.134504548 5.191953849 

7.083065955 5.211974699 
7.134504548 5.191953849 

3.670985721 3.03513896 
3.503124812 3.225188026 

3.302317712 1.986373376 
3.288605552 2.115888564 

3.988966341 3.087543883 
3.843140721 3.057739436 

6.555439897 6.939680677 
6.582099048 6.816010687 

6.609546682 6.692634606 
6.582099048 6.816010687 

4.541825497 6.966615954 
4.444773492 7.140244392 

5.872758918 7.559746923 
5.809617822 7.519939748 

5.746476726 7.480132574 
5.809617822 7.519939748 

1.849440818 8.853725303 
1.952535251 8.961194494 

2.055629685 9.068663685 
1.952535251 8.961194494 

1.564436058 2.681914182 
1.506454803 2.606118734 

3.670985721 3.03513896 
3.756684106 3.046334184 

3.843140721 3.057739436 
3.756684106 3.046334184 

1.887054385 7.558491036 
1.810770948 7.522245283 

5.352405575 6.205143102 
5.192849216 6.315421559 

6.677542256 7.962014349 
6.500926429 7.970620535 

6.324310602 7.979226722 
6.500926429 7.970620535 

