3.220373298 0.9057097783 
2.967366535 1.723122245 

3.735502762 7.530428799 
2.905862299 7.749510587 

4.465692415 2.720674886 
4.53761061 3.363450338 

2.030778393 8.030849079 
2.143883553 7.779383816 

5.04288193 6.574524602 
4.764415919 6.827163404 

2.76153008 8.843376548 
3.299836396 8.927242275 

2.030778393 8.030849079 
1.986072783 8.214557416 

4.754528885 4.760345426 
4.471534652 4.504793822 

2.967366535 1.723122245 
3.179129581 1.872042406 

6.391393497 6.43175727 
6.692385024 6.125594684 

5.932525598 6.766871333 
6.087507548 6.601308629 

2.865433077 2.452575532 
3.092756106 2.329701248 

6.907726077 5.993726229 
6.692385024 6.125594684 

0.8048225216 7.180922632 
0.4107645701 6.740701656 

1.641906742 7.027571554 
1.374394731 7.228493365 

3.747595008 0.8716542369 
3.764071402 1.402161313 

7.543610716 6.482005507 
6.946880788 7.067414347 

6.391393497 6.43175727 
6.731414331 6.49932971 

1.442853001 8.121369309 
1.323496686 7.734208428 

1.668371775 7.86394502 
1.892512241 7.681775974 

6.48156666 5.261994333 
6.611946124 5.685023869 

4.465692415 2.720674886 
5.050927603 2.551599308 

6.057440127 7.093212181 
5.932525598 6.766871333 

7.543610716 6.482005507 
6.906404708 6.340526912 

6.692385024 6.125594684 
6.906404708 6.340526912 

3.3417165 2.219667669 
3.092756106 2.329701248 

3.766219235 1.833329333 
3.562278396 1.765123854 

4.192545138 4.142408863 
4.030176783 3.826350826 

7.411333251 7.303854849 
6.819044833 7.366306366 

5.512713322 6.021164652 
5.834321385 6.083859782 

4.471534652 4.504793822 
4.340947333 4.341108605 

4.192545138 4.142408863 
4.340947333 4.341108605 

2.646511212 2.651601948 
2.865433077 2.452575532 

2.413975401 7.709835023 
2.589581349 7.602832788 

6.907726077 5.993726229 
7.307951326 6.12440292 

5.249478876 7.226911992 
4.809572877 7.433646534 

1.93188365 2.895525075 
2.441099284 3.253312435 

2.522000584 1.968512175 
2.730005191 2.102123407 

4.623803436 6.47397129 
4.370810548 6.640389767 

1.633265063 8.580623906 
1.508670055 8.90303799 

2.740541248 8.257347203 
2.905862299 7.749510587 

2.730005191 2.102123407 
2.159893883 2.310987912 

2.159893883 2.310987912 
2.301033853 2.426487002 

5.714843621 7.343562354 
5.737349969 7.029052417 

0.7136236796 7.594220021 
1.034246173 7.631223559 

1.323496686 7.734208428 
1.034246173 7.631223559 

6.819044833 7.366306366 
6.946880788 7.067414347 

4.172290132 2.326052576 
4.506062882 2.399568316 

1.641906742 7.027571554 
1.191613601 6.932311737 

2.08137123 7.263105687 
2.109762642 7.421037485 

1.549109404 1.762221966 
2.159893883 2.310987912 

6.55218645 6.936142101 
7.156677161 6.668535809 

1.191613601 6.932311737 
0.8048225216 7.180922632 

6.819044833 7.366306366 
6.921281594 7.809133569 

5.04288193 6.574524602 
5.176494767 6.428868478 

5.583856205 7.690755213 
5.756411263 7.76862654 

6.061683241 7.879940562 
5.756411263 7.76862654 

7.156677161 6.668535809 
6.946880788 7.067414347 

2.493915858 8.598982743 
2.740541248 8.257347203 

1.668371775 7.86394502 
1.090166229 8.055436326 

2.109762642 7.421037485 
1.870073503 7.447598062 

3.635656246 2.080771131 
3.766219235 1.833329333 

2.507572411 3.843317281 
2.441099284 3.253312435 

6.611946124 5.685023869 
6.907726077 5.993726229 

3.179129581 1.872042406 
3.407499968 1.859169082 

2.740541248 8.257347203 
3.124746242 8.311914185 

5.714843621 7.343562354 
6.061683241 7.879940562 

3.083326538 6.100531536 
2.739124499 6.295747208 

1.247505527 8.763282471 
1.508670055 8.90303799 

1.442853001 8.121369309 
1.646201814 8.304955154 

4.623803436 6.47397129 
5.176494767 6.428868478 

3.220373298 0.9057097783 
3.438974389 1.00294239 

4.465692415 2.720674886 
4.506062882 2.399568316 

4.931949828 1.689694991 
4.155876347 1.927121728 

3.635656246 2.080771131 
4.155876347 1.927121728 

6.324310602 7.979226722 
6.200152215 7.360224138 

6.057440127 7.093212181 
6.200152215 7.360224138 

3.220373298 0.9057097783 
3.089415297 0.3052033126 

2.441099284 3.253312435 
2.372062474 3.428068206 

7.156677161 6.668535809 
6.942243305 6.606918673 

4.506062882 2.399568316 
4.792284718 2.414248243 

5.59018337 6.493056605 
5.740928587 6.523191018 

0.8048225216 7.180922632 
0.9652788705 7.465185609 

2.967366535 1.723122245 
2.828664115 1.564537758 

1.191613601 6.932311737 
1.246378703 6.218443068 

3.124746242 8.311914185 
3.071375331 8.056402475 

4.181550974 5.898743775 
4.20014469 6.249963324 

3.907482349 6.813634919 
4.20014469 6.249963324 

3.764071402 1.402161313 
3.915603229 1.589445285 

0.3200326472 8.143419162 
0.7127441548 8.288700999 

5.577434888 5.37451742 
5.43616335 5.701619026 

7.47477023 5.516746989 
6.924909325 5.674028699 

1.848942748 8.85329033 
1.595583662 9.061624305 

1.10984345 9.280717521 
1.595583662 9.061624305 

6.942243305 6.606918673 
6.55218645 6.936142101 

5.834321385 6.083859782 
6.115097649 5.985169932 

3.220373298 0.9057097783 
3.170380922 1.323131694 

3.562278396 1.765123854 
3.170380922 1.323131694 

6.271488068 5.646067417 
6.135968313 5.334489188 

0.4107645701 6.740701656 
1.003054801 6.769808616 

1.191613601 6.932311737 
1.003054801 6.769808616 

5.249478876 7.226911992 
5.737349969 7.029052417 

4.764415919 6.827163404 
4.913967752 6.870653835 

3.299836396 8.927242275 
3.234130479 8.576775195 

6.906404708 6.340526912 
6.731414331 6.49932971 

2.522000584 1.968512175 
2.333154929 1.73122921 

2.159893883 2.310987912 
2.12913616 2.108951733 

1.320877389 2.30421395 
1.644799783 2.29099925 

6.057440127 7.093212181 
6.235368601 6.927472365 

5.932525598 6.766871333 
6.235368601 6.927472365 

2.053306851 8.497160837 
2.029330276 8.836405579 

6.946880788 7.067414347 
6.784197376 6.792869336 

2.413975401 7.709835023 
2.456979941 8.06978892 

2.374021962 8.314086027 
2.456979941 8.06978892 

7.319691185 7.763504585 
6.921281594 7.809133569 

3.747595008 0.8716542369 
3.582744316 0.7930392106 

4.750199575 5.645009362 
4.843178781 5.833219514 

3.092756106 2.329701248 
3.516013202 2.621383834 

2.367721874 0.9069145763 
2.256967667 0.6569602861 

7.307951326 6.12440292 
7.191252395 6.295326158 

4.372470362 7.646118393 
4.299154877 7.293273071 

4.299154877 7.293273071 
4.569767859 7.268531024 

1.848942748 8.85329033 
2.029330276 8.836405579 

6.324310602 7.979226722 
5.558746763 7.973057379 

7.185142723 5.171484894 
7.091663412 5.376623581 

5.558746763 7.973057379 
5.583856205 7.690755213 

1.090166229 8.055436326 
1.323496686 7.734208428 

0.3200326472 8.143419162 
0.6396617354 7.982576973 

2.905862299 7.749510587 
2.456979941 8.06978892 

4.451104568 1.330015676 
3.915603229 1.589445285 

5.637586603 4.972614278 
5.513316822 4.778494385 

5.13794771 4.808832933 
5.513316822 4.778494385 

5.737349969 7.029052417 
5.495423951 7.028129063 

3.124746242 8.311914185 
3.234130479 8.576775195 

6.087507548 6.601308629 
6.025018974 6.334539033 

5.834321385 6.083859782 
6.025018974 6.334539033 

2.493915858 8.598982743 
2.596382866 8.899479551 

3.089415297 0.3052033126 
3.341794623 0.7044835005 

3.438974389 1.00294239 
3.341794623 0.7044835005 

3.655540871 3.028901562 
3.751771989 3.271374012 

2.507572411 3.843317281 
2.372062474 3.428068206 

2.12913616 2.108951733 
2.730005191 2.102123407 

4.181550974 5.898743775 
4.73244883 6.306849346 

5.04288193 6.574524602 
4.73244883 6.306849346 

1.84353753 6.308238032 
1.623372477 6.652999175 

1.84353753 6.308238032 
1.965618952 6.132808607 

6.200152215 7.360224138 
5.714843621 7.343562354 

2.143883553 7.779383816 
2.252468401 7.509657214 

2.441274376 7.003766594 
2.252468401 7.509657214 

3.234130479 8.576775195 
3.385138263 8.382061759 

2.730005191 2.102123407 
2.423224615 2.188163981 

2.12913616 2.108951733 
1.819828018 2.170671895 

3.951868551 2.548803942 
3.619639073 2.516500569 

3.53345791 2.2195418 
3.619639073 2.516500569 

2.109762642 7.421037485 
2.252468401 7.509657214 

2.856493165 6.656084422 
3.390633941 6.459913862 

7.543610716 6.482005507 
7.252081117 6.516068704 

6.819044833 7.366306366 
6.601452421 7.456826849 

1.668371775 7.86394502 
1.467489191 8.007303251 

7.156677161 6.668535809 
7.412697857 6.647966663 

3.766219235 1.833329333 
4.119592324 1.445165666 

6.025018974 6.334539033 
6.115097649 5.985169932 

1.467489191 8.007303251 
1.442853001 8.121369309 

0.9652788705 7.465185609 
0.42243115 7.456434002 

2.474974047 6.005855279 
2.69874599 6.124910842 

2.739124499 6.295747208 
2.69874599 6.124910842 

2.740541248 8.257347203 
2.374021962 8.314086027 

2.865433077 2.452575532 
2.88293427 2.268223327 

2.938568395 2.050599853 
2.88293427 2.268223327 

1.191613601 6.932311737 
1.374394731 7.228493365 

2.372062474 3.428068206 
2.172358714 3.354843226 

2.313702725 7.355882023 
2.252468401 7.509657214 

0.9652788705 7.465185609 
1.147378074 7.15432063 

1.191613601 6.932311737 
1.147378074 7.15432063 

4.73244883 6.306849346 
4.623803436 6.47397129 

3.907482349 6.813634919 
3.837893067 7.156232683 

2.633347627 3.181873947 
2.441099284 3.253312435 

2.005083113 7.025341767 
1.934978303 6.871864735 

3.131274365 3.281660225 
3.220223039 3.52133409 

5.13794771 4.808832933 
4.919890519 4.948570934 

4.754528885 4.760345426 
4.919890519 4.948570934 

5.637586603 4.972614278 
5.877686819 4.75437492 

1.034246173 7.631223559 
0.9652788705 7.465185609 

2.35562757 1.337629083 
2.072237076 1.351834455 

2.76153008 8.843376548 
2.596382866 8.899479551 

5.59018337 6.493056605 
5.626779853 6.742875306 

0.7127441548 8.288700999 
0.6396617354 7.982576973 

4.299154877 7.293273071 
3.907482349 6.813634919 

6.666238382 8.254020229 
6.668571231 7.960781953 

1.644799783 2.29099925 
1.603974981 2.420266464 

2.740541248 8.257347203 
3.071375331 8.056402475 

1.926641094 1.507637978 
1.914686536 1.697470246 

5.626779853 6.742875306 
5.932525598 6.766871333 

2.967366535 1.723122245 
2.938568395 2.050599853 

4.451104568 1.330015676 
4.550179457 1.614745949 

3.582744316 0.7930392106 
3.512443595 0.4661453329 

4.764415919 6.827163404 
4.541825497 6.966615954 

0.8048225216 7.180922632 
1.147378074 7.15432063 

3.619639073 2.516500569 
3.516013202 2.621383834 

3.3417165 2.219667669 
3.21429807 2.116769302 

1.320877389 2.30421395 
1.603974981 2.420266464 

1.646201814 8.304955154 
1.684359774 8.158456412 

2.675110717 0.4464648654 
2.75980299 0.8316034362 

3.092756106 2.329701248 
2.88293427 2.268223327 

4.465692415 2.720674886 
4.378748363 2.864092202 

2.905862299 7.749510587 
3.341083018 7.970840697 

1.819828018 2.170671895 
1.644799783 2.29099925 

2.856493165 6.656084422 
2.894302963 6.820915719 

2.956490721 2.9046795 
3.007098014 2.730739671 

2.70584066 7.967393553 
2.740541248 8.257347203 

5.583856205 7.690755213 
5.260000935 7.713757611 

0.8048225216 7.180922632 
1.003054801 6.769808616 

4.53761061 3.363450338 
4.561901151 3.133325755 

4.348170009 3.098728204 
4.561901151 3.133325755 

2.626240854 9.483836576 
2.750888943 9.142578321 

2.76153008 8.843376548 
2.750888943 9.142578321 

6.784197376 6.792869336 
6.731414331 6.49932971 

3.735502762 7.530428799 
4.080465619 7.608854508 

4.372470362 7.646118393 
4.080465619 7.608854508 

1.926641094 1.507637978 
2.072237076 1.351834455 

3.438974389 1.00294239 
3.582744316 0.7930392106 

6.135968313 5.334489188 
6.302283081 5.440288848 

6.48156666 5.261994333 
6.302283081 5.440288848 

0.73888006 8.831687328 
0.5288157223 8.62663468 

2.967366535 1.723122245 
3.034391213 1.552857965 

4.996798085 8.02926029 
5.44374842 7.657929846 

7.191252395 6.295326158 
7.252081117 6.516068704 

6.907726077 5.993726229 
6.924909325 5.674028699 

1.374394731 7.228493365 
0.9698467843 6.989237378 

3.385138263 8.382061759 
3.535044378 8.341087563 

2.413975401 7.709835023 
2.252468401 7.509657214 

5.899186173 5.556892639 
6.135968313 5.334489188 

1.442853001 8.121369309 
1.510468068 8.398741638 

1.633265063 8.580623906 
1.510468068 8.398741638 

2.740541248 8.257347203 
2.789636182 8.481254362 

5.249478876 7.226911992 
5.260000935 7.713757611 

6.731414331 6.49932971 
6.597250706 6.694677099 

5.43616335 5.701619026 
5.066465196 5.944509607 

2.730005191 2.102123407 
2.938568395 2.050599853 

0.6396617354 7.982576973 
0.7136236796 7.594220021 

6.666238382 8.254020229 
7.002513125 8.049513626 

0.6396617354 7.982576973 
0.8428927484 7.860002568 

0.9698467843 6.989237378 
1.191613601 6.932311737 

4.550179457 1.614745949 
4.286824793 1.575227579 

4.119592324 1.445165666 
4.286824793 1.575227579 

4.155876347 1.927121728 
3.943147769 2.162068612 

1.603974981 2.420266464 
1.525849587 2.466771232 

3.272086654 3.917371209 
3.18850158 3.626910563 

2.985882475 3.404917663 
3.18850158 3.626910563 

5.176494767 6.428868478 
4.969231608 6.364933773 

4.73244883 6.306849346 
4.969231608 6.364933773 

4.750199575 5.645009362 
5.161964606 5.436059489 

1.668461902 6.379531646 
1.84353753 6.308238032 

3.034391213 1.552857965 
2.828664115 1.564537758 

2.903782817 7.214289174 
2.64065784 7.328825187 

2.739124499 6.295747208 
2.78623507 6.470074518 

1.003054801 6.769808616 
1.109697755 6.569457469 

1.623372477 6.652999175 
1.191613601 6.932311737 

3.170380922 1.323131694 
2.990576499 1.321029163 

3.034391213 1.552857965 
2.990576499 1.321029163 

1.246378703 6.218443068 
1.324802172 6.587643284 

0.7136236796 7.594220021 
0.5254821633 7.667960345 

7.412697857 6.647966663 
7.252081117 6.516068704 

4.53761061 3.363450338 
4.884228949 2.928073887 

5.050927603 2.551599308 
4.884228949 2.928073887 

2.333960007 6.412426176 
2.739124499 6.295747208 

6.303954315 4.782654416 
6.024142686 4.824786973 

5.877686819 4.75437492 
6.024142686 4.824786973 

3.220373298 0.9057097783 
3.341794623 0.7044835005 

1.936352466 0.7735253018 
1.872377394 1.057377269 

6.784197376 6.792869336 
6.597250706 6.694677099 

1.090166229 8.055436326 
0.7704202123 8.138546775 

2.646511212 2.651601948 
3.007098014 2.730739671 

5.495423951 7.028129063 
5.682070936 6.890082864 

5.626779853 6.742875306 
5.682070936 6.890082864 

4.554421143 1.822941326 
4.720257792 1.821717499 

4.931949828 1.689694991 
4.720257792 1.821717499 

1.508670055 8.90303799 
1.352841353 9.070800564 

4.913967752 6.870653835 
4.957335317 7.137434105 

2.596382866 8.899479551 
2.750888943 9.142578321 

4.919890519 4.948570934 
4.830838913 5.151138306 

6.611946124 5.685023869 
6.881877188 5.380688517 

4.830838913 5.151138306 
4.474419995 5.284679535 

1.247505527 8.763282471 
1.510468068 8.398741638 

6.924909325 5.674028699 
6.881877188 5.380688517 

4.079563985 0.9699632506 
4.120097124 0.8310015399 

2.828664115 1.564537758 
2.592734598 1.638436045 

2.333154929 1.73122921 
2.592734598 1.638436045 

3.735502762 7.530428799 
3.341083018 7.970840697 

3.735502762 7.530428799 
3.67106784 7.888122664 

2.938568395 2.050599853 
3.159166524 2.178544464 

4.996798085 8.02926029 
4.960263427 7.635169211 

4.809572877 7.433646534 
4.960263427 7.635169211 

4.569767859 7.268531024 
4.541825497 6.966615954 

2.522000584 1.968512175 
2.592734598 1.638436045 

3.751771989 3.271374012 
3.626928993 3.252601374 

1.589602845 7.500694392 
1.870073503 7.447598062 

2.456979941 8.06978892 
2.242927643 8.083144389 

3.345888781 7.008723018 
3.10540568 7.034368764 

2.903782817 7.214289174 
3.10540568 7.034368764 

1.892512241 7.681775974 
2.042921085 7.670223897 

3.083326538 6.100531536 
2.69874599 6.124910842 

5.080754261 2.127828515 
4.918820434 1.986281836 

4.73244883 6.306849346 
4.571937243 6.103086358 

2.191734865 9.189438793 
2.389206123 8.829808488 

1.641906742 7.027571554 
1.716139983 7.334407981 

4.119592324 1.445165666 
4.482116353 0.8282195016 

7.411333251 7.303854849 
7.196455449 7.081941289 

3.124746242 8.311914185 
2.789636182 8.481254362 

2.789636182 8.481254362 
3.014012894 8.643716097 

1.374394731 7.228493365 
1.716139983 7.334407981 

2.633347627 3.181873947 
2.6581242 3.435937337 

6.881877188 5.380688517 
7.091663412 5.376623581 

4.792284718 2.414248243 
4.585304867 2.594740993 

4.465692415 2.720674886 
4.585304867 2.594740993 

3.159166524 2.178544464 
3.21429807 2.116769302 

4.750199575 5.645009362 
4.854834689 5.41905257 

4.482116353 0.8282195016 
4.120097124 0.8310015399 

1.442853001 8.121369309 
1.684359774 8.158456412 

3.635656246 2.080771131 
3.41642023 2.080221382 

6.061683241 7.879940562 
6.068635022 8.170141946 

6.235368601 6.927472365 
6.219659511 6.734104564 

3.092756106 2.329701248 
3.159166524 2.178544464 

3.071375331 8.056402475 
3.341083018 7.970840697 

3.014012894 8.643716097 
3.090170407 8.715652921 

5.44374842 7.657929846 
5.583856205 7.690755213 

2.646511212 2.651601948 
2.733907632 2.853998501 

2.956490721 2.9046795 
2.733907632 2.853998501 

7.543610716 6.482005507 
7.618851128 6.716256343 

3.092756106 2.329701248 
3.060146986 2.503601159 

2.675110717 0.4464648654 
2.395607318 0.6893743641 

2.256967667 0.6569602861 
2.395607318 0.6893743641 

1.668461902 6.379531646 
1.712001047 6.171180652 

3.083326538 6.100531536 
3.092272012 6.324103815 

3.060146986 2.503601159 
2.865433077 2.452575532 

4.996798085 8.02926029 
5.143332145 7.899427157 

5.260000935 7.713757611 
5.143332145 7.899427157 

2.367721874 0.9069145763 
2.45648277 0.7152438225 

2.626240854 9.483836576 
2.527921555 9.117152778 

2.596382866 8.899479551 
2.527921555 9.117152778 

3.438974389 1.00294239 
3.267124365 1.114553148 

3.170380922 1.323131694 
3.267124365 1.114553148 

2.172358714 3.354843226 
2.097834377 3.493701321 

4.119592324 1.445165666 
4.006725441 1.443789518 

1.320877389 2.30421395 
1.525849587 2.466771232 

1.320877389 2.30421395 
1.549874207 2.059461932 

0.7704202123 8.138546775 
0.6396617354 7.982576973 

7.307951326 6.12440292 
7.408104474 6.159872213 

4.172290132 2.326052576 
4.465692415 2.720674886 

4.155876347 1.927121728 
4.270186153 2.127646849 

2.45648277 0.7152438225 
2.465387208 0.5409224118 

0.9652788705 7.465185609 
1.255596673 7.445682964 

5.04288193 6.574524602 
4.913967752 6.870653835 

1.10984345 9.280717521 
1.377260762 8.681828489 

4.541825497 6.966615954 
4.370810548 6.640389767 

0.9698467843 6.989237378 
0.8048225216 7.180922632 

2.589581349 7.602832788 
2.789002131 7.569204792 

7.191252395 6.295326158 
7.408104474 6.159872213 

2.053306851 8.497160837 
2.14803289 8.385231635 

7.002513125 8.049513626 
6.921281594 7.809133569 

0.4107645701 6.740701656 
0.7162428593 6.623289382 

0.7704202123 8.138546775 
0.7127441548 8.288700999 

0.7127441548 8.288700999 
0.7478233026 8.539105475 

6.271488068 5.646067417 
6.611946124 5.685023869 

7.319691185 7.763504585 
7.206445019 7.549359657 

1.247505527 8.763282471 
1.377260762 8.681828489 

3.272086654 3.917371209 
3.533277778 3.852195798 

3.739157092 3.984978262 
3.533277778 3.852195798 

5.756411263 7.76862654 
5.872758918 7.559746923 

1.090166229 8.055436326 
0.8428927484 7.860002568 

1.247505527 8.763282471 
1.051908669 8.699522884 

2.143883553 7.779383816 
2.242927643 8.083144389 

4.299154877 7.293273071 
3.981564185 7.446904624 

3.735502762 7.530428799 
3.981564185 7.446904624 

2.522000584 1.968512175 
2.689205079 1.805610785 

2.143883553 7.779383816 
2.206440711 7.71047312 

2.413975401 7.709835023 
2.206440711 7.71047312 

3.220373298 0.9057097783 
3.267124365 1.114553148 

6.324310602 7.979226722 
6.468035599 8.209320902 

6.303954315 4.782654416 
6.159075861 5.056489623 

2.905862299 7.749510587 
3.000269112 7.920195176 

3.071375331 8.056402475 
3.000269112 7.920195176 

2.346406819 7.889546761 
2.206440711 7.71047312 

6.731414331 6.49932971 
6.568083745 6.463477714 

4.080465619 7.608854508 
3.981564185 7.446904624 

6.568083745 6.463477714 
6.597250706 6.694677099 

6.271488068 5.646067417 
6.030736581 5.867112163 

5.834321385 6.083859782 
6.030736581 5.867112163 

2.346406819 7.889546761 
2.413975401 7.709835023 

0.7761054631 6.386077772 
1.047282168 6.375608367 

2.423224615 2.188163981 
2.475047539 2.350221117 

5.356747796 6.684308408 
5.626779853 6.742875306 

2.789002131 7.569204792 
2.905862299 7.749510587 

2.70584066 7.967393553 
3.000269112 7.920195176 

4.20014469 6.249963324 
4.571937243 6.103086358 

6.784197376 6.792869336 
6.864364609 6.710988414 

6.942243305 6.606918673 
6.864364609 6.710988414 

4.20014469 6.249963324 
4.250623256 6.47787275 

4.370810548 6.640389767 
4.250623256 6.47787275 

5.737349969 7.029052417 
5.682070936 6.890082864 

5.932525598 6.766871333 
5.682070936 6.890082864 

7.408104474 6.159872213 
7.475537499 6.23283075 

7.091663412 5.376623581 
7.47477023 5.516746989 

2.441099284 3.253312435 
2.384076303 2.928894942 

3.341794623 0.7044835005 
3.582744316 0.7930392106 

4.854834689 5.41905257 
5.161964606 5.436059489 

4.996798085 8.02926029 
5.145852999 7.614907977 

4.172290132 2.326052576 
4.293260108 2.210629318 

4.270186153 2.127646849 
4.293260108 2.210629318 

2.313702725 7.355882023 
2.08137123 7.263105687 

5.512713322 6.021164652 
5.244220019 6.018188841 

5.066465196 5.944509607 
5.244220019 6.018188841 

7.091663412 5.376623581 
7.0270019 5.516156189 

6.924909325 5.674028699 
7.0270019 5.516156189 

3.988966341 3.087543883 
4.13392201 2.862102994 

6.55218645 6.936142101 
6.219659511 6.734104564 

7.252081117 6.516068704 
7.156677161 6.668535809 

6.025018974 6.334539033 
5.870551629 6.416825565 

5.740928587 6.523191018 
5.870551629 6.416825565 

6.115097649 5.985169932 
6.030736581 5.867112163 

1.965618952 6.132808607 
1.800243874 6.027861423 

2.346406819 7.889546761 
2.456979941 8.06978892 

1.323496686 7.734208428 
1.298739386 7.978216226 

4.451104568 1.330015676 
4.358849284 1.185097927 

5.914797417 6.565022083 
5.870551629 6.416825565 

1.819828018 2.170671895 
1.549874207 2.059461932 

0.9698467843 6.989237378 
0.6947193356 6.871239829 

6.906404708 6.340526912 
6.568083745 6.463477714 

0.5288157223 8.62663468 
0.6575404017 8.556905918 

0.7478233026 8.539105475 
0.6575404017 8.556905918 

1.74912672 9.30679065 
1.704604056 9.172016004 

1.595583662 9.061624305 
1.704604056 9.172016004 

3.67106784 7.888122664 
3.535044378 8.341087563 

1.589602845 7.500694392 
1.763654785 7.607365353 

1.892512241 7.681775974 
1.763654785 7.607365353 

1.974101838 3.339190289 
1.930839941 3.4695992 

1.324802172 6.587643284 
1.109697755 6.569457469 

1.510468068 8.398741638 
1.646201814 8.304955154 

2.420034186 6.247566878 
2.195333076 6.031448092 

4.854834689 5.41905257 
5.070039736 5.183096575 

3.335593277 0.5157245797 
3.391694379 0.3710827539 

1.668539409 1.416082234 
1.920629505 1.320110655 

2.072237076 1.351834455 
1.920629505 1.320110655 

2.053306851 8.497160837 
1.633265063 8.580623906 

1.090166229 8.055436326 
1.298739386 7.978216226 

1.84353753 6.308238032 
1.997515387 6.345277007 

1.926641094 1.507637978 
1.920629505 1.320110655 

5.737349969 7.029052417 
5.874291123 7.080154386 

1.819828018 2.170671895 
1.635651288 2.191974533 

4.110011054 0.5858874495 
4.095622791 0.7422947688 

4.120097124 0.8310015399 
4.095622791 0.7422947688 

3.272086654 3.917371209 
3.383606053 3.717065269 

3.220223039 3.52133409 
3.383606053 3.717065269 

5.558746763 7.973057379 
5.441629125 8.158920725 

0.7162428593 6.623289382 
0.7848255726 6.555338116 

2.967366535 1.723122245 
2.689205079 1.805610785 

7.176242523 5.916785646 
7.235499555 5.724404021 

2.097834377 3.493701321 
2.045741659 3.455858018 

1.974101838 3.339190289 
2.045741659 3.455858018 

2.985882475 3.404917663 
2.809758651 3.549349402 

5.176494767 6.428868478 
5.244220019 6.018188841 

3.341794623 0.7044835005 
3.335593277 0.5157245797 

6.55218645 6.936142101 
6.382690686 6.685407225 

6.391393497 6.43175727 
6.382690686 6.685407225 

3.516013202 2.621383834 
3.306283506 2.382659157 

3.3417165 2.219667669 
3.306283506 2.382659157 

3.299836396 8.927242275 
2.864935946 8.690479207 

2.493915858 8.598982743 
2.864935946 8.690479207 

3.562278396 1.765123854 
3.617772094 1.601759067 

5.182701525 8.068454971 
5.143332145 7.899427157 

2.042921085 7.670223897 
2.104079981 7.573875836 

1.93188365 2.895525075 
1.713802129 2.726504676 

2.828664115 1.564537758 
2.844890802 1.428702246 

6.55218645 6.936142101 
6.413625715 6.844996569 

6.235368601 6.927472365 
6.413625715 6.844996569 

3.951868551 2.548803942 
4.172290132 2.326052576 

3.951868551 2.548803942 
3.70307925 2.335216218 

3.635656246 2.080771131 
3.70307925 2.335216218 

2.367721874 0.9069145763 
2.395607318 0.6893743641 

3.220223039 3.52133409 
3.18850158 3.626910563 

2.465387208 0.5409224118 
2.395607318 0.6893743641 

1.668461902 6.379531646 
1.324802172 6.587643284 

1.623372477 6.652999175 
1.82495111 6.735263199 

1.870073503 7.447598062 
1.716139983 7.334407981 

5.145852999 7.614907977 
4.960263427 7.635169211 

7.235499555 5.724404021 
7.303889201 5.622867131 

3.67106784 7.888122664 
3.739305047 8.227948065 

1.635651288 2.191974533 
1.644799783 2.29099925 

5.899186173 5.556892639 
5.721727105 5.635639551 

3.3417165 2.219667669 
3.41642023 2.080221382 

7.475537499 6.23283075 
7.531169223 6.216267949 

2.730005191 2.102123407 
2.709804733 2.259071651 

2.865433077 2.452575532 
2.709804733 2.259071651 

5.932525598 6.766871333 
5.73435364 6.665218252 

5.59018337 6.493056605 
5.73435364 6.665218252 

4.181550974 5.898743775 
4.812130276 5.976374877 

5.512713322 6.021164652 
4.812130276 5.976374877 

2.441274376 7.003766594 
2.40220288 7.22186546 

2.313702725 7.355882023 
2.40220288 7.22186546 

3.345888781 7.008723018 
3.367948593 7.227012316 

4.750199575 5.645009362 
4.812130276 5.976374877 

6.324310602 7.979226722 
6.211050776 8.005497545 

2.215206722 3.636812976 
2.004178495 3.45844823 

4.030176783 3.826350826 
4.253239949 3.606386929 

3.655540871 3.028901562 
3.626928993 3.252601374 

4.843178781 5.833219514 
4.812130276 5.976374877 

6.946880788 7.067414347 
7.063848971 6.927519806 

5.740928587 6.523191018 
5.73435364 6.665218252 

1.352841353 9.070800564 
1.367074057 9.176063658 

1.525849587 2.466771232 
1.506454803 2.606118734 

3.53345791 2.2195418 
3.70307925 2.335216218 

6.48156666 5.261994333 
6.739328079 5.1332394 

2.70584066 7.967393553 
2.525583337 7.943298736 

2.346406819 7.889546761 
2.525583337 7.943298736 

6.087507548 6.601308629 
5.976275848 6.592771836 

5.914797417 6.565022083 
5.976275848 6.592771836 

4.155876347 1.927121728 
3.977960172 1.865998259 

7.47477023 5.516746989 
7.35787739 5.581417507 

7.303889201 5.622867131 
7.35787739 5.581417507 

7.002513125 8.049513626 
7.079507963 7.882974728 

3.442738368 1.611235761 
3.310391529 1.447739792 

3.170380922 1.323131694 
3.310391529 1.447739792 

2.76153008 8.843376548 
2.864935946 8.690479207 

5.182701525 8.068454971 
5.26937538 8.135101798 

4.541825497 6.966615954 
4.30139141 6.972647588 

6.200152215 7.360224138 
6.408091555 7.264357896 

2.789636182 8.481254362 
2.864935946 8.690479207 

1.986072783 8.214557416 
2.14803289 8.385231635 

7.618851128 6.716256343 
7.620739431 6.847561351 

1.377260762 8.681828489 
1.510468068 8.398741638 

3.407499968 1.859169082 
3.41642023 2.080221382 

1.986072783 8.214557416 
1.90361272 8.448968 

2.789002131 7.569204792 
2.779428292 7.455176451 

5.714843621 7.343562354 
5.688871347 7.582885827 

5.583856205 7.690755213 
5.688871347 7.582885827 

4.370810548 6.640389767 
4.132776133 6.747079957 

2.75980299 0.8316034362 
2.790676688 0.9736059621 

1.377260762 8.681828489 
1.315034925 8.427844503 

0.7136236796 7.594220021 
0.42243115 7.456434002 

2.191734865 9.189438793 
2.39944225 9.329149907 

2.626240854 9.483836576 
2.39944225 9.329149907 

2.35562757 1.337629083 
2.639992133 1.568575105 

2.967366535 1.723122245 
2.639992133 1.568575105 

6.219659511 6.734104564 
6.382690686 6.685407225 

5.04288193 6.574524602 
5.120165023 6.725842423 

5.356747796 6.684308408 
5.120165023 6.725842423 

5.260000935 7.713757611 
5.145852999 7.614907977 

2.256967667 0.6569602861 
2.078912757 0.7158862883 

1.934978303 6.871864735 
1.82495111 6.735263199 

0.5254821633 7.667960345 
0.5371377874 7.552229704 

0.42243115 7.456434002 
0.5371377874 7.552229704 

2.033637552 5.91731296 
2.288760129 5.897044675 

1.640602242 3.280794991 
1.867160477 3.404750473 

2.004178495 3.45844823 
1.867160477 3.404750473 

3.367948593 7.227012316 
3.448607073 7.309592928 

3.217853124 2.906002511 
3.339363191 2.664874859 

3.516013202 2.621383834 
3.339363191 2.664874859 

3.535044378 8.341087563 
3.739305047 8.227948065 

3.092272012 6.324103815 
3.12083562 6.417248721 

2.384076303 2.928894942 
2.577678677 2.899814057 

2.733907632 2.853998501 
2.577678677 2.899814057 

4.809572877 7.433646534 
4.714361873 7.30024505 

1.641906742 7.027571554 
1.729637056 7.223700153 

1.870073503 7.447598062 
1.729637056 7.223700153 

4.843178781 5.833219514 
5.00868925 5.689679608 

5.161964606 5.436059489 
5.00868925 5.689679608 

2.88293427 2.268223327 
2.709804733 2.259071651 

1.323496686 7.734208428 
0.8372712432 7.991472527 

2.441274376 7.003766594 
2.29158599 7.108632945 

1.374394731 7.228493365 
1.147378074 7.15432063 

4.561901151 3.133325755 
4.659233212 3.073915136 

2.790676688 0.9736059621 
2.856216439 0.8799779339 

2.987356518 0.7837586768 
2.856216439 0.8799779339 

3.391694379 0.3710827539 
3.270836366 0.3515620305 

0.9698467843 6.989237378 
1.003054801 6.769808616 

1.914686536 1.697470246 
1.726374023 1.803596698 

1.549109404 1.762221966 
1.726374023 1.803596698 

6.881877188 5.380688517 
7.0270019 5.516156189 

3.951868551 2.548803942 
3.755775251 2.792174442 

3.655540871 3.028901562 
3.755775251 2.792174442 

5.73435364 6.665218252 
5.626779853 6.742875306 

1.668371775 7.86394502 
1.893697973 7.901013744 

4.750199575 5.645009362 
4.512243731 5.760232605 

0.5881913129 7.309030421 
0.7094775537 7.278814801 

0.8048225216 7.180922632 
0.7094775537 7.278814801 

1.668539409 1.416082234 
1.798696732 1.410584522 

1.926641094 1.507637978 
1.798696732 1.410584522 

1.716139983 7.334407981 
1.729637056 7.223700153 

3.179129581 1.872042406 
3.129680728 2.045653553 

3.159166524 2.178544464 
3.129680728 2.045653553 

4.30139141 6.972647588 
4.132776133 6.747079957 

1.047282168 6.375608367 
1.147269951 6.296818455 

3.060146986 2.503601159 
3.339363191 2.664874859 

1.090166229 8.055436326 
0.8372712432 7.991472527 

6.468035599 8.209320902 
6.287949315 8.112193235 

2.809758651 3.549349402 
2.733134122 3.60922735 

5.44374842 7.657929846 
5.260000935 7.713757611 

5.513316822 4.778494385 
5.617697514 4.616142492 

7.543610716 6.482005507 
7.475537499 6.23283075 

7.196455449 7.081941289 
6.946880788 7.067414347 

2.750888943 9.142578321 
2.651233394 9.144621764 

6.611946124 5.685023869 
6.924909325 5.674028699 

2.856493165 6.656084422 
2.670865797 6.614949066 

2.646511212 2.651601948 
2.577678677 2.899814057 

7.412697857 6.647966663 
7.543610716 6.482005507 

2.104079981 7.573875836 
2.252468401 7.509657214 

2.12913616 2.108951733 
1.900914838 1.988257361 

6.731414331 6.49932971 
6.864364609 6.710988414 

5.161964606 5.436059489 
5.070039736 5.183096575 

7.196455449 7.081941289 
7.081942499 7.188284598 

5.932525598 6.766871333 
5.976275848 6.592771836 

5.441629125 8.158920725 
5.355096045 8.145068481 

5.26937538 8.135101798 
5.355096045 8.145068481 

7.411333251 7.303854849 
7.245990947 7.451089231 

1.930839941 3.4695992 
2.004178495 3.45844823 

2.646511212 2.651601948 
2.456650729 2.537767655 

3.741065659 8.546976381 
3.619352515 8.489473289 

2.493915858 8.598982743 
2.630314658 8.719743369 

2.76153008 8.843376548 
2.630314658 8.719743369 

4.358849284 1.185097927 
4.351690228 1.04485026 

5.932525598 6.766871333 
5.774143549 6.868998024 

3.12083562 6.417248721 
3.198327641 6.428301164 

6.668571231 7.960781953 
6.882999854 7.979158397 

7.002513125 8.049513626 
6.882999854 7.979158397 

1.491017641 9.336880857 
1.367074057 9.176063658 

3.272086654 3.917371209 
3.463503873 3.587806843 

6.906404708 6.340526912 
6.942243305 6.606918673 

4.172290132 2.326052576 
4.560039472 2.050426023 

4.931949828 1.689694991 
4.560039472 2.050426023 

4.554421143 1.822941326 
4.659954762 1.696078294 

4.550179457 1.614745949 
4.659954762 1.696078294 

6.692385024 6.125594684 
6.613854175 6.288069926 

6.568083745 6.463477714 
6.613854175 6.288069926 

3.516013202 2.621383834 
3.718138084 2.624717854 

3.442738368 1.611235761 
3.617772094 1.601759067 

3.007098014 2.730739671 
3.068503431 2.651827693 

3.060146986 2.503601159 
3.068503431 2.651827693 

2.689205079 1.805610785 
2.639992133 1.568575105 

2.191734865 9.189438793 
2.055629685 9.068663685 

2.29158599 7.108632945 
2.40220288 7.22186546 

1.386595148 2.692704135 
1.564436058 2.681914182 

1.713802129 2.726504676 
1.564436058 2.681914182 

3.21429807 2.116769302 
3.289376354 2.117232677 

3.41642023 2.080221382 
3.289376354 2.117232677 

6.391393497 6.43175727 
6.568083745 6.463477714 

2.522000584 1.968512175 
2.153038098 1.695173178 

3.390633941 6.459913862 
3.254976945 6.439575519 

3.198327641 6.428301164 
3.254976945 6.439575519 

6.692385024 6.125594684 
6.981535591 5.893855252 

5.774143549 6.868998024 
5.682070936 6.890082864 

3.837893067 7.156232683 
3.981564185 7.446904624 

6.087507548 6.601308629 
6.190296385 6.537270764 

6.334464969 6.139433759 
6.391393497 6.43175727 

1.668539409 1.416082234 
1.87112636 1.50119931 

2.153038098 1.695173178 
1.87112636 1.50119931 

6.287949315 8.112193235 
6.189785406 8.108140318 

3.129680728 2.045653553 
3.21429807 2.116769302 

3.299836396 8.927242275 
3.170926118 8.626034233 

3.124746242 8.311914185 
3.170926118 8.626034233 

4.571937243 6.103086358 
4.812130276 5.976374877 

3.463503873 3.587806843 
3.383606053 3.717065269 

2.215206722 3.636812976 
2.372062474 3.428068206 

6.334464969 6.139433759 
6.237863953 6.068037253 

6.115097649 5.985169932 
6.237863953 6.068037253 

1.930839941 3.4695992 
1.867160477 3.404750473 

6.068635022 8.170141946 
6.143111421 8.074361172 

6.211050776 8.005497545 
6.143111421 8.074361172 

3.512443595 0.4661453329 
3.391694379 0.3710827539 

3.512443595 0.4661453329 
3.442908549 0.5833368816 

3.341794623 0.7044835005 
3.442908549 0.5833368816 

6.468035599 8.209320902 
6.553744858 8.236642408 

5.43616335 5.701619026 
5.244220019 6.018188841 

2.493915858 8.598982743 
2.315298114 8.532120835 

2.053306851 8.497160837 
2.315298114 8.532120835 

3.179129581 1.872042406 
3.034391213 1.552857965 

6.302283081 5.440288848 
6.271488068 5.646067417 

5.870551629 6.416825565 
5.691928298 6.234093323 

7.47477023 5.516746989 
7.223508956 5.656147293 

6.981535591 5.893855252 
7.223508956 5.656147293 

6.061683241 7.879940562 
6.211050776 8.005497545 

2.894302963 6.820915719 
2.936469147 7.008092896 

3.718138084 2.624717854 
3.619639073 2.516500569 

6.324310602 7.979226722 
6.287949315 8.112193235 

4.571937243 6.103086358 
4.602787432 6.307478675 

4.623803436 6.47397129 
4.602787432 6.307478675 

6.382690686 6.685407225 
6.413625715 6.844996569 

0.7136236796 7.594220021 
0.534881146 7.899863819 

3.718138084 2.624717854 
3.755775251 2.792174442 

4.080465619 7.608854508 
4.199416603 7.430142581 

4.299154877 7.293273071 
4.199416603 7.430142581 

0.534881146 7.899863819 
0.6396617354 7.982576973 

5.899186173 5.556892639 
5.943374425 5.715506835 

6.030736581 5.867112163 
5.943374425 5.715506835 

1.633265063 8.580623906 
1.377260762 8.681828489 

1.870073503 7.447598062 
2.104079981 7.573875836 

1.549109404 1.762221966 
1.743466635 1.899800537 

1.900914838 1.988257361 
1.743466635 1.899800537 

3.407499968 1.859169082 
3.562278396 1.765123854 

7.196455449 7.081941289 
7.336836964 7.01966623 

7.546575333 6.984820392 
7.336836964 7.01966623 

5.161964606 5.436059489 
5.289154603 5.547432801 

6.061683241 7.879940562 
6.143111421 8.074361172 

1.374394731 7.228493365 
1.283603387 7.35126534 

1.255596673 7.445682964 
1.283603387 7.35126534 

3.943147769 2.162068612 
3.70307925 2.335216218 

2.389206123 8.829808488 
2.596382866 8.899479551 

1.491017641 9.336880857 
1.364284833 9.264881147 

3.348793062 7.542174527 
3.561799036 7.504303072 

3.735502762 7.530428799 
3.561799036 7.504303072 

4.372470362 7.646118393 
4.199416603 7.430142581 

4.792284718 2.414248243 
4.868975153 2.477506265 

5.050927603 2.551599308 
4.868975153 2.477506265 

2.35562757 1.337629083 
2.291134084 1.484647002 

1.926641094 1.507637978 
1.87112636 1.50119931 

3.270836366 0.3515620305 
3.252851158 0.2320535631 

4.659954762 1.696078294 
4.720257792 1.821717499 

5.691928298 6.234093323 
5.796770163 6.184844036 

5.834321385 6.083859782 
5.796770163 6.184844036 

6.159075861 5.056489623 
6.024142686 4.824786973 

6.159075861 5.056489623 
6.118149014 5.186431049 

6.135968313 5.334489188 
6.118149014 5.186431049 

3.244260326 6.29102762 
3.170325561 6.205737414 

3.943147769 2.162068612 
3.896728306 2.02682295 

3.977960172 1.865998259 
3.896728306 2.02682295 

1.872377394 1.057377269 
1.757648436 1.180687182 

3.090170407 8.715652921 
3.170926118 8.626034233 

6.061683241 7.879940562 
6.190794691 7.583321116 

1.640602242 3.280794991 
1.774804624 3.069047916 

1.93188365 2.895525075 
1.774804624 3.069047916 

2.938568395 2.050599853 
3.129680728 2.045653553 

2.301033853 2.426487002 
2.354117888 2.360650281 

2.475047539 2.350221117 
2.354117888 2.360650281 

4.602787432 6.307478675 
4.73244883 6.306849346 

2.70584066 7.967393553 
2.564210785 7.831065601 

2.413975401 7.709835023 
2.564210785 7.831065601 

5.070039736 5.183096575 
4.830838913 5.151138306 

2.333960007 6.412426176 
2.288647637 6.281091619 

3.289376354 2.117232677 
3.3417165 2.219667669 

2.938568395 2.050599853 
3.020741624 2.23420338 

3.092756106 2.329701248 
3.020741624 2.23420338 

6.946880788 7.067414347 
7.021616802 7.082669654 

7.081942499 7.188284598 
7.021616802 7.082669654 

4.854834689 5.41905257 
4.756606101 5.367544003 

2.029330276 8.836405579 
2.055629685 9.068663685 

7.531169223 6.216267949 
7.575586891 6.248833691 

1.298739386 7.978216226 
1.444747023 7.911333379 

1.467489191 8.007303251 
1.444747023 7.911333379 

1.468638979 5.88590817 
1.645094319 6.057031269 

1.712001047 6.171180652 
1.645094319 6.057031269 

5.512713322 6.021164652 
5.352405575 6.205143102 

4.451104568 1.330015676 
4.286824793 1.575227579 

1.974101838 3.339190289 
1.867160477 3.404750473 

3.217853124 2.906002511 
3.068503431 2.651827693 

2.45648277 0.7152438225 
2.395607318 0.6893743641 

1.684359774 8.158456412 
1.855235671 8.193370415 

1.986072783 8.214557416 
1.855235671 8.193370415 

6.907726077 5.993726229 
6.981535591 5.893855252 

5.244220019 6.018188841 
5.352405575 6.205143102 

3.619352515 8.489473289 
3.56804139 8.427187956 

3.535044378 8.341087563 
3.56804139 8.427187956 

2.367721874 0.9069145763 
2.356623174 1.187088547 

2.35562757 1.337629083 
2.356623174 1.187088547 

3.00143076 9.070691354 
3.163093578 8.979233067 

3.747595008 0.8716542369 
3.930848544 0.7694023413 

1.109697755 6.569457469 
1.047282168 6.375608367 

5.352405575 6.205143102 
5.177210807 6.233632967 

2.465387208 0.5409224118 
2.555825588 0.5167896751 

2.157488857 6.688338088 
2.018288608 6.79311462 

1.934978303 6.871864735 
2.018288608 6.79311462 

3.383606053 3.717065269 
3.533277778 3.852195798 

6.219659511 6.734104564 
6.190296385 6.537270764 

2.423224615 2.188163981 
2.451945719 2.065481477 

2.522000584 1.968512175 
2.451945719 2.065481477 

2.420034186 6.247566878 
2.328263339 6.249435332 

2.288647637 6.281091619 
2.328263339 6.249435332 

3.635656246 2.080771131 
3.896728306 2.02682295 

6.057440127 7.093212181 
5.967404166 7.123656243 

5.874291123 7.080154386 
5.967404166 7.123656243 

6.334464969 6.139433759 
6.425986438 5.991606464 

3.335593277 0.5157245797 
3.442908549 0.5833368816 

2.29158599 7.108632945 
2.181741352 7.150277675 

2.08137123 7.263105687 
2.181741352 7.150277675 

2.456979941 8.06978892 
2.525583337 7.943298736 

2.493915858 8.598982743 
2.639836429 8.488310397 

5.43616335 5.701619026 
5.721727105 5.635639551 

1.641906742 7.027571554 
1.683281038 7.457231307 

1.668371775 7.86394502 
1.683281038 7.457231307 

6.23501951 5.860080944 
6.030736581 5.867112163 

1.315034925 8.427844503 
1.386902996 8.276499848 

1.442853001 8.121369309 
1.386902996 8.276499848 

1.668371775 7.86394502 
1.763654785 7.607365353 

6.906404708 6.340526912 
6.613854175 6.288069926 

1.10984345 9.280717521 
1.277565952 9.23371085 

1.367074057 9.176063658 
1.277565952 9.23371085 

0.73888006 8.831687328 
0.9146739788 8.742417448 

1.051908669 8.699522884 
0.9146739788 8.742417448 

1.549874207 2.059461932 
1.635651288 2.191974533 

6.692385024 6.125594684 
6.547338353 6.110467102 

1.757648436 1.180687182 
1.920629505 1.320110655 

2.733134122 3.60922735 
2.652570119 3.666700845 

7.063848971 6.927519806 
7.021616802 7.082669654 

3.348793062 7.542174527 
3.127865839 7.641074014 

2.905862299 7.749510587 
3.127865839 7.641074014 

1.90361272 8.448968 
2.001660452 8.406489626 

2.053306851 8.497160837 
2.001660452 8.406489626 

3.10540568 7.034368764 
2.936469147 7.008092896 

4.756606101 5.367544003 
4.687912018 5.336559785 

3.442738368 1.611235761 
3.431385581 1.723785316 

3.407499968 1.859169082 
3.431385581 1.723785316 

5.00868925 5.689679608 
5.206219677 5.684972208 

5.249478876 7.226911992 
5.206439899 7.430355951 

5.145852999 7.614907977 
5.206439899 7.430355951 

6.271488068 5.646067417 
6.06411672 5.647440361 

5.080754261 2.127828515 
5.104296789 2.336300269 

1.589602845 7.500694392 
1.683281038 7.457231307 

3.034391213 1.552857965 
2.844890802 1.428702246 

4.750199575 5.645009362 
4.924154818 5.409644542 

3.739157092 3.984978262 
3.90329594 3.853374213 

4.030176783 3.826350826 
3.90329594 3.853374213 

5.932525598 6.766871333 
5.967404166 7.123656243 

3.766219235 1.833329333 
3.856103075 1.706341929 

3.915603229 1.589445285 
3.856103075 1.706341929 

1.623372477 6.652999175 
1.599495903 6.88785775 

1.641906742 7.027571554 
1.599495903 6.88785775 

1.298739386 7.978216226 
1.467489191 8.007303251 

1.870073503 7.447598062 
1.683281038 7.457231307 

3.341083018 7.970840697 
3.127865839 7.641074014 

1.870073503 7.447598062 
1.954161282 7.582655449 

2.042921085 7.670223897 
1.954161282 7.582655449 

4.687912018 5.336559785 
4.631539629 5.318868507 

1.255596673 7.445682964 
1.323496686 7.734208428 

1.800243874 6.027861423 
1.680918767 5.994617359 

1.468638979 5.88590817 
1.680918767 5.994617359 

4.924154818 5.409644542 
4.854834689 5.41905257 

6.025018974 6.334539033 
6.190296385 6.537270764 

2.153038098 1.695173178 
2.333154929 1.73122921 

6.597250706 6.694677099 
6.382690686 6.685407225 

1.034246173 7.631223559 
1.042452919 7.846910603 

1.090166229 8.055436326 
1.042452919 7.846910603 

2.527921555 9.117152778 
2.593056968 9.190381272 

2.651233394 9.144621764 
2.593056968 9.190381272 

5.737349969 7.029052417 
5.774143549 6.868998024 

2.78623507 6.470074518 
2.751394435 6.540427525 

6.906404708 6.340526912 
6.898948579 6.132412161 

6.907726077 5.993726229 
6.898948579 6.132412161 

5.066465196 5.944509607 
4.812130276 5.976374877 

6.921281594 7.809133569 
6.882999854 7.979158397 

1.893697973 7.901013744 
1.975036935 7.974495773 

2.030778393 8.030849079 
1.975036935 7.974495773 

2.602796715 5.868274297 
2.496414848 5.938608925 

2.474974047 6.005855279 
2.496414848 5.938608925 

2.88293427 2.268223327 
3.020741624 2.23420338 

3.837893067 7.156232683 
4.080212458 7.171840723 

4.299154877 7.293273071 
4.080212458 7.171840723 

1.954161282 7.582655449 
1.892512241 7.681775974 

2.639836429 8.488310397 
2.740541248 8.257347203 

0.8372712432 7.991472527 
0.8428927484 7.860002568 

4.451104568 1.330015676 
4.287994843 1.383811903 

4.119592324 1.445165666 
4.287994843 1.383811903 

5.914797417 6.565022083 
5.847599042 6.498406988 

5.740928587 6.523191018 
5.847599042 6.498406988 

3.988966341 3.087543883 
4.170747345 3.075079114 

4.348170009 3.098728204 
4.170747345 3.075079114 

2.157488857 6.688338088 
1.972362117 6.729032554 

1.82495111 6.735263199 
1.972362117 6.729032554 

1.716139983 7.334407981 
1.683281038 7.457231307 

1.589602845 7.500694392 
1.641688347 7.371244039 

1.716139983 7.334407981 
1.641688347 7.371244039 

2.215206722 3.636812976 
2.097834377 3.493701321 

2.507572411 3.843317281 
2.424042241 3.677579183 

2.104079981 7.573875836 
1.954161282 7.582655449 

6.408091555 7.264357896 
6.508941149 7.368209676 

6.601452421 7.456826849 
6.508941149 7.368209676 

1.549109404 1.762221966 
1.668539409 1.416082234 

1.549874207 2.059461932 
1.588232212 1.912906513 

5.637586603 4.972614278 
5.663070096 4.835856783 

3.159166524 2.178544464 
3.020741624 2.23420338 

6.303954315 4.782654416 
6.360980558 4.877899517 

7.176242523 5.916785646 
6.981535591 5.893855252 

6.739328079 5.1332394 
6.934349882 5.154974307 

5.796770163 6.184844036 
5.870551629 6.416825565 

7.411333251 7.303854849 
7.438548954 6.900442061 

7.543610716 6.482005507 
7.438548954 6.900442061 

0.7136236796 7.594220021 
0.5371377874 7.552229704 

6.025018974 6.334539033 
6.237863953 6.068037253 

2.64065784 7.328825187 
2.723683089 7.385159112 

2.779428292 7.455176451 
2.723683089 7.385159112 

2.689205079 1.805610785 
2.75797882 1.628059183 

2.828664115 1.564537758 
2.75797882 1.628059183 

4.931949828 1.689694991 
4.795082288 1.743621891 

4.659954762 1.696078294 
4.795082288 1.743621891 

1.10984345 9.280717521 
1.255774653 9.330547006 

1.364284833 9.264881147 
1.255774653 9.330547006 

3.635656246 2.080771131 
3.943147769 2.162068612 

2.646511212 2.651601948 
2.539331287 2.793952276 

2.384076303 2.928894942 
2.539331287 2.793952276 

2.967366535 1.723122245 
2.75797882 1.628059183 

3.345888781 7.008723018 
3.375066798 6.733453321 

7.691533307 6.125912286 
7.604488033 6.181871051 

7.575586891 6.248833691 
7.604488033 6.181871051 

7.412697857 6.647966663 
7.618851128 6.716256343 

3.741065659 8.546976381 
3.571565081 8.298427097 

3.341083018 7.970840697 
3.571565081 8.298427097 

1.726374023 1.803596698 
1.743466635 1.899800537 

4.623803436 6.47397129 
4.823414039 6.410722588 

4.969231608 6.364933773 
4.823414039 6.410722588 

2.017744835 2.573702147 
2.078605366 2.439388566 

2.159893883 2.310987912 
2.078605366 2.439388566 

5.870551629 6.416825565 
5.847599042 6.498406988 

2.367721874 0.9069145763 
2.570006526 0.9366908256 

4.957335317 7.137434105 
5.086386468 7.279516606 

5.249478876 7.226911992 
5.086386468 7.279516606 

3.562278396 1.765123854 
3.431385581 1.723785316 

7.176242523 5.916785646 
7.068991215 5.75929815 

6.924909325 5.674028699 
7.068991215 5.75929815 

6.881877188 5.380688517 
7.019760964 5.275420173 

1.757648436 1.180687182 
1.721016185 1.285522039 

1.668539409 1.416082234 
1.721016185 1.285522039 

5.577434888 5.37451742 
5.654324084 5.539880405 

5.721727105 5.635639551 
5.654324084 5.539880405 

1.247505527 8.763282471 
1.192214893 9.004279664 

6.025018974 6.334539033 
6.046412587 6.494831778 

5.976275848 6.592771836 
6.046412587 6.494831778 

4.474419995 5.284679535 
4.572543562 5.306746376 

4.631539629 5.318868507 
4.572543562 5.306746376 

2.374021962 8.314086027 
2.315298114 8.532120835 

2.078912757 0.7158862883 
2.02448918 0.7640870092 

5.59018337 6.493056605 
5.478895242 6.553614733 

5.356747796 6.684308408 
5.478895242 6.553614733 

4.372470362 7.646118393 
4.680956405 7.826544963 

4.996798085 8.02926029 
4.680956405 7.826544963 

1.763654785 7.607365353 
1.954161282 7.582655449 

2.589581349 7.602832788 
2.732750696 7.683709637 

2.905862299 7.749510587 
2.732750696 7.683709637 

1.819828018 2.170671895 
1.900914838 1.988257361 

2.903782817 7.214289174 
2.714878678 7.132941235 

4.918820434 1.986281836 
4.720257792 1.821717499 

2.172358714 3.354843226 
1.974101838 3.339190289 

0.3200326472 8.143419162 
0.4449508059 8.031534863 

0.534881146 7.899863819 
0.4449508059 8.031534863 

2.333960007 6.412426176 
2.328263339 6.249435332 

4.918820434 1.986281836 
4.923172177 1.85723239 

4.931949828 1.689694991 
4.923172177 1.85723239 

2.333960007 6.412426176 
2.146990535 6.378258475 

1.997515387 6.345277007 
2.146990535 6.378258475 

4.960263427 7.635169211 
5.143332145 7.899427157 

6.219659511 6.734104564 
6.280231923 6.606293308 

6.391393497 6.43175727 
6.280231923 6.606293308 

4.378748363 2.864092202 
4.272050583 2.830705925 

4.13392201 2.862102994 
4.272050583 2.830705925 

6.046412587 6.494831778 
6.087507548 6.601308629 

7.019760964 5.275420173 
7.091663412 5.376623581 

3.179129581 1.872042406 
3.301391265 1.985560966 

3.41642023 2.080221382 
3.301391265 1.985560966 

6.23501951 5.860080944 
6.169246402 5.876535664 

6.115097649 5.985169932 
6.169246402 5.876535664 

3.571565081 8.298427097 
3.535044378 8.341087563 

2.206440711 7.71047312 
2.252468401 7.509657214 

2.14803289 8.385231635 
2.218253592 8.18615488 

2.242927643 8.083144389 
2.218253592 8.18615488 

5.289154603 5.547432801 
5.206219677 5.684972208 

2.555825588 0.5167896751 
2.570146531 0.4108246382 

3.060146986 2.503601159 
3.14058553 2.663423967 

6.06411672 5.647440361 
5.943374425 5.715506835 

2.191734865 9.189438793 
1.982448303 9.224986318 

2.714878678 7.132941235 
2.615964749 7.063491826 

7.438548954 6.900442061 
7.336836964 7.01966623 

2.215206722 3.636812976 
2.318171441 3.654219793 

2.424042241 3.677579183 
2.318171441 3.654219793 

4.351690228 1.04485026 
4.371136859 0.9648546511 

3.67106784 7.888122664 
3.508794811 7.96996829 

3.341083018 7.970840697 
3.508794811 7.96996829 

6.068635022 8.170141946 
6.129098156 8.141642627 

6.189785406 8.108140318 
6.129098156 8.141642627 

7.546575333 6.984820392 
7.45653502 6.800591768 

7.412697857 6.647966663 
7.45653502 6.800591768 

2.042921085 7.670223897 
2.206440711 7.71047312 

2.652570119 3.666700845 
2.609373734 3.729498372 

0.7704202123 8.138546775 
0.5576208822 8.149165269 

6.190794691 7.583321116 
6.183886184 7.483741977 

6.200152215 7.360224138 
6.183886184 7.483741977 

2.291134084 1.484647002 
2.35909073 1.591150734 

2.333154929 1.73122921 
2.35909073 1.591150734 

1.646201814 8.304955154 
1.647796623 8.437206572 

1.633265063 8.580623906 
1.647796623 8.437206572 

5.59018337 6.493056605 
5.691928298 6.234093323 

5.59018337 6.493056605 
5.706991481 6.417424334 

5.870551629 6.416825565 
5.706991481 6.417424334 

3.448607073 7.309592928 
3.397552557 7.420567091 

3.348793062 7.542174527 
3.397552557 7.420567091 

1.549109404 1.762221966 
1.69169001 1.969275473 

1.819828018 2.170671895 
1.69169001 1.969275473 

5.289154603 5.547432801 
5.381823023 5.601702713 

5.43616335 5.701619026 
5.381823023 5.601702713 

3.977960172 1.865998259 
3.856103075 1.706341929 

2.987356518 0.7837586768 
3.12043135 0.8235864178 

3.220373298 0.9057097783 
3.12043135 0.8235864178 

6.906404708 6.340526912 
7.04051321 6.300802195 

7.191252395 6.295326158 
7.04051321 6.300802195 

2.507572411 3.843317281 
2.570449088 3.768170025 

2.609373734 3.729498372 
2.570449088 3.768170025 

3.951868551 2.548803942 
3.815711406 2.587840537 

3.718138084 2.624717854 
3.815711406 2.587840537 

1.641906742 7.027571554 
1.795844085 6.930328895 

1.934978303 6.871864735 
1.795844085 6.930328895 

3.747595008 0.8716542369 
3.61160027 0.9565151423 

3.438974389 1.00294239 
3.61160027 0.9565151423 

0.5576208822 8.149165269 
0.4330663622 8.209562767 

3.504670148 3.222694166 
3.491094568 3.436534849 

3.463503873 3.587806843 
3.491094568 3.436534849 

2.441274376 7.003766594 
2.589844405 7.168643376 

2.64065784 7.328825187 
2.589844405 7.168643376 

4.571937243 6.103086358 
4.45200137 6.095142787 

4.362478141 6.084013065 
4.45200137 6.095142787 

2.956490721 2.9046795 
3.048449021 3.089823995 

3.131274365 3.281660225 
3.048449021 3.089823995 

3.299836396 8.927242275 
3.187435144 8.826723832 

3.090170407 8.715652921 
3.187435144 8.826723832 

0.9652788705 7.465185609 
1.163051893 7.595215483 

1.323496686 7.734208428 
1.163051893 7.595215483 

2.157488857 6.688338088 
2.228241134 6.533552736 

2.333960007 6.412426176 
2.228241134 6.533552736 

2.646511212 2.651601948 
2.677391855 2.904922435 

2.374021962 8.314086027 
2.218253592 8.18615488 

2.990576499 1.321029163 
2.968344508 1.38723352 

4.506062882 2.399568316 
4.585304867 2.594740993 

2.615964749 7.063491826 
2.54848835 7.050156486 

2.441274376 7.003766594 
2.54848835 7.050156486 

1.034246173 7.631223559 
1.163051893 7.595215483 

1.315034925 8.427844503 
1.419696251 8.407587243 

1.510468068 8.398741638 
1.419696251 8.407587243 

3.217853124 2.906002511 
3.048449021 3.089823995 

3.14058553 2.663423967 
3.187026407 2.748785052 

7.185142723 5.171484894 
7.035953851 5.138543817 

6.934349882 5.154974307 
7.035953851 5.138543817 

0.9652788705 7.465185609 
0.8506477349 7.519421184 

0.7136236796 7.594220021 
0.8506477349 7.519421184 

3.306283506 2.382659157 
3.339363191 2.664874859 

5.740928587 6.523191018 
5.706991481 6.417424334 

4.795082288 1.743621891 
4.720257792 1.821717499 

2.033637552 5.91731296 
2.157229724 5.964102899 

2.195333076 6.031448092 
2.157229724 5.964102899 

7.546575333 6.984820392 
7.438548954 6.900442061 

1.914686536 1.697470246 
2.032938181 1.727683445 

2.153038098 1.695173178 
2.032938181 1.727683445 

3.977960172 1.865998259 
3.857659847 1.847151654 

3.766219235 1.833329333 
3.857659847 1.847151654 

2.191734865 9.189438793 
2.141079095 9.00984641 

2.029330276 8.836405579 
2.141079095 9.00984641 

2.333960007 6.412426176 
2.420034186 6.247566878 

1.640602242 3.280794991 
1.792072967 3.369267923 

1.930839941 3.4695992 
1.792072967 3.369267923 

2.677391855 2.904922435 
2.733907632 2.853998501 

6.942243305 6.606918673 
7.119273785 6.58680746 

7.252081117 6.516068704 
7.119273785 6.58680746 

4.569767859 7.268531024 
4.645769515 7.294841857 

4.714361873 7.30024505 
4.645769515 7.294841857 

6.425986438 5.991606464 
6.527775991 6.039620209 

6.547338353 6.110467102 
6.527775991 6.039620209 

2.005083113 7.025341767 
2.181741352 7.150277675 

1.246378703 6.218443068 
1.164798267 6.385193171 

1.109697755 6.569457469 
1.164798267 6.385193171 

0.7848255726 6.555338116 
0.7976451207 6.48143954 

2.005083113 7.025341767 
2.037913432 7.138356668 

2.08137123 7.263105687 
2.037913432 7.138356668 

3.10540568 7.034368764 
3.028195785 6.907664324 

5.617697514 4.616142492 
5.778531841 4.688946088 

5.877686819 4.75437492 
5.778531841 4.688946088 

4.20014469 6.249963324 
4.362478141 6.084013065 

4.371136859 0.9648546511 
4.407777879 0.9102176999 

1.668371775 7.86394502 
1.444747023 7.911333379 

0.3200326472 8.143419162 
0.5688434221 8.074975394 

0.8372712432 7.991472527 
0.5688434221 8.074975394 

2.14803289 8.385231635 
2.001660452 8.406489626 

6.087507548 6.601308629 
6.166168452 6.65718981 

6.219659511 6.734104564 
6.166168452 6.65718981 

2.456650729 2.537767655 
2.475047539 2.350221117 

2.639836429 8.488310397 
2.70892565 8.473126898 

2.789636182 8.481254362 
2.70892565 8.473126898 

1.246378703 6.218443068 
1.143250003 6.142615916 

2.456979941 8.06978892 
2.577868516 8.024386523 

2.70584066 7.967393553 
2.577868516 8.024386523 

4.659233212 3.073915136 
4.378748363 2.864092202 

4.884228949 2.928073887 
4.75625321 2.967193623 

2.564210785 7.831065601 
2.589581349 7.602832788 

5.899186173 5.556892639 
5.984919517 5.589695154 

6.06411672 5.647440361 
5.984919517 5.589695154 

1.374394731 7.228493365 
1.476974248 7.380822787 

1.589602845 7.500694392 
1.476974248 7.380822787 

4.969231608 6.364933773 
5.177210807 6.233632967 

2.75980299 0.8316034362 
2.856216439 0.8799779339 

7.543610716 6.482005507 
7.51522902 6.004737432 

2.109762642 7.421037485 
2.073518229 7.51222043 

2.104079981 7.573875836 
2.073518229 7.51222043 

5.943374425 5.715506835 
5.984919517 5.589695154 

4.554421143 1.822941326 
4.356817925 1.875184263 

4.155876347 1.927121728 
4.356817925 1.875184263 

5.176494767 6.428868478 
5.192849216 6.315421559 

5.177210807 6.233632967 
5.192849216 6.315421559 

4.110011054 0.5858874495 
4.012860046 0.6818715867 

3.930848544 0.7694023413 
4.012860046 0.6818715867 

1.549109404 1.762221966 
1.561983652 1.835688644 

1.588232212 1.912906513 
1.561983652 1.835688644 

1.848942748 8.85329033 
1.761122847 8.710963686 

1.633265063 8.580623906 
1.761122847 8.710963686 

1.324802172 6.587643284 
1.453532374 6.646145103 

5.714843621 7.343562354 
5.74664926 7.479147802 

2.141079095 9.00984641 
2.389206123 8.829808488 

6.55218645 6.936142101 
6.675621327 6.839202146 

6.784197376 6.792869336 
6.675621327 6.839202146 

4.75625321 2.967193623 
4.681646425 2.972545561 

2.055629685 9.068663685 
2.141079095 9.00984641 

1.623372477 6.652999175 
1.661536459 6.537613312 

1.668461902 6.379531646 
1.661536459 6.537613312 

6.499053467 5.002910371 
6.446939897 4.913039105 

6.360980558 4.877899517 
6.446939897 4.913039105 

5.070039736 5.183096575 
4.97916922 5.299584315 

4.924154818 5.409644542 
4.97916922 5.299584315 

5.688871347 7.582885827 
5.74664926 7.479147802 

0.4107645701 6.740701656 
0.5516297672 6.804365608 

0.6947193356 6.871239829 
0.5516297672 6.804365608 

7.079507963 7.882974728 
6.921281594 7.809133569 

7.079507963 7.882974728 
7.198605891 7.843250522 

7.319691185 7.763504585 
7.198605891 7.843250522 

1.246378703 6.218443068 
1.396827506 6.074616714 

5.176494767 6.428868478 
5.166677717 6.560884645 

1.255774653 9.330547006 
1.277565952 9.23371085 

1.870073503 7.447598062 
1.887860316 7.559395816 

1.892512241 7.681775974 
1.887860316 7.559395816 

2.423224615 2.188163981 
2.354117888 2.360650281 

4.996798085 8.02926029 
5.08884659 8.081285416 

1.954161282 7.582655449 
1.887860316 7.559395816 

2.441274376 7.003766594 
2.6727215 6.918032492 

2.894302963 6.820915719 
2.6727215 6.918032492 

6.280231923 6.606293308 
6.190296385 6.537270764 

2.374021962 8.314086027 
2.423334562 8.455845328 

2.493915858 8.598982743 
2.423334562 8.455845328 

3.217853124 2.906002511 
2.956490721 2.9046795 

3.217853124 2.906002511 
3.20724724 2.821002965 

3.187026407 2.748785052 
3.20724724 2.821002965 

5.714843621 7.343562354 
5.559892257 7.514622549 

5.44374842 7.657929846 
5.559892257 7.514622549 

1.645094319 6.057031269 
1.680918767 5.994617359 

3.252851158 0.2320535631 
3.318172566 0.3092916645 

3.391694379 0.3710827539 
3.318172566 0.3092916645 

2.423224615 2.188163981 
2.290774041 2.168547345 

2.12913616 2.108951733 
2.290774041 2.168547345 

2.313702725 7.355882023 
2.109762642 7.421037485 

4.843178781 5.833219514 
4.962973148 5.866079921 

5.066465196 5.944509607 
4.962973148 5.866079921 

1.147269951 6.296818455 
1.130341819 6.250912793 

1.635651288 2.191974533 
1.505408461 2.256200518 

4.482116353 0.8282195016 
4.446415288 0.8739296949 

4.407777879 0.9102176999 
4.446415288 0.8739296949 

0.7761054631 6.386077772 
0.7869425388 6.433429312 

0.7976451207 6.48143954 
0.7869425388 6.433429312 

2.985882475 3.404917663 
3.220223039 3.52133409 

4.362478141 6.084013065 
4.291230177 5.989959522 

1.130341819 6.250912793 
1.136941775 6.227677768 

3.407499968 1.859169082 
3.301391265 1.985560966 

5.617697514 4.616142492 
5.647828171 4.735368293 

5.663070096 4.835856783 
5.647828171 4.735368293 

3.390633941 6.459913862 
3.307099087 6.382749579 

3.244260326 6.29102762 
3.307099087 6.382749579 

7.019760964 5.275420173 
7.035953851 5.138543817 

1.034246173 7.631223559 
0.8506477349 7.519421184 

2.288760129 5.897044675 
2.414543966 5.877612973 

0.7704202123 8.138546775 
0.8372712432 7.991472527 

1.668371775 7.86394502 
1.556808169 7.990251618 

1.442853001 8.121369309 
1.556808169 7.990251618 

6.553744858 8.236642408 
6.61685931 8.211704759 

6.666238382 8.254020229 
6.61685931 8.211704759 

4.73244883 6.306849346 
4.823414039 6.410722588 

1.320877389 2.30421395 
1.427558599 2.284723183 

1.505408461 2.256200518 
1.427558599 2.284723183 

5.774143549 6.868998024 
5.623376777 6.925903198 

5.495423951 7.028129063 
5.623376777 6.925903198 

1.453532374 6.646145103 
1.599495903 6.88785775 

4.299154877 7.293273071 
4.311607285 7.159338238 

2.903782817 7.214289174 
2.922346244 7.097133718 

2.936469147 7.008092896 
2.922346244 7.097133718 

3.14058553 2.663423967 
3.068503431 2.651827693 

1.453532374 6.646145103 
1.537697078 6.650540454 

1.623372477 6.652999175 
1.537697078 6.650540454 

6.046412587 6.494831778 
6.190296385 6.537270764 

5.120165023 6.725842423 
5.147160364 6.644166566 

5.166677717 6.560884645 
5.147160364 6.644166566 

4.764415919 6.827163404 
4.708054131 6.642330334 

4.623803436 6.47397129 
4.708054131 6.642330334 

6.166168452 6.65718981 
6.280231923 6.606293308 

2.987356518 0.7837586768 
2.829437297 0.6105316228 

1.867160477 3.404750473 
1.792072967 3.369267923 

1.468638979 5.88590817 
1.484593835 6.005398454 

1.396827506 6.074616714 
1.484593835 6.005398454 

6.23501951 5.860080944 
6.253074622 5.748802665 

6.271488068 5.646067417 
6.253074622 5.748802665 

5.182701525 8.068454971 
5.135054332 8.084810722 

5.08884659 8.081285416 
5.135054332 8.084810722 

7.620739431 6.847561351 
7.574260229 6.907612809 

7.546575333 6.984820392 
7.574260229 6.907612809 

3.083326538 6.100531536 
3.127064632 6.156144956 

3.170325561 6.205737414 
3.127064632 6.156144956 

1.965618952 6.132808607 
2.033637552 5.91731296 

2.414543966 5.877612973 
2.483132367 5.864286414 

7.206445019 7.549359657 
7.198878175 7.495539012 

7.245990947 7.451089231 
7.198878175 7.495539012 

4.30139141 6.972647588 
4.291773149 7.08802887 

4.311607285 7.159338238 
4.291773149 7.08802887 

5.04288193 6.574524602 
5.166677717 6.560884645 

4.006725441 1.443789518 
3.956873881 1.510780214 

3.915603229 1.589445285 
3.956873881 1.510780214 

6.280231923 6.606293308 
6.382690686 6.685407225 

5.914797417 6.565022083 
5.966028443 6.500733454 

6.046412587 6.494831778 
5.966028443 6.500733454 

2.633347627 3.181873947 
2.664282926 3.039407316 

2.677391855 2.904922435 
2.664282926 3.039407316 

2.451945719 2.065481477 
2.290774041 2.168547345 

2.042921085 7.670223897 
2.090107087 7.712992043 

2.143883553 7.779383816 
2.090107087 7.712992043 

7.543610716 6.482005507 
7.575586891 6.248833691 

5.43616335 5.701619026 
5.332300571 5.71002541 

5.206219677 5.684972208 
5.332300571 5.71002541 

2.75797882 1.628059183 
2.639992133 1.568575105 

2.030778393 8.030849079 
2.191340478 7.967105388 

2.346406819 7.889546761 
2.191340478 7.967105388 

3.582744316 0.7930392106 
3.61160027 0.9565151423 

4.969231608 6.364933773 
5.012457647 6.482167481 

5.04288193 6.574524602 
5.012457647 6.482167481 

2.829437297 0.6105316228 
2.760873913 0.5235375906 

2.675110717 0.4464648654 
2.760873913 0.5235375906 

0.5881913129 7.309030421 
0.5177174973 7.381952666 

0.42243115 7.456434002 
0.5177174973 7.381952666 

4.181550974 5.898743775 
4.245545489 5.939714703 

4.291230177 5.989959522 
4.245545489 5.939714703 

3.034391213 1.552857965 
2.968344508 1.38723352 

2.35909073 1.591150734 
2.592734598 1.638436045 

6.668571231 7.960781953 
6.809734942 7.881375251 

6.921281594 7.809133569 
6.809734942 7.881375251 

6.882999854 7.979158397 
6.809734942 7.881375251 

3.217853124 2.906002511 
3.108482201 2.837560729 

3.007098014 2.730739671 
3.108482201 2.837560729 

4.659233212 3.073915136 
4.672182155 3.017102002 

4.681646425 2.972545561 
4.672182155 3.017102002 

3.53345791 2.2195418 
3.41642023 2.080221382 

7.176242523 5.916785646 
7.034533988 5.956638193 

6.907726077 5.993726229 
7.034533988 5.956638193 

5.577434888 5.37451742 
5.429582367 5.463725509 

5.289154603 5.547432801 
5.429582367 5.463725509 

4.30139141 6.972647588 
4.444773492 7.140244392 

3.53345791 2.2195418 
3.438073151 2.217298733 

3.3417165 2.219667669 
3.438073151 2.217298733 

4.348170009 3.098728204 
4.360238275 2.965154089 

4.378748363 2.864092202 
4.360238275 2.965154089 

3.741065659 8.546976381 
3.438882115 8.437059011 

3.124746242 8.311914185 
3.438882115 8.437059011 

5.872758918 7.559746923 
6.183886184 7.483741977 

5.872758918 7.559746923 
5.765294768 7.571940479 

5.688871347 7.582885827 
5.765294768 7.571940479 

1.386595148 2.692704135 
1.445741781 2.650527234 

1.506454803 2.606118734 
1.445741781 2.650527234 

2.670865797 6.614949066 
2.716874749 6.568131899 

2.751394435 6.540427525 
2.716874749 6.568131899 

6.030736581 5.867112163 
6.169246402 5.876535664 

1.74912672 9.30679065 
1.863584985 9.260362794 

1.982448303 9.224986318 
1.863584985 9.260362794 

2.639992133 1.568575105 
2.592734598 1.638436045 

1.352841353 9.070800564 
1.192214893 9.004279664 

7.081942499 7.188284598 
7.081647772 7.060681307 

7.063848971 6.927519806 
7.081647772 7.060681307 

4.53761061 3.363450338 
4.393178507 3.468377509 

4.253239949 3.606386929 
4.393178507 3.468377509 

2.88293427 2.268223327 
2.811062481 2.184578671 

2.730005191 2.102123407 
2.811062481 2.184578671 

6.898948579 6.132412161 
7.04051321 6.300802195 

6.898948579 6.132412161 
6.79736162 6.125550497 

6.692385024 6.125594684 
6.79736162 6.125550497 

6.981535591 5.893855252 
7.034533988 5.956638193 

7.019760964 5.275420173 
7.083065955 5.211974699 

2.626240854 9.483836576 
2.610663217 9.339763185 

2.593056968 9.190381272 
2.610663217 9.339763185 

4.512243731 5.760232605 
4.245545489 5.939714703 

3.127865839 7.641074014 
3.000269112 7.920195176 

3.089415297 0.3052033126 
3.17270446 0.243537668 

3.252851158 0.2320535631 
3.17270446 0.243537668 

5.512713322 6.021164652 
5.43616335 5.701619026 

4.482116353 0.8282195016 
4.294540834 0.8938370467 

2.6581242 3.435937337 
2.652570119 3.666700845 

3.764071402 1.402161313 
4.006725441 1.443789518 

4.079563985 0.9699632506 
4.18585241 0.9324835731 

4.294540834 0.8938370467 
4.18585241 0.9324835731 

3.764071402 1.402161313 
3.699464772 1.498588701 

3.617772094 1.601759067 
3.699464772 1.498588701 

7.543610716 6.482005507 
7.617829996 6.312607449 

7.617829996 6.312607449 
7.658402027 6.218241104 

7.691533307 6.125912286 
7.658402027 6.218241104 

3.108482201 2.837560729 
2.956490721 2.9046795 

2.6727215 6.918032492 
2.615964749 7.063491826 

3.375066798 6.733453321 
3.38285037 6.596683592 

3.390633941 6.459913862 
3.38285037 6.596683592 

3.512443595 0.4661453329 
3.424324495 0.4909304397 

3.335593277 0.5157245797 
3.424324495 0.4909304397 

3.626928993 3.252601374 
3.567111846 3.257155505 

2.675110717 0.4464648654 
2.626487889 0.4387542517 

6.942243305 6.606918673 
6.844710697 6.569493778 

6.731414331 6.49932971 
6.844710697 6.569493778 

7.546575333 6.984820392 
7.464327263 7.145891926 

4.823414039 6.410722588 
5.012457647 6.482167481 

1.136941775 6.227677768 
1.140362431 6.198593418 

5.966028443 6.500733454 
5.870551629 6.416825565 

3.504670148 3.222694166 
3.534888607 3.241667898 

3.567111846 3.257155505 
3.534888607 3.241667898 

3.741065659 8.546976381 
3.766611033 8.406982809 

2.938568395 2.050599853 
2.811062481 2.184578671 

6.611946124 5.685023869 
6.532565929 5.824858866 

6.425986438 5.991606464 
6.532565929 5.824858866 

3.766611033 8.406982809 
3.753215836 8.318269947 

3.739305047 8.227948065 
3.753215836 8.318269947 

1.920629505 1.320110655 
1.798696732 1.410584522 

2.6581242 3.435937337 
2.585087289 3.625575267 

3.385138263 8.382061759 
3.438882115 8.437059011 

1.763654785 7.607365353 
1.812584489 7.515693157 

1.870073503 7.447598062 
1.812584489 7.515693157 

5.00868925 5.689679608 
4.962973148 5.866079921 

1.93188365 2.895525075 
1.969824966 2.72939068 

2.017744835 2.573702147 
1.969824966 2.72939068 

4.569767859 7.268531024 
4.508034068 7.205128394 

4.444773492 7.140244392 
4.508034068 7.205128394 

1.444747023 7.911333379 
1.556808169 7.990251618 

5.249478876 7.226911992 
5.370861429 7.120017671 

5.495423951 7.028129063 
5.370861429 7.120017671 

2.790676688 0.9736059621 
2.680341607 0.9551483938 

2.570006526 0.9366908256 
2.680341607 0.9551483938 

2.333960007 6.412426176 
2.150242991 6.274104802 

1.965618952 6.132808607 
2.150242991 6.274104802 

3.907482349 6.813634919 
4.0185787 6.778186649 

4.132776133 6.747079957 
4.0185787 6.778186649 

3.299836396 8.927242275 
3.230618726 8.957576961 

3.163093578 8.979233067 
3.230618726 8.957576961 

1.10984345 9.280717521 
1.156138276 9.139541834 

1.192214893 9.004279664 
1.156138276 9.139541834 

2.602796715 5.868274297 
2.538516152 5.858148197 

2.483132367 5.864286414 
2.538516152 5.858148197 

3.301391265 1.985560966 
3.21429807 2.116769302 

1.684359774 8.158456412 
1.556808169 7.990251618 

4.286824793 1.575227579 
4.288676691 1.479492242 

4.287994843 1.383811903 
4.288676691 1.479492242 

1.143250003 6.142615916 
1.141806217 6.170604667 

1.140362431 6.198593418 
1.141806217 6.170604667 

2.70584066 7.967393553 
2.807549631 7.861039704 

2.905862299 7.749510587 
2.807549631 7.861039704 

5.104296789 2.336300269 
5.077789008 2.442828243 

5.050927603 2.551599308 
5.077789008 2.442828243 

1.974101838 3.339190289 
2.004178495 3.45844823 

2.507572411 3.843317281 
2.54521073 3.745478028 

2.585087289 3.625575267 
2.54521073 3.745478028 

3.00143076 9.070691354 
2.876951785 9.104523528 

2.750888943 9.142578321 
2.876951785 9.104523528 

0.9698467843 6.989237378 
1.147378074 7.15432063 

2.374021962 8.314086027 
2.255046424 8.337326643 

2.14803289 8.385231635 
2.255046424 8.337326643 

2.709804733 2.259071651 
2.811062481 2.184578671 

2.894302963 6.820915719 
2.95603111 6.870755011 

3.028195785 6.907664324 
2.95603111 6.870755011 

7.617829996 6.312607449 
7.575586891 6.248833691 

6.391393497 6.43175727 
6.288612238 6.484112882 

6.190296385 6.537270764 
6.288612238 6.484112882 

4.512243731 5.760232605 
4.339963921 5.830567747 

4.181550974 5.898743775 
4.339963921 5.830567747 

3.735502762 7.530428799 
3.785381528 7.342578425 

3.837893067 7.156232683 
3.785381528 7.342578425 

2.589844405 7.168643376 
2.615964749 7.063491826 

7.185142723 5.171484894 
7.134504548 5.191953849 

7.083065955 5.211974699 
7.134504548 5.191953849 

3.655540871 3.028901562 
3.504670148 3.222694166 

3.301391265 1.985560966 
3.289376354 2.117232677 

3.988966341 3.087543883 
3.843140721 3.057739436 

6.55218645 6.936142101 
6.567470077 6.816887648 

6.597250706 6.694677099 
6.567470077 6.816887648 

4.541825497 6.966615954 
4.444773492 7.140244392 

5.872758918 7.559746923 
5.809617822 7.519939748 

5.74664926 7.479147802 
5.809617822 7.519939748 

1.848942748 8.85329033 
1.952535251 8.961194494 

2.055629685 9.068663685 
1.952535251 8.961194494 

1.564436058 2.681914182 
1.506454803 2.606118734 

3.655540871 3.028901562 
3.755195859 3.045980131 

3.843140721 3.057739436 
3.755195859 3.045980131 

1.887860316 7.559395816 
1.812584489 7.515693157 

5.352405575 6.205143102 
5.192849216 6.315421559 

6.668571231 7.960781953 
6.501669105 7.970529803 

6.324310602 7.979226722 
6.501669105 7.970529803 

5.086386468 7.279516606 
5.206439899 7.430355951 

6.499053467 5.002910371 
6.490310064 5.132452352 

6.48156666 5.261994333 
6.490310064 5.132452352 

2.570146531 0.4108246382 
2.59831721 0.424789445 

2.626487889 0.4387542517 
2.59831721 0.424789445 

2.456650729 2.537767655 
2.365461001 2.491249754 

2.301033853 2.426487002 
2.365461001 2.491249754 

3.391694379 0.3710827539 
3.424324495 0.4909304397 

1.936352466 0.7735253018 
1.97915895 0.7730198975 

2.02448918 0.7640870092 
1.97915895 0.7730198975 

3.442738368 1.611235761 
3.514189277 1.69163144 

3.562278396 1.765123854 
3.514189277 1.69163144 

7.035953851 5.138543817 
7.083065955 5.211974699 

6.844710697 6.569493778 
6.856791396 6.643146062 

6.864364609 6.710988414 
6.856791396 6.643146062 

1.323496686 7.734208428 
1.444747023 7.911333379 

1.034246173 7.631223559 
0.9375998218 7.744984699 

0.8428927484 7.860002568 
0.9375998218 7.744984699 

3.907482349 6.813634919 
3.992739077 6.993483512 

1.74912672 9.30679065 
1.620072181 9.321835754 

4.080212458 7.171840723 
4.311607285 7.159338238 

2.985882475 3.404917663 
3.05857842 3.343288944 

3.131274365 3.281660225 
3.05857842 3.343288944 

1.484593835 6.005398454 
1.645094319 6.057031269 

3.53345791 2.2195418 
3.583621711 2.150007175 

3.635656246 2.080771131 
3.583621711 2.150007175 

2.844890802 1.428702246 
2.639992133 1.568575105 

2.844890802 1.428702246 
2.906617655 1.407967883 

2.968344508 1.38723352 
2.906617655 1.407967883 

2.423334562 8.455845328 
2.315298114 8.532120835 

6.567470077 6.816887648 
6.413625715 6.844996569 

7.47477023 5.516746989 
7.494999625 5.76074221 

7.51522902 6.004737432 
7.494999625 5.76074221 

7.411333251 7.303854849 
7.437830257 7.224873387 

7.464327263 7.145891926 
7.437830257 7.224873387 

2.35562757 1.337629083 
2.254332834 1.51640113 

2.153038098 1.695173178 
2.254332834 1.51640113 

1.620072181 9.321835754 
1.555544911 9.329358305 

1.491017641 9.336880857 
1.555544911 9.329358305 

5.070039736 5.183096575 
5.103993723 4.995964754 

5.13794771 4.808832933 
5.103993723 4.995964754 

0.4330663622 8.209562767 
0.375397132 8.176244933 

0.3200326472 8.143419162 
0.375397132 8.176244933 

2.493915858 8.598982743 
2.441560991 8.714395615 

2.389206123 8.829808488 
2.441560991 8.714395615 

4.080212458 7.171840723 
4.036475767 7.082662118 

3.992739077 6.993483512 
4.036475767 7.082662118 

