3.230827264 0.9129636884 
2.973932358 1.741293703 

3.733379259 7.532473447 
2.910533282 7.750184048 

4.463979705 2.718180079 
4.53761061 3.363450338 

2.030855374 8.031807058 
2.144154459 7.778830617 

5.042447743 6.57488317 
4.767072415 6.821026529 

2.758077714 8.84133082 
3.296502987 8.926677709 

2.030855374 8.031807058 
2.009883185 8.216911893 

4.754528885 4.760345426 
4.471534652 4.504793822 

6.396297895 6.431178734 
6.687131247 6.133337943 

5.925642567 6.770515616 
6.074892926 6.602674573 

2.860745981 2.453047851 
3.089017735 2.328928668 

6.906816227 5.995488241 
6.687131247 6.133337943 

0.8061765422 7.180990553 
0.4107645701 6.740701656 

1.642343426 7.029208729 
1.376613008 7.229433765 

7.530760512 6.476678377 
6.95183224 7.053954428 

6.396297895 6.431178734 
6.731073889 6.497425026 

1.442376002 8.118904091 
1.331064065 7.728650589 

1.669609819 7.862825113 
1.891764606 7.679892777 

6.480721588 5.263209686 
6.611946124 5.685023869 

4.463979705 2.718180079 
5.050927603 2.551599308 

7.530760512 6.476678377 
6.905111707 6.340602676 

6.687131247 6.133337943 
6.905111707 6.340602676 

3.327320659 2.21418881 
3.089017735 2.328928668 

3.751621445 1.810339735 
3.574300094 1.774290969 

4.192545138 4.142408863 
4.030176783 3.826350826 

7.411333251 7.303854849 
6.819862307 7.364219944 

5.510747995 6.019016832 
5.839949831 6.085316443 

4.471534652 4.504793822 
4.340947333 4.341108605 

4.192545138 4.142408863 
4.340947333 4.341108605 

2.413838356 7.711464997 
2.600765271 7.615126884 

6.906816227 5.995488241 
7.307951326 6.12440292 

5.254188596 7.215317136 
4.810328359 7.435426326 

1.939886513 2.905991712 
2.43824893 3.255357594 

2.523680626 1.968264338 
2.732448327 2.102643308 

4.628837178 6.473786757 
4.370810548 6.640389767 

1.629608667 8.577726614 
1.509242355 8.90101787 

2.738421555 8.258654065 
2.910533282 7.750184048 

2.732448327 2.102643308 
2.155516236 2.307487739 

2.155516236 2.307487739 
2.301875877 2.426511533 

5.714843621 7.343562354 
5.735763238 7.029787991 

0.7136236796 7.594220021 
1.037737532 7.629766655 

1.331064065 7.728650589 
1.037737532 7.629766655 

6.819862307 7.364219944 
6.95183224 7.053954428 

4.172848864 2.323178445 
4.507641225 2.399202484 

1.642343426 7.029208729 
1.191613601 6.932311737 

2.082420856 7.263522772 
2.115680748 7.429881015 

1.528594629 1.757505059 
2.155516236 2.307487739 

6.551961264 6.934327295 
7.155468841 6.67063601 

1.191613601 6.932311737 
0.8061765422 7.180990553 

6.819862307 7.364219944 
6.921281594 7.809133569 

5.042447743 6.57488317 
5.188895423 6.423017 

5.583856205 7.690755213 
5.75837469 7.765948176 

6.061683241 7.879940562 
5.75837469 7.765948176 

7.155468841 6.67063601 
6.95183224 7.053954428 

2.493187249 8.597992144 
2.738421555 8.258654065 

1.669609819 7.862825113 
1.091805352 8.053366706 

2.115680748 7.429881015 
1.870993693 7.447793872 

3.639331909 2.08056926 
3.751621445 1.810339735 

2.492543205 3.854212563 
2.43824893 3.255357594 

6.611946124 5.685023869 
6.906816227 5.995488241 

3.177886892 1.871802543 
3.415517026 1.859271888 

2.738421555 8.258654065 
3.124957101 8.301191275 

5.714843621 7.343562354 
6.061683241 7.879940562 

3.071906804 6.081054342 
2.740847119 6.293991599 

1.247505527 8.763282471 
1.509242355 8.90101787 

1.442376002 8.118904091 
1.646201814 8.304955154 

4.628837178 6.473786757 
5.188895423 6.423017 

3.230827264 0.9129636884 
3.441921712 1.032540624 

4.463979705 2.718180079 
4.507641225 2.399202484 

4.931949828 1.689694991 
4.153675413 1.930603462 

3.639331909 2.08056926 
4.153675413 1.930603462 

6.324310602 7.979226722 
6.200152215 7.360224138 

6.057424684 7.090290093 
6.200152215 7.360224138 

2.43824893 3.255357594 
2.372424657 3.430886559 

7.155468841 6.67063601 
6.941799434 6.608012136 

4.507641225 2.399202484 
4.797243658 2.414699348 

5.590842388 6.491758873 
5.741923114 6.522990229 

0.8061765422 7.180990553 
0.9904771142 7.447386932 

2.973932358 1.741293703 
2.831313922 1.566018536 

1.191613601 6.932311737 
1.246378703 6.218443068 

3.124957101 8.301191275 
3.073561184 8.056495395 

4.183748926 5.897219699 
4.20014469 6.249963324 

3.907482349 6.813634919 
4.20014469 6.249963324 

3.773080506 1.368126716 
3.918118743 1.586085503 

0.3200326472 8.143419162 
0.7127441548 8.288700999 

5.576127251 5.377959226 
5.43865286 5.692980867 

7.479482893 5.471854479 
6.92834987 5.671738234 

1.849919574 8.853227428 
1.595583662 9.061624305 

1.10984345 9.280717521 
1.595583662 9.061624305 

6.941799434 6.608012136 
6.551961264 6.934327295 

5.839949831 6.085316443 
6.10726955 5.995651929 

3.230827264 0.9129636884 
3.176118087 1.326169764 

3.574300094 1.774290969 
3.176118087 1.326169764 

6.271726547 5.645873569 
6.137196831 5.335269572 

0.4107645701 6.740701656 
1.003054801 6.769808616 

1.191613601 6.932311737 
1.003054801 6.769808616 

5.254188596 7.215317136 
5.735763238 7.029787991 

4.767072415 6.821026529 
4.913150136 6.870208786 

3.296502987 8.926677709 
3.233480499 8.574864342 

6.905111707 6.340602676 
6.731073889 6.497425026 

2.523680626 1.968264338 
2.333154929 1.73122921 

2.155516236 2.307487739 
2.125618663 2.110013631 

1.321994717 2.302580507 
1.646134852 2.289324904 

6.057424684 7.090290093 
6.234386857 6.929416013 

5.925642567 6.770515616 
6.234386857 6.929416013 

2.03863977 8.513838323 
2.027261163 8.839612341 

6.95183224 7.053954428 
6.785028543 6.790612645 

2.413838356 7.711464997 
2.455206904 8.071094884 

2.370575459 8.33314467 
2.455206904 8.071094884 

7.319691185 7.763504585 
6.921281594 7.809133569 

3.746731323 0.8745340943 
3.581768451 0.7963849146 

4.725758621 5.654080417 
4.841912291 5.832347613 

3.089017735 2.328928668 
3.516013202 2.621383834 

2.368126991 0.9060293587 
2.254667526 0.6574705871 

7.307951326 6.12440292 
7.191252395 6.295326158 

4.372470362 7.646118393 
4.300543216 7.293785199 

4.300543216 7.293785199 
4.561923234 7.290550389 

1.849919574 8.853227428 
2.027261163 8.839612341 

6.324310602 7.979226722 
5.558746763 7.973057379 

7.209375634 5.189263474 
7.096079381 5.374235501 

5.558746763 7.973057379 
5.583856205 7.690755213 

1.091805352 8.053366706 
1.331064065 7.728650589 

0.3200326472 8.143419162 
0.6396617354 7.982576973 

2.910533282 7.750184048 
2.455206904 8.071094884 

4.450374753 1.340726441 
3.918118743 1.586085503 

5.637586603 4.972614278 
5.513316822 4.778494385 

5.13794771 4.808832933 
5.513316822 4.778494385 

5.735763238 7.029787991 
5.495423951 7.028129063 

3.124957101 8.301191275 
3.233480499 8.574864342 

5.839949831 6.085316443 
6.05016467 6.264591267 

2.493187249 8.597992144 
2.597270179 8.899081561 

3.089415297 0.3052033126 
3.342109181 0.7082457764 

3.441921712 1.032540624 
3.342109181 0.7082457764 

3.655541841 3.029708842 
3.751195573 3.270726457 

2.492543205 3.854212563 
2.372424657 3.430886559 

2.125618663 2.110013631 
2.732448327 2.102643308 

4.183748926 5.897219699 
4.733174401 6.308041003 

5.042447743 6.57488317 
4.733174401 6.308041003 

1.844325235 6.307180596 
1.622564455 6.654593992 

1.844325235 6.307180596 
1.976332178 6.121607473 

6.200152215 7.360224138 
5.714843621 7.343562354 

2.144154459 7.778830617 
2.251413179 7.51045756 

2.44215823 7.006662151 
2.251413179 7.51045756 

3.233480499 8.574864342 
3.385138263 8.382061759 

2.732448327 2.102643308 
2.423322464 2.189730559 

2.125618663 2.110013631 
1.797047535 2.176680235 

3.954342403 2.559452366 
3.621665759 2.517059942 

3.533376249 2.219035691 
3.621665759 2.517059942 

2.115680748 7.429881015 
2.251413179 7.51045756 

2.855175566 6.655735733 
3.390633941 6.459913862 

7.530760512 6.476678377 
7.253529507 6.515627246 

6.819862307 7.364219944 
6.601452421 7.456826849 

1.669609819 7.862825113 
1.467489191 8.007303251 

7.155468841 6.67063601 
7.413182546 6.646733817 

3.751621445 1.810339735 
4.11637322 1.44609712 

6.05016467 6.264591267 
6.10726955 5.995651929 

1.467489191 8.007303251 
1.442376002 8.118904091 

2.470911517 6.008979602 
2.69925516 6.12356337 

2.740847119 6.293991599 
2.69925516 6.12356337 

2.738421555 8.258654065 
2.370575459 8.33314467 

2.860745981 2.453047851 
2.878252402 2.272668274 

2.957082735 2.030647808 
2.878252402 2.272668274 

1.191613601 6.932311737 
1.376613008 7.229433765 

2.372424657 3.430886559 
2.172358714 3.354843226 

2.314903883 7.35382198 
2.251413179 7.51045756 

0.9904771142 7.447386932 
1.14699636 7.155630708 

1.191613601 6.932311737 
1.14699636 7.155630708 

4.733174401 6.308041003 
4.628837178 6.473786757 

3.907482349 6.813634919 
3.837893067 7.156232683 

2.634575659 3.183079423 
2.43824893 3.255357594 

2.006244664 7.025979815 
1.934978303 6.871864735 

3.131274365 3.281660225 
3.220223039 3.52133409 

5.13794771 4.808832933 
4.919890519 4.948570934 

4.754528885 4.760345426 
4.919890519 4.948570934 

5.637586603 4.972614278 
5.877686819 4.75437492 

1.037737532 7.629766655 
0.9904771142 7.447386932 

2.35562757 1.337629083 
2.072237076 1.351834455 

2.758077714 8.84133082 
2.597270179 8.899081561 

5.590842388 6.491758873 
5.627210339 6.743221132 

0.7127441548 8.288700999 
0.6396617354 7.982576973 

4.300543216 7.293785199 
3.907482349 6.813634919 

6.666050321 8.253519883 
6.668571231 7.960781953 

1.646134852 2.289324904 
1.603974981 2.420266464 

2.738421555 8.258654065 
3.073561184 8.056495395 

1.926593742 1.50877731 
1.913777863 1.698892967 

5.627210339 6.743221132 
5.925642567 6.770515616 

2.973932358 1.741293703 
2.957082735 2.030647808 

4.450374753 1.340726441 
4.549563113 1.61335889 

3.581768451 0.7963849146 
3.511831934 0.4651568585 

4.767072415 6.821026529 
4.543164558 6.968073329 

0.8061765422 7.180990553 
1.14699636 7.155630708 

3.621665759 2.517059942 
3.516013202 2.621383834 

3.327320659 2.21418881 
3.217989357 2.121018493 

1.321994717 2.302580507 
1.603974981 2.420266464 

1.646201814 8.304955154 
1.684359774 8.158456412 

2.675110717 0.4464648654 
2.75980299 0.8316034362 

3.089017735 2.328928668 
2.878252402 2.272668274 

4.463979705 2.718180079 
4.380644005 2.865770387 

2.910533282 7.750184048 
3.348556565 7.949805227 

1.797047535 2.176680235 
1.646134852 2.289324904 

2.855175566 6.655735733 
2.891580782 6.823522212 

2.956490721 2.9046795 
3.005117965 2.730239718 

2.70584066 7.967393553 
2.738421555 8.258654065 

5.583856205 7.690755213 
5.258666199 7.709070516 

0.8061765422 7.180990553 
1.003054801 6.769808616 

4.53761061 3.363450338 
4.562697876 3.13338854 

4.348170009 3.098728204 
4.562697876 3.13338854 

2.654917944 9.478171245 
2.749694474 9.146666316 

2.758077714 8.84133082 
2.749694474 9.146666316 

6.785028543 6.790612645 
6.731073889 6.497425026 

3.733379259 7.532473447 
4.080465619 7.608854508 

4.372470362 7.646118393 
4.080465619 7.608854508 

1.926593742 1.50877731 
2.072237076 1.351834455 

3.441921712 1.032540624 
3.581768451 0.7963849146 

6.137196831 5.335269572 
6.309970744 5.445141714 

6.480721588 5.263209686 
6.309970744 5.445141714 

0.73888006 8.831687328 
0.5288157223 8.62663468 

2.973932358 1.741293703 
3.03214783 1.554616545 

4.998744683 8.022475061 
5.44374842 7.657929846 

7.191252395 6.295326158 
7.253529507 6.515627246 

6.906816227 5.995488241 
6.92834987 5.671738234 

1.376613008 7.229433765 
0.9672551774 6.98938587 

3.385138263 8.382061759 
3.535044378 8.341087563 

2.413838356 7.711464997 
2.251413179 7.51045756 

5.899186173 5.556892639 
6.137196831 5.335269572 

1.442376002 8.118904091 
1.51102958 8.399747296 

1.629608667 8.577726614 
1.51102958 8.399747296 

2.738421555 8.258654065 
2.791653168 8.479916634 

5.254188596 7.215317136 
5.258666199 7.709070516 

6.731073889 6.497425026 
6.598845043 6.692718073 

5.43865286 5.692980867 
5.069838782 5.943278888 

2.732448327 2.102643308 
2.957082735 2.030647808 

0.6396617354 7.982576973 
0.7136236796 7.594220021 

6.666050321 8.253519883 
7.002513125 8.049513626 

0.6396617354 7.982576973 
0.8428927484 7.860002568 

0.9672551774 6.98938587 
1.191613601 6.932311737 

4.549563113 1.61335889 
4.287788577 1.574077631 

4.11637322 1.44609712 
4.287788577 1.574077631 

4.153675413 1.930603462 
3.953503373 2.182254067 

1.603974981 2.420266464 
1.525849587 2.466771232 

3.27442067 3.914044655 
3.18850158 3.626910563 

2.985882475 3.404917663 
3.18850158 3.626910563 

5.188895423 6.423017 
4.970132647 6.366053765 

4.733174401 6.308041003 
4.970132647 6.366053765 

4.725758621 5.654080417 
5.157952592 5.435632837 

1.670981725 6.370954452 
1.844325235 6.307180596 

3.03214783 1.554616545 
2.831313922 1.566018536 

2.903782817 7.214289174 
2.64065784 7.328825187 

2.740847119 6.293991599 
2.78623507 6.470074518 

1.003054801 6.769808616 
1.109697755 6.569457469 

1.622564455 6.654593992 
1.191613601 6.932311737 

3.176118087 1.326169764 
2.990576499 1.321029163 

3.03214783 1.554616545 
2.990576499 1.321029163 

1.246378703 6.218443068 
1.326939725 6.586137298 

0.7136236796 7.594220021 
0.5254821633 7.667960345 

7.413182546 6.646733817 
7.253529507 6.515627246 

4.53761061 3.363450338 
4.884228949 2.928073887 

5.050927603 2.551599308 
4.884228949 2.928073887 

2.333960007 6.412426176 
2.740847119 6.293991599 

6.303954315 4.782654416 
6.024142686 4.824786973 

5.877686819 4.75437492 
6.024142686 4.824786973 

3.230827264 0.9129636884 
3.342109181 0.7082457764 

1.91317549 0.7746625523 
1.872060211 1.05571489 

6.785028543 6.790612645 
6.598845043 6.692718073 

1.091805352 8.053366706 
0.7704202123 8.138546775 

2.654889304 2.648718387 
3.005117965 2.730239718 

5.495423951 7.028129063 
5.68473984 6.88869231 

5.627210339 6.743221132 
5.68473984 6.88869231 

4.554421143 1.822941326 
4.720824789 1.822721122 

4.931949828 1.689694991 
4.720824789 1.822721122 

1.509242355 8.90101787 
1.352841353 9.070800564 

4.913150136 6.870208786 
4.957335317 7.137434105 

2.597270179 8.899081561 
2.749694474 9.146666316 

4.919890519 4.948570934 
4.829477075 5.151718625 

6.611946124 5.685023869 
6.881877188 5.380688517 

4.829477075 5.151718625 
4.461977852 5.284780013 

1.247505527 8.763282471 
1.51102958 8.399747296 

6.92834987 5.671738234 
6.881877188 5.380688517 

4.079563985 0.9699632506 
4.120097124 0.8310015399 

2.831313922 1.566018536 
2.592734598 1.638436045 

2.333154929 1.73122921 
2.592734598 1.638436045 

3.733379259 7.532473447 
3.348556565 7.949805227 

3.733379259 7.532473447 
3.67106784 7.888122664 

4.810328359 7.435426326 
4.978194618 7.658135517 

4.561923234 7.290550389 
4.543164558 6.968073329 

2.523680626 1.968264338 
2.592734598 1.638436045 

3.751195573 3.270726457 
3.632683723 3.234770751 

1.589602845 7.500694392 
1.870993693 7.447793872 

2.455206904 8.071094884 
2.242927643 8.083144389 

3.336577796 7.013372146 
3.105610517 7.034345857 

2.903782817 7.214289174 
3.105610517 7.034345857 

1.891764606 7.679892777 
2.038931269 7.671694182 

3.071906804 6.081054342 
2.69925516 6.12356337 

5.081557804 2.127991875 
4.898843043 1.987526567 

4.733174401 6.308041003 
4.571937243 6.103086358 

2.190906484 9.187559881 
2.388345704 8.830902167 

1.642343426 7.029208729 
1.721733493 7.344571737 

4.11637322 1.44609712 
4.482116353 0.8282195016 

7.411333251 7.303854849 
7.195817751 7.081336958 

3.124957101 8.301191275 
2.791653168 8.479916634 

2.791653168 8.479916634 
3.014012894 8.643716097 

1.376613008 7.229433765 
1.721733493 7.344571737 

2.634575659 3.183079423 
2.671914133 3.412817364 

6.881877188 5.380688517 
7.096079381 5.374235501 

4.797243658 2.414699348 
4.587887293 2.592605726 

4.463979705 2.718180079 
4.587887293 2.592605726 

3.15839541 2.170725063 
3.217989357 2.121018493 

4.725758621 5.654080417 
4.854497178 5.418829388 

4.482116353 0.8282195016 
4.120097124 0.8310015399 

1.442376002 8.118904091 
1.684359774 8.158456412 

3.639331909 2.08056926 
3.415718973 2.079642953 

6.061683241 7.879940562 
6.068635022 8.170141946 

6.234386857 6.929416013 
6.219803308 6.735403751 

3.089017735 2.328928668 
3.15839541 2.170725063 

3.073561184 8.056495395 
3.348556565 7.949805227 

3.014012894 8.643716097 
3.090170407 8.715652921 

5.44374842 7.657929846 
5.583856205 7.690755213 

2.654889304 2.648718387 
2.733566725 2.852758995 

2.956490721 2.9046795 
2.733566725 2.852758995 

7.530760512 6.476678377 
7.618098898 6.714613759 

3.089017735 2.328928668 
3.05780887 2.503135874 

2.675110717 0.4464648654 
2.395845122 0.6897943878 

2.254667526 0.6574705871 
2.395845122 0.6897943878 

1.670981725 6.370954452 
1.711815407 6.172173442 

3.071906804 6.081054342 
3.091875747 6.322178065 

3.05780887 2.503135874 
2.860745981 2.453047851 

4.998744683 8.022475061 
5.142749738 7.898589313 

5.258666199 7.709070516 
5.142749738 7.898589313 

2.368126991 0.9060293587 
2.452234478 0.7240707213 

2.654917944 9.478171245 
2.531083818 9.124377598 

2.597270179 8.899081561 
2.531083818 9.124377598 

3.441921712 1.032540624 
3.268332278 1.11340935 

3.176118087 1.326169764 
3.268332278 1.11340935 

2.172358714 3.354843226 
2.097834377 3.493701321 

4.11637322 1.44609712 
4.004031899 1.419484004 

1.321994717 2.302580507 
1.525849587 2.466771232 

1.321994717 2.302580507 
1.544234483 2.0564191 

0.7704202123 8.138546775 
0.6396617354 7.982576973 

7.307951326 6.12440292 
7.408104474 6.159872213 

4.172848864 2.323178445 
4.463979705 2.718180079 

4.153675413 1.930603462 
4.270186153 2.127646849 

2.452234478 0.7240707213 
2.465206333 0.5422331472 

0.9904771142 7.447386932 
1.255218373 7.446836396 

5.042447743 6.57488317 
4.913150136 6.870208786 

1.10984345 9.280717521 
1.378621518 8.681135626 

4.543164558 6.968073329 
4.370810548 6.640389767 

0.9672551774 6.98938587 
0.8061765422 7.180990553 

2.600765271 7.615126884 
2.788141124 7.569775383 

7.191252395 6.295326158 
7.408104474 6.159872213 

2.03863977 8.513838323 
2.146839259 8.385396407 

7.002513125 8.049513626 
6.921281594 7.809133569 

0.4107645701 6.740701656 
0.7162428593 6.623289382 

0.7704202123 8.138546775 
0.7127441548 8.288700999 

0.7127441548 8.288700999 
0.7478233026 8.539105475 

6.271726547 5.645873569 
6.611946124 5.685023869 

7.319691185 7.763504585 
7.205901626 7.549206567 

1.247505527 8.763282471 
1.378621518 8.681135626 

3.27442067 3.914044655 
3.533277778 3.852195798 

3.739157092 3.984978262 
3.533277778 3.852195798 

5.75837469 7.765948176 
5.892374303 7.553016039 

1.091805352 8.053366706 
0.8428927484 7.860002568 

1.247505527 8.763282471 
1.051908669 8.699522884 

2.144154459 7.778830617 
2.242927643 8.083144389 

4.300543216 7.293785199 
3.981564185 7.446904624 

3.733379259 7.532473447 
3.981564185 7.446904624 

2.523680626 1.968264338 
2.71504169 1.829136409 

2.144154459 7.778830617 
2.201596921 7.70707468 

2.413838356 7.711464997 
2.201596921 7.70707468 

3.230827264 0.9129636884 
3.268332278 1.11340935 

6.324310602 7.979226722 
6.468035599 8.209320902 

6.303954315 4.782654416 
6.159075861 5.056489623 

2.910533282 7.750184048 
3.00153028 7.919114031 

3.073561184 8.056495395 
3.00153028 7.919114031 

2.364446798 7.887173623 
2.201596921 7.70707468 

6.731073889 6.497425026 
6.570450751 6.462637939 

4.080465619 7.608854508 
3.981564185 7.446904624 

6.570450751 6.462637939 
6.598845043 6.692718073 

6.271726547 5.645873569 
6.031619571 5.86827757 

5.839949831 6.085316443 
6.031619571 5.86827757 

2.364446798 7.887173623 
2.413838356 7.711464997 

0.7761054631 6.386077772 
1.047282168 6.375608367 

2.423322464 2.189730559 
2.485845446 2.348015452 

5.365840155 6.704315177 
5.627210339 6.743221132 

2.788141124 7.569775383 
2.910533282 7.750184048 

2.70584066 7.967393553 
3.00153028 7.919114031 

4.20014469 6.249963324 
4.571937243 6.103086358 

6.785028543 6.790612645 
6.863813202 6.723859105 

6.941799434 6.608012136 
6.863813202 6.723859105 

4.20014469 6.249963324 
4.250623256 6.47787275 

4.370810548 6.640389767 
4.250623256 6.47787275 

5.735763238 7.029787991 
5.68473984 6.88869231 

5.925642567 6.770515616 
5.68473984 6.88869231 

7.408104474 6.159872213 
7.475645151 6.234088719 

7.096079381 5.374235501 
7.479482893 5.471854479 

2.43824893 3.255357594 
2.384076303 2.928894942 

3.342109181 0.7082457764 
3.581768451 0.7963849146 

4.854497178 5.418829388 
5.157952592 5.435632837 

4.998744683 8.022475061 
5.143150187 7.60627397 

4.172848864 2.323178445 
4.292581992 2.211194784 

4.270186153 2.127646849 
4.292581992 2.211194784 

2.314903883 7.35382198 
2.082420856 7.263522772 

5.510747995 6.019016832 
5.245198004 6.020998521 

5.069838782 5.943278888 
5.245198004 6.020998521 

7.096079381 5.374235501 
7.0270019 5.516156189 

6.92834987 5.671738234 
7.0270019 5.516156189 

3.993217027 3.087460456 
4.133179797 2.863453136 

6.551961264 6.934327295 
6.219803308 6.735403751 

7.253529507 6.515627246 
7.155468841 6.67063601 

6.05016467 6.264591267 
5.873585001 6.412895786 

5.741923114 6.522990229 
5.873585001 6.412895786 

6.10726955 5.995651929 
6.031619571 5.86827757 

1.976332178 6.121607473 
1.801557521 6.028155072 

2.364446798 7.887173623 
2.455206904 8.071094884 

1.331064065 7.728650589 
1.299127069 7.976609927 

4.450374753 1.340726441 
4.359380921 1.186288757 

5.914851825 6.564234466 
5.873585001 6.412895786 

1.797047535 2.176680235 
1.544234483 2.0564191 

0.9672551774 6.98938587 
0.7157830632 6.918187103 

6.905111707 6.340602676 
6.570450751 6.462637939 

0.5288157223 8.62663468 
0.6575404017 8.556905918 

0.7478233026 8.539105475 
0.6575404017 8.556905918 

1.749476952 9.30613097 
1.704604056 9.172016004 

1.595583662 9.061624305 
1.704604056 9.172016004 

3.67106784 7.888122664 
3.535044378 8.341087563 

1.589602845 7.500694392 
1.764321131 7.607784925 

1.891764606 7.679892777 
1.764321131 7.607784925 

1.974101838 3.339190289 
1.930839941 3.4695992 

1.326939725 6.586137298 
1.109697755 6.569457469 

1.51102958 8.399747296 
1.646201814 8.304955154 

2.420034186 6.247566878 
2.195333076 6.031448092 

4.854497178 5.418829388 
5.060028555 5.169400991 

3.336042718 0.5144386298 
3.395455508 0.3571461221 

1.667109889 1.417951495 
1.920629505 1.320110655 

2.072237076 1.351834455 
1.920629505 1.320110655 

2.03863977 8.513838323 
1.629608667 8.577726614 

1.091805352 8.053366706 
1.299127069 7.976609927 

1.844325235 6.307180596 
1.990907851 6.342702048 

1.926593742 1.50877731 
1.920629505 1.320110655 

5.735763238 7.029787991 
5.883571724 7.067999211 

1.797047535 2.176680235 
1.636867838 2.198247907 

4.124559055 0.5777987307 
4.09614556 0.7411136633 

4.120097124 0.8310015399 
4.09614556 0.7411136633 

3.27442067 3.914044655 
3.384605851 3.716135175 

3.220223039 3.52133409 
3.384605851 3.716135175 

5.558746763 7.973057379 
5.441629125 8.158920725 

0.7162428593 6.623289382 
0.7848255726 6.555338116 

2.973932358 1.741293703 
2.71504169 1.829136409 

7.164796129 5.929325734 
7.23484083 5.725938229 

2.097834377 3.493701321 
2.045741659 3.455858018 

1.974101838 3.339190289 
2.045741659 3.455858018 

2.985882475 3.404917663 
2.809758651 3.549349402 

5.188895423 6.423017 
5.245198004 6.020998521 

3.342109181 0.7082457764 
3.336042718 0.5144386298 

6.551961264 6.934327295 
6.3831702 6.686082059 

6.396297895 6.431178734 
6.3831702 6.686082059 

3.516013202 2.621383834 
3.306116752 2.381559789 

3.327320659 2.21418881 
3.306116752 2.381559789 

3.296502987 8.926677709 
2.86421194 8.69133522 

2.493187249 8.597992144 
2.86421194 8.69133522 

3.574300094 1.774290969 
3.617513732 1.604107526 

5.182701525 8.068454971 
5.142749738 7.898589313 

2.038931269 7.671694182 
2.10263496 7.576138351 

1.939886513 2.905991712 
1.715350704 2.727832798 

2.831313922 1.566018536 
2.862749244 1.450274963 

6.551961264 6.934327295 
6.423517434 6.835726936 

6.234386857 6.929416013 
6.423517434 6.835726936 

3.954342403 2.559452366 
4.172848864 2.323178445 

3.954342403 2.559452366 
3.707802327 2.335470994 

3.639331909 2.08056926 
3.707802327 2.335470994 

2.368126991 0.9060293587 
2.395845122 0.6897943878 

3.220223039 3.52133409 
3.18850158 3.626910563 

2.465206333 0.5422331472 
2.395845122 0.6897943878 

1.670981725 6.370954452 
1.326939725 6.586137298 

1.622564455 6.654593992 
1.82495111 6.735263199 

1.870993693 7.447793872 
1.721733493 7.344571737 

5.143150187 7.60627397 
4.978194618 7.658135517 

7.23484083 5.725938229 
7.303889201 5.622867131 

3.67106784 7.888122664 
3.739305047 8.227948065 

1.636867838 2.198247907 
1.646134852 2.289324904 

5.899186173 5.556892639 
5.719761328 5.635535578 

3.327320659 2.21418881 
3.415718973 2.079642953 

7.475645151 6.234088719 
7.531169223 6.216267949 

2.732448327 2.102643308 
2.70143036 2.256133479 

2.860745981 2.453047851 
2.70143036 2.256133479 

5.925642567 6.770515616 
5.736397034 6.666517978 

5.590842388 6.491758873 
5.736397034 6.666517978 

4.183748926 5.897219699 
4.811050078 5.974644044 

5.510747995 6.019016832 
4.811050078 5.974644044 

2.44215823 7.006662151 
2.419178426 7.212900899 

2.314903883 7.35382198 
2.419178426 7.212900899 

3.336577796 7.013372146 
3.367536905 7.225842054 

4.725758621 5.654080417 
4.811050078 5.974644044 

6.324310602 7.979226722 
6.211050776 8.005497545 

2.215206722 3.636812976 
2.004178495 3.45844823 

4.030176783 3.826350826 
4.253239949 3.606386929 

3.655541841 3.029708842 
3.632683723 3.234770751 

4.841912291 5.832347613 
4.811050078 5.974644044 

6.95183224 7.053954428 
7.063197621 6.928066104 

5.741923114 6.522990229 
5.736397034 6.666517978 

1.352841353 9.070800564 
1.367074057 9.176063658 

1.525849587 2.466771232 
1.506454803 2.606118734 

3.533376249 2.219035691 
3.707802327 2.335470994 

6.480721588 5.263209686 
6.739328079 5.1332394 

2.70584066 7.967393553 
2.524046146 7.942554508 

2.364446798 7.887173623 
2.524046146 7.942554508 

6.074892926 6.602674573 
5.976406793 6.593926213 

5.914851825 6.564234466 
5.976406793 6.593926213 

4.153675413 1.930603462 
3.977960172 1.865998259 

7.479482893 5.471854479 
7.358720127 5.579682708 

7.303889201 5.622867131 
7.358720127 5.579682708 

7.002513125 8.049513626 
7.079507963 7.882974728 

3.443217944 1.61127616 
3.310391529 1.447739792 

3.176118087 1.326169764 
3.310391529 1.447739792 

2.758077714 8.84133082 
2.86421194 8.69133522 

5.182701525 8.068454971 
5.26937538 8.135101798 

4.543164558 6.968073329 
4.30139141 6.972647588 

6.200152215 7.360224138 
6.408091555 7.264357896 

2.791653168 8.479916634 
2.86421194 8.69133522 

2.009883185 8.216911893 
2.146839259 8.385396407 

7.618098898 6.714613759 
7.620739431 6.847561351 

1.378621518 8.681135626 
1.51102958 8.399747296 

3.415517026 1.859271888 
3.415718973 2.079642953 

2.009883185 8.216911893 
1.904821792 8.447632171 

2.788141124 7.569775383 
2.779428292 7.455176451 

5.714843621 7.343562354 
5.688871347 7.582885827 

5.583856205 7.690755213 
5.688871347 7.582885827 

4.370810548 6.640389767 
4.132776133 6.747079957 

2.75980299 0.8316034362 
2.790676688 0.9736059621 

1.378621518 8.681135626 
1.315034925 8.427844503 

0.7136236796 7.594220021 
0.4263991175 7.4559314 

2.190906484 9.187559881 
2.404570869 9.331769599 

2.654917944 9.478171245 
2.404570869 9.331769599 

2.35562757 1.337629083 
2.648078449 1.57206046 

2.973932358 1.741293703 
2.648078449 1.57206046 

6.219803308 6.735403751 
6.3831702 6.686082059 

5.042447743 6.57488317 
5.123714143 6.725655882 

5.365840155 6.704315177 
5.123714143 6.725655882 

5.258666199 7.709070516 
5.143150187 7.60627397 

2.254667526 0.6574705871 
2.073800641 0.7100280242 

1.934978303 6.871864735 
1.82495111 6.735263199 

0.5254821633 7.667960345 
0.5371377874 7.552229704 

0.4263991175 7.4559314 
0.5371377874 7.552229704 

2.033550837 5.9182699 
2.288760129 5.897044675 

1.640602242 3.280794991 
1.867160477 3.404750473 

2.004178495 3.45844823 
1.867160477 3.404750473 

3.367536905 7.225842054 
3.448607073 7.309592928 

3.217853124 2.906002511 
3.339363191 2.664874859 

3.516013202 2.621383834 
3.339363191 2.664874859 

3.535044378 8.341087563 
3.739305047 8.227948065 

3.091875747 6.322178065 
3.12083562 6.417248721 

2.384076303 2.928894942 
2.578275144 2.898299657 

2.733566725 2.852758995 
2.578275144 2.898299657 

4.810328359 7.435426326 
4.714853405 7.301090754 

1.642343426 7.029208729 
1.729723879 7.224669313 

1.870993693 7.447793872 
1.729723879 7.224669313 

4.841912291 5.832347613 
5.00868925 5.689679608 

5.157952592 5.435632837 
5.00868925 5.689679608 

2.878252402 2.272668274 
2.70143036 2.256133479 

1.331064065 7.728650589 
0.8404277355 7.98978669 

2.44215823 7.006662151 
2.275934553 7.09446602 

1.376613008 7.229433765 
1.14699636 7.155630708 

4.562697876 3.13338854 
4.666324307 3.087890067 

2.790676688 0.9736059621 
2.856216439 0.8799779339 

2.987356518 0.7837586768 
2.856216439 0.8799779339 

3.395455508 0.3571461221 
3.271514272 0.3503840838 

0.9672551774 6.98938587 
1.003054801 6.769808616 

1.913777863 1.698892967 
1.714527404 1.795531609 

1.528594629 1.757505059 
1.714527404 1.795531609 

6.881877188 5.380688517 
7.0270019 5.516156189 

3.954342403 2.559452366 
3.756985119 2.791079773 

3.655541841 3.029708842 
3.756985119 2.791079773 

5.736397034 6.666517978 
5.627210339 6.743221132 

1.669609819 7.862825113 
1.894154035 7.901584888 

4.725758621 5.654080417 
4.524888767 5.757390922 

0.5881913129 7.309030421 
0.7094775537 7.278814801 

0.8061765422 7.180990553 
0.7094775537 7.278814801 

1.667109889 1.417951495 
1.798696732 1.410584522 

1.926593742 1.50877731 
1.798696732 1.410584522 

1.721733493 7.344571737 
1.729723879 7.224669313 

3.177886892 1.871802543 
3.124248905 2.048876556 

3.15839541 2.170725063 
3.124248905 2.048876556 

4.30139141 6.972647588 
4.132776133 6.747079957 

1.047282168 6.375608367 
1.147269951 6.296818455 

3.05780887 2.503135874 
3.339363191 2.664874859 

1.091805352 8.053366706 
0.8404277355 7.98978669 

6.468035599 8.209320902 
6.287949315 8.112193235 

2.809758651 3.549349402 
2.733134122 3.60922735 

5.44374842 7.657929846 
5.258666199 7.709070516 

5.513316822 4.778494385 
5.617697514 4.616142492 

7.530760512 6.476678377 
7.475645151 6.234088719 

7.195817751 7.081336958 
6.95183224 7.053954428 

2.749694474 9.146666316 
2.650839374 9.145300287 

6.611946124 5.685023869 
6.92834987 5.671738234 

2.855175566 6.655735733 
2.66407128 6.611553154 

2.654889304 2.648718387 
2.578275144 2.898299657 

7.413182546 6.646733817 
7.530760512 6.476678377 

2.10263496 7.576138351 
2.251413179 7.51045756 

2.125618663 2.110013631 
1.897395876 1.989484736 

6.731073889 6.497425026 
6.863813202 6.723859105 

5.157952592 5.435632837 
5.060028555 5.169400991 

7.195817751 7.081336958 
7.081942499 7.188284598 

5.925642567 6.770515616 
5.976406793 6.593926213 

5.441629125 8.158920725 
5.355096045 8.145068481 

5.26937538 8.135101798 
5.355096045 8.145068481 

7.411333251 7.303854849 
7.245210279 7.451525763 

1.930839941 3.4695992 
2.004178495 3.45844823 

2.654889304 2.648718387 
2.457528297 2.534850894 

3.741065659 8.546976381 
3.619352515 8.489473289 

2.493187249 8.597992144 
2.630998379 8.720423796 

2.758077714 8.84133082 
2.630998379 8.720423796 

4.359380921 1.186288757 
4.351690228 1.04485026 

5.925642567 6.770515616 
5.775710897 6.867859729 

3.12083562 6.417248721 
3.198327641 6.428301164 

6.668571231 7.960781953 
6.882999854 7.979158397 

7.002513125 8.049513626 
6.882999854 7.979158397 

1.491017641 9.336880857 
1.367074057 9.176063658 

3.27442067 3.914044655 
3.464824845 3.606353115 

6.905111707 6.340602676 
6.941799434 6.608012136 

4.172848864 2.323178445 
4.557760679 2.051952709 

4.931949828 1.689694991 
4.557760679 2.051952709 

4.554421143 1.822941326 
4.659954762 1.696078294 

4.549563113 1.61335889 
4.659954762 1.696078294 

6.687131247 6.133337943 
6.620893846 6.282811092 

6.570450751 6.462637939 
6.620893846 6.282811092 

3.516013202 2.621383834 
3.718138084 2.624717854 

3.443217944 1.61127616 
3.617513732 1.604107526 

3.005117965 2.730239718 
3.068503431 2.651827693 

3.05780887 2.503135874 
3.068503431 2.651827693 

2.71504169 1.829136409 
2.648078449 1.57206046 

2.190906484 9.187559881 
2.070415116 9.085571825 

2.275934553 7.09446602 
2.419178426 7.212900899 

1.37105151 2.676170863 
1.562902704 2.681482923 

1.715350704 2.727832798 
1.562902704 2.681482923 

3.217989357 2.121018493 
3.288148997 2.117880918 

3.415718973 2.079642953 
3.288148997 2.117880918 

6.396297895 6.431178734 
6.570450751 6.462637939 

2.523680626 1.968264338 
2.152250602 1.695705243 

3.390633941 6.459913862 
3.254976945 6.439575519 

3.198327641 6.428301164 
3.254976945 6.439575519 

6.687131247 6.133337943 
6.972950871 5.898560528 

5.775710897 6.867859729 
5.68473984 6.88869231 

3.837893067 7.156232683 
3.981564185 7.446904624 

6.074892926 6.602674573 
6.185838671 6.530707658 

6.334464969 6.139433759 
6.396297895 6.431178734 

1.667109889 1.417951495 
1.87112636 1.50119931 

2.152250602 1.695705243 
1.87112636 1.50119931 

6.287949315 8.112193235 
6.189785406 8.108140318 

3.124248905 2.048876556 
3.217989357 2.121018493 

3.296502987 8.926677709 
3.170655365 8.623827825 

3.124957101 8.301191275 
3.170655365 8.623827825 

4.571937243 6.103086358 
4.811050078 5.974644044 

3.464824845 3.606353115 
3.384605851 3.716135175 

2.215206722 3.636812976 
2.372424657 3.430886559 

6.334464969 6.139433759 
6.233894194 6.069870251 

6.10726955 5.995651929 
6.233894194 6.069870251 

1.930839941 3.4695992 
1.867160477 3.404750473 

6.068635022 8.170141946 
6.143111421 8.074361172 

6.211050776 8.005497545 
6.143111421 8.074361172 

3.511831934 0.4651568585 
3.395455508 0.3571461221 

3.511831934 0.4651568585 
3.442908549 0.5833368816 

3.342109181 0.7082457764 
3.442908549 0.5833368816 

6.468035599 8.209320902 
6.554231758 8.236246328 

5.43865286 5.692980867 
5.245198004 6.020998521 

2.493187249 8.597992144 
2.314318632 8.529808564 

2.03863977 8.513838323 
2.314318632 8.529808564 

3.177886892 1.871802543 
3.03214783 1.554616545 

6.309970744 5.445141714 
6.271726547 5.645873569 

5.873585001 6.412895786 
5.693546576 6.242628246 

7.479482893 5.471854479 
7.223483491 5.655470973 

6.972950871 5.898560528 
7.223483491 5.655470973 

6.061683241 7.879940562 
6.211050776 8.005497545 

2.891580782 6.823522212 
2.938105824 7.013062811 

3.718138084 2.624717854 
3.621665759 2.517059942 

6.324310602 7.979226722 
6.287949315 8.112193235 

4.571937243 6.103086358 
4.602787432 6.307478675 

4.628837178 6.473786757 
4.602787432 6.307478675 

6.3831702 6.686082059 
6.423517434 6.835726936 

0.7136236796 7.594220021 
0.534881146 7.899863819 

3.718138084 2.624717854 
3.756985119 2.791079773 

4.080465619 7.608854508 
4.199416603 7.430142581 

4.300543216 7.293785199 
4.199416603 7.430142581 

0.534881146 7.899863819 
0.6396617354 7.982576973 

5.899186173 5.556892639 
5.943374425 5.715506835 

6.031619571 5.86827757 
5.943374425 5.715506835 

1.629608667 8.577726614 
1.378621518 8.681135626 

1.870993693 7.447793872 
2.10263496 7.576138351 

1.528594629 1.757505059 
1.741937118 1.896709127 

1.897395876 1.989484736 
1.741937118 1.896709127 

3.415517026 1.859271888 
3.574300094 1.774290969 

7.195817751 7.081336958 
7.335447655 7.024575194 

7.545275223 6.985176736 
7.335447655 7.024575194 

5.157952592 5.435632837 
5.289814675 5.546835143 

6.061683241 7.879940562 
6.143111421 8.074361172 

1.376613008 7.229433765 
1.283603387 7.35126534 

1.255218373 7.446836396 
1.283603387 7.35126534 

3.953503373 2.182254067 
3.707802327 2.335470994 

2.388345704 8.830902167 
2.597270179 8.899081561 

1.491017641 9.336880857 
1.364284833 9.264881147 

3.327586117 7.551466218 
3.558566096 7.505034144 

3.733379259 7.532473447 
3.558566096 7.505034144 

4.372470362 7.646118393 
4.199416603 7.430142581 

4.797243658 2.414699348 
4.868163748 2.476773594 

5.050927603 2.551599308 
4.868163748 2.476773594 

2.35562757 1.337629083 
2.291134084 1.484647002 

1.926593742 1.50877731 
1.87112636 1.50119931 

3.271514272 0.3503840838 
3.251080129 0.2265463979 

4.659954762 1.696078294 
4.720824789 1.822721122 

5.693546576 6.242628246 
5.79618966 6.185395579 

5.839949831 6.085316443 
5.79618966 6.185395579 

6.159075861 5.056489623 
6.024142686 4.824786973 

6.159075861 5.056489623 
6.118149014 5.186431049 

6.137196831 5.335269572 
6.118149014 5.186431049 

3.244260326 6.29102762 
3.170325561 6.205737414 

3.953503373 2.182254067 
3.89762782 2.029111859 

3.977960172 1.865998259 
3.89762782 2.029111859 

1.872060211 1.05571489 
1.757648436 1.180687182 

3.090170407 8.715652921 
3.170655365 8.623827825 

6.061683241 7.879940562 
6.190794691 7.583321116 

1.640602242 3.280794991 
1.775987184 3.068320778 

1.939886513 2.905991712 
1.775987184 3.068320778 

2.957082735 2.030647808 
3.124248905 2.048876556 

2.301875877 2.426511533 
2.355915319 2.360874786 

2.485845446 2.348015452 
2.355915319 2.360874786 

4.602787432 6.307478675 
4.733174401 6.308041003 

2.70584066 7.967393553 
2.564698526 7.830065027 

2.413838356 7.711464997 
2.564698526 7.830065027 

5.060028555 5.169400991 
4.829477075 5.151718625 

2.333960007 6.412426176 
2.288647637 6.281091619 

3.288148997 2.117880918 
3.327320659 2.21418881 

2.957082735 2.030647808 
3.019517172 2.231540152 

3.089017735 2.328928668 
3.019517172 2.231540152 

6.95183224 7.053954428 
7.021218845 7.082285052 

7.081942499 7.188284598 
7.021218845 7.082285052 

4.854497178 5.418829388 
4.756606101 5.367544003 

2.027261163 8.839612341 
2.070415116 9.085571825 

7.531169223 6.216267949 
7.575094246 6.249995643 

1.299127069 7.976609927 
1.44425866 7.910128377 

1.467489191 8.007303251 
1.44425866 7.910128377 

1.468638979 5.88590817 
1.645094319 6.057031269 

1.711815407 6.172173442 
1.645094319 6.057031269 

5.510747995 6.019016832 
5.351749186 6.204116152 

4.450374753 1.340726441 
4.287788577 1.574077631 

1.974101838 3.339190289 
1.867160477 3.404750473 

3.217853124 2.906002511 
3.068503431 2.651827693 

2.452234478 0.7240707213 
2.395845122 0.6897943878 

1.684359774 8.158456412 
1.856735006 8.193568171 

2.009883185 8.216911893 
1.856735006 8.193568171 

6.906816227 5.995488241 
6.972950871 5.898560528 

5.245198004 6.020998521 
5.351749186 6.204116152 

3.619352515 8.489473289 
3.56804139 8.427187956 

3.535044378 8.341087563 
3.56804139 8.427187956 

2.368126991 0.9060293587 
2.356623174 1.187088547 

2.35562757 1.337629083 
2.356623174 1.187088547 

3.004982386 9.089884645 
3.16223015 8.980357615 

3.746731323 0.8745340943 
3.930848544 0.7694023413 

1.109697755 6.569457469 
1.047282168 6.375608367 

5.351749186 6.204116152 
5.177210807 6.233632967 

2.465206333 0.5422331472 
2.555825588 0.5167896751 

2.157488857 6.688338088 
2.018288608 6.79311462 

1.934978303 6.871864735 
2.018288608 6.79311462 

3.384605851 3.716135175 
3.533277778 3.852195798 

6.219803308 6.735403751 
6.185838671 6.530707658 

2.423322464 2.189730559 
2.450898255 2.065929794 

2.523680626 1.968264338 
2.450898255 2.065929794 

2.420034186 6.247566878 
2.328263339 6.249435332 

2.288647637 6.281091619 
2.328263339 6.249435332 

3.639331909 2.08056926 
3.89762782 2.029111859 

6.057424684 7.090290093 
5.966382436 7.118853036 

5.883571724 7.067999211 
5.966382436 7.118853036 

6.334464969 6.139433759 
6.425986438 5.991606464 

3.336042718 0.5144386298 
3.442908549 0.5833368816 

2.275934553 7.09446602 
2.185219887 7.145965119 

2.082420856 7.263522772 
2.185219887 7.145965119 

2.455206904 8.071094884 
2.524046146 7.942554508 

2.493187249 8.597992144 
2.639836429 8.488310397 

5.43865286 5.692980867 
5.719761328 5.635535578 

1.642343426 7.029208729 
1.683645997 7.45679928 

1.669609819 7.862825113 
1.683645997 7.45679928 

6.234431895 5.859959528 
6.031619571 5.86827757 

1.315034925 8.427844503 
1.386902996 8.276499848 

1.442376002 8.118904091 
1.386902996 8.276499848 

1.669609819 7.862825113 
1.764321131 7.607784925 

6.905111707 6.340602676 
6.620893846 6.282811092 

1.10984345 9.280717521 
1.277565952 9.23371085 

1.367074057 9.176063658 
1.277565952 9.23371085 

0.73888006 8.831687328 
0.9146739788 8.742417448 

1.051908669 8.699522884 
0.9146739788 8.742417448 

1.544234483 2.0564191 
1.636867838 2.198247907 

6.687131247 6.133337943 
6.536414875 6.126620383 

1.757648436 1.180687182 
1.920629505 1.320110655 

2.733134122 3.60922735 
2.653081309 3.663172529 

7.063197621 6.928066104 
7.021218845 7.082285052 

3.327586117 7.551466218 
3.146049668 7.659926336 

2.910533282 7.750184048 
3.146049668 7.659926336 

1.904821792 8.447632171 
2.001600959 8.40747454 

2.03863977 8.513838323 
2.001600959 8.40747454 

3.105610517 7.034345857 
2.938105824 7.013062811 

4.756606101 5.367544003 
4.687912018 5.336559785 

3.443217944 1.61127616 
3.433388339 1.725501457 

3.415517026 1.859271888 
3.433388339 1.725501457 

5.00868925 5.689679608 
5.206219677 5.684972208 

5.254188596 7.215317136 
5.206063489 7.43073954 

5.143150187 7.60627397 
5.206063489 7.43073954 

6.271726547 5.645873569 
6.06411672 5.647440361 

5.081557804 2.127991875 
5.104227954 2.335079511 

1.589602845 7.500694392 
1.683645997 7.45679928 

3.03214783 1.554616545 
2.862749244 1.450274963 

4.725758621 5.654080417 
4.922402472 5.411314091 

3.739157092 3.984978262 
3.90329594 3.853374213 

4.030176783 3.826350826 
3.90329594 3.853374213 

5.925642567 6.770515616 
5.966382436 7.118853036 

3.918118743 1.586085503 
3.855178447 1.706423317 

1.622564455 6.654593992 
1.602058543 6.898739583 

1.642343426 7.029208729 
1.602058543 6.898739583 

1.299127069 7.976609927 
1.467489191 8.007303251 

1.870993693 7.447793872 
1.683645997 7.45679928 

1.870993693 7.447793872 
1.955600759 7.585293677 

4.687912018 5.336559785 
4.631539629 5.318868507 

1.255218373 7.446836396 
1.331064065 7.728650589 

1.801557521 6.028155072 
1.680918767 5.994617359 

1.468638979 5.88590817 
1.680918767 5.994617359 

4.922402472 5.411314091 
4.854497178 5.418829388 

6.05016467 6.264591267 
6.185838671 6.530707658 

2.152250602 1.695705243 
2.333154929 1.73122921 

6.598845043 6.692718073 
6.3831702 6.686082059 

1.037737532 7.629766655 
1.042452919 7.846910603 

1.091805352 8.053366706 
1.042452919 7.846910603 

2.531083818 9.124377598 
2.591558241 9.203846801 

2.650839374 9.145300287 
2.591558241 9.203846801 

5.735763238 7.029787991 
5.775710897 6.867859729 

2.78623507 6.470074518 
2.751394435 6.540427525 

6.905111707 6.340602676 
6.911641992 6.146760521 

6.906816227 5.995488241 
6.911641992 6.146760521 

5.069838782 5.943278888 
4.811050078 5.974644044 

6.921281594 7.809133569 
6.882999854 7.979158397 

1.894154035 7.901584888 
1.973971195 7.978837508 

2.030855374 8.031807058 
1.973971195 7.978837508 

2.602300968 5.868012333 
2.496164327 5.939106132 

2.470911517 6.008979602 
2.496164327 5.939106132 

2.878252402 2.272668274 
3.019517172 2.231540152 

3.837893067 7.156232683 
4.080212458 7.171840723 

4.300543216 7.293785199 
4.080212458 7.171840723 

1.955600759 7.585293677 
1.891764606 7.679892777 

2.639836429 8.488310397 
2.738421555 8.258654065 

0.8404277355 7.98978669 
0.8428927484 7.860002568 

4.450374753 1.340726441 
4.288951606 1.383810449 

4.11637322 1.44609712 
4.288951606 1.383810449 

5.914851825 6.564234466 
5.859850922 6.496742398 

5.741923114 6.522990229 
5.859850922 6.496742398 

3.993217027 3.087460456 
4.169784179 3.0751514 

4.348170009 3.098728204 
4.169784179 3.0751514 

2.157488857 6.688338088 
1.972362117 6.729032554 

1.82495111 6.735263199 
1.972362117 6.729032554 

1.721733493 7.344571737 
1.683645997 7.45679928 

1.589602845 7.500694392 
1.642302862 7.371327935 

1.721733493 7.344571737 
1.642302862 7.371327935 

2.215206722 3.636812976 
2.097834377 3.493701321 

2.492543205 3.854212563 
2.424092546 3.67890047 

2.10263496 7.576138351 
1.955600759 7.585293677 

6.408091555 7.264357896 
6.508941149 7.368209676 

6.601452421 7.456826849 
6.508941149 7.368209676 

1.528594629 1.757505059 
1.667109889 1.417951495 

1.544234483 2.0564191 
1.587163721 1.912630975 

5.637586603 4.972614278 
5.663070096 4.835856783 

3.15839541 2.170725063 
3.019517172 2.231540152 

6.303954315 4.782654416 
6.360980558 4.877899517 

7.164796129 5.929325734 
6.972950871 5.898560528 

6.739328079 5.1332394 
6.934349882 5.154974307 

5.79618966 6.185395579 
5.873585001 6.412895786 

7.411333251 7.303854849 
7.438224608 6.898573463 

7.530760512 6.476678377 
7.438224608 6.898573463 

0.7136236796 7.594220021 
0.5371377874 7.552229704 

6.05016467 6.264591267 
6.233894194 6.069870251 

2.64065784 7.328825187 
2.723683089 7.385159112 

2.779428292 7.455176451 
2.723683089 7.385159112 

2.831313922 1.566018536 
2.760963056 1.631454377 

4.931949828 1.689694991 
4.795082288 1.743621891 

4.659954762 1.696078294 
4.795082288 1.743621891 

1.10984345 9.280717521 
1.255774653 9.330547006 

1.364284833 9.264881147 
1.255774653 9.330547006 

3.639331909 2.08056926 
3.953503373 2.182254067 

2.654889304 2.648718387 
2.540157839 2.793073048 

2.384076303 2.928894942 
2.540157839 2.793073048 

2.973932358 1.741293703 
2.760963056 1.631454377 

3.336577796 7.013372146 
3.374612401 6.735244413 

7.688870351 6.108365293 
7.604930416 6.181008889 

7.575094246 6.249995643 
7.604930416 6.181008889 

7.413182546 6.646733817 
7.618098898 6.714613759 

3.741065659 8.546976381 
3.570425204 8.295863755 

3.348556565 7.949805227 
3.570425204 8.295863755 

1.714527404 1.795531609 
1.741937118 1.896709127 

4.628837178 6.473786757 
4.829406695 6.42966983 

4.970132647 6.366053765 
4.829406695 6.42966983 

2.017744835 2.573702147 
2.078605366 2.439388566 

2.155516236 2.307487739 
2.078605366 2.439388566 

5.873585001 6.412895786 
5.859850922 6.496742398 

2.368126991 0.9060293587 
2.570006526 0.9366908256 

4.957335317 7.137434105 
5.087589235 7.27881223 

5.254188596 7.215317136 
5.087589235 7.27881223 

3.574300094 1.774290969 
3.433388339 1.725501457 

7.164796129 5.929325734 
7.06933154 5.760622994 

6.92834987 5.671738234 
7.06933154 5.760622994 

6.881877188 5.380688517 
7.019760964 5.275420173 

1.757648436 1.180687182 
1.721016185 1.285522039 

1.667109889 1.417951495 
1.721016185 1.285522039 

5.576127251 5.377959226 
5.655903475 5.552565281 

5.719761328 5.635535578 
5.655903475 5.552565281 

1.247505527 8.763282471 
1.192214893 9.004279664 

6.05016467 6.264591267 
6.039948334 6.493380197 

5.976406793 6.593926213 
6.039948334 6.493380197 

4.461977852 5.284780013 
4.571581556 5.306616989 

4.631539629 5.318868507 
4.571581556 5.306616989 

2.370575459 8.33314467 
2.314318632 8.529808564 

2.073800641 0.7100280242 
2.024493632 0.763163149 

5.590842388 6.491758873 
5.477729498 6.555853935 

5.365840155 6.704315177 
5.477729498 6.555853935 

4.372470362 7.646118393 
4.680956405 7.826544963 

4.998744683 8.022475061 
4.680956405 7.826544963 

1.764321131 7.607784925 
1.955600759 7.585293677 

2.600765271 7.615126884 
2.732227197 7.683593199 

2.910533282 7.750184048 
2.732227197 7.683593199 

1.797047535 2.176680235 
1.897395876 1.989484736 

2.903782817 7.214289174 
2.714878678 7.132941235 

4.898843043 1.987526567 
4.720824789 1.822721122 

2.172358714 3.354843226 
1.974101838 3.339190289 

0.3200326472 8.143419162 
0.4449508059 8.031534863 

0.534881146 7.899863819 
0.4449508059 8.031534863 

2.333960007 6.412426176 
2.328263339 6.249435332 

4.898843043 1.987526567 
4.922521689 1.858022924 

4.931949828 1.689694991 
4.922521689 1.858022924 

2.333960007 6.412426176 
2.145895458 6.377983338 

1.990907851 6.342702048 
2.145895458 6.377983338 

4.978194618 7.658135517 
5.142749738 7.898589313 

6.219803308 6.735403751 
6.280231923 6.606293308 

6.396297895 6.431178734 
6.280231923 6.606293308 

4.380644005 2.865770387 
4.272050583 2.830705925 

4.133179797 2.863453136 
4.272050583 2.830705925 

6.039948334 6.493380197 
6.074892926 6.602674573 

7.019760964 5.275420173 
7.096079381 5.374235501 

3.177886892 1.871802543 
3.300819203 1.987345476 

3.415718973 2.079642953 
3.300819203 1.987345476 

6.234431895 5.859959528 
6.161026179 5.882619813 

6.10726955 5.995651929 
6.161026179 5.882619813 

3.570425204 8.295863755 
3.535044378 8.341087563 

2.201596921 7.70707468 
2.251413179 7.51045756 

2.146839259 8.385396407 
2.220044245 8.188315626 

2.242927643 8.083144389 
2.220044245 8.188315626 

5.289814675 5.546835143 
5.206219677 5.684972208 

2.555825588 0.5167896751 
2.570146531 0.4108246382 

3.05780887 2.503135874 
3.14058553 2.663423967 

6.06411672 5.647440361 
5.943374425 5.715506835 

2.190906484 9.187559881 
1.981398606 9.224817464 

2.714878678 7.132941235 
2.616263254 7.061935636 

7.438224608 6.898573463 
7.335447655 7.024575194 

2.215206722 3.636812976 
2.318171441 3.654219793 

2.424092546 3.67890047 
2.318171441 3.654219793 

4.351690228 1.04485026 
4.371136859 0.9648546511 

3.67106784 7.888122664 
3.508031556 7.969375701 

3.348556565 7.949805227 
3.508031556 7.969375701 

6.068635022 8.170141946 
6.129098156 8.141642627 

6.189785406 8.108140318 
6.129098156 8.141642627 

7.545275223 6.985176736 
7.45653502 6.800591768 

7.413182546 6.646733817 
7.45653502 6.800591768 

2.038931269 7.671694182 
2.201596921 7.70707468 

2.653081309 3.663172529 
2.609373734 3.729498372 

0.7704202123 8.138546775 
0.5576208822 8.149165269 

6.190794691 7.583321116 
6.1807353 7.484471972 

6.200152215 7.360224138 
6.1807353 7.484471972 

2.291134084 1.484647002 
2.35909073 1.591150734 

2.333154929 1.73122921 
2.35909073 1.591150734 

1.646201814 8.304955154 
1.647534164 8.43798144 

1.629608667 8.577726614 
1.647534164 8.43798144 

5.590842388 6.491758873 
5.693546576 6.242628246 

5.590842388 6.491758873 
5.706991481 6.417424334 

5.873585001 6.412895786 
5.706991481 6.417424334 

3.448607073 7.309592928 
3.396284662 7.422299979 

3.327586117 7.551466218 
3.396284662 7.422299979 

1.528594629 1.757505059 
1.690705515 1.968326644 

5.289814675 5.546835143 
5.382251565 5.601995206 

5.43865286 5.692980867 
5.382251565 5.601995206 

3.977960172 1.865998259 
3.855178447 1.706423317 

2.987356518 0.7837586768 
3.121393171 0.8239427864 

3.230827264 0.9129636884 
3.121393171 0.8239427864 

6.905111707 6.340602676 
7.040044625 6.300222306 

7.191252395 6.295326158 
7.040044625 6.300222306 

2.492543205 3.854212563 
2.569620952 3.768947767 

2.609373734 3.729498372 
2.569620952 3.768947767 

3.954342403 2.559452366 
3.816561658 2.58797187 

3.718138084 2.624717854 
3.816561658 2.58797187 

1.642343426 7.029208729 
1.795844085 6.930328895 

1.934978303 6.871864735 
1.795844085 6.930328895 

3.746731323 0.8745340943 
3.597960701 0.9645124042 

0.5576208822 8.149165269 
0.4330663622 8.209562767 

3.504719885 3.223052658 
3.490808373 3.438961021 

3.464824845 3.606353115 
3.490808373 3.438961021 

2.44215823 7.006662151 
2.588030804 7.169075053 

2.64065784 7.328825187 
2.588030804 7.169075053 

4.571937243 6.103086358 
4.45200137 6.095142787 

4.362478141 6.084013065 
4.45200137 6.095142787 

2.956490721 2.9046795 
3.048449021 3.089823995 

3.131274365 3.281660225 
3.048449021 3.089823995 

3.296502987 8.926677709 
3.187435144 8.826723832 

3.090170407 8.715652921 
3.187435144 8.826723832 

0.9904771142 7.447386932 
1.17904192 7.588677734 

1.331064065 7.728650589 
1.17904192 7.588677734 

2.157488857 6.688338088 
2.228241134 6.533552736 

2.333960007 6.412426176 
2.228241134 6.533552736 

2.654889304 2.648718387 
2.6776171 2.90399532 

2.370575459 8.33314467 
2.220044245 8.188315626 

2.990576499 1.321029163 
2.968344508 1.38723352 

4.507641225 2.399202484 
4.587887293 2.592605726 

2.616263254 7.061935636 
2.54848835 7.050156486 

2.44215823 7.006662151 
2.54848835 7.050156486 

1.037737532 7.629766655 
1.17904192 7.588677734 

1.315034925 8.427844503 
1.419696251 8.407587243 

1.51102958 8.399747296 
1.419696251 8.407587243 

3.217853124 2.906002511 
3.048449021 3.089823995 

3.14058553 2.663423967 
3.187026407 2.748785052 

7.209375634 5.189263474 
7.038608236 5.139498798 

6.934349882 5.154974307 
7.038608236 5.139498798 

0.9904771142 7.447386932 
0.8520464029 7.518540659 

0.7136236796 7.594220021 
0.8520464029 7.518540659 

3.306116752 2.381559789 
3.339363191 2.664874859 

5.741923114 6.522990229 
5.706991481 6.417424334 

4.795082288 1.743621891 
4.720824789 1.822721122 

2.033550837 5.9182699 
2.157229724 5.964102899 

2.195333076 6.031448092 
2.157229724 5.964102899 

7.545275223 6.985176736 
7.438224608 6.898573463 

1.913777863 1.698892967 
2.030160168 1.738772151 

2.152250602 1.695705243 
2.030160168 1.738772151 

3.977960172 1.865998259 
3.856725878 1.846388184 

3.751621445 1.810339735 
3.856725878 1.846388184 

2.190906484 9.187559881 
2.160506679 9.010472936 

2.027261163 8.839612341 
2.160506679 9.010472936 

2.333960007 6.412426176 
2.420034186 6.247566878 

1.640602242 3.280794991 
1.792072967 3.369267923 

1.930839941 3.4695992 
1.792072967 3.369267923 

2.6776171 2.90399532 
2.733566725 2.852758995 

6.941799434 6.608012136 
7.119273785 6.58680746 

7.253529507 6.515627246 
7.119273785 6.58680746 

4.561923234 7.290550389 
4.645078167 7.295344573 

4.714853405 7.301090754 
4.645078167 7.295344573 

6.425986438 5.991606464 
6.527548636 6.040521973 

6.536414875 6.126620383 
6.527548636 6.040521973 

2.006244664 7.025979815 
2.185219887 7.145965119 

1.246378703 6.218443068 
1.164798267 6.385193171 

1.109697755 6.569457469 
1.164798267 6.385193171 

0.7848255726 6.555338116 
0.7976451207 6.48143954 

2.006244664 7.025979815 
2.037913432 7.138356668 

2.082420856 7.263522772 
2.037913432 7.138356668 

3.105610517 7.034345857 
3.028195785 6.907664324 

5.617697514 4.616142492 
5.778531841 4.688946088 

5.877686819 4.75437492 
5.778531841 4.688946088 

4.20014469 6.249963324 
4.362478141 6.084013065 

4.371136859 0.9648546511 
4.407777879 0.9102176999 

1.669609819 7.862825113 
1.44425866 7.910128377 

0.3200326472 8.143419162 
0.5688434221 8.074975394 

0.8404277355 7.98978669 
0.5688434221 8.074975394 

2.146839259 8.385396407 
2.001600959 8.40747454 

6.074892926 6.602674573 
6.165405369 6.656933505 

6.219803308 6.735403751 
6.165405369 6.656933505 

2.457528297 2.534850894 
2.485845446 2.348015452 

2.639836429 8.488310397 
2.70892565 8.473126898 

2.791653168 8.479916634 
2.70892565 8.473126898 

1.246378703 6.218443068 
1.143250003 6.142615916 

2.455206904 8.071094884 
2.577868516 8.024386523 

2.70584066 7.967393553 
2.577868516 8.024386523 

4.666324307 3.087890067 
4.380644005 2.865770387 

4.884228949 2.928073887 
4.75625321 2.967193623 

2.564698526 7.830065027 
2.600765271 7.615126884 

5.899186173 5.556892639 
5.984919517 5.589695154 

6.06411672 5.647440361 
5.984919517 5.589695154 

1.376613008 7.229433765 
1.476974248 7.380822787 

1.589602845 7.500694392 
1.476974248 7.380822787 

4.970132647 6.366053765 
5.177210807 6.233632967 

2.75980299 0.8316034362 
2.856216439 0.8799779339 

7.530760512 6.476678377 
7.515098522 6.007363961 

2.115680748 7.429881015 
2.073913239 7.511938638 

2.10263496 7.576138351 
2.073913239 7.511938638 

5.943374425 5.715506835 
5.984919517 5.589695154 

4.554421143 1.822941326 
4.356817925 1.875184263 

4.153675413 1.930603462 
4.356817925 1.875184263 

5.188895423 6.423017 
5.19311331 6.315997145 

5.177210807 6.233632967 
5.19311331 6.315997145 

4.124559055 0.5777987307 
4.013879392 0.6810530203 

3.930848544 0.7694023413 
4.013879392 0.6810530203 

1.528594629 1.757505059 
1.55314448 1.833442645 

1.587163721 1.912630975 
1.55314448 1.833442645 

1.849919574 8.853227428 
1.76018043 8.710096011 

1.629608667 8.577726614 
1.76018043 8.710096011 

1.326939725 6.586137298 
1.454756319 6.647821922 

5.714843621 7.343562354 
5.74664926 7.479147802 

2.160506679 9.010472936 
2.388345704 8.830902167 

6.551961264 6.934327295 
6.675621327 6.839202146 

6.785028543 6.790612645 
6.675621327 6.839202146 

4.75625321 2.967193623 
4.681646425 2.972545561 

2.070415116 9.085571825 
2.160506679 9.010472936 

1.622564455 6.654593992 
1.661653606 6.536407506 

1.670981725 6.370954452 
1.661653606 6.536407506 

6.499053467 5.002910371 
6.446939897 4.913039105 

6.360980558 4.877899517 
6.446939897 4.913039105 

5.060028555 5.169400991 
4.979414107 5.298474521 

4.922402472 5.411314091 
4.979414107 5.298474521 

5.688871347 7.582885827 
5.74664926 7.479147802 

0.4107645701 6.740701656 
0.5540417086 6.806725906 

0.7157830632 6.918187103 
0.5540417086 6.806725906 

7.079507963 7.882974728 
6.921281594 7.809133569 

7.079507963 7.882974728 
7.198605891 7.843250522 

7.319691185 7.763504585 
7.198605891 7.843250522 

1.246378703 6.218443068 
1.396827506 6.074616714 

5.188895423 6.423017 
5.16725203 6.560616003 

1.255774653 9.330547006 
1.277565952 9.23371085 

1.870993693 7.447793872 
1.886899993 7.553389914 

1.891764606 7.679892777 
1.886899993 7.553389914 

2.423322464 2.189730559 
2.355915319 2.360874786 

4.998744683 8.022475061 
5.08884659 8.081285416 

1.955600759 7.585293677 
1.886899993 7.553389914 

2.44215823 7.006662151 
2.661271161 6.923571693 

2.891580782 6.823522212 
2.661271161 6.923571693 

6.280231923 6.606293308 
6.185838671 6.530707658 

2.370575459 8.33314467 
2.41259054 8.450506788 

2.493187249 8.597992144 
2.41259054 8.450506788 

3.217853124 2.906002511 
2.956490721 2.9046795 

3.217853124 2.906002511 
3.20724724 2.821002965 

3.187026407 2.748785052 
3.20724724 2.821002965 

5.714843621 7.343562354 
5.559892257 7.514622549 

5.44374842 7.657929846 
5.559892257 7.514622549 

1.645094319 6.057031269 
1.680918767 5.994617359 

3.251080129 0.2265463979 
3.318284141 0.3086194404 

3.395455508 0.3571461221 
3.318284141 0.3086194404 

2.423322464 2.189730559 
2.288092894 2.162878058 

2.125618663 2.110013631 
2.288092894 2.162878058 

2.314903883 7.35382198 
2.115680748 7.429881015 

4.841912291 5.832347613 
4.962973148 5.866079921 

5.069838782 5.943278888 
4.962973148 5.866079921 

1.147269951 6.296818455 
1.130341819 6.250912793 

1.636867838 2.198247907 
1.506203917 2.256028654 

4.482116353 0.8282195016 
4.446415288 0.8739296949 

4.407777879 0.9102176999 
4.446415288 0.8739296949 

0.7761054631 6.386077772 
0.7869425388 6.433429312 

0.7976451207 6.48143954 
0.7869425388 6.433429312 

2.985882475 3.404917663 
3.220223039 3.52133409 

4.362478141 6.084013065 
4.291230177 5.989959522 

1.130341819 6.250912793 
1.136941775 6.227677768 

3.415517026 1.859271888 
3.300819203 1.987345476 

5.617697514 4.616142492 
5.647828171 4.735368293 

5.663070096 4.835856783 
5.647828171 4.735368293 

3.390633941 6.459913862 
3.307099087 6.382749579 

3.244260326 6.29102762 
3.307099087 6.382749579 

7.019760964 5.275420173 
7.038608236 5.139498798 

1.037737532 7.629766655 
0.8520464029 7.518540659 

2.288760129 5.897044675 
2.414543966 5.877612973 

0.7704202123 8.138546775 
0.8404277355 7.98978669 

1.669609819 7.862825113 
1.556808169 7.990251618 

1.442376002 8.118904091 
1.556808169 7.990251618 

6.554231758 8.236246328 
6.620466432 8.203489634 

6.666050321 8.253519883 
6.620466432 8.203489634 

4.733174401 6.308041003 
4.829406695 6.42966983 

1.321994717 2.302580507 
1.427558599 2.284723183 

1.506203917 2.256028654 
1.427558599 2.284723183 

5.775710897 6.867859729 
5.623376777 6.925903198 

5.495423951 7.028129063 
5.623376777 6.925903198 

1.454756319 6.647821922 
1.602058543 6.898739583 

4.300543216 7.293785199 
4.311607285 7.159338238 

2.903782817 7.214289174 
2.922480082 7.096748571 

2.938105824 7.013062811 
2.922480082 7.096748571 

3.14058553 2.663423967 
3.068503431 2.651827693 

1.454756319 6.647821922 
1.529961545 6.646310898 

1.622564455 6.654593992 
1.529961545 6.646310898 

6.039948334 6.493380197 
6.185838671 6.530707658 

5.123714143 6.725655882 
5.156254376 6.648282429 

5.16725203 6.560616003 
5.156254376 6.648282429 

4.767072415 6.821026529 
4.708471997 6.643255227 

4.628837178 6.473786757 
4.708471997 6.643255227 

6.165405369 6.656933505 
6.280231923 6.606293308 

2.987356518 0.7837586768 
2.829437297 0.6105316228 

1.867160477 3.404750473 
1.792072967 3.369267923 

1.468638979 5.88590817 
1.484593835 6.005398454 

1.396827506 6.074616714 
1.484593835 6.005398454 

6.234431895 5.859959528 
6.250824348 5.758277001 

6.271726547 5.645873569 
6.250824348 5.758277001 

5.182701525 8.068454971 
5.135054332 8.084810722 

5.08884659 8.081285416 
5.135054332 8.084810722 

7.620739431 6.847561351 
7.574260229 6.907612809 

7.545275223 6.985176736 
7.574260229 6.907612809 

3.071906804 6.081054342 
3.126459612 6.155226959 

3.170325561 6.205737414 
3.126459612 6.155226959 

1.976332178 6.121607473 
2.033550837 5.9182699 

2.414543966 5.877612973 
2.483354606 5.864048377 

7.205901626 7.549206567 
7.182278438 7.501200146 

7.245210279 7.451525763 
7.182278438 7.501200146 

4.30139141 6.972647588 
4.291773149 7.08802887 

4.311607285 7.159338238 
4.291773149 7.08802887 

5.042447743 6.57488317 
5.16725203 6.560616003 

4.004031899 1.419484004 
3.957121617 1.509679427 

3.918118743 1.586085503 
3.957121617 1.509679427 

6.280231923 6.606293308 
6.3831702 6.686082059 

5.914851825 6.564234466 
5.959804667 6.5022646 

6.039948334 6.493380197 
5.959804667 6.5022646 

2.634575659 3.183079423 
2.674472886 3.032799142 

2.6776171 2.90399532 
2.674472886 3.032799142 

2.450898255 2.065929794 
2.288092894 2.162878058 

2.038931269 7.671694182 
2.08899441 7.711945698 

2.144154459 7.778830617 
2.08899441 7.711945698 

7.530760512 6.476678377 
7.575094246 6.249995643 

5.43865286 5.692980867 
5.333026247 5.709667966 

5.206219677 5.684972208 
5.333026247 5.709667966 

2.760963056 1.631454377 
2.648078449 1.57206046 

2.030855374 8.031807058 
2.193802169 7.966076338 

2.364446798 7.887173623 
2.193802169 7.966076338 

3.581768451 0.7963849146 
3.597960701 0.9645124042 

4.970132647 6.366053765 
5.011503165 6.482307229 

5.042447743 6.57488317 
5.011503165 6.482307229 

2.829437297 0.6105316228 
2.760873913 0.5235375906 

2.675110717 0.4464648654 
2.760873913 0.5235375906 

0.5881913129 7.309030421 
0.5177174973 7.381952666 

0.4263991175 7.4559314 
0.5177174973 7.381952666 

4.183748926 5.897219699 
4.247547818 5.938561949 

4.291230177 5.989959522 
4.247547818 5.938561949 

3.03214783 1.554616545 
2.968344508 1.38723352 

2.35909073 1.591150734 
2.592734598 1.638436045 

6.668571231 7.960781953 
6.809734942 7.881375251 

6.921281594 7.809133569 
6.809734942 7.881375251 

6.882999854 7.979158397 
6.809734942 7.881375251 

3.217853124 2.906002511 
3.108482201 2.837560729 

3.005117965 2.730239718 
3.108482201 2.837560729 

4.666324307 3.087890067 
4.672317194 3.017862129 

4.681646425 2.972545561 
4.672317194 3.017862129 

3.533376249 2.219035691 
3.415718973 2.079642953 

7.164796129 5.929325734 
7.034527105 5.956491159 

6.906816227 5.995488241 
7.034527105 5.956491159 

5.576127251 5.377959226 
5.423499226 5.460545043 

5.289814675 5.546835143 
5.423499226 5.460545043 

4.30139141 6.972647588 
4.444773492 7.140244392 

3.533376249 2.219035691 
3.437115659 2.217191527 

3.327320659 2.21418881 
3.437115659 2.217191527 

4.348170009 3.098728204 
4.360238275 2.965154089 

4.380644005 2.865770387 
4.360238275 2.965154089 

3.741065659 8.546976381 
3.437003626 8.435986454 

3.124957101 8.301191275 
3.437003626 8.435986454 

5.892374303 7.553016039 
6.1807353 7.484471972 

5.892374303 7.553016039 
5.767151912 7.571615267 

5.688871347 7.582885827 
5.767151912 7.571615267 

1.37105151 2.676170863 
1.444920592 2.650284298 

1.506454803 2.606118734 
1.444920592 2.650284298 

2.66407128 6.611553154 
2.71639486 6.568310924 

2.751394435 6.540427525 
2.71639486 6.568310924 

6.031619571 5.86827757 
6.161026179 5.882619813 

1.749476952 9.30613097 
1.852367729 9.247659024 

1.981398606 9.224817464 
1.852367729 9.247659024 

2.648078449 1.57206046 
2.592734598 1.638436045 

1.352841353 9.070800564 
1.192214893 9.004279664 

7.081942499 7.188284598 
7.081647772 7.060681307 

7.063197621 6.928066104 
7.081647772 7.060681307 

4.53761061 3.363450338 
4.393178507 3.468377509 

4.253239949 3.606386929 
4.393178507 3.468377509 

2.878252402 2.272668274 
2.812357509 2.184291973 

2.732448327 2.102643308 
2.812357509 2.184291973 

6.911641992 6.146760521 
7.040044625 6.300222306 

6.911641992 6.146760521 
6.797555231 6.126258596 

6.687131247 6.133337943 
6.797555231 6.126258596 

6.972950871 5.898560528 
7.034527105 5.956491159 

7.019760964 5.275420173 
7.083065955 5.211974699 

2.654917944 9.478171245 
2.611857482 9.341693247 

2.591558241 9.203846801 
2.611857482 9.341693247 

4.524888767 5.757390922 
4.247547818 5.938561949 

3.146049668 7.659926336 
3.00153028 7.919114031 

3.089415297 0.3052033126 
3.17313221 0.2433035485 

3.251080129 0.2265463979 
3.17313221 0.2433035485 

5.510747995 6.019016832 
5.43865286 5.692980867 

4.482116353 0.8282195016 
4.294540834 0.8938370467 

2.671914133 3.412817364 
2.653081309 3.663172529 

3.773080506 1.368126716 
4.004031899 1.419484004 

4.079563985 0.9699632506 
4.18585241 0.9324835731 

4.294540834 0.8938370467 
4.18585241 0.9324835731 

3.773080506 1.368126716 
3.700081926 1.496996489 

3.617513732 1.604107526 
3.700081926 1.496996489 

7.530760512 6.476678377 
7.617083892 6.313386758 

7.617083892 6.313386758 
7.658520926 6.217160722 

7.688870351 6.108365293 
7.658520926 6.217160722 

3.108482201 2.837560729 
2.956490721 2.9046795 

2.661271161 6.923571693 
2.616263254 7.061935636 

3.374612401 6.735244413 
3.38285037 6.596683592 

3.390633941 6.459913862 
3.38285037 6.596683592 

3.511831934 0.4651568585 
3.424241548 0.4897932547 

3.336042718 0.5144386298 
3.424241548 0.4897932547 

3.632683723 3.234770751 
3.567320427 3.256744075 

2.675110717 0.4464648654 
2.626487889 0.4387542517 

6.941799434 6.608012136 
6.843408613 6.568836998 

6.731073889 6.497425026 
6.843408613 6.568836998 

7.545275223 6.985176736 
7.464327263 7.145891926 

4.829406695 6.42966983 
5.011503165 6.482307229 

1.136941775 6.227677768 
1.140362431 6.198593418 

5.959804667 6.5022646 
5.873585001 6.412895786 

3.504719885 3.223052658 
3.530502832 3.24982288 

3.567320427 3.256744075 
3.530502832 3.24982288 

3.741065659 8.546976381 
3.766611033 8.406982809 

2.957082735 2.030647808 
2.812357509 2.184291973 

6.611946124 5.685023869 
6.532565929 5.824858866 

6.425986438 5.991606464 
6.532565929 5.824858866 

3.766611033 8.406982809 
3.753215836 8.318269947 

3.739305047 8.227948065 
3.753215836 8.318269947 

1.920629505 1.320110655 
1.798696732 1.410584522 

3.385138263 8.382061759 
3.437003626 8.435986454 

1.764321131 7.607784925 
1.813009542 7.515752758 

1.870993693 7.447793872 
1.813009542 7.515752758 

5.00868925 5.689679608 
4.962973148 5.866079921 

1.939886513 2.905991712 
1.969837404 2.730701486 

2.017744835 2.573702147 
1.969837404 2.730701486 

4.561923234 7.290550389 
4.508169132 7.206169391 

4.444773492 7.140244392 
4.508169132 7.206169391 

1.44425866 7.910128377 
1.556808169 7.990251618 

5.254188596 7.215317136 
5.370357346 7.120270287 

5.495423951 7.028129063 
5.370357346 7.120270287 

2.790676688 0.9736059621 
2.680341607 0.9551483938 

2.570006526 0.9366908256 
2.680341607 0.9551483938 

2.333960007 6.412426176 
2.149456643 6.272920991 

1.976332178 6.121607473 
2.149456643 6.272920991 

3.907482349 6.813634919 
4.0185787 6.778186649 

4.132776133 6.747079957 
4.0185787 6.778186649 

3.296502987 8.926677709 
3.230618726 8.957576961 

3.16223015 8.980357615 
3.230618726 8.957576961 

1.10984345 9.280717521 
1.156138276 9.139541834 

1.192214893 9.004279664 
1.156138276 9.139541834 

2.602300968 5.868012333 
2.534847378 5.851441261 

2.483354606 5.864048377 
2.534847378 5.851441261 

3.300819203 1.987345476 
3.217989357 2.121018493 

1.684359774 8.158456412 
1.556808169 7.990251618 

4.287788577 1.574077631 
4.288676691 1.479492242 

4.288951606 1.383810449 
4.288676691 1.479492242 

1.143250003 6.142615916 
1.141806217 6.170604667 

1.140362431 6.198593418 
1.141806217 6.170604667 

2.70584066 7.967393553 
2.807549631 7.861039704 

2.910533282 7.750184048 
2.807549631 7.861039704 

5.104227954 2.335079511 
5.077789008 2.442828243 

5.050927603 2.551599308 
5.077789008 2.442828243 

1.974101838 3.339190289 
2.004178495 3.45844823 

2.492543205 3.854212563 
2.544534024 3.746391922 

2.586405844 3.622538978 
2.544534024 3.746391922 

3.004982386 9.089884645 
2.877805208 9.104896334 

2.749694474 9.146666316 
2.877805208 9.104896334 

0.9672551774 6.98938587 
1.14699636 7.155630708 

2.370575459 8.33314467 
2.256396887 8.33767877 

2.146839259 8.385396407 
2.256396887 8.33767877 

2.70143036 2.256133479 
2.812357509 2.184291973 

2.891580782 6.823522212 
2.95603111 6.870755011 

3.028195785 6.907664324 
2.95603111 6.870755011 

7.617083892 6.313386758 
7.575094246 6.249995643 

6.396297895 6.431178734 
6.285473695 6.483493321 

6.185838671 6.530707658 
6.285473695 6.483493321 

4.524888767 5.757390922 
4.35045341 5.808881265 

4.183748926 5.897219699 
4.35045341 5.808881265 

3.733379259 7.532473447 
3.785381528 7.342578425 

3.837893067 7.156232683 
3.785381528 7.342578425 

2.588030804 7.169075053 
2.616263254 7.061935636 

7.083065955 5.211974699 
7.135542925 5.191972874 

3.655541841 3.029708842 
3.504719885 3.223052658 

3.300819203 1.987345476 
3.288148997 2.117880918 

3.993217027 3.087460456 
3.844143195 3.05791576 

6.551961264 6.934327295 
6.574211674 6.807640338 

6.598845043 6.692718073 
6.574211674 6.807640338 

4.543164558 6.968073329 
4.444773492 7.140244392 

5.892374303 7.553016039 
5.810944685 7.520236673 

5.74664926 7.479147802 
5.810944685 7.520236673 

1.849919574 8.853227428 
1.954242739 8.96310155 

2.070415116 9.085571825 
1.954242739 8.96310155 

1.562902704 2.681482923 
1.506454803 2.606118734 

3.655541841 3.029708842 
3.755195859 3.045980131 

3.844143195 3.05791576 
3.755195859 3.045980131 

1.886899993 7.553389914 
1.813009542 7.515752758 

5.351749186 6.204116152 
5.19311331 6.315997145 

6.668571231 7.960781953 
6.501669105 7.970529803 

6.324310602 7.979226722 
6.501669105 7.970529803 

5.087589235 7.27881223 
5.206063489 7.43073954 

6.499053467 5.002910371 
6.490310064 5.132452352 

6.480721588 5.263209686 
6.490310064 5.132452352 

2.570146531 0.4108246382 
2.59831721 0.424789445 

2.626487889 0.4387542517 
2.59831721 0.424789445 

2.457528297 2.534850894 
2.366945813 2.468764827 

2.301875877 2.426511533 
2.366945813 2.468764827 

3.395455508 0.3571461221 
3.424241548 0.4897932547 

1.91317549 0.7746625523 
1.971518395 0.7660770442 

2.024493632 0.763163149 
1.971518395 0.7660770442 

3.443217944 1.61127616 
3.516758754 1.678072479 

3.574300094 1.774290969 
3.516758754 1.678072479 

7.038608236 5.139498798 
7.083065955 5.211974699 

6.843408613 6.568836998 
6.857729788 6.637490118 

6.863813202 6.723859105 
6.857729788 6.637490118 

1.331064065 7.728650589 
1.44425866 7.910128377 

1.037737532 7.629766655 
0.9375998218 7.744984699 

0.8428927484 7.860002568 
0.9375998218 7.744984699 

3.907482349 6.813634919 
3.992739077 6.993483512 

1.749476952 9.30613097 
1.620072181 9.321835754 

4.080212458 7.171840723 
4.311607285 7.159338238 

2.985882475 3.404917663 
3.05857842 3.343288944 

3.131274365 3.281660225 
3.05857842 3.343288944 

1.484593835 6.005398454 
1.645094319 6.057031269 

3.533376249 2.219035691 
3.57086692 2.147043802 

3.639331909 2.08056926 
3.57086692 2.147043802 

2.862749244 1.450274963 
2.648078449 1.57206046 

2.862749244 1.450274963 
2.906470558 1.408935572 

2.968344508 1.38723352 
2.906470558 1.408935572 

2.41259054 8.450506788 
2.314318632 8.529808564 

6.574211674 6.807640338 
6.423517434 6.835726936 

7.515098522 6.007363961 
7.495019629 5.757931464 

7.411333251 7.303854849 
7.437830257 7.224873387 

7.464327263 7.145891926 
7.437830257 7.224873387 

2.35562757 1.337629083 
2.254332834 1.51640113 

2.152250602 1.695705243 
2.254332834 1.51640113 

1.620072181 9.321835754 
1.555544911 9.329358305 

1.491017641 9.336880857 
1.555544911 9.329358305 

5.060028555 5.169400991 
5.103489663 4.996676677 

5.13794771 4.808832933 
5.103489663 4.996676677 

0.4330663622 8.209562767 
0.375397132 8.176244933 

0.3200326472 8.143419162 
0.375397132 8.176244933 

2.493187249 8.597992144 
2.441560991 8.714395615 

2.388345704 8.830902167 
2.441560991 8.714395615 

4.080212458 7.171840723 
4.036475767 7.082662118 

3.992739077 6.993483512 
4.036475767 7.082662118 

1.797047535 2.176680235 
1.747711433 2.067039051 

1.690705515 1.968326644 
1.747711433 2.067039051 

3.089415297 0.3052033126 
3.15564934 0.6071216932 

3.230827264 0.9129636884 
3.15564934 0.6071216932 

3.773080506 1.368126716 
3.75922659 1.121453577 

3.746731323 0.8745340943 
3.75922659 1.121453577 

6.074892926 6.602674573 
6.056442332 6.449774502 

2.201596921 7.70707468 
2.08899441 7.711945698 

0.9904771142 7.447386932 
0.7076870136 7.451306638 

0.4263991175 7.4559314 
0.7076870136 7.451306638 

2.419178426 7.212900899 
2.588030804 7.169075053 

1.17904192 7.588677734 
1.255218373 7.446836396 

2.71504169 1.829136409 
2.732448327 2.102643308 

2.71504169 1.829136409 
2.735004281 1.729891933 

2.760963056 1.631454377 
2.735004281 1.729891933 

2.009883185 8.216911893 
2.220044245 8.188315626 

6.056442332 6.449774502 
6.04265513 6.361162398 

6.039948334 6.493380197 
6.056442332 6.449774502 

4.978194618 7.658135517 
4.987891739 7.842789805 

4.998744683 8.022475061 
4.987891739 7.842789805 

3.751621445 1.810339735 
3.617513732 1.604107526 

3.751621445 1.810339735 
3.803866934 1.75857246 

3.855178447 1.706423317 
3.803866934 1.75857246 

7.209375634 5.189263474 
7.172799974 5.184437098 

7.135542925 5.191972874 
7.172799974 5.184437098 

2.366945813 2.468764827 
2.355915319 2.360874786 

2.957082735 2.030647808 
3.058183841 2.103033347 

3.15839541 2.170725063 
3.058183841 2.103033347 

3.146049668 7.659926336 
3.243568371 7.815313633 

3.348556565 7.949805227 
3.243568371 7.815313633 

1.741937118 1.896709127 
1.690705515 1.968326644 

6.05016467 6.264591267 
6.046361041 6.312798649 

6.04265513 6.361162398 
6.046361041 6.312798649 

1.852367729 9.247659024 
1.704604056 9.172016004 

7.479482893 5.471854479 
7.209375634 5.189263474 

7.495019629 5.757931464 
7.487251261 5.614892971 

0.7157830632 6.918187103 
0.8061765422 7.180990553 

5.859850922 6.496742398 
5.959804667 6.5022646 

2.027261163 8.839612341 
1.954242739 8.96310155 

7.487251261 5.614892971 
7.483367077 5.543373725 

7.479482893 5.471854479 
7.483367077 5.543373725 

2.038931269 7.671694182 
1.99683909 7.632218774 

1.955600759 7.585293677 
1.99683909 7.632218774 

2.03863977 8.513838323 
1.904821792 8.447632171 

5.925642567 6.770515616 
5.989406491 6.926000131 

6.057424684 7.090290093 
5.989406491 6.926000131 

2.671914133 3.412817364 
2.629159988 3.517678171 

2.586405844 3.622538978 
2.629159988 3.517678171 

3.441921712 1.032540624 
3.519941207 0.9985265141 

3.597960701 0.9645124042 
3.519941207 0.9985265141 

3.124248905 2.048876556 
3.058183841 2.103033347 

2.973932358 1.741293703 
3.075909625 1.806548123 

3.177886892 1.871802543 
3.075909625 1.806548123 

