3.232171788 0.914410523 
2.974341956 1.740978963 

3.733379259 7.532473447 
2.910533282 7.750184048 

4.464700862 2.717513709 
4.53761061 3.363450338 

2.030755001 8.031173224 
2.144598614 7.776456749 

5.042447743 6.57488317 
4.767072415 6.821026529 

2.758077714 8.84133082 
3.296502987 8.926677709 

2.030755001 8.031173224 
2.009883185 8.216911893 

4.754528885 4.760345426 
4.471534652 4.504793822 

6.38618098 6.409797076 
6.68508274 6.134483538 

5.927342915 6.774113966 
6.074892926 6.602674573 

2.861836164 2.45303892 
3.091966722 2.331197766 

6.906816227 5.995488241 
6.68508274 6.134483538 

0.8040434227 7.17825559 
0.4187429823 6.737593981 

1.642343426 7.029208729 
1.376613008 7.229433765 

7.526735956 6.479318693 
6.920726208 7.057036804 

6.38618098 6.409797076 
6.729797103 6.49664316 

1.442516805 8.118009786 
1.331064065 7.728650589 

1.662319328 7.879667805 
1.891020141 7.682284335 

6.480721588 5.263209686 
6.613630021 5.683293529 

4.464700862 2.717513709 
5.050927603 2.551599308 

7.526735956 6.479318693 
6.905111707 6.340602676 

6.68508274 6.134483538 
6.905111707 6.340602676 

3.326752888 2.213728591 
3.091966722 2.331197766 

3.751169101 1.809107915 
3.574911678 1.773275442 

4.1912423 4.140439214 
4.019222519 3.823907491 

7.411333251 7.303854849 
6.819730672 7.362485585 

5.508873277 6.031823174 
5.837495774 6.086264051 

4.471534652 4.504793822 
4.340947333 4.341108605 

4.1912423 4.140439214 
4.340947333 4.341108605 

2.412770476 7.710983885 
2.600765271 7.615126884 

6.906816227 5.995488241 
7.307951326 6.12440292 

5.251397086 7.217530673 
4.797259462 7.469797287 

1.939886513 2.905991712 
2.43824893 3.255357594 

2.522847415 1.976676415 
2.731170725 2.102089397 

4.619318918 6.472163295 
4.37207316 6.639341445 

1.629608667 8.577726614 
1.507596744 8.900240733 

2.739944747 8.261802443 
2.910533282 7.750184048 

2.731170725 2.102089397 
2.155516236 2.307487739 

2.155516236 2.307487739 
2.301875877 2.426511533 

5.720558971 7.340638582 
5.734430844 7.017876704 

0.7021124589 7.604669576 
1.034853182 7.630001122 

1.331064065 7.728650589 
1.034853182 7.630001122 

6.819730672 7.362485585 
6.920726208 7.057036804 

4.172848864 2.323178445 
4.508100413 2.40044998 

1.642343426 7.029208729 
1.191613601 6.932311737 

2.083372056 7.264142542 
2.117138947 7.429915076 

1.527961971 1.755921822 
2.155516236 2.307487739 

6.551961264 6.934327295 
7.153323566 6.673063154 

1.191613601 6.932311737 
0.8040434227 7.17825559 

6.819730672 7.362485585 
6.921281594 7.809133569 

5.042447743 6.57488317 
5.185249526 6.423272915 

5.583856205 7.690755213 
5.75837469 7.765948176 

6.062803095 7.878128657 
5.75837469 7.765948176 

7.153323566 6.673063154 
6.920726208 7.057036804 

2.495315315 8.597101825 
2.739944747 8.261802443 

1.662319328 7.879667805 
1.098477891 8.051632195 

2.117138947 7.429915076 
1.870993693 7.447793872 

3.639331909 2.08056926 
3.751169101 1.809107915 

2.492543205 3.854212563 
2.43824893 3.255357594 

6.613630021 5.683293529 
6.906816227 5.995488241 

3.171187415 1.884584938 
3.413935817 1.859750119 

2.739944747 8.261802443 
3.125125788 8.292612947 

5.720558971 7.340638582 
6.062803095 7.878128657 

3.071906804 6.081054342 
2.740847119 6.293991599 

1.244999196 8.764925005 
1.507596744 8.900240733 

1.442516805 8.118009786 
1.646201814 8.304955154 

4.619318918 6.472163295 
5.185249526 6.423272915 

3.232171788 0.914410523 
3.444520275 1.056853057 

4.464700862 2.717513709 
4.508100413 2.40044998 

4.931208392 1.690350427 
4.153675413 1.930603462 

3.639331909 2.08056926 
4.153675413 1.930603462 

6.325395383 7.985700874 
6.195578776 7.337936512 

6.059058617 7.092370486 
6.195578776 7.337936512 

2.43824893 3.255357594 
2.372424657 3.430886559 

7.153323566 6.673063154 
6.941576708 6.607607226 

4.508100413 2.40044998 
4.795965231 2.415853862 

5.59233166 6.492381299 
5.742588718 6.523372266 

0.8040434227 7.17825559 
0.9891756675 7.447121676 

2.974341956 1.740978963 
2.832623671 1.566014222 

1.191613601 6.932311737 
1.244913547 6.217247128 

3.125125788 8.292612947 
3.07387462 8.057706221 

4.168936437 5.875309732 
4.199601941 6.247189563 

3.907482349 6.813634919 
4.199601941 6.247189563 

3.773080506 1.368126716 
3.918118743 1.586085503 

0.3200326472 8.143419162 
0.7127441548 8.288700999 

5.576552182 5.379255108 
5.439029189 5.695321273 

7.483253024 5.435940471 
6.931534728 5.667824545 

1.849919574 8.853227428 
1.595583662 9.061624305 

1.10984345 9.280717521 
1.595583662 9.061624305 

6.941576708 6.607607226 
6.551961264 6.934327295 

5.837495774 6.086264051 
6.10726955 5.995651929 

3.232171788 0.914410523 
3.175168437 1.32630815 

3.574911678 1.773275442 
3.175168437 1.32630815 

6.271726547 5.645873569 
6.137196831 5.335269572 

0.4187429823 6.737593981 
0.9999939446 6.768773781 

1.191613601 6.932311737 
0.9999939446 6.768773781 

5.251397086 7.217530673 
5.734430844 7.017876704 

4.767072415 6.821026529 
4.912981536 6.871433435 

3.296502987 8.926677709 
3.232834419 8.572964954 

6.905111707 6.340602676 
6.729797103 6.49664316 

2.522847415 1.976676415 
2.334273087 1.732903783 

2.155516236 2.307487739 
2.125618663 2.110013631 

1.321994717 2.302580507 
1.646134852 2.289324904 

6.059058617 7.092370486 
6.218229746 6.93869572 

5.927342915 6.774113966 
6.218229746 6.93869572 

2.03863977 8.513838323 
2.027261163 8.839612341 

2.412770476 7.710983885 
2.454962467 8.06972292 

2.370575459 8.33314467 
2.454962467 8.06972292 

7.319691185 7.763504585 
6.921281594 7.809133569 

3.746731323 0.8745340943 
3.581007327 0.7985312219 

4.748552298 5.644655898 
4.841820079 5.831045535 

3.091966722 2.331197766 
3.518058945 2.634919339 

2.368126991 0.9060293587 
2.254667526 0.6574705871 

7.307951326 6.12440292 
7.191252395 6.295326158 

4.372470362 7.646118393 
4.300543216 7.293785199 

4.300543216 7.293785199 
4.561923234 7.290550389 

1.849919574 8.853227428 
2.027261163 8.839612341 

6.325395383 7.985700874 
5.563417985 7.973514196 

7.210157966 5.189325803 
7.097257523 5.373881135 

5.563417985 7.973514196 
5.583856205 7.690755213 

1.098477891 8.051632195 
1.331064065 7.728650589 

0.3200326472 8.143419162 
0.6397601704 7.980560318 

2.910533282 7.750184048 
2.454962467 8.06972292 

4.45116063 1.342498207 
3.918118743 1.586085503 

5.637586603 4.972614278 
5.511819073 4.778184597 

5.163096558 4.792438955 
5.511819073 4.778184597 

5.734430844 7.017876704 
5.483818151 7.011669284 

3.125125788 8.292612947 
3.232834419 8.572964954 

5.837495774 6.086264051 
6.049239707 6.265591808 

2.495315315 8.597101825 
2.597270179 8.899081561 

3.089415297 0.3052033126 
3.342786014 0.7109209185 

3.444520275 1.056853057 
3.342786014 0.7109209185 

3.655541841 3.029708842 
3.751195573 3.270726457 

2.492543205 3.854212563 
2.372424657 3.430886559 

2.125618663 2.110013631 
2.731170725 2.102089397 

4.168936437 5.875309732 
4.728544348 6.30588328 

5.042447743 6.57488317 
4.728544348 6.30588328 

1.844325235 6.307180596 
1.622564455 6.654593992 

1.844325235 6.307180596 
1.976332178 6.121607473 

6.195578776 7.337936512 
5.720558971 7.340638582 

2.144598614 7.776456749 
2.247918759 7.507325102 

2.442554134 7.012676247 
2.247918759 7.507325102 

3.232834419 8.572964954 
3.385138263 8.382061759 

2.731170725 2.102089397 
2.423322464 2.189730559 

2.125618663 2.110013631 
1.797047535 2.176680235 

3.954342403 2.559452366 
3.620674891 2.516569212 

3.53697548 2.228088988 
3.620674891 2.516569212 

2.117138947 7.429915076 
2.247918759 7.507325102 

2.853865871 6.655389136 
3.390633941 6.459913862 

7.526735956 6.479318693 
7.253529507 6.515627246 

6.819730672 7.362485585 
6.601452421 7.456826849 

1.662319328 7.879667805 
1.469341757 7.998719443 

7.153323566 6.673063154 
7.413182546 6.646733817 

3.751169101 1.809107915 
4.11637322 1.44609712 

6.049239707 6.265591808 
6.10726955 5.995651929 

1.469341757 7.998719443 
1.442516805 8.118009786 

2.467661493 6.01147906 
2.697787598 6.122950851 

2.740847119 6.293991599 
2.697787598 6.122950851 

2.739944747 8.261802443 
2.370575459 8.33314467 

2.861836164 2.45303892 
2.878252402 2.272668274 

2.958527714 2.030743998 
2.878252402 2.272668274 

1.191613601 6.932311737 
1.376613008 7.229433765 

2.372424657 3.430886559 
2.172358714 3.354843226 

2.300081146 7.356319835 
2.247918759 7.507325102 

0.9891756675 7.447121676 
1.14699636 7.155630708 

1.191613601 6.932311737 
1.14699636 7.155630708 

4.728544348 6.30588328 
4.619318918 6.472163295 

3.907482349 6.813634919 
3.837893067 7.156232683 

2.634575659 3.183079423 
2.43824893 3.255357594 

2.020346099 7.032903988 
1.935828944 6.872997151 

3.131274365 3.281660225 
3.220223039 3.52133409 

5.163096558 4.792438955 
4.921953327 4.947240687 

4.754528885 4.760345426 
4.921953327 4.947240687 

5.637586603 4.972614278 
5.877686819 4.75437492 

1.034853182 7.630001122 
0.9891756675 7.447121676 

2.35562757 1.337629083 
2.072237076 1.351834455 

2.758077714 8.84133082 
2.597270179 8.899081561 

5.59233166 6.492381299 
5.625705388 6.743256211 

0.7127441548 8.288700999 
0.6397601704 7.980560318 

4.300543216 7.293785199 
3.907482349 6.813634919 

6.666050321 8.253519883 
6.668571231 7.960781953 

1.646134852 2.289324904 
1.603974981 2.420266464 

2.739944747 8.261802443 
3.07387462 8.057706221 

1.926593742 1.50877731 
1.913777863 1.698892967 

5.625705388 6.743256211 
5.927342915 6.774113966 

2.974341956 1.740978963 
2.958527714 2.030743998 

4.45116063 1.342498207 
4.555921333 1.617891273 

3.581007327 0.7985312219 
3.511831934 0.4651568585 

4.767072415 6.821026529 
4.543164558 6.968073329 

0.8040434227 7.17825559 
1.14699636 7.155630708 

3.620674891 2.516569212 
3.518058945 2.634919339 

3.326752888 2.213728591 
3.220727365 2.124465755 

1.321994717 2.302580507 
1.603974981 2.420266464 

1.646201814 8.304955154 
1.684359774 8.158456412 

2.675110717 0.4464648654 
2.75980299 0.8316034362 

3.091966722 2.331197766 
2.878252402 2.272668274 

4.464700862 2.717513709 
4.380644005 2.865770387 

2.910533282 7.750184048 
3.348556565 7.949805227 

1.797047535 2.176680235 
1.646134852 2.289324904 

2.853865871 6.655389136 
2.891661138 6.824679293 

2.957451351 2.902422085 
3.002834361 2.719594151 

2.70584066 7.967393553 
2.739944747 8.261802443 

5.583856205 7.690755213 
5.258666199 7.709070516 

0.8040434227 7.17825559 
0.9999939446 6.768773781 

4.53761061 3.363450338 
4.562697876 3.13338854 

4.348170009 3.098728204 
4.562697876 3.13338854 

2.654917944 9.478171245 
2.749694474 9.146666316 

2.758077714 8.84133082 
2.749694474 9.146666316 

6.785597378 6.792756427 
6.729797103 6.49664316 

3.733379259 7.532473447 
4.080465619 7.608854508 

4.372470362 7.646118393 
4.080465619 7.608854508 

1.926593742 1.50877731 
2.072237076 1.351834455 

3.444520275 1.056853057 
3.581007327 0.7985312219 

6.137196831 5.335269572 
6.309970744 5.445141714 

6.480721588 5.263209686 
6.309970744 5.445141714 

0.7402102794 8.83101038 
0.5288157223 8.62663468 

2.974341956 1.740978963 
3.036231285 1.557808844 

4.998744683 8.022475061 
5.44374842 7.657929846 

7.191252395 6.295326158 
7.253529507 6.515627246 

6.906816227 5.995488241 
6.931534728 5.667824545 

1.376613008 7.229433765 
0.9672551774 6.98938587 

3.385138263 8.382061759 
3.535044378 8.341087563 

2.412770476 7.710983885 
2.247918759 7.507325102 

5.899186173 5.556892639 
6.137196831 5.335269572 

1.442516805 8.118009786 
1.509373246 8.401977783 

1.629608667 8.577726614 
1.509373246 8.401977783 

2.739944747 8.261802443 
2.793658052 8.478586932 

5.251397086 7.217530673 
5.258666199 7.709070516 

6.729797103 6.49664316 
6.598845043 6.692718073 

5.439029189 5.695321273 
5.069838782 5.943278888 

2.731170725 2.102089397 
2.958527714 2.030743998 

0.6397601704 7.980560318 
0.7021124589 7.604669576 

6.666050321 8.253519883 
7.002513125 8.049513626 

0.6397601704 7.980560318 
0.8434638995 7.858756223 

0.9672551774 6.98938587 
1.191613601 6.932311737 

4.555921333 1.617891273 
4.289549971 1.57444929 

4.11637322 1.44609712 
4.289549971 1.57444929 

4.153675413 1.930603462 
3.953503373 2.182254067 

1.603974981 2.420266464 
1.525849587 2.466771232 

3.27442067 3.914044655 
3.18850158 3.626910563 

2.985882475 3.404917663 
3.18850158 3.626910563 

5.185249526 6.423272915 
4.970132647 6.366053765 

4.728544348 6.30588328 
4.970132647 6.366053765 

4.748552298 5.644655898 
5.161843751 5.422790373 

1.670981725 6.370954452 
1.844325235 6.307180596 

3.036231285 1.557808844 
2.832623671 1.566014222 

2.903782817 7.214289174 
2.640417177 7.326790071 

2.740847119 6.293991599 
2.78623507 6.470074518 

0.9999939446 6.768773781 
1.096871275 6.583807973 

1.622564455 6.654593992 
1.191613601 6.932311737 

3.175168437 1.32630815 
2.996313164 1.327842661 

3.036231285 1.557808844 
2.996313164 1.327842661 

1.244913547 6.217247128 
1.325251479 6.586467734 

0.7021124589 7.604669576 
0.5262656757 7.667831389 

7.413182546 6.646733817 
7.253529507 6.515627246 

4.53761061 3.363450338 
4.884228949 2.928073887 

5.050927603 2.551599308 
4.884228949 2.928073887 

2.333233852 6.411958284 
2.740847119 6.293991599 

5.877686819 4.75437492 
6.025419674 4.823077671 

3.232171788 0.914410523 
3.342786014 0.7109209185 

1.91317549 0.7746625523 
1.871113322 1.056100953 

6.785597378 6.792756427 
6.598845043 6.692718073 

1.098477891 8.051632195 
0.7704202123 8.138546775 

2.656907834 2.648881586 
3.002834361 2.719594151 

5.483818151 7.011669284 
5.683529433 6.889541335 

5.625705388 6.743256211 
5.683529433 6.889541335 

4.554421143 1.822941326 
4.721350103 1.822578402 

4.931208392 1.690350427 
4.721350103 1.822578402 

1.507596744 8.900240733 
1.352841353 9.070800564 

4.912981536 6.871433435 
4.942878271 7.12481066 

2.597270179 8.899081561 
2.749694474 9.146666316 

4.921953327 4.947240687 
4.829477075 5.151718625 

6.613630021 5.683293529 
6.884020897 5.383877581 

4.829477075 5.151718625 
4.462404129 5.284650229 

1.244999196 8.764925005 
1.509373246 8.401977783 

6.931534728 5.667824545 
6.884020897 5.383877581 

4.079563985 0.9699632506 
4.120097124 0.8310015399 

2.832623671 1.566014222 
2.592295278 1.640667377 

2.334273087 1.732903783 
2.592295278 1.640667377 

3.733379259 7.532473447 
3.348556565 7.949805227 

3.733379259 7.532473447 
3.67106784 7.888122664 

4.561923234 7.290550389 
4.543164558 6.968073329 

2.522847415 1.976676415 
2.592295278 1.640667377 

3.751195573 3.270726457 
3.632683723 3.234770751 

1.589602845 7.500694392 
1.870993693 7.447793872 

2.454962467 8.06972292 
2.242927643 8.083144389 

3.355685294 7.002629016 
3.106353969 7.033792548 

2.903782817 7.214289174 
3.106353969 7.033792548 

1.891020141 7.682284335 
2.052366016 7.663787889 

3.071906804 6.081054342 
2.697787598 6.122950851 

5.081557804 2.127991875 
4.898843043 1.987526567 

4.728544348 6.30588328 
4.571937243 6.103086358 

2.190906484 9.187559881 
2.388345704 8.830902167 

1.642343426 7.029208729 
1.721733493 7.344571737 

4.11637322 1.44609712 
4.482116353 0.8282195016 

7.411333251 7.303854849 
7.193430383 7.081299896 

3.125125788 8.292612947 
2.793658052 8.478586932 

2.793658052 8.478586932 
3.014012894 8.643716097 

1.376613008 7.229433765 
1.721733493 7.344571737 

2.634575659 3.183079423 
2.671914133 3.412817364 

6.884020897 5.383877581 
7.097257523 5.373881135 

4.795965231 2.415853862 
4.587144351 2.595508259 

4.464700862 2.717513709 
4.587144351 2.595508259 

3.166455923 2.181113958 
3.220727365 2.124465755 

4.748552298 5.644655898 
4.856315653 5.419691015 

4.482116353 0.8282195016 
4.120097124 0.8310015399 

1.442516805 8.118009786 
1.684359774 8.158456412 

3.639331909 2.08056926 
3.416532893 2.080750908 

6.062803095 7.878128657 
6.068635022 8.170141946 

6.218229746 6.93869572 
6.219406096 6.736846216 

3.091966722 2.331197766 
3.166455923 2.181113958 

3.07387462 8.057706221 
3.348556565 7.949805227 

3.014012894 8.643716097 
3.090170407 8.715652921 

5.44374842 7.657929846 
5.583856205 7.690755213 

2.656907834 2.648881586 
2.733566725 2.852758995 

2.957451351 2.902422085 
2.733566725 2.852758995 

7.526735956 6.479318693 
7.619019767 6.71602516 

3.091966722 2.331197766 
3.0547357 2.492820567 

2.675110717 0.4464648654 
2.395845122 0.6897943878 

2.254667526 0.6574705871 
2.395845122 0.6897943878 

1.670981725 6.370954452 
1.711815407 6.172173442 

3.071906804 6.081054342 
3.091875747 6.322178065 

3.0547357 2.492820567 
2.861836164 2.45303892 

4.998744683 8.022475061 
5.142749738 7.898589313 

5.258666199 7.709070516 
5.142749738 7.898589313 

2.368126991 0.9060293587 
2.452234478 0.7240707213 

2.654917944 9.478171245 
2.531083818 9.124377598 

2.597270179 8.899081561 
2.531083818 9.124377598 

3.444520275 1.056853057 
3.269451772 1.113653511 

3.175168437 1.32630815 
3.269451772 1.113653511 

2.172358714 3.354843226 
2.097834377 3.493701321 

4.11637322 1.44609712 
4.004031899 1.419484004 

1.321994717 2.302580507 
1.525849587 2.466771232 

1.321994717 2.302580507 
1.544234483 2.0564191 

0.7704202123 8.138546775 
0.6397601704 7.980560318 

7.307951326 6.12440292 
7.408104474 6.159872213 

4.172848864 2.323178445 
4.464700862 2.717513709 

4.153675413 1.930603462 
4.270186153 2.127646849 

2.452234478 0.7240707213 
2.465206333 0.5422331472 

0.9891756675 7.447121676 
1.255218373 7.446836396 

5.042447743 6.57488317 
4.912981536 6.871433435 

1.10984345 9.280717521 
1.377759632 8.681677783 

4.543164558 6.968073329 
4.37207316 6.639341445 

0.9672551774 6.98938587 
0.8040434227 7.17825559 

2.600765271 7.615126884 
2.788141124 7.569775383 

7.191252395 6.295326158 
7.408104474 6.159872213 

2.03863977 8.513838323 
2.146839259 8.385396407 

7.002513125 8.049513626 
6.921281594 7.809133569 

0.4187429823 6.737593981 
0.7146493419 6.623900626 

0.7704202123 8.138546775 
0.7127441548 8.288700999 

0.7127441548 8.288700999 
0.7478233026 8.539105475 

6.271726547 5.645873569 
6.613630021 5.683293529 

7.319691185 7.763504585 
7.205901626 7.549206567 

1.244999196 8.764925005 
1.377759632 8.681677783 

3.27442067 3.914044655 
3.53511941 3.852983394 

3.759368979 3.984674956 
3.53511941 3.852983394 

5.75837469 7.765948176 
5.892374303 7.553016039 

1.098477891 8.051632195 
0.8434638995 7.858756223 

1.244999196 8.764925005 
1.052452517 8.700068165 

2.144598614 7.776456749 
2.242927643 8.083144389 

4.300543216 7.293785199 
3.981564185 7.446904624 

3.733379259 7.532473447 
3.981564185 7.446904624 

2.522847415 1.976676415 
2.713868528 1.830223539 

2.144598614 7.776456749 
2.201117522 7.705731078 

2.412770476 7.710983885 
2.201117522 7.705731078 

3.232171788 0.914410523 
3.269451772 1.113653511 

6.325395383 7.985700874 
6.467251088 8.208360137 

6.290558259 4.734104195 
6.15954325 5.053390105 

2.910533282 7.750184048 
3.00153028 7.919114031 

3.07387462 8.057706221 
3.00153028 7.919114031 

2.374450908 7.878225743 
2.201117522 7.705731078 

6.729797103 6.49664316 
6.569102327 6.461807734 

4.080465619 7.608854508 
3.981564185 7.446904624 

6.569102327 6.461807734 
6.598845043 6.692718073 

6.271726547 5.645873569 
6.031619571 5.86827757 

5.837495774 6.086264051 
6.031619571 5.86827757 

2.374450908 7.878225743 
2.412770476 7.710983885 

0.7487656663 6.360780036 
1.044824675 6.376496299 

2.423322464 2.189730559 
2.485845446 2.348015452 

5.369019232 6.712876245 
5.625705388 6.743256211 

2.788141124 7.569775383 
2.910533282 7.750184048 

2.70584066 7.967393553 
3.00153028 7.919114031 

4.199601941 6.247189563 
4.571937243 6.103086358 

6.785597378 6.792756427 
6.863813202 6.723859105 

6.941576708 6.607607226 
6.863813202 6.723859105 

4.199601941 6.247189563 
4.250623256 6.47787275 

4.37207316 6.639341445 
4.250623256 6.47787275 

5.734430844 7.017876704 
5.683529433 6.889541335 

5.927342915 6.774113966 
5.683529433 6.889541335 

7.408104474 6.159872213 
7.475645151 6.234088719 

7.097257523 5.373881135 
7.483253024 5.435940471 

2.43824893 3.255357594 
2.384076303 2.928894942 

3.342786014 0.7109209185 
3.581007327 0.7985312219 

4.856315653 5.419691015 
5.161843751 5.422790373 

4.998744683 8.022475061 
5.143150187 7.60627397 

4.172848864 2.323178445 
4.292581992 2.211194784 

4.270186153 2.127646849 
4.292581992 2.211194784 

2.300081146 7.356319835 
2.083372056 7.264142542 

5.508873277 6.031823174 
5.246735062 6.021370821 

5.069838782 5.943278888 
5.246735062 6.021370821 

7.097257523 5.373881135 
7.026195463 5.515439055 

6.931534728 5.667824545 
7.026195463 5.515439055 

3.993217027 3.087460456 
4.133179797 2.863453136 

6.551961264 6.934327295 
6.219406096 6.736846216 

7.253529507 6.515627246 
7.153323566 6.673063154 

6.049239707 6.265591808 
5.876926439 6.415707678 

5.742588718 6.523372266 
5.876926439 6.415707678 

6.10726955 5.995651929 
6.031619571 5.86827757 

1.976332178 6.121607473 
1.801557521 6.028155072 

2.374450908 7.878225743 
2.454962467 8.06972292 

1.331064065 7.728650589 
1.300127365 7.976569386 

4.45116063 1.342498207 
4.359380921 1.186288757 

5.915154668 6.562782486 
5.876926439 6.415707678 

1.797047535 2.176680235 
1.544234483 2.0564191 

0.9672551774 6.98938587 
0.7157830632 6.918187103 

6.905111707 6.340602676 
6.569102327 6.461807734 

0.5288157223 8.62663468 
0.6575404017 8.556905918 

0.7478233026 8.539105475 
0.6575404017 8.556905918 

1.749476952 9.30613097 
1.704604056 9.172016004 

1.595583662 9.061624305 
1.704604056 9.172016004 

3.67106784 7.888122664 
3.535044378 8.341087563 

1.589602845 7.500694392 
1.762947692 7.611381354 

1.891020141 7.682284335 
1.762947692 7.611381354 

1.974101838 3.339190289 
1.930839941 3.4695992 

1.325251479 6.586467734 
1.096871275 6.583807973 

1.509373246 8.401977783 
1.646201814 8.304955154 

2.420034186 6.247566878 
2.195333076 6.031448092 

4.856315653 5.419691015 
5.060780556 5.170587231 

3.336042718 0.5144386298 
3.395455508 0.3571461221 

1.613978566 1.403419446 
1.916294833 1.31906052 

2.072237076 1.351834455 
1.916294833 1.31906052 

2.03863977 8.513838323 
1.629608667 8.577726614 

1.098477891 8.051632195 
1.300127365 7.976569386 

1.844325235 6.307180596 
1.990907851 6.342702048 

1.926593742 1.50877731 
1.916294833 1.31906052 

5.734430844 7.017876704 
5.883272471 7.068016889 

1.797047535 2.176680235 
1.636867838 2.198247907 

4.136197455 0.5713277556 
4.096665193 0.7399396445 

4.120097124 0.8310015399 
4.096665193 0.7399396445 

3.27442067 3.914044655 
3.384605851 3.716135175 

3.220223039 3.52133409 
3.384605851 3.716135175 

5.563417985 7.973514196 
5.441629125 8.158920725 

0.7146493419 6.623900626 
0.7848255726 6.555338116 

2.974341956 1.740978963 
2.713868528 1.830223539 

7.174431965 5.930553243 
7.234418858 5.728343428 

2.097834377 3.493701321 
2.045741659 3.455858018 

1.974101838 3.339190289 
2.045741659 3.455858018 

2.985882475 3.404917663 
2.809758651 3.549349402 

5.185249526 6.423272915 
5.246735062 6.021370821 

3.342786014 0.7109209185 
3.336042718 0.5144386298 

6.551961264 6.934327295 
6.382945459 6.68391119 

6.38618098 6.409797076 
6.382945459 6.68391119 

3.518058945 2.634919339 
3.307437503 2.383404798 

3.326752888 2.213728591 
3.307437503 2.383404798 

3.296502987 8.926677709 
2.86421194 8.69133522 

2.495315315 8.597101825 
2.86421194 8.69133522 

3.574911678 1.773275442 
3.628147556 1.604185398 

5.182701525 8.068454971 
5.142749738 7.898589313 

2.052366016 7.663787889 
2.103071551 7.576576272 

1.939886513 2.905991712 
1.715350704 2.727832798 

2.832623671 1.566014222 
2.863870381 1.450965111 

6.551961264 6.934327295 
6.421897938 6.836567462 

6.218229746 6.93869572 
6.421897938 6.836567462 

3.954342403 2.559452366 
4.172848864 2.323178445 

3.954342403 2.559452366 
3.706863748 2.335043982 

3.639331909 2.08056926 
3.706863748 2.335043982 

2.368126991 0.9060293587 
2.395845122 0.6897943878 

3.220223039 3.52133409 
3.18850158 3.626910563 

2.465206333 0.5422331472 
2.395845122 0.6897943878 

1.670981725 6.370954452 
1.325251479 6.586467734 

1.622564455 6.654593992 
1.82495111 6.735263199 

1.870993693 7.447793872 
1.721733493 7.344571737 

5.143150187 7.60627397 
4.975777245 7.656531936 

7.234418858 5.728343428 
7.303889201 5.622867131 

3.67106784 7.888122664 
3.739305047 8.227948065 

1.636867838 2.198247907 
1.646134852 2.289324904 

5.899186173 5.556892639 
5.719324454 5.635286002 

3.326752888 2.213728591 
3.416532893 2.080750908 

7.475645151 6.234088719 
7.531169223 6.216267949 

2.731170725 2.102089397 
2.70143036 2.256133479 

2.861836164 2.45303892 
2.70143036 2.256133479 

5.927342915 6.774113966 
5.736423182 6.665702774 

5.59233166 6.492381299 
5.736423182 6.665702774 

4.168936437 5.875309732 
4.811126592 5.972043126 

5.508873277 6.031823174 
4.811126592 5.972043126 

2.442554134 7.012676247 
2.408186713 7.215350009 

2.300081146 7.356319835 
2.408186713 7.215350009 

3.355685294 7.002629016 
3.367924375 7.224244941 

4.748552298 5.644655898 
4.811126592 5.972043126 

6.325395383 7.985700874 
6.211808174 8.005759721 

2.215206722 3.636812976 
2.004178495 3.45844823 

4.019222519 3.823907491 
4.251572942 3.607633412 

3.655541841 3.029708842 
3.632683723 3.234770751 

4.841820079 5.831045535 
4.811126592 5.972043126 

6.920726208 7.057036804 
7.061605974 6.928948668 

5.742588718 6.523372266 
5.736423182 6.665702774 

1.352841353 9.070800564 
1.367074057 9.176063658 

1.525849587 2.466771232 
1.506454803 2.606118734 

3.53697548 2.228088988 
3.706863748 2.335043982 

6.480721588 5.263209686 
6.739328079 5.1332394 

2.70584066 7.967393553 
2.523388674 7.941953786 

2.374450908 7.878225743 
2.523388674 7.941953786 

6.074892926 6.602674573 
5.976148467 6.593184682 

5.915154668 6.562782486 
5.976148467 6.593184682 

4.153675413 1.930603462 
3.977960172 1.865998259 

7.483253024 5.435940471 
7.359557807 5.577958319 

7.303889201 5.622867131 
7.359557807 5.577958319 

7.002513125 8.049513626 
7.079507963 7.882974728 

3.433311038 1.605344738 
3.310847291 1.448543123 

3.175168437 1.32630815 
3.310847291 1.448543123 

2.758077714 8.84133082 
2.86421194 8.69133522 

5.182701525 8.068454971 
5.26937538 8.135101798 

4.543164558 6.968073329 
4.30139141 6.972647588 

6.195578776 7.337936512 
6.405416994 7.264605594 

2.793658052 8.478586932 
2.86421194 8.69133522 

2.009883185 8.216911893 
2.146839259 8.385396407 

7.619019767 6.71602516 
7.650906965 6.868018523 

1.377759632 8.681677783 
1.509373246 8.401977783 

3.413935817 1.859750119 
3.416532893 2.080750908 

2.009883185 8.216911893 
1.904821792 8.447632171 

2.788141124 7.569775383 
2.779428292 7.455176451 

5.720558971 7.340638582 
5.688871347 7.582885827 

5.583856205 7.690755213 
5.688871347 7.582885827 

4.37207316 6.639341445 
4.132776133 6.747079957 

2.75980299 0.8316034362 
2.790676688 0.9736059621 

1.377759632 8.681677783 
1.315034925 8.427844503 

0.7021124589 7.604669576 
0.4298476515 7.456759994 

2.190906484 9.187559881 
2.404570869 9.331769599 

2.654917944 9.478171245 
2.404570869 9.331769599 

2.35562757 1.337629083 
2.648078449 1.57206046 

2.974341956 1.740978963 
2.648078449 1.57206046 

6.219406096 6.736846216 
6.382945459 6.68391119 

5.042447743 6.57488317 
5.125230169 6.725796352 

5.369019232 6.712876245 
5.125230169 6.725796352 

5.258666199 7.709070516 
5.143150187 7.60627397 

2.254667526 0.6574705871 
2.073800641 0.7100280242 

1.935828944 6.872997151 
1.82495111 6.735263199 

0.5262656757 7.667831389 
0.5378513662 7.552795133 

0.4298476515 7.456759994 
0.5378513662 7.552795133 

2.033550837 5.9182699 
2.288760129 5.897044675 

1.640602242 3.280794991 
1.867160477 3.404750473 

2.004178495 3.45844823 
1.867160477 3.404750473 

3.367924375 7.224244941 
3.448607073 7.309592928 

3.21745889 2.904231342 
3.338696215 2.663739214 

3.518058945 2.634919339 
3.338696215 2.663739214 

3.535044378 8.341087563 
3.739305047 8.227948065 

3.091875747 6.322178065 
3.12083562 6.417248721 

2.384076303 2.928894942 
2.578275144 2.898299657 

2.733566725 2.852758995 
2.578275144 2.898299657 

4.797259462 7.469797287 
4.715586646 7.303758856 

1.642343426 7.029208729 
1.729723879 7.224669313 

1.870993693 7.447793872 
1.729723879 7.224669313 

4.841820079 5.831045535 
5.009749287 5.687744177 

5.161843751 5.422790373 
5.009749287 5.687744177 

2.878252402 2.272668274 
2.70143036 2.256133479 

1.331064065 7.728650589 
0.8404277355 7.98978669 

2.442554134 7.012676247 
2.27643213 7.095243582 

1.376613008 7.229433765 
1.14699636 7.155630708 

4.562697876 3.13338854 
4.666324307 3.087890067 

2.790676688 0.9736059621 
2.856216439 0.8799779339 

2.987356518 0.7837586768 
2.856216439 0.8799779339 

3.395455508 0.3571461221 
3.271514272 0.3503840838 

0.9672551774 6.98938587 
0.9999939446 6.768773781 

1.913777863 1.698892967 
1.714527404 1.795531609 

1.527961971 1.755921822 
1.714527404 1.795531609 

6.884020897 5.383877581 
7.026195463 5.515439055 

3.954342403 2.559452366 
3.756985119 2.791079773 

3.655541841 3.029708842 
3.756985119 2.791079773 

5.736423182 6.665702774 
5.625705388 6.743256211 

1.662319328 7.879667805 
1.885042249 7.895671854 

4.748552298 5.644655898 
4.526698696 5.756538584 

0.5881913129 7.309030421 
0.7094775537 7.278814801 

0.8040434227 7.17825559 
0.7094775537 7.278814801 

1.613978566 1.403419446 
1.796313272 1.410192762 

1.926593742 1.50877731 
1.796313272 1.410192762 

1.721733493 7.344571737 
1.729723879 7.224669313 

3.171187415 1.884584938 
3.139957586 2.049161211 

3.166455923 2.181113958 
3.139957586 2.049161211 

4.30139141 6.972647588 
4.132776133 6.747079957 

1.044824675 6.376496299 
1.147269951 6.296818455 

3.0547357 2.492820567 
3.338696215 2.663739214 

1.098477891 8.051632195 
0.8404277355 7.98978669 

6.467251088 8.208360137 
6.288245322 8.111815237 

2.809758651 3.549349402 
2.733134122 3.60922735 

5.44374842 7.657929846 
5.258666199 7.709070516 

5.511819073 4.778184597 
5.617697514 4.616142492 

7.526735956 6.479318693 
7.475645151 6.234088719 

7.193430383 7.081299896 
6.920726208 7.057036804 

2.749694474 9.146666316 
2.650839374 9.145300287 

6.613630021 5.683293529 
6.931534728 5.667824545 

2.853865871 6.655389136 
2.658635667 6.608836424 

2.656907834 2.648881586 
2.578275144 2.898299657 

7.413182546 6.646733817 
7.526735956 6.479318693 

2.103071551 7.576576272 
2.247918759 7.507325102 

2.125618663 2.110013631 
1.897395876 1.989484736 

6.729797103 6.49664316 
6.863813202 6.723859105 

5.161843751 5.422790373 
5.060780556 5.170587231 

7.193430383 7.081299896 
7.081942499 7.188284598 

5.927342915 6.774113966 
5.976148467 6.593184682 

5.441629125 8.158920725 
5.355096045 8.145068481 

5.26937538 8.135101798 
5.355096045 8.145068481 

7.411333251 7.303854849 
7.245210279 7.451525763 

1.930839941 3.4695992 
2.004178495 3.45844823 

2.656907834 2.648881586 
2.457528297 2.534850894 

3.741065659 8.546976381 
3.619352515 8.489473289 

2.495315315 8.597101825 
2.630998379 8.720423796 

2.758077714 8.84133082 
2.630998379 8.720423796 

4.359380921 1.186288757 
4.351690228 1.04485026 

5.927342915 6.774113966 
5.775475302 6.868485878 

3.12083562 6.417248721 
3.198327641 6.428301164 

6.668571231 7.960781953 
6.882999854 7.979158397 

7.002513125 8.049513626 
6.882999854 7.979158397 

1.491017641 9.336880857 
1.367074057 9.176063658 

3.27442067 3.914044655 
3.464824845 3.606353115 

6.905111707 6.340602676 
6.941576708 6.607607226 

4.172848864 2.323178445 
4.557760679 2.051952709 

4.931208392 1.690350427 
4.557760679 2.051952709 

4.554421143 1.822941326 
4.660368349 1.696331383 

4.555921333 1.617891273 
4.660368349 1.696331383 

6.68508274 6.134483538 
6.620893846 6.282811092 

6.569102327 6.461807734 
6.620893846 6.282811092 

3.518058945 2.634919339 
3.716986707 2.625103915 

3.433311038 1.605344738 
3.628147556 1.604185398 

3.002834361 2.719594151 
3.067886693 2.650769759 

3.0547357 2.492820567 
3.067886693 2.650769759 

2.713868528 1.830223539 
2.648078449 1.57206046 

2.190906484 9.187559881 
2.070415116 9.085571825 

2.27643213 7.095243582 
2.408186713 7.215350009 

1.37105151 2.676170863 
1.562902704 2.681482923 

1.715350704 2.727832798 
1.562902704 2.681482923 

3.220727365 2.124465755 
3.287816256 2.117998546 

3.416532893 2.080750908 
3.287816256 2.117998546 

6.38618098 6.409797076 
6.569102327 6.461807734 

2.522847415 1.976676415 
2.154454185 1.69759296 

3.390633941 6.459913862 
3.254976945 6.439575519 

3.198327641 6.428301164 
3.254976945 6.439575519 

6.68508274 6.134483538 
6.975662151 5.898900474 

5.775475302 6.868485878 
5.683529433 6.889541335 

3.837893067 7.156232683 
3.981564185 7.446904624 

6.074892926 6.602674573 
6.185838671 6.530707658 

6.334532459 6.14054278 
6.38618098 6.409797076 

1.613978566 1.403419446 
1.868308322 1.500263862 

2.154454185 1.69759296 
1.868308322 1.500263862 

6.288245322 8.111815237 
6.189785406 8.108140318 

3.139957586 2.049161211 
3.220727365 2.124465755 

3.296502987 8.926677709 
3.170386236 8.621634656 

3.125125788 8.292612947 
3.170386236 8.621634656 

4.571937243 6.103086358 
4.811126592 5.972043126 

3.464824845 3.606353115 
3.384605851 3.716135175 

2.215206722 3.636812976 
2.372424657 3.430886559 

6.334532459 6.14054278 
6.233894194 6.069870251 

6.10726955 5.995651929 
6.233894194 6.069870251 

1.930839941 3.4695992 
1.867160477 3.404750473 

6.068635022 8.170141946 
6.143111421 8.074361172 

6.211808174 8.005759721 
6.143111421 8.074361172 

3.511831934 0.4651568585 
3.395455508 0.3571461221 

3.511831934 0.4651568585 
3.442908549 0.5833368816 

3.342786014 0.7109209185 
3.442908549 0.5833368816 

6.467251088 8.208360137 
6.554231758 8.236246328 

5.439029189 5.695321273 
5.246735062 6.021370821 

2.495315315 8.597101825 
2.314318632 8.529808564 

2.03863977 8.513838323 
2.314318632 8.529808564 

3.171187415 1.884584938 
3.036231285 1.557808844 

6.309970744 5.445141714 
6.271726547 5.645873569 

5.876926439 6.415707678 
5.696079776 6.242850995 

7.483253024 5.435940471 
7.225132592 5.653291854 

6.975662151 5.898900474 
7.225132592 5.653291854 

6.062803095 7.878128657 
6.211808174 8.005759721 

2.891661138 6.824679293 
2.931479341 7.013724061 

3.716986707 2.625103915 
3.620674891 2.516569212 

6.325395383 7.985700874 
6.288245322 8.111815237 

4.571937243 6.103086358 
4.602658182 6.30842782 

4.619318918 6.472163295 
4.602658182 6.30842782 

6.382945459 6.68391119 
6.421897938 6.836567462 

0.7021124589 7.604669576 
0.5356082646 7.898343443 

3.716986707 2.625103915 
3.756985119 2.791079773 

4.080465619 7.608854508 
4.199416603 7.430142581 

4.300543216 7.293785199 
4.199416603 7.430142581 

0.5356082646 7.898343443 
0.6397601704 7.980560318 

5.899186173 5.556892639 
5.943374425 5.715506835 

6.031619571 5.86827757 
5.943374425 5.715506835 

1.629608667 8.577726614 
1.377759632 8.681677783 

1.870993693 7.447793872 
2.103071551 7.576576272 

1.527961971 1.755921822 
1.741937118 1.896709127 

1.897395876 1.989484736 
1.741937118 1.896709127 

3.413935817 1.859750119 
3.574911678 1.773275442 

7.193430383 7.081299896 
7.335447655 7.024575194 

7.545275223 6.985176736 
7.335447655 7.024575194 

5.161843751 5.422790373 
5.28918796 5.545756778 

6.062803095 7.878128657 
6.143111421 8.074361172 

1.376613008 7.229433765 
1.283603387 7.35126534 

1.255218373 7.446836396 
1.283603387 7.35126534 

3.953503373 2.182254067 
3.706863748 2.335043982 

2.388345704 8.830902167 
2.597270179 8.899081561 

1.491017641 9.336880857 
1.364284833 9.264881147 

3.327586117 7.551466218 
3.558566096 7.505034144 

3.733379259 7.532473447 
3.558566096 7.505034144 

4.372470362 7.646118393 
4.199416603 7.430142581 

4.795965231 2.415853862 
4.868163748 2.476773594 

5.050927603 2.551599308 
4.868163748 2.476773594 

2.35562757 1.337629083 
2.291134084 1.484647002 

1.926593742 1.50877731 
1.868308322 1.500263862 

3.271514272 0.3503840838 
3.251080129 0.2265463979 

4.660368349 1.696331383 
4.721350103 1.822578402 

5.696079776 6.242850995 
5.799731402 6.179982215 

5.837495774 6.086264051 
5.799731402 6.179982215 

6.15954325 5.053390105 
6.025419674 4.823077671 

6.15954325 5.053390105 
6.118149014 5.186431049 

6.137196831 5.335269572 
6.118149014 5.186431049 

3.244260326 6.29102762 
3.170325561 6.205737414 

3.953503373 2.182254067 
3.89762782 2.029111859 

3.977960172 1.865998259 
3.89762782 2.029111859 

1.871113322 1.056100953 
1.74896783 1.168561496 

3.090170407 8.715652921 
3.170386236 8.621634656 

6.062803095 7.878128657 
6.202300867 7.582248181 

1.640602242 3.280794991 
1.775987184 3.068320778 

1.939886513 2.905991712 
1.775987184 3.068320778 

2.958527714 2.030743998 
3.139957586 2.049161211 

2.301875877 2.426511533 
2.355915319 2.360874786 

2.485845446 2.348015452 
2.355915319 2.360874786 

4.602658182 6.30842782 
4.728544348 6.30588328 

2.70584066 7.967393553 
2.564698526 7.830065027 

2.412770476 7.710983885 
2.564698526 7.830065027 

5.060780556 5.170587231 
4.829477075 5.151718625 

2.333233852 6.411958284 
2.290396935 6.279817479 

3.287816256 2.117998546 
3.326752888 2.213728591 

2.958527714 2.030743998 
3.020574493 2.23151922 

3.091966722 2.331197766 
3.020574493 2.23151922 

6.920726208 7.057036804 
7.01987907 7.082242302 

7.081942499 7.188284598 
7.01987907 7.082242302 

4.856315653 5.419691015 
4.756606101 5.367544003 

2.027261163 8.839612341 
2.070415116 9.085571825 

7.531169223 6.216267949 
7.575174331 6.250426711 

1.300127365 7.976569386 
1.446842405 7.910461631 

1.469341757 7.998719443 
1.446842405 7.910461631 

1.468638979 5.88590817 
1.645094319 6.057031269 

1.711815407 6.172173442 
1.645094319 6.057031269 

5.508873277 6.031823174 
5.352646937 6.203389747 

4.45116063 1.342498207 
4.289549971 1.57444929 

1.974101838 3.339190289 
1.867160477 3.404750473 

3.21745889 2.904231342 
3.067886693 2.650769759 

2.452234478 0.7240707213 
2.395845122 0.6897943878 

1.684359774 8.158456412 
1.856735006 8.193568171 

2.009883185 8.216911893 
1.856735006 8.193568171 

6.906816227 5.995488241 
6.975662151 5.898900474 

5.246735062 6.021370821 
5.352646937 6.203389747 

3.619352515 8.489473289 
3.56804139 8.427187956 

3.535044378 8.341087563 
3.56804139 8.427187956 

2.368126991 0.9060293587 
2.356623174 1.187088547 

2.35562757 1.337629083 
2.356623174 1.187088547 

3.004982386 9.089884645 
3.16223015 8.980357615 

3.746731323 0.8745340943 
3.930848544 0.7694023413 

1.096871275 6.583807973 
1.044824675 6.376496299 

5.352646937 6.203389747 
5.177210807 6.233632967 

2.465206333 0.5422331472 
2.555825588 0.5167896751 

2.158037865 6.687043118 
2.018288608 6.79311462 

1.935828944 6.872997151 
2.018288608 6.79311462 

3.384605851 3.716135175 
3.53511941 3.852983394 

6.219406096 6.736846216 
6.185838671 6.530707658 

2.423322464 2.189730559 
2.451309953 2.065596163 

2.522847415 1.976676415 
2.451309953 2.065596163 

2.420034186 6.247566878 
2.328078123 6.249587046 

2.290396935 6.279817479 
2.328078123 6.249587046 

3.639331909 2.08056926 
3.89762782 2.029111859 

6.059058617 7.092370486 
5.969387919 7.128546963 

5.883272471 7.068016889 
5.969387919 7.128546963 

6.334532459 6.14054278 
6.425986438 5.991606464 

3.336042718 0.5144386298 
3.442908549 0.5833368816 

2.27643213 7.095243582 
2.184569079 7.145452932 

2.083372056 7.264142542 
2.184569079 7.145452932 

2.454962467 8.06972292 
2.523388674 7.941953786 

2.495315315 8.597101825 
2.651076799 8.501005876 

5.439029189 5.695321273 
5.719324454 5.635286002 

1.642343426 7.029208729 
1.683237755 7.462202102 

1.662319328 7.879667805 
1.683237755 7.462202102 

6.234431895 5.859959528 
6.031619571 5.86827757 

1.315034925 8.427844503 
1.386902996 8.276499848 

1.442516805 8.118009786 
1.386902996 8.276499848 

1.662319328 7.879667805 
1.762947692 7.611381354 

6.905111707 6.340602676 
6.620893846 6.282811092 

1.10984345 9.280717521 
1.277565952 9.23371085 

1.367074057 9.176063658 
1.277565952 9.23371085 

0.7402102794 8.83101038 
0.9238558426 8.737706485 

1.052452517 8.700068165 
0.9238558426 8.737706485 

1.544234483 2.0564191 
1.636867838 2.198247907 

6.68508274 6.134483538 
6.536414875 6.126620383 

1.74896783 1.168561496 
1.916294833 1.31906052 

2.733134122 3.60922735 
2.653081309 3.663172529 

7.061605974 6.928948668 
7.01987907 7.082242302 

3.327586117 7.551466218 
3.146049668 7.659926336 

2.910533282 7.750184048 
3.146049668 7.659926336 

1.904821792 8.447632171 
2.001600959 8.40747454 

2.03863977 8.513838323 
2.001600959 8.40747454 

3.106353969 7.033792548 
2.931479341 7.013724061 

4.756606101 5.367544003 
4.687912018 5.336559785 

3.433311038 1.605344738 
3.43310612 1.724638219 

3.413935817 1.859750119 
3.43310612 1.724638219 

5.009749287 5.687744177 
5.206219677 5.684972208 

5.251397086 7.217530673 
5.206063489 7.43073954 

5.143150187 7.60627397 
5.206063489 7.43073954 

6.271726547 5.645873569 
6.06411672 5.647440361 

5.081557804 2.127991875 
5.104227954 2.335079511 

1.589602845 7.500694392 
1.683237755 7.462202102 

3.036231285 1.557808844 
2.863870381 1.450965111 

4.748552298 5.644655898 
4.921827319 5.412538214 

3.759368979 3.984674956 
3.903347525 3.853920711 

4.019222519 3.823907491 
3.903347525 3.853920711 

5.927342915 6.774113966 
5.969387919 7.128546963 

3.918118743 1.586085503 
3.855178447 1.706423317 

1.622564455 6.654593992 
1.602058543 6.898739583 

1.642343426 7.029208729 
1.602058543 6.898739583 

1.300127365 7.976569386 
1.469341757 7.998719443 

1.870993693 7.447793872 
1.683237755 7.462202102 

1.870993693 7.447793872 
1.955600759 7.585293677 

4.687912018 5.336559785 
4.630948535 5.318534193 

1.255218373 7.446836396 
1.331064065 7.728650589 

1.801557521 6.028155072 
1.680918767 5.994617359 

1.468638979 5.88590817 
1.680918767 5.994617359 

4.921827319 5.412538214 
4.856315653 5.419691015 

6.049239707 6.265591808 
6.185838671 6.530707658 

2.154454185 1.69759296 
2.334273087 1.732903783 

6.598845043 6.692718073 
6.382945459 6.68391119 

1.034853182 7.630001122 
1.042452919 7.846910603 

1.098477891 8.051632195 
1.042452919 7.846910603 

2.531083818 9.124377598 
2.591558241 9.203846801 

2.650839374 9.145300287 
2.591558241 9.203846801 

5.734430844 7.017876704 
5.775475302 6.868485878 

2.78623507 6.470074518 
2.751394435 6.540427525 

6.905111707 6.340602676 
6.911641992 6.146760521 

6.906816227 5.995488241 
6.911641992 6.146760521 

5.069838782 5.943278888 
4.811126592 5.972043126 

6.921281594 7.809133569 
6.882999854 7.979158397 

1.885042249 7.895671854 
1.981450643 7.967782744 

2.030755001 8.031173224 
1.981450643 7.967782744 

2.602300968 5.868012333 
2.495915309 5.939600357 

2.467661493 6.01147906 
2.495915309 5.939600357 

2.878252402 2.272668274 
3.020574493 2.23151922 

3.837893067 7.156232683 
4.080212458 7.171840723 

4.300543216 7.293785199 
4.080212458 7.171840723 

1.955600759 7.585293677 
1.891020141 7.682284335 

2.651076799 8.501005876 
2.739944747 8.261802443 

0.8404277355 7.98978669 
0.8434638995 7.858756223 

4.45116063 1.342498207 
4.288951606 1.383810449 

4.11637322 1.44609712 
4.288951606 1.383810449 

5.915154668 6.562782486 
5.860436065 6.49669781 

5.742588718 6.523372266 
5.860436065 6.49669781 

3.993217027 3.087460456 
4.169784179 3.0751514 

4.348170009 3.098728204 
4.169784179 3.0751514 

2.158037865 6.687043118 
1.972362117 6.729032554 

1.82495111 6.735263199 
1.972362117 6.729032554 

1.721733493 7.344571737 
1.683237755 7.462202102 

1.589602845 7.500694392 
1.642302862 7.371327935 

1.721733493 7.344571737 
1.642302862 7.371327935 

2.215206722 3.636812976 
2.097834377 3.493701321 

2.492543205 3.854212563 
2.424092546 3.67890047 

2.103071551 7.576576272 
1.955600759 7.585293677 

6.405416994 7.264605594 
6.508941149 7.368209676 

6.601452421 7.456826849 
6.508941149 7.368209676 

1.544234483 2.0564191 
1.586588991 1.91165288 

5.637586603 4.972614278 
5.663070096 4.835856783 

3.166455923 2.181113958 
3.020574493 2.23151922 

6.290558259 4.734104195 
6.360236519 4.87587154 

7.174431965 5.930553243 
6.975662151 5.898900474 

6.739328079 5.1332394 
6.935059023 5.154627955 

5.799731402 6.179982215 
5.876926439 6.415707678 

7.411333251 7.303854849 
7.438224608 6.898573463 

7.526735956 6.479318693 
7.438224608 6.898573463 

0.7021124589 7.604669576 
0.5378513662 7.552795133 

6.049239707 6.265591808 
6.233894194 6.069870251 

2.640417177 7.326790071 
2.723683089 7.385159112 

2.779428292 7.455176451 
2.723683089 7.385159112 

2.832623671 1.566014222 
2.760963056 1.631454377 

4.931208392 1.690350427 
4.797741257 1.754684392 

4.660368349 1.696331383 
4.797741257 1.754684392 

1.10984345 9.280717521 
1.255774653 9.330547006 

1.364284833 9.264881147 
1.255774653 9.330547006 

3.639331909 2.08056926 
3.953503373 2.182254067 

2.656907834 2.648881586 
2.540157839 2.793073048 

2.384076303 2.928894942 
2.540157839 2.793073048 

2.974341956 1.740978963 
2.760963056 1.631454377 

3.355685294 7.002629016 
3.374957418 6.736590885 

7.688870351 6.108365293 
7.604930416 6.181008889 

7.575174331 6.250426711 
7.604930416 6.181008889 

7.413182546 6.646733817 
7.619019767 6.71602516 

3.741065659 8.546976381 
3.570425204 8.295863755 

3.348556565 7.949805227 
3.570425204 8.295863755 

1.714527404 1.795531609 
1.741937118 1.896709127 

4.619318918 6.472163295 
4.82791773 6.429885827 

4.970132647 6.366053765 
4.82791773 6.429885827 

2.017744835 2.573702147 
2.078605366 2.439388566 

2.155516236 2.307487739 
2.078605366 2.439388566 

5.876926439 6.415707678 
5.860436065 6.49669781 

2.368126991 0.9060293587 
2.570006526 0.9366908256 

4.942878271 7.12481066 
5.086374 7.277585257 

5.251397086 7.217530673 
5.086374 7.277585257 

3.574911678 1.773275442 
3.43310612 1.724638219 

7.174431965 5.930553243 
7.070889722 5.762613224 

6.931534728 5.667824545 
7.070889722 5.762613224 

6.884020897 5.383877581 
7.019193467 5.275084842 

1.74896783 1.168561496 
1.719069688 1.284885723 

1.613978566 1.403419446 
1.719069688 1.284885723 

5.576552182 5.379255108 
5.654112583 5.56084012 

5.719324454 5.635286002 
5.654112583 5.56084012 

1.244999196 8.764925005 
1.192471446 9.002882957 

6.049239707 6.265591808 
6.038868767 6.493567873 

5.976148467 6.593184682 
6.038868767 6.493567873 

4.462404129 5.284650229 
4.563870036 5.297923466 

4.630948535 5.318534193 
4.563870036 5.297923466 

2.370575459 8.33314467 
2.314318632 8.529808564 

2.073800641 0.7100280242 
2.024493632 0.763163149 

5.59233166 6.492381299 
5.490956455 6.575283573 

5.369019232 6.712876245 
5.490956455 6.575283573 

4.372470362 7.646118393 
4.680956405 7.826544963 

4.998744683 8.022475061 
4.680956405 7.826544963 

1.762947692 7.611381354 
1.955600759 7.585293677 

2.600765271 7.615126884 
2.732227197 7.683593199 

2.910533282 7.750184048 
2.732227197 7.683593199 

1.797047535 2.176680235 
1.897395876 1.989484736 

2.903782817 7.214289174 
2.714878678 7.132941235 

4.898843043 1.987526567 
4.721350103 1.822578402 

2.172358714 3.354843226 
1.974101838 3.339190289 

0.3200326472 8.143419162 
0.4449508059 8.031534863 

0.5356082646 7.898343443 
0.4449508059 8.031534863 

2.333233852 6.411958284 
2.328078123 6.249587046 

4.898843043 1.987526567 
4.922521689 1.858022924 

4.931208392 1.690350427 
4.922521689 1.858022924 

2.333233852 6.411958284 
2.145895458 6.377983338 

1.990907851 6.342702048 
2.145895458 6.377983338 

4.975777245 7.656531936 
5.142749738 7.898589313 

6.219406096 6.736846216 
6.280624811 6.604601171 

6.38618098 6.409797076 
6.280624811 6.604601171 

4.380644005 2.865770387 
4.272050583 2.830705925 

4.133179797 2.863453136 
4.272050583 2.830705925 

6.038868767 6.493567873 
6.074892926 6.602674573 

7.019193467 5.275084842 
7.097257523 5.373881135 

3.171187415 1.884584938 
3.29951987 1.987950701 

3.416532893 2.080750908 
3.29951987 1.987950701 

6.234431895 5.859959528 
6.161026179 5.882619813 

6.10726955 5.995651929 
6.161026179 5.882619813 

3.570425204 8.295863755 
3.535044378 8.341087563 

2.201117522 7.705731078 
2.247918759 7.507325102 

2.146839259 8.385396407 
2.220044245 8.188315626 

2.242927643 8.083144389 
2.220044245 8.188315626 

5.28918796 5.545756778 
5.206219677 5.684972208 

2.555825588 0.5167896751 
2.570146531 0.4108246382 

3.0547357 2.492820567 
3.139996675 2.662152779 

6.06411672 5.647440361 
5.943374425 5.715506835 

2.190906484 9.187559881 
1.981398606 9.224817464 

2.714878678 7.132941235 
2.616314447 7.063093586 

7.438224608 6.898573463 
7.335447655 7.024575194 

2.215206722 3.636812976 
2.318171441 3.654219793 

2.424092546 3.67890047 
2.318171441 3.654219793 

4.351690228 1.04485026 
4.371136859 0.9648546511 

3.67106784 7.888122664 
3.508031556 7.969375701 

3.348556565 7.949805227 
3.508031556 7.969375701 

6.068635022 8.170141946 
6.129098156 8.141642627 

6.189785406 8.108140318 
6.129098156 8.141642627 

7.545275223 6.985176736 
7.45653502 6.800591768 

7.413182546 6.646733817 
7.45653502 6.800591768 

2.052366016 7.663787889 
2.201117522 7.705731078 

2.653081309 3.663172529 
2.609373734 3.729498372 

0.7704202123 8.138546775 
0.5576208822 8.149165269 

6.202300867 7.582248181 
6.181186098 7.482661446 

6.195578776 7.337936512 
6.181186098 7.482661446 

2.291134084 1.484647002 
2.35909073 1.591150734 

2.334273087 1.732903783 
2.35909073 1.591150734 

1.646201814 8.304955154 
1.647534164 8.43798144 

1.629608667 8.577726614 
1.647534164 8.43798144 

5.59233166 6.492381299 
5.696079776 6.242850995 

5.59233166 6.492381299 
5.714123958 6.41456682 

5.876926439 6.415707678 
5.714123958 6.41456682 

3.448607073 7.309592928 
3.396284662 7.422299979 

3.327586117 7.551466218 
3.396284662 7.422299979 

1.527961971 1.755921822 
1.690705515 1.968326644 

5.28918796 5.545756778 
5.382251565 5.601995206 

5.439029189 5.695321273 
5.382251565 5.601995206 

3.977960172 1.865998259 
3.855178447 1.706423317 

2.987356518 0.7837586768 
3.121393171 0.8239427864 

3.232171788 0.914410523 
3.121393171 0.8239427864 

6.905111707 6.340602676 
7.040044625 6.300222306 

7.191252395 6.295326158 
7.040044625 6.300222306 

2.492543205 3.854212563 
2.569620952 3.768947767 

2.609373734 3.729498372 
2.569620952 3.768947767 

3.954342403 2.559452366 
3.816561658 2.58797187 

3.716986707 2.625103915 
3.816561658 2.58797187 

1.642343426 7.029208729 
1.795844085 6.930328895 

1.935828944 6.872997151 
1.795844085 6.930328895 

3.746731323 0.8745340943 
3.597960701 0.9645124042 

0.5576208822 8.149165269 
0.4330663622 8.209562767 

3.504719885 3.223052658 
3.490808373 3.438961021 

3.464824845 3.606353115 
3.490808373 3.438961021 

2.442554134 7.012676247 
2.598289688 7.165700164 

2.640417177 7.326790071 
2.598289688 7.165700164 

4.571937243 6.103086358 
4.45200137 6.095142787 

4.362478141 6.084013065 
4.45200137 6.095142787 

2.957451351 2.902422085 
3.048449021 3.089823995 

3.131274365 3.281660225 
3.048449021 3.089823995 

3.296502987 8.926677709 
3.187435144 8.826723832 

3.090170407 8.715652921 
3.187435144 8.826723832 

0.9891756675 7.447121676 
1.17904192 7.588677734 

1.331064065 7.728650589 
1.17904192 7.588677734 

2.158037865 6.687043118 
2.232390947 6.521344147 

2.333233852 6.411958284 
2.232390947 6.521344147 

2.656907834 2.648881586 
2.6776171 2.90399532 

2.370575459 8.33314467 
2.220044245 8.188315626 

2.996313164 1.327842661 
2.969126141 1.388067509 

4.508100413 2.40044998 
4.587144351 2.595508259 

2.616314447 7.063093586 
2.54848835 7.050156486 

2.442554134 7.012676247 
2.54848835 7.050156486 

1.034853182 7.630001122 
1.17904192 7.588677734 

1.315034925 8.427844503 
1.419696251 8.407587243 

1.509373246 8.401977783 
1.419696251 8.407587243 

3.21745889 2.904231342 
3.048449021 3.089823995 

3.139996675 2.662152779 
3.187634888 2.748852956 

7.210157966 5.189325803 
7.041394603 5.131048813 

6.935059023 5.154627955 
7.041394603 5.131048813 

0.9891756675 7.447121676 
0.8508705299 7.519308222 

0.7021124589 7.604669576 
0.8508705299 7.519308222 

3.307437503 2.383404798 
3.338696215 2.663739214 

5.742588718 6.523372266 
5.714123958 6.41456682 

4.797741257 1.754684392 
4.721350103 1.822578402 

2.033550837 5.9182699 
2.157229724 5.964102899 

2.195333076 6.031448092 
2.157229724 5.964102899 

7.545275223 6.985176736 
7.438224608 6.898573463 

1.913777863 1.698892967 
2.030160168 1.738772151 

2.154454185 1.69759296 
2.030160168 1.738772151 

3.977960172 1.865998259 
3.856725878 1.846388184 

3.751169101 1.809107915 
3.856725878 1.846388184 

2.190906484 9.187559881 
2.160506679 9.010472936 

2.027261163 8.839612341 
2.160506679 9.010472936 

2.333233852 6.411958284 
2.420034186 6.247566878 

1.640602242 3.280794991 
1.792072967 3.369267923 

1.930839941 3.4695992 
1.792072967 3.369267923 

2.6776171 2.90399532 
2.733566725 2.852758995 

6.941576708 6.607607226 
7.119273785 6.58680746 

7.253529507 6.515627246 
7.119273785 6.58680746 

4.561923234 7.290550389 
4.645078167 7.295344573 

4.715586646 7.303758856 
4.645078167 7.295344573 

6.425986438 5.991606464 
6.527548636 6.040521973 

6.536414875 6.126620383 
6.527548636 6.040521973 

2.020346099 7.032903988 
2.184569079 7.145452932 

1.244913547 6.217247128 
1.164082869 6.386729272 

1.096871275 6.583807973 
1.164082869 6.386729272 

0.7848255726 6.555338116 
0.7976451207 6.48143954 

2.020346099 7.032903988 
2.038146462 7.137890132 

2.083372056 7.264142542 
2.038146462 7.137890132 

3.106353969 7.033792548 
3.028195785 6.907664324 

5.617697514 4.616142492 
5.778531841 4.688946088 

5.877686819 4.75437492 
5.778531841 4.688946088 

4.199601941 6.247189563 
4.362478141 6.084013065 

4.371136859 0.9648546511 
4.407777879 0.9102176999 

1.662319328 7.879667805 
1.446842405 7.910461631 

0.3200326472 8.143419162 
0.5688434221 8.074975394 

0.8404277355 7.98978669 
0.5688434221 8.074975394 

2.146839259 8.385396407 
2.001600959 8.40747454 

6.074892926 6.602674573 
6.165405369 6.656933505 

6.219406096 6.736846216 
6.165405369 6.656933505 

2.457528297 2.534850894 
2.485845446 2.348015452 

2.651076799 8.501005876 
2.708472622 8.473730466 

2.793658052 8.478586932 
2.708472622 8.473730466 

1.244913547 6.217247128 
1.115037204 6.117916679 

2.454962467 8.06972292 
2.577868516 8.024386523 

2.70584066 7.967393553 
2.577868516 8.024386523 

4.666324307 3.087890067 
4.380644005 2.865770387 

4.884228949 2.928073887 
4.75625321 2.967193623 

2.564698526 7.830065027 
2.600765271 7.615126884 

5.899186173 5.556892639 
5.984919517 5.589695154 

6.06411672 5.647440361 
5.984919517 5.589695154 

1.376613008 7.229433765 
1.476974248 7.380822787 

1.589602845 7.500694392 
1.476974248 7.380822787 

4.970132647 6.366053765 
5.177210807 6.233632967 

2.75980299 0.8316034362 
2.856216439 0.8799779339 

7.526735956 6.479318693 
7.515098522 6.007363961 

2.117138947 7.429915076 
2.073913239 7.511938638 

2.103071551 7.576576272 
2.073913239 7.511938638 

5.943374425 5.715506835 
5.984919517 5.589695154 

4.554421143 1.822941326 
4.356817925 1.875184263 

4.153675413 1.930603462 
4.356817925 1.875184263 

5.185249526 6.423272915 
5.19311331 6.315997145 

5.177210807 6.233632967 
5.19311331 6.315997145 

4.136197455 0.5713277556 
4.014892622 0.6802393653 

3.930848544 0.7694023413 
4.014892622 0.6802393653 

1.527961971 1.755921822 
1.548097614 1.832519289 

1.586588991 1.91165288 
1.548097614 1.832519289 

1.849919574 8.853227428 
1.76018043 8.710096011 

1.629608667 8.577726614 
1.76018043 8.710096011 

1.325251479 6.586467734 
1.454756319 6.647821922 

5.720558971 7.340638582 
5.74664926 7.479147802 

2.160506679 9.010472936 
2.388345704 8.830902167 

6.551961264 6.934327295 
6.675621327 6.839202146 

6.785597378 6.792756427 
6.675621327 6.839202146 

4.75625321 2.967193623 
4.681646425 2.972545561 

2.070415116 9.085571825 
2.160506679 9.010472936 

1.622564455 6.654593992 
1.661653606 6.536407506 

1.670981725 6.370954452 
1.661653606 6.536407506 

6.499053467 5.002910371 
6.446939897 4.913039105 

6.360236519 4.87587154 
6.446939897 4.913039105 

5.060780556 5.170587231 
4.979414107 5.298474521 

4.921827319 5.412538214 
4.979414107 5.298474521 

5.688871347 7.582885827 
5.74664926 7.479147802 

0.4187429823 6.737593981 
0.5534213982 6.80623653 

0.7157830632 6.918187103 
0.5534213982 6.80623653 

7.079507963 7.882974728 
6.921281594 7.809133569 

7.079507963 7.882974728 
7.198605891 7.843250522 

7.319691185 7.763504585 
7.198605891 7.843250522 

1.244913547 6.217247128 
1.396827506 6.074616714 

5.185249526 6.423272915 
5.16725203 6.560616003 

1.255774653 9.330547006 
1.277565952 9.23371085 

1.870993693 7.447793872 
1.886899993 7.553389914 

1.891020141 7.682284335 
1.886899993 7.553389914 

2.423322464 2.189730559 
2.355915319 2.360874786 

4.998744683 8.022475061 
5.08884659 8.081285416 

1.955600759 7.585293677 
1.886899993 7.553389914 

2.442554134 7.012676247 
2.661271161 6.923571693 

2.891661138 6.824679293 
2.661271161 6.923571693 

6.280624811 6.604601171 
6.185838671 6.530707658 

2.370575459 8.33314467 
2.41259054 8.450506788 

2.495315315 8.597101825 
2.41259054 8.450506788 

3.21745889 2.904231342 
2.957451351 2.902422085 

3.21745889 2.904231342 
3.223485772 2.808822842 

3.187634888 2.748852956 
3.223485772 2.808822842 

5.720558971 7.340638582 
5.559892257 7.514622549 

5.44374842 7.657929846 
5.559892257 7.514622549 

1.645094319 6.057031269 
1.680918767 5.994617359 

3.251080129 0.2265463979 
3.318284141 0.3086194404 

3.395455508 0.3571461221 
3.318284141 0.3086194404 

2.423322464 2.189730559 
2.288092894 2.162878058 

2.125618663 2.110013631 
2.288092894 2.162878058 

2.300081146 7.356319835 
2.117138947 7.429915076 

4.841820079 5.831045535 
4.962973148 5.866079921 

5.069838782 5.943278888 
4.962973148 5.866079921 

1.147269951 6.296818455 
1.130341819 6.250912793 

1.636867838 2.198247907 
1.506203917 2.256028654 

4.482116353 0.8282195016 
4.446415288 0.8739296949 

4.407777879 0.9102176999 
4.446415288 0.8739296949 

0.7976451207 6.48143954 
0.7860573224 6.43238627 

2.985882475 3.404917663 
3.220223039 3.52133409 

4.362478141 6.084013065 
4.291230177 5.989959522 

1.130341819 6.250912793 
1.136941775 6.227677768 

3.413935817 1.859750119 
3.29951987 1.987950701 

5.617697514 4.616142492 
5.647828171 4.735368293 

5.663070096 4.835856783 
5.647828171 4.735368293 

3.390633941 6.459913862 
3.307099087 6.382749579 

3.244260326 6.29102762 
3.307099087 6.382749579 

7.019193467 5.275084842 
7.041394603 5.131048813 

1.034853182 7.630001122 
0.8508705299 7.519308222 

2.288760129 5.897044675 
2.414543966 5.877612973 

0.7704202123 8.138546775 
0.8404277355 7.98978669 

1.662319328 7.879667805 
1.557917415 7.989272216 

1.442516805 8.118009786 
1.557917415 7.989272216 

6.554231758 8.236246328 
6.620466432 8.203489634 

6.666050321 8.253519883 
6.620466432 8.203489634 

4.728544348 6.30588328 
4.82791773 6.429885827 

1.321994717 2.302580507 
1.427558599 2.284723183 

1.506203917 2.256028654 
1.427558599 2.284723183 

5.775475302 6.868485878 
5.622215139 6.926029904 

5.483818151 7.011669284 
5.622215139 6.926029904 

1.454756319 6.647821922 
1.602058543 6.898739583 

4.300543216 7.293785199 
4.311607285 7.159338238 

2.903782817 7.214289174 
2.922375042 7.096266294 

2.931479341 7.013724061 
2.922375042 7.096266294 

3.139996675 2.662152779 
3.067886693 2.650769759 

1.454756319 6.647821922 
1.529961545 6.646310898 

1.622564455 6.654593992 
1.529961545 6.646310898 

6.038868767 6.493567873 
6.185838671 6.530707658 

5.125230169 6.725796352 
5.156254376 6.648282429 

5.16725203 6.560616003 
5.156254376 6.648282429 

4.767072415 6.821026529 
4.70770864 6.642189712 

4.619318918 6.472163295 
4.70770864 6.642189712 

6.165405369 6.656933505 
6.280624811 6.604601171 

2.987356518 0.7837586768 
2.829437297 0.6105316228 

1.867160477 3.404750473 
1.792072967 3.369267923 

1.468638979 5.88590817 
1.484593835 6.005398454 

1.396827506 6.074616714 
1.484593835 6.005398454 

6.234431895 5.859959528 
6.250824348 5.758277001 

6.271726547 5.645873569 
6.250824348 5.758277001 

5.182701525 8.068454971 
5.135054332 8.084810722 

5.08884659 8.081285416 
5.135054332 8.084810722 

7.545275223 6.985176736 
7.57544413 6.907866215 

3.071906804 6.081054342 
3.126459612 6.155226959 

3.170325561 6.205737414 
3.126459612 6.155226959 

1.976332178 6.121607473 
2.033550837 5.9182699 

2.414543966 5.877612973 
2.483354606 5.864048377 

7.205901626 7.549206567 
7.182278438 7.501200146 

7.245210279 7.451525763 
7.182278438 7.501200146 

4.30139141 6.972647588 
4.291773149 7.08802887 

4.311607285 7.159338238 
4.291773149 7.08802887 

5.042447743 6.57488317 
5.16725203 6.560616003 

4.004031899 1.419484004 
3.957121617 1.509679427 

3.918118743 1.586085503 
3.957121617 1.509679427 

6.280624811 6.604601171 
6.382945459 6.68391119 

5.915154668 6.562782486 
5.955220918 6.502817319 

6.038868767 6.493567873 
5.955220918 6.502817319 

2.634575659 3.183079423 
2.674472886 3.032799142 

2.6776171 2.90399532 
2.674472886 3.032799142 

2.451309953 2.065596163 
2.288092894 2.162878058 

2.052366016 7.663787889 
2.096665279 7.701208289 

2.144598614 7.776456749 
2.096665279 7.701208289 

7.526735956 6.479318693 
7.575174331 6.250426711 

5.439029189 5.695321273 
5.333026247 5.709667966 

5.206219677 5.684972208 
5.333026247 5.709667966 

2.760963056 1.631454377 
2.648078449 1.57206046 

2.030755001 8.031173224 
2.19512616 7.965334485 

2.374450908 7.878225743 
2.19512616 7.965334485 

3.581007327 0.7985312219 
3.597960701 0.9645124042 

4.970132647 6.366053765 
5.011503165 6.482307229 

5.042447743 6.57488317 
5.011503165 6.482307229 

2.829437297 0.6105316228 
2.760873913 0.5235375906 

2.675110717 0.4464648654 
2.760873913 0.5235375906 

0.5881913129 7.309030421 
0.5177174973 7.381952666 

0.4298476515 7.456759994 
0.5177174973 7.381952666 

4.168936437 5.875309732 
4.24672065 5.937656597 

4.291230177 5.989959522 
4.24672065 5.937656597 

3.036231285 1.557808844 
2.969126141 1.388067509 

2.35909073 1.591150734 
2.592295278 1.640667377 

6.668571231 7.960781953 
6.809734942 7.881375251 

6.921281594 7.809133569 
6.809734942 7.881375251 

6.882999854 7.979158397 
6.809734942 7.881375251 

3.21745889 2.904231342 
3.102620206 2.820439202 

3.002834361 2.719594151 
3.102620206 2.820439202 

4.666324307 3.087890067 
4.672317194 3.017862129 

4.681646425 2.972545561 
4.672317194 3.017862129 

3.53697548 2.228088988 
3.416532893 2.080750908 

6.906816227 5.995488241 
7.036501686 5.956138023 

5.576552182 5.379255108 
5.423499226 5.460545043 

5.28918796 5.545756778 
5.423499226 5.460545043 

4.30139141 6.972647588 
4.444773492 7.140244392 

3.53697548 2.228088988 
3.437801199 2.217474191 

3.326752888 2.213728591 
3.437801199 2.217474191 

4.348170009 3.098728204 
4.360238275 2.965154089 

4.380644005 2.865770387 
4.360238275 2.965154089 

3.741065659 8.546976381 
3.435136407 8.434920333 

3.125125788 8.292612947 
3.435136407 8.434920333 

5.892374303 7.553016039 
6.181186098 7.482661446 

5.892374303 7.553016039 
5.767151912 7.571615267 

5.688871347 7.582885827 
5.767151912 7.571615267 

1.37105151 2.676170863 
1.444920592 2.650284298 

1.506454803 2.606118734 
1.444920592 2.650284298 

2.658635667 6.608836424 
2.71591785 6.568488876 

2.751394435 6.540427525 
2.71591785 6.568488876 

6.031619571 5.86827757 
6.161026179 5.882619813 

1.749476952 9.30613097 
1.852367729 9.247659024 

1.981398606 9.224817464 
1.852367729 9.247659024 

2.648078449 1.57206046 
2.592295278 1.640667377 

1.352841353 9.070800564 
1.192471446 9.002882957 

7.081942499 7.188284598 
7.081647772 7.060681307 

7.061605974 6.928948668 
7.081647772 7.060681307 

4.53761061 3.363450338 
4.393178507 3.468377509 

4.251572942 3.607633412 
4.393178507 3.468377509 

2.878252402 2.272668274 
2.812357509 2.184291973 

2.731170725 2.102089397 
2.812357509 2.184291973 

6.911641992 6.146760521 
7.040044625 6.300222306 

6.911641992 6.146760521 
6.797555231 6.126258596 

6.68508274 6.134483538 
6.797555231 6.126258596 

6.975662151 5.898900474 
7.036501686 5.956138023 

7.019193467 5.275084842 
7.0828828 5.211286344 

2.654917944 9.478171245 
2.611857482 9.341693247 

2.591558241 9.203846801 
2.611857482 9.341693247 

4.526698696 5.756538584 
4.24672065 5.937656597 

3.146049668 7.659926336 
3.00153028 7.919114031 

3.089415297 0.3052033126 
3.17313221 0.2433035485 

3.251080129 0.2265463979 
3.17313221 0.2433035485 

5.508873277 6.031823174 
5.439029189 5.695321273 

4.482116353 0.8282195016 
4.294540834 0.8938370467 

2.671914133 3.412817364 
2.653081309 3.663172529 

3.773080506 1.368126716 
4.004031899 1.419484004 

4.079563985 0.9699632506 
4.18585241 0.9324835731 

4.294540834 0.8938370467 
4.18585241 0.9324835731 

3.773080506 1.368126716 
3.699938818 1.497644729 

3.628147556 1.604185398 
3.699938818 1.497644729 

7.526735956 6.479318693 
7.611355446 6.315077459 

7.611355446 6.315077459 
7.65810045 6.217788799 

7.688870351 6.108365293 
7.65810045 6.217788799 

3.102620206 2.820439202 
2.957451351 2.902422085 

2.661271161 6.923571693 
2.616314447 7.063093586 

3.374957418 6.736590885 
3.38285037 6.596683592 

3.390633941 6.459913862 
3.38285037 6.596683592 

3.511831934 0.4651568585 
3.424241548 0.4897932547 

3.336042718 0.5144386298 
3.424241548 0.4897932547 

3.632683723 3.234770751 
3.567320427 3.256744075 

2.675110717 0.4464648654 
2.626487889 0.4387542517 

6.941576708 6.607607226 
6.855662572 6.563175033 

6.729797103 6.49664316 
6.855662572 6.563175033 

7.545275223 6.985176736 
7.464327263 7.145891926 

4.82791773 6.429885827 
5.011503165 6.482307229 

1.136941775 6.227677768 
1.140362431 6.198593418 

5.955220918 6.502817319 
5.876926439 6.415707678 

3.504719885 3.223052658 
3.530502832 3.24982288 

3.567320427 3.256744075 
3.530502832 3.24982288 

3.741065659 8.546976381 
3.766611033 8.406982809 

2.958527714 2.030743998 
2.812357509 2.184291973 

6.613630021 5.683293529 
6.532565929 5.824858866 

6.425986438 5.991606464 
6.532565929 5.824858866 

3.766611033 8.406982809 
3.753215836 8.318269947 

3.739305047 8.227948065 
3.753215836 8.318269947 

1.916294833 1.31906052 
1.796313272 1.410192762 

3.385138263 8.382061759 
3.435136407 8.434920333 

1.762947692 7.611381354 
1.813009542 7.515752758 

1.870993693 7.447793872 
1.813009542 7.515752758 

5.009749287 5.687744177 
4.962973148 5.866079921 

1.939886513 2.905991712 
1.969837404 2.730701486 

2.017744835 2.573702147 
1.969837404 2.730701486 

4.561923234 7.290550389 
4.508169132 7.206169391 

4.444773492 7.140244392 
4.508169132 7.206169391 

1.446842405 7.910461631 
1.557917415 7.989272216 

5.251397086 7.217530673 
5.370713824 7.119230791 

5.483818151 7.011669284 
5.370713824 7.119230791 

2.790676688 0.9736059621 
2.680341607 0.9551483938 

2.570006526 0.9366908256 
2.680341607 0.9551483938 

2.333233852 6.411958284 
2.149456643 6.272920991 

1.976332178 6.121607473 
2.149456643 6.272920991 

3.907482349 6.813634919 
4.0185787 6.778186649 

4.132776133 6.747079957 
4.0185787 6.778186649 

3.296502987 8.926677709 
3.230618726 8.957576961 

3.16223015 8.980357615 
3.230618726 8.957576961 

1.10984345 9.280717521 
1.156138276 9.139541834 

1.192471446 9.002882957 
1.156138276 9.139541834 

2.602300968 5.868012333 
2.534847378 5.851441261 

2.483354606 5.864048377 
2.534847378 5.851441261 

3.29951987 1.987950701 
3.220727365 2.124465755 

1.684359774 8.158456412 
1.557917415 7.989272216 

4.289549971 1.57444929 
4.288676691 1.479492242 

4.288951606 1.383810449 
4.288676691 1.479492242 

1.140362431 6.198593418 
1.140968496 6.169695758 

2.70584066 7.967393553 
2.807549631 7.861039704 

2.910533282 7.750184048 
2.807549631 7.861039704 

5.104227954 2.335079511 
5.077789008 2.442828243 

5.050927603 2.551599308 
5.077789008 2.442828243 

1.974101838 3.339190289 
2.004178495 3.45844823 

2.492543205 3.854212563 
2.544534024 3.746391922 

2.586405844 3.622538978 
2.544534024 3.746391922 

3.004982386 9.089884645 
2.877805208 9.104896334 

2.749694474 9.146666316 
2.877805208 9.104896334 

0.9672551774 6.98938587 
1.14699636 7.155630708 

2.370575459 8.33314467 
2.256396887 8.33767877 

2.146839259 8.385396407 
2.256396887 8.33767877 

2.70143036 2.256133479 
2.812357509 2.184291973 

2.891661138 6.824679293 
2.95603111 6.870755011 

3.028195785 6.907664324 
2.95603111 6.870755011 

7.611355446 6.315077459 
7.575174331 6.250426711 

6.38618098 6.409797076 
6.285835133 6.482537984 

6.185838671 6.530707658 
6.285835133 6.482537984 

4.526698696 5.756538584 
4.349008809 5.808753996 

4.168936437 5.875309732 
4.349008809 5.808753996 

3.733379259 7.532473447 
3.785381528 7.342578425 

3.837893067 7.156232683 
3.785381528 7.342578425 

2.598289688 7.165700164 
2.616314447 7.063093586 

7.0828828 5.211286344 
7.135542925 5.191972874 

3.655541841 3.029708842 
3.504719885 3.223052658 

3.29951987 1.987950701 
3.287816256 2.117998546 

3.993217027 3.087460456 
3.844143195 3.05791576 

6.551961264 6.934327295 
6.574211674 6.807640338 

6.598845043 6.692718073 
6.574211674 6.807640338 

4.543164558 6.968073329 
4.444773492 7.140244392 

5.892374303 7.553016039 
5.810944685 7.520236673 

5.74664926 7.479147802 
5.810944685 7.520236673 

1.849919574 8.853227428 
1.954242739 8.96310155 

2.070415116 9.085571825 
1.954242739 8.96310155 

1.562902704 2.681482923 
1.506454803 2.606118734 

3.655541841 3.029708842 
3.755195859 3.045980131 

3.844143195 3.05791576 
3.755195859 3.045980131 

1.886899993 7.553389914 
1.813009542 7.515752758 

5.352646937 6.203389747 
5.19311331 6.315997145 

6.668571231 7.960781953 
6.500682793 7.971001786 

6.325395383 7.985700874 
6.500682793 7.971001786 

5.086374 7.277585257 
5.206063489 7.43073954 

6.499053467 5.002910371 
6.490310064 5.132452352 

6.480721588 5.263209686 
6.490310064 5.132452352 

2.570146531 0.4108246382 
2.59831721 0.424789445 

2.626487889 0.4387542517 
2.59831721 0.424789445 

2.457528297 2.534850894 
2.366945813 2.468764827 

2.301875877 2.426511533 
2.366945813 2.468764827 

3.395455508 0.3571461221 
3.424241548 0.4897932547 

1.91317549 0.7746625523 
1.971518395 0.7660770442 

2.024493632 0.763163149 
1.971518395 0.7660770442 

3.433311038 1.605344738 
3.515976313 1.677493814 

3.574911678 1.773275442 
3.515976313 1.677493814 

7.041394603 5.131048813 
7.0828828 5.211286344 

6.855662572 6.563175033 
6.858011479 6.63690834 

6.863813202 6.723859105 
6.858011479 6.63690834 

1.331064065 7.728650589 
1.446842405 7.910461631 

1.034853182 7.630001122 
0.9376967778 7.726443444 

0.8434638995 7.858756223 
0.9376967778 7.726443444 

3.907482349 6.813634919 
3.992739077 6.993483512 

1.749476952 9.30613097 
1.620072181 9.321835754 

4.080212458 7.171840723 
4.311607285 7.159338238 

2.985882475 3.404917663 
3.05857842 3.343288944 

3.131274365 3.281660225 
3.05857842 3.343288944 

1.484593835 6.005398454 
1.645094319 6.057031269 

3.53697548 2.228088988 
3.570749953 2.147747352 

3.639331909 2.08056926 
3.570749953 2.147747352 

2.863870381 1.450965111 
2.648078449 1.57206046 

2.863870381 1.450965111 
2.906470558 1.408935572 

2.969126141 1.388067509 
2.906470558 1.408935572 

2.41259054 8.450506788 
2.314318632 8.529808564 

6.574211674 6.807640338 
6.421897938 6.836567462 

7.515098522 6.007363961 
7.495019629 5.757931464 

7.411333251 7.303854849 
7.437830257 7.224873387 

7.464327263 7.145891926 
7.437830257 7.224873387 

2.35562757 1.337629083 
2.254332834 1.51640113 

2.154454185 1.69759296 
2.254332834 1.51640113 

1.620072181 9.321835754 
1.555544911 9.329358305 

1.491017641 9.336880857 
1.555544911 9.329358305 

5.060780556 5.170587231 
5.104450877 4.995057795 

5.163096558 4.792438955 
5.104450877 4.995057795 

0.4330663622 8.209562767 
0.375397132 8.176244933 

0.3200326472 8.143419162 
0.375397132 8.176244933 

2.495315315 8.597101825 
2.441560991 8.714395615 

2.388345704 8.830902167 
2.441560991 8.714395615 

4.080212458 7.171840723 
4.036475767 7.082662118 

3.992739077 6.993483512 
4.036475767 7.082662118 

1.797047535 2.176680235 
1.747711433 2.067039051 

1.690705515 1.968326644 
1.747711433 2.067039051 

3.089415297 0.3052033126 
3.15564934 0.6071216932 

3.232171788 0.914410523 
3.15564934 0.6071216932 

3.773080506 1.368126716 
3.75922659 1.121453577 

3.746731323 0.8745340943 
3.75922659 1.121453577 

6.074892926 6.602674573 
6.056442332 6.449774502 

2.201117522 7.705731078 
2.096665279 7.701208289 

0.9891756675 7.447121676 
0.7208634778 7.441680834 

0.4298476515 7.456759994 
0.7208634778 7.441680834 

2.408186713 7.215350009 
2.598289688 7.165700164 

1.17904192 7.588677734 
1.255218373 7.446836396 

2.713868528 1.830223539 
2.731170725 2.102089397 

2.713868528 1.830223539 
2.735004281 1.729891933 

2.760963056 1.631454377 
2.735004281 1.729891933 

2.009883185 8.216911893 
2.220044245 8.188315626 

6.056442332 6.449774502 
6.04265513 6.361162398 

6.038868767 6.493567873 
6.056442332 6.449774502 

4.975777245 7.656531936 
4.987891739 7.842789805 

4.998744683 8.022475061 
4.987891739 7.842789805 

3.751169101 1.809107915 
3.628147556 1.604185398 

3.751169101 1.809107915 
3.803866934 1.75857246 

3.855178447 1.706423317 
3.803866934 1.75857246 

7.210157966 5.189325803 
7.172799974 5.184437098 

7.135542925 5.191972874 
7.172799974 5.184437098 

2.366945813 2.468764827 
2.355915319 2.360874786 

2.958527714 2.030743998 
3.059842584 2.103440832 

3.166455923 2.181113958 
3.059842584 2.103440832 

3.146049668 7.659926336 
3.243568371 7.815313633 

3.348556565 7.949805227 
3.243568371 7.815313633 

1.741937118 1.896709127 
1.690705515 1.968326644 

6.049239707 6.265591808 
6.046361041 6.312798649 

6.04265513 6.361162398 
6.046361041 6.312798649 

1.852367729 9.247659024 
1.704604056 9.172016004 

7.495019629 5.757931464 
7.487251261 5.614892971 

0.7157830632 6.918187103 
0.8040434227 7.17825559 

5.860436065 6.49669781 
5.955220918 6.502817319 

2.027261163 8.839612341 
1.954242739 8.96310155 

7.487251261 5.614892971 
7.483456876 5.541867189 

7.483253024 5.435940471 
7.483456876 5.541867189 

2.052366016 7.663787889 
1.997761766 7.632442829 

1.955600759 7.585293677 
1.997761766 7.632442829 

2.03863977 8.513838323 
1.904821792 8.447632171 

5.927342915 6.774113966 
5.989406491 6.926000131 

6.059058617 7.092370486 
5.989406491 6.926000131 

2.671914133 3.412817364 
2.629159988 3.517678171 

2.586405844 3.622538978 
2.629159988 3.517678171 

3.444520275 1.056853057 
3.519551047 0.9994599718 

3.597960701 0.9645124042 
3.519551047 0.9994599718 

3.139957586 2.049161211 
3.059842584 2.103440832 

2.974341956 1.740978963 
3.054710773 1.818719453 

3.171187415 1.884584938 
3.054710773 1.818719453 

0.7208634778 7.441680834 
0.8508705299 7.519308222 

4.797259462 7.469797287 
4.886518353 7.563164611 

4.975777245 7.656531936 
4.886518353 7.563164611 

1.527961971 1.755921822 
1.570936576 1.579444409 

6.290558259 4.734104195 
6.157988966 4.778590933 

6.025419674 4.823077671 
6.157988966 4.778590933 

7.483253024 5.435940471 
7.346705495 5.312633137 

7.210157966 5.189325803 
7.346705495 5.312633137 

5.490956455 6.575283573 
5.625705388 6.743256211 

1.115037204 6.117916679 
1.12800285 6.143806218 

1.140968496 6.169695758 
1.12800285 6.143806218 

4.748552298 5.644655898 
5.009749287 5.687744177 

7.650906965 6.868018523 
7.613175547 6.887942369 

7.57544413 6.907866215 
7.613175547 6.887942369 

1.570936576 1.579444409 
1.592457571 1.491431927 

1.613978566 1.403419446 
1.592457571 1.491431927 

5.955220918 6.502817319 
5.976148467 6.593184682 

7.174431965 5.930553243 
7.105466826 5.943345633 

7.036501686 5.956138023 
7.105466826 5.943345633 

6.920726208 7.057036804 
6.855865975 6.913220071 

6.785597378 6.792756427 
6.855865975 6.913220071 

0.7487656663 6.360780036 
0.7674114944 6.396583153 

0.7860573224 6.43238627 
0.7674114944 6.396583153 

