3.2331636 0.9149139215 
2.973315365 1.742229742 

3.735300143 7.533640751 
2.907794477 7.754549132 

4.463466006 2.719707954 
4.548875129 3.376691543 

2.043327724 8.047969981 
2.139133722 7.77183798 

5.040970357 6.576966441 
4.77335695 6.797985781 

2.759692631 8.840599959 
3.296353346 8.948117433 

2.043327724 8.047969981 
2.010609917 8.227635513 

4.755534164 4.761760741 
4.471534652 4.504793822 

6.38618098 6.409797076 
6.684859112 6.135264951 

5.931235116 6.771337223 
6.069760924 6.600442663 

2.863634495 2.453440584 
3.095091791 2.330934276 

6.904974139 5.994104538 
6.684859112 6.135264951 

0.8040434227 7.17825559 
0.4187429823 6.737593981 

1.65938315 7.006881162 
1.382455189 7.226977611 

7.526735956 6.479318693 
6.924189089 7.056618322 

6.38618098 6.409797076 
6.729797103 6.49664316 

1.443773734 8.118881664 
1.330743581 7.730693438 

1.659669097 7.880315534 
1.890968712 7.681601101 

6.481436068 5.266219653 
6.610864326 5.699609018 

4.463466006 2.719707954 
5.050927603 2.551599308 

7.526735956 6.479318693 
6.903567906 6.340147374 

6.684859112 6.135264951 
6.903567906 6.340147374 

3.321125389 2.213236724 
3.095091791 2.330934276 

3.751956346 1.809500461 
3.574911678 1.773275442 

4.1912423 4.140439214 
4.019222519 3.823907491 

7.400228322 7.321724586 
6.823011537 7.362728229 

5.526129471 6.044102551 
5.833937199 6.077774209 

4.471534652 4.504793822 
4.340947333 4.341108605 

4.1912423 4.140439214 
4.340947333 4.341108605 

2.413420094 7.712222093 
2.607290904 7.603890069 

6.904974139 5.994104538 
7.307470366 6.125828058 

5.251840426 7.21838338 
4.789134845 7.493200203 

1.939886513 2.905991712 
2.437586826 3.250892583 

2.522847415 1.976676415 
2.732688964 2.101771446 

4.618706091 6.473321415 
4.401094755 6.644509818 

1.632137339 8.564318078 
1.508404284 8.897922942 

2.729981072 8.26134637 
2.907794477 7.754549132 

2.732688964 2.101771446 
2.155516236 2.307487739 

2.155516236 2.307487739 
2.302394876 2.426509533 

5.739977793 7.330378563 
5.729303342 7.038275688 

0.7023292742 7.604162552 
1.039452014 7.636172732 

1.330743581 7.730693438 
1.039452014 7.636172732 

6.823011537 7.362728229 
6.924189089 7.056618322 

4.163267098 2.332443406 
4.505801451 2.400264299 

1.65938315 7.006881162 
1.197547704 6.932643254 

2.084317548 7.264758594 
2.116890521 7.430833486 

1.527961971 1.755921822 
2.155516236 2.307487739 

6.550310498 6.933162206 
7.153323566 6.673063154 

1.197547704 6.932643254 
0.8040434227 7.17825559 

6.823011537 7.362728229 
6.92170962 7.81066439 

5.040970357 6.576966441 
5.18506527 6.423320707 

5.595121998 7.700901281 
5.757665552 7.7658014 

6.059362599 7.871403398 
5.757665552 7.7658014 

7.153323566 6.673063154 
6.924189089 7.056618322 

2.495906572 8.59416611 
2.729981072 8.26134637 

1.659669097 7.880315534 
1.098477891 8.051632195 

3.642320979 2.081680641 
3.751956346 1.809500461 

2.492543205 3.854212563 
2.437586826 3.250892583 

6.610864326 5.699609018 
6.904974139 5.994104538 

3.171364032 1.885631775 
3.413935817 1.859750119 

2.729981072 8.26134637 
3.120563582 8.293734052 

5.739977793 7.330378563 
6.059362599 7.871403398 

3.054176919 6.085678884 
2.742301581 6.292852711 

1.244999196 8.764925005 
1.508404284 8.897922942 

1.443773734 8.118881664 
1.647272242 8.297500703 

4.618706091 6.473321415 
5.18506527 6.423320707 

3.2331636 0.9149139215 
3.435441675 1.045262967 

4.463466006 2.719707954 
4.505801451 2.400264299 

4.948484514 1.706555622 
4.160308267 1.931185469 

3.642320979 2.081680641 
4.160308267 1.931185469 

6.324984988 7.988334237 
6.190758748 7.33692946 

6.056299557 7.099122448 
6.190758748 7.33692946 

2.437586826 3.250892583 
2.372424657 3.430886559 

7.153323566 6.673063154 
6.941576708 6.607607226 

4.505801451 2.400264299 
4.795965231 2.415853862 

5.593350053 6.4915757 
5.74367604 6.52201105 

0.8040434227 7.17825559 
0.9895876976 7.448404101 

2.973315365 1.742229742 
2.832388533 1.56647717 

1.197547704 6.932643254 
1.244913547 6.217247128 

3.120563582 8.293734052 
3.0715949 8.058909802 

4.157086445 5.857781758 
4.196556544 6.247088146 

3.881871928 6.789403561 
4.196556544 6.247088146 

3.773255965 1.367317276 
3.918118743 1.586085503 

0.3253058564 8.145822684 
0.7300403035 8.308722179 

5.576894687 5.382635183 
5.461629177 5.702191742 

7.483253024 5.435940471 
6.929544329 5.668406824 

1.849919574 8.853227428 
1.595583662 9.061624305 

1.11067605 9.281157712 
1.595583662 9.061624305 

6.941576708 6.607607226 
6.550310498 6.933162206 

5.833937199 6.077774209 
6.105588896 5.995936386 

3.2331636 0.9149139215 
3.173551103 1.325596687 

3.574911678 1.773275442 
3.173551103 1.325596687 

6.273366679 5.647072451 
6.135505679 5.334737595 

0.4187429823 6.737593981 
1.000267373 6.768008399 

1.197547704 6.932643254 
1.000267373 6.768008399 

5.251840426 7.21838338 
5.729303342 7.038275688 

4.77335695 6.797985781 
4.911444735 6.870064646 

3.296353346 8.948117433 
3.233310362 8.575751273 

6.903567906 6.340147374 
6.729797103 6.49664316 

2.522847415 1.976676415 
2.334273087 1.732903783 

2.155516236 2.307487739 
2.1276168 2.110804157 

1.321994717 2.302580507 
1.646134852 2.289324904 

6.056299557 7.099122448 
6.228935526 6.941913826 

5.931235116 6.771337223 
6.228935526 6.941913826 

2.034984713 8.51244827 
2.027261163 8.839612341 

2.413420094 7.712222093 
2.45703151 8.078823982 

2.378894481 8.340770455 
2.45703151 8.078823982 

7.319691185 7.763504585 
6.92170962 7.81066439 

3.747064878 0.87668621 
3.579906127 0.7997298962 

4.753641679 5.640274068 
4.841820079 5.831045535 

3.095091791 2.330934276 
3.517325838 2.633231782 

2.363236629 0.9042356935 
2.255874583 0.6602882634 

7.307470366 6.125828058 
7.198560173 6.308646093 

4.368919135 7.657377604 
4.296890976 7.292094647 

4.296890976 7.292094647 
4.56190444 7.290091024 

1.849919574 8.853227428 
2.027261163 8.839612341 

6.324984988 7.988334237 
5.563878588 7.972122024 

7.210157966 5.189325803 
7.096737396 5.373099584 

5.563878588 7.972122024 
5.595121998 7.700901281 

1.098477891 8.051632195 
1.330743581 7.730693438 

0.3253058564 8.145822684 
0.6412081595 7.984912283 

2.907794477 7.754549132 
2.45703151 8.078823982 

4.451941792 1.344259343 
3.918118743 1.586085503 

5.637586603 4.972614278 
5.511819073 4.778184597 

5.161650431 4.793661708 
5.511819073 4.778184597 

5.729303342 7.038275688 
5.484469965 7.012761002 

3.120563582 8.293734052 
3.233310362 8.575751273 

5.833937199 6.077774209 
6.04705165 6.265439417 

2.495906572 8.59416611 
2.598203684 8.898684904 

3.089536473 0.3048391973 
3.34379147 0.7117582935 

3.435441675 1.045262967 
3.34379147 0.7117582935 

3.640829442 3.036211854 
3.750163834 3.269466916 

2.492543205 3.854212563 
2.372424657 3.430886559 

2.1276168 2.110804157 
2.732688964 2.101771446 

4.157086445 5.857781758 
4.726610052 6.302718706 

5.040970357 6.576966441 
4.726610052 6.302718706 

1.84553787 6.307291158 
1.623975951 6.655000849 

1.84553787 6.307291158 
1.976332178 6.121607473 

6.190758748 7.33692946 
5.739977793 7.330378563 

2.44252512 7.016399416 
2.257121478 7.511960799 

3.233310362 8.575751273 
3.385138263 8.382061759 

2.732688964 2.101771446 
2.421758872 2.189567351 

2.1276168 2.110804157 
1.797047535 2.176680235 

3.953174784 2.55797035 
3.614906733 2.513852948 

3.537294618 2.229728009 
3.614906733 2.513852948 

2.116890521 7.430833486 
2.257121478 7.511960799 

2.8510708 6.655894803 
3.391806235 6.462234836 

7.526735956 6.479318693 
7.253375078 6.514705038 

6.823011537 7.362728229 
6.601452421 7.456826849 

1.659669097 7.880315534 
1.46900031 7.997942839 

7.153323566 6.673063154 
7.413182546 6.646733817 

3.751956346 1.809500461 
4.11637322 1.44609712 

6.04705165 6.265439417 
6.105588896 5.995936386 

1.46900031 7.997942839 
1.443773734 8.118881664 

2.467661493 6.01147906 
2.699500417 6.122838208 

2.742301581 6.292852711 
2.699500417 6.122838208 

2.729981072 8.26134637 
2.378894481 8.340770455 

2.863634495 2.453440584 
2.878888152 2.271326851 

2.965086063 2.034562582 
2.878888152 2.271326851 

1.197547704 6.932643254 
1.382455189 7.226977611 

2.372424657 3.430886559 
2.172358714 3.354843226 

2.288383249 7.359372876 
2.257121478 7.511960799 

0.9895876976 7.448404101 
1.14699636 7.155630708 

1.197547704 6.932643254 
1.14699636 7.155630708 

4.726610052 6.302718706 
4.618706091 6.473321415 

3.881871928 6.789403561 
3.839398405 7.153777827 

2.634575659 3.183079423 
2.437586826 3.250892583 

2.019937033 7.031724112 
1.938722356 6.86492645 

3.131603612 3.282904027 
3.212696573 3.514733935 

5.161650431 4.793661708 
4.921977736 4.957038774 

4.755534164 4.761760741 
4.921977736 4.957038774 

5.637586603 4.972614278 
5.877686819 4.75437492 

1.039452014 7.636172732 
0.9895876976 7.448404101 

2.355510754 1.338302117 
2.071467338 1.352578053 

2.759692631 8.840599959 
2.598203684 8.898684904 

5.593350053 6.4915757 
5.625705388 6.743256211 

0.7300403035 8.308722179 
0.6412081595 7.984912283 

4.296890976 7.292094647 
3.881871928 6.789403561 

6.66774991 8.250603071 
6.659798139 7.959725275 

1.646134852 2.289324904 
1.603974981 2.420266464 

2.729981072 8.26134637 
3.0715949 8.058909802 

1.930064486 1.502175345 
1.91395888 1.697554214 

5.625705388 6.743256211 
5.931235116 6.771337223 

2.973315365 1.742229742 
2.965086063 2.034562582 

4.451941792 1.344259343 
4.561817609 1.621806745 

3.579906127 0.7997298962 
3.511496956 0.4657548278 

4.77335695 6.797985781 
4.545898212 6.963752743 

0.8040434227 7.17825559 
1.14699636 7.155630708 

3.614906733 2.513852948 
3.517325838 2.633231782 

3.321125389 2.213236724 
3.216050396 2.126103081 

1.321994717 2.302580507 
1.603974981 2.420266464 

1.647272242 8.297500703 
1.684165646 8.15908561 

2.675110717 0.4464648654 
2.760770643 0.8321112387 

3.095091791 2.330934276 
2.878888152 2.271326851 

4.463466006 2.719707954 
4.381909143 2.86743937 

2.907794477 7.754549132 
3.348556565 7.949805227 

1.797047535 2.176680235 
1.646134852 2.289324904 

2.8510708 6.655894803 
2.890236055 6.82647497 

2.948022417 2.902994529 
2.998575598 2.719742096 

2.730713943 7.977078133 
2.729981072 8.26134637 

5.595121998 7.700901281 
5.260955313 7.709265006 

0.8040434227 7.17825559 
1.000267373 6.768008399 

4.548875129 3.376691543 
4.560780238 3.13637161 

4.339352615 3.127153982 
4.560780238 3.13637161 

2.637225782 9.485963794 
2.748620605 9.14699362 

2.759692631 8.840599959 
2.748620605 9.14699362 

6.785597378 6.792756427 
6.729797103 6.49664316 

3.735300143 7.533640751 
4.076439889 7.632927409 

4.368919135 7.657377604 
4.076439889 7.632927409 

1.930064486 1.502175345 
2.071467338 1.352578053 

3.435441675 1.045262967 
3.579906127 0.7997298962 

6.135505679 5.334737595 
6.309970744 5.445141714 

6.481436068 5.266219653 
6.309970744 5.445141714 

0.7415325176 8.830337493 
0.5288157223 8.62663468 

2.973315365 1.742229742 
3.035447574 1.555708378 

4.998744683 8.022475061 
5.444927041 7.65843118 

7.198560173 6.308646093 
7.253375078 6.514705038 

6.904974139 5.994104538 
6.929544329 5.668406824 

1.382455189 7.226977611 
0.9672551774 6.98938587 

3.385138263 8.382061759 
3.535044378 8.341087563 

2.413420094 7.712222093 
2.257121478 7.511960799 

5.900843235 5.523750389 
6.135505679 5.334737595 

1.443773734 8.118881664 
1.511020784 8.401822631 

1.632137339 8.564318078 
1.511020784 8.401822631 

2.729981072 8.26134637 
2.793122784 8.484525735 

5.251840426 7.21838338 
5.260955313 7.709265006 

6.729797103 6.49664316 
6.598845043 6.692718073 

5.461629177 5.702191742 
5.072710639 5.941938589 

2.732688964 2.101771446 
2.965086063 2.034562582 

0.6412081595 7.984912283 
0.7023292742 7.604162552 

6.66774991 8.250603071 
7.000534332 8.052464992 

0.6412081595 7.984912283 
0.8434638995 7.858756223 

0.9672551774 6.98938587 
1.197547704 6.932643254 

4.561817609 1.621806745 
4.291300796 1.574818719 

4.11637322 1.44609712 
4.291300796 1.574818719 

4.160308267 1.931185469 
3.93034356 2.179089294 

1.603974981 2.420266464 
1.525849587 2.466771232 

3.261151896 3.927190949 
3.187134967 3.626495382 

2.97876661 3.392455519 
3.187134967 3.626495382 

5.18506527 6.423320707 
4.981467955 6.35216541 

4.726610052 6.302718706 
4.981467955 6.35216541 

4.753641679 5.640274068 
5.166547441 5.411653835 

1.670981725 6.370954452 
1.84553787 6.307291158 

3.035447574 1.555708378 
2.832388533 1.56647717 

2.915858932 7.219971912 
2.642359654 7.326285548 

2.742301581 6.292852711 
2.78623507 6.470074518 

1.000267373 6.768008399 
1.086610091 6.595288376 

1.623975951 6.655000849 
1.197547704 6.932643254 

3.173551103 1.325596687 
2.978173074 1.303820342 

1.244913547 6.217247128 
1.323573362 6.586796188 

0.7023292742 7.604162552 
0.5262656757 7.667831389 

7.413182546 6.646733817 
7.253375078 6.514705038 

4.548875129 3.376691543 
4.882503258 2.931080305 

5.050927603 2.551599308 
4.882503258 2.931080305 

2.333233852 6.411958284 
2.742301581 6.292852711 

5.877686819 4.75437492 
6.025419674 4.823077671 

3.2331636 0.9149139215 
3.34379147 0.7117582935 

1.894745159 0.7755668939 
1.869864373 1.054839907 

6.785597378 6.792756427 
6.598845043 6.692718073 

1.098477891 8.051632195 
0.7703049846 8.141008591 

2.671531638 2.646126455 
2.998575598 2.719742096 

5.484469965 7.012761002 
5.684392018 6.890761921 

5.625705388 6.743256211 
5.684392018 6.890761921 

4.555442269 1.822072984 
4.72445431 1.820679178 

4.948484514 1.706555622 
4.72445431 1.820679178 

1.508404284 8.897922942 
1.352841353 9.070800564 

4.911444735 6.870064646 
4.942878271 7.12481066 

2.598203684 8.898684904 
2.748620605 9.14699362 

4.921977736 4.957038774 
4.830032665 5.1507857 

6.610864326 5.699609018 
6.883070317 5.38532706 

4.830032665 5.1507857 
4.462404129 5.284650229 

1.244999196 8.764925005 
1.511020784 8.401822631 

6.929544329 5.668406824 
6.883070317 5.38532706 

4.079563985 0.9699632506 
4.120097124 0.8310015399 

2.832388533 1.56647717 
2.592295278 1.640667377 

2.334273087 1.732903783 
2.592295278 1.640667377 

3.735300143 7.533640751 
3.348556565 7.949805227 

3.735300143 7.533640751 
3.67106784 7.888122664 

4.56190444 7.290091024 
4.545898212 6.963752743 

2.522847415 1.976676415 
2.592295278 1.640667377 

3.750163834 3.269466916 
3.632363055 3.233726944 

1.590930674 7.500386373 
1.861476608 7.449697759 

2.45703151 8.078823982 
2.243017428 8.079356594 

3.355685294 7.002629016 
3.104297661 7.034933949 

2.915858932 7.219971912 
3.104297661 7.034933949 

1.890968712 7.681601101 
2.053881107 7.662114493 

3.054176919 6.085678884 
2.699500417 6.122838208 

5.081557804 2.127991875 
4.898843043 1.987526567 

4.726610052 6.302718706 
4.571937243 6.103086358 

2.190906484 9.187559881 
2.388345704 8.830902167 

1.65938315 7.006881162 
1.724412096 7.343088292 

4.11637322 1.44609712 
4.482116353 0.8282195016 

7.400228322 7.321724586 
7.200339487 7.06233391 

3.120563582 8.293734052 
2.793122784 8.484525735 

2.793122784 8.484525735 
3.012692671 8.642944452 

1.382455189 7.226977611 
1.724412096 7.343088292 

2.634575659 3.183079423 
2.671914133 3.412817364 

6.883070317 5.38532706 
7.096737396 5.373099584 

4.795965231 2.415853862 
4.587144351 2.595508259 

4.463466006 2.719707954 
4.587144351 2.595508259 

3.167083208 2.179753338 
3.216050396 2.126103081 

4.753641679 5.640274068 
4.859476909 5.419334305 

4.482116353 0.8282195016 
4.120097124 0.8310015399 

1.443773734 8.118881664 
1.684165646 8.15908561 

3.642320979 2.081680641 
3.414462549 2.082597835 

6.059362599 7.871403398 
6.068635022 8.170141946 

6.228935526 6.941913826 
6.231156651 6.738559411 

3.095091791 2.330934276 
3.167083208 2.179753338 

3.0715949 8.058909802 
3.348556565 7.949805227 

3.012692671 8.642944452 
3.090170407 8.715652921 

5.444927041 7.65843118 
5.595121998 7.700901281 

2.671531638 2.646126455 
2.734125756 2.850524326 

2.948022417 2.902994529 
2.734125756 2.850524326 

7.526735956 6.479318693 
7.619019767 6.71602516 

3.095091791 2.330934276 
3.077512541 2.499626037 

2.675110717 0.4464648654 
2.395363131 0.6922253421 

2.255874583 0.6602882634 
2.395363131 0.6922253421 

1.670981725 6.370954452 
1.711458165 6.171473725 

3.054176919 6.085678884 
3.09130681 6.321217663 

3.077512541 2.499626037 
2.863634495 2.453440584 

4.998744683 8.022475061 
5.142749738 7.898589313 

5.260955313 7.709265006 
5.142749738 7.898589313 

2.363236629 0.9042356935 
2.451077844 0.7260915936 

2.637225782 9.485963794 
2.531296058 9.126734137 

2.598203684 8.898684904 
2.531296058 9.126734137 

3.435441675 1.045262967 
3.270219904 1.112961452 

3.173551103 1.325596687 
3.270219904 1.112961452 

2.172358714 3.354843226 
2.097834377 3.493701321 

4.11637322 1.44609712 
4.004031899 1.419484004 

1.321994717 2.302580507 
1.525849587 2.466771232 

1.321994717 2.302580507 
1.544234483 2.0564191 

0.7703049846 8.141008591 
0.6412081595 7.984912283 

7.307470366 6.125828058 
7.407022595 6.161084535 

4.163267098 2.332443406 
4.463466006 2.719707954 

4.160308267 1.931185469 
4.270186153 2.127646849 

2.451077844 0.7260915936 
2.465206333 0.5422331472 

0.9895876976 7.448404101 
1.255218373 7.446836396 

5.040970357 6.576966441 
4.911444735 6.870064646 

1.11067605 9.281157712 
1.379346195 8.680671369 

4.545898212 6.963752743 
4.401094755 6.644509818 

0.9672551774 6.98938587 
0.8040434227 7.17825559 

2.607290904 7.603890069 
2.787212638 7.569710388 

7.198560173 6.308646093 
7.407022595 6.161084535 

2.034984713 8.51244827 
2.148351726 8.398272899 

7.000534332 8.052464992 
6.92170962 7.81066439 

0.4187429823 6.737593981 
0.7150136298 6.623700595 

0.7703049846 8.141008591 
0.7300403035 8.308722179 

0.7300403035 8.308722179 
0.7479784244 8.536775006 

6.273366679 5.647072451 
6.610864326 5.699609018 

7.319691185 7.763504585 
7.205361493 7.549054396 

1.244999196 8.764925005 
1.379346195 8.680671369 

3.261151896 3.927190949 
3.532035912 3.852733283 

3.759368979 3.984674956 
3.532035912 3.852733283 

5.757665552 7.7658014 
5.894045016 7.552692965 

1.098477891 8.051632195 
0.8434638995 7.858756223 

1.244999196 8.764925005 
1.051901302 8.700180932 

2.139133722 7.77183798 
2.243017428 8.079356594 

4.296890976 7.292094647 
3.981995959 7.44858534 

3.735300143 7.533640751 
3.981995959 7.44858534 

2.522847415 1.976676415 
2.713868528 1.830223539 

2.139133722 7.77183798 
2.201377775 7.705714922 

2.413420094 7.712222093 
2.201377775 7.705714922 

3.2331636 0.9149139215 
3.270219904 1.112961452 

6.279841414 4.695264019 
6.159566347 5.051153917 

2.907794477 7.754549132 
3.00116572 7.917788914 

3.0715949 8.058909802 
3.00116572 7.917788914 

2.370140262 7.875824676 
2.201377775 7.705714922 

6.729797103 6.49664316 
6.569574582 6.460625201 

4.076439889 7.632927409 
3.981995959 7.44858534 

6.569574582 6.460625201 
6.598845043 6.692718073 

6.273366679 5.647072451 
6.030066511 5.86845725 

5.833937199 6.077774209 
6.030066511 5.86845725 

2.370140262 7.875824676 
2.413420094 7.712222093 

0.7487656663 6.360780036 
1.045650799 6.377626169 

2.421758872 2.189567351 
2.485845446 2.348015452 

5.369019232 6.712876245 
5.625705388 6.743256211 

2.787212638 7.569710388 
2.907794477 7.754549132 

2.730713943 7.977078133 
3.00116572 7.917788914 

4.196556544 6.247088146 
4.571937243 6.103086358 

6.785597378 6.792756427 
6.863813202 6.723859105 

6.941576708 6.607607226 
6.863813202 6.723859105 

4.196556544 6.247088146 
4.252222604 6.478996614 

4.401094755 6.644509818 
4.252222604 6.478996614 

5.729303342 7.038275688 
5.684392018 6.890761921 

5.931235116 6.771337223 
5.684392018 6.890761921 

7.407022595 6.161084535 
7.475645151 6.234088719 

7.096737396 5.373099584 
7.483253024 5.435940471 

2.437586826 3.250892583 
2.383655576 2.912068114 

3.34379147 0.7117582935 
3.579906127 0.7997298962 

4.859476909 5.419334305 
5.166547441 5.411653835 

4.998744683 8.022475061 
5.143150187 7.60627397 

4.163267098 2.332443406 
4.29157614 2.212144635 

4.270186153 2.127646849 
4.29157614 2.212144635 

2.288383249 7.359372876 
2.084317548 7.264758594 

5.526129471 6.044102551 
5.250573932 6.020047228 

5.072710639 5.941938589 
5.250573932 6.020047228 

7.096737396 5.373099584 
7.026195463 5.515439055 

6.929544329 5.668406824 
7.026195463 5.515439055 

3.978447999 3.084710073 
4.132768712 2.86405824 

6.550310498 6.933162206 
6.231156651 6.738559411 

7.253375078 6.514705038 
7.153323566 6.673063154 

6.04705165 6.265439417 
5.882248453 6.425761882 

5.74367604 6.52201105 
5.882248453 6.425761882 

6.105588896 5.995936386 
6.030066511 5.86845725 

1.976332178 6.121607473 
1.801557521 6.028155072 

2.370140262 7.875824676 
2.45703151 8.078823982 

1.330743581 7.730693438 
1.301810399 7.976057785 

4.451941792 1.344259343 
4.359380921 1.186288757 

5.910735442 6.561498949 
5.882248453 6.425761882 

1.797047535 2.176680235 
1.544234483 2.0564191 

0.9672551774 6.98938587 
0.7157830632 6.918187103 

6.903567906 6.340147374 
6.569574582 6.460625201 

0.5288157223 8.62663468 
0.6575404017 8.556905918 

0.7479784244 8.536775006 
0.6575404017 8.556905918 

1.749476952 9.30613097 
1.704604056 9.172016004 

1.595583662 9.061624305 
1.704604056 9.172016004 

3.67106784 7.888122664 
3.535044378 8.341087563 

1.590930674 7.500386373 
1.763289037 7.610649974 

1.890968712 7.681601101 
1.763289037 7.610649974 

1.974101838 3.339190289 
1.930839941 3.4695992 

1.323573362 6.586796188 
1.086610091 6.595288376 

1.511020784 8.401822631 
1.647272242 8.297500703 

2.420034186 6.247566878 
2.195263376 6.031028633 

4.859476909 5.419334305 
5.061528046 5.171766353 

3.336762475 0.5147409084 
3.395455508 0.3571461221 

1.613978566 1.403419446 
1.915255726 1.318813916 

2.071467338 1.352578053 
1.915255726 1.318813916 

2.034984713 8.51244827 
1.632137339 8.564318078 

1.098477891 8.051632195 
1.301810399 7.976057785 

1.84553787 6.307291158 
2.002012511 6.339283149 

1.930064486 1.502175345 
1.915255726 1.318813916 

1.797047535 2.176680235 
1.636867838 2.198247907 

4.136197455 0.5713277556 
4.096665193 0.7399396445 

4.120097124 0.8310015399 
4.096665193 0.7399396445 

3.261151896 3.927190949 
3.375299124 3.708799861 

3.212696573 3.514733935 
3.375299124 3.708799861 

5.563878588 7.972122024 
5.441629125 8.158920725 

0.7150136298 6.623700595 
0.7829332553 6.562382942 

2.973315365 1.742229742 
2.713868528 1.830223539 

7.174431965 5.930553243 
7.234418858 5.728343428 

2.097834377 3.493701321 
2.045741659 3.455858018 

1.974101838 3.339190289 
2.045741659 3.455858018 

2.97876661 3.392455519 
2.810564364 3.548091472 

5.18506527 6.423320707 
5.250573932 6.020047228 

3.34379147 0.7117582935 
3.336762475 0.5147409084 

6.550310498 6.933162206 
6.382308788 6.684248598 

6.38618098 6.409797076 
6.382308788 6.684248598 

3.517325838 2.633231782 
3.309918994 2.384805805 

3.321125389 2.213236724 
3.309918994 2.384805805 

3.296353346 8.948117433 
2.865798971 8.693203972 

2.495906572 8.59416611 
2.865798971 8.693203972 

3.574911678 1.773275442 
3.626696782 1.604050055 

5.182701525 8.068454971 
5.142749738 7.898589313 

2.053881107 7.662114493 
2.112386013 7.573432161 

1.939886513 2.905991712 
1.715350704 2.727832798 

2.832388533 1.56647717 
2.863870381 1.450965111 

6.550310498 6.933162206 
6.421014284 6.837285701 

6.228935526 6.941913826 
6.421014284 6.837285701 

3.953174784 2.55797035 
4.163267098 2.332443406 

3.953174784 2.55797035 
3.709044866 2.333110827 

3.642320979 2.081680641 
3.709044866 2.333110827 

2.363236629 0.9042356935 
2.395363131 0.6922253421 

3.212696573 3.514733935 
3.187134967 3.626495382 

2.465206333 0.5422331472 
2.395363131 0.6922253421 

1.670981725 6.370954452 
1.323573362 6.586796188 

1.623975951 6.655000849 
1.832247505 6.733312653 

1.861476608 7.449697759 
1.724412096 7.343088292 

5.143150187 7.60627397 
4.975777245 7.656531936 

7.234418858 5.728343428 
7.303889201 5.622867131 

3.67106784 7.888122664 
3.739305047 8.227948065 

1.636867838 2.198247907 
1.646134852 2.289324904 

5.900843235 5.523750389 
5.719063279 5.634131974 

3.321125389 2.213236724 
3.414462549 2.082597835 

7.475645151 6.234088719 
7.531169223 6.216267949 

2.732688964 2.101771446 
2.70143036 2.256133479 

2.863634495 2.453440584 
2.70143036 2.256133479 

5.931235116 6.771337223 
5.736423182 6.665702774 

5.593350053 6.4915757 
5.736423182 6.665702774 

4.157086445 5.857781758 
4.811544311 5.971716334 

5.526129471 6.044102551 
4.811544311 5.971716334 

2.44252512 7.016399416 
2.406467289 7.215641821 

2.288383249 7.359372876 
2.406467289 7.215641821 

3.355685294 7.002629016 
3.367924375 7.224244941 

4.753641679 5.640274068 
4.811544311 5.971716334 

6.324984988 7.988334237 
6.211808174 8.005759721 

2.215206722 3.636812976 
2.004178495 3.45844823 

4.019222519 3.823907491 
4.252619005 3.606296516 

3.640829442 3.036211854 
3.632363055 3.233726944 

4.841820079 5.831045535 
4.811544311 5.971716334 

6.924189089 7.056618322 
7.061605974 6.928948668 

5.74367604 6.52201105 
5.736423182 6.665702774 

1.352841353 9.070800564 
1.367074057 9.176063658 

1.525849587 2.466771232 
1.506454803 2.606118734 

3.537294618 2.229728009 
3.709044866 2.333110827 

6.481436068 5.266219653 
6.739328079 5.1332394 

2.730713943 7.977078133 
2.523853292 7.942890497 

2.370140262 7.875824676 
2.523853292 7.942890497 

6.069760924 6.600442663 
5.984372779 6.584826035 

5.910735442 6.561498949 
5.984372779 6.584826035 

4.160308267 1.931185469 
3.977386671 1.866049462 

7.483253024 5.435940471 
7.359557807 5.577958319 

7.303889201 5.622867131 
7.359557807 5.577958319 

7.000534332 8.052464992 
7.07898663 7.884062502 

3.423919197 1.600601462 
3.311300318 1.449341634 

3.173551103 1.325596687 
3.311300318 1.449341634 

2.759692631 8.840599959 
2.865798971 8.693203972 

5.182701525 8.068454971 
5.26937538 8.135101798 

4.545898212 6.963752743 
4.30139141 6.972647588 

6.190758748 7.33692946 
6.404240057 7.262509973 

2.793122784 8.484525735 
2.865798971 8.693203972 

7.619019767 6.71602516 
7.650906965 6.868018523 

1.379346195 8.680671369 
1.511020784 8.401822631 

3.413935817 1.859750119 
3.414462549 2.082597835 

2.010609917 8.227635513 
1.904073868 8.451284979 

2.787212638 7.569710388 
2.779428292 7.455176451 

5.739977793 7.330378563 
5.689611117 7.580648292 

5.595121998 7.700901281 
5.689611117 7.580648292 

4.401094755 6.644509818 
4.135082563 6.746588577 

2.760770643 0.8321112387 
2.79093301 0.9735858214 

1.379346195 8.680671369 
1.315034925 8.427844503 

0.7023292742 7.604162552 
0.4208076945 7.458270636 

2.190906484 9.187559881 
2.405542186 9.332881786 

2.637225782 9.485963794 
2.405542186 9.332881786 

2.355510754 1.338302117 
2.648950582 1.572487131 

2.973315365 1.742229742 
2.648950582 1.572487131 

6.231156651 6.738559411 
6.382308788 6.684248598 

5.040970357 6.576966441 
5.125922556 6.725235298 

5.369019232 6.712876245 
5.125922556 6.725235298 

5.260955313 7.709265006 
5.143150187 7.60627397 

2.255874583 0.6602882634 
2.073800641 0.7100280242 

1.938722356 6.86492645 
1.832247505 6.733312653 

0.5262656757 7.667831389 
0.5369321452 7.552264241 

0.4208076945 7.458270636 
0.5369321452 7.552264241 

2.034451832 5.91852951 
2.288760129 5.897044675 

1.640602242 3.280794991 
1.867160477 3.404750473 

2.004178495 3.45844823 
1.867160477 3.404750473 

3.367924375 7.224244941 
3.448607073 7.309592928 

3.227033349 2.920479924 
3.339129763 2.685778345 

3.517325838 2.633231782 
3.339129763 2.685778345 

3.535044378 8.341087563 
3.739305047 8.227948065 

3.09130681 6.321217663 
3.11781941 6.409891318 

2.383655576 2.912068114 
2.577381232 2.89504182 

2.734125756 2.850524326 
2.577381232 2.89504182 

4.789134845 7.493200203 
4.715832944 7.305457174 

1.65938315 7.006881162 
1.730388312 7.233705824 

1.861476608 7.449697759 
1.730388312 7.233705824 

4.841820079 5.831045535 
5.010802965 5.685820358 

5.166547441 5.411653835 
5.010802965 5.685820358 

2.878888152 2.271326851 
2.70143036 2.256133479 

1.330743581 7.730693438 
0.8404277355 7.98978669 

2.44252512 7.016399416 
2.278714758 7.098880133 

1.382455189 7.226977611 
1.14699636 7.155630708 

4.560780238 3.13637161 
4.672429636 3.121660152 

2.79093301 0.9735858214 
2.87007413 0.8868532554 

2.997554323 0.7880874708 
2.87007413 0.8868532554 

3.395455508 0.3571461221 
3.271514272 0.3503840838 

0.9672551774 6.98938587 
1.000267373 6.768008399 

1.91395888 1.697554214 
1.714527404 1.795531609 

1.527961971 1.755921822 
1.714527404 1.795531609 

6.883070317 5.38532706 
7.026195463 5.515439055 

3.953174784 2.55797035 
3.755524408 2.791473548 

3.640829442 3.036211854 
3.755524408 2.791473548 

5.736423182 6.665702774 
5.625705388 6.743256211 

1.659669097 7.880315534 
1.886586615 7.896036709 

0.5881913129 7.309030421 
0.7094775537 7.278814801 

0.8040434227 7.17825559 
0.7094775537 7.278814801 

1.613978566 1.403419446 
1.797199077 1.410586211 

1.930064486 1.502175345 
1.797199077 1.410586211 

1.724412096 7.343088292 
1.730388312 7.233705824 

3.171364032 1.885631775 
3.151939862 2.051894963 

3.167083208 2.179753338 
3.151939862 2.051894963 

4.30139141 6.972647588 
4.135082563 6.746588577 

1.045650799 6.377626169 
1.154171094 6.297791289 

1.098477891 8.051632195 
0.8404277355 7.98978669 

6.425200107 8.251607035 
6.288057827 8.113691913 

2.810564364 3.548091472 
2.733134122 3.60922735 

5.444927041 7.65843118 
5.260955313 7.709265006 

5.511819073 4.778184597 
5.617697514 4.616142492 

7.526735956 6.479318693 
7.475645151 6.234088719 

7.200339487 7.06233391 
6.924189089 7.056618322 

2.748620605 9.14699362 
2.650839374 9.145300287 

6.610864326 5.699609018 
6.929544329 5.668406824 

2.8510708 6.655894803 
2.644814085 6.640811065 

2.671531638 2.646126455 
2.577381232 2.89504182 

7.413182546 6.646733817 
7.526735956 6.479318693 

2.112386013 7.573432161 
2.257121478 7.511960799 

2.1276168 2.110804157 
1.897395876 1.989484736 

6.729797103 6.49664316 
6.863813202 6.723859105 

5.166547441 5.411653835 
5.061528046 5.171766353 

7.200339487 7.06233391 
7.099350675 7.180854964 

5.931235116 6.771337223 
5.984372779 6.584826035 

5.441629125 8.158920725 
5.355096045 8.145068481 

5.26937538 8.135101798 
5.355096045 8.145068481 

7.400228322 7.321724586 
7.244725824 7.453983287 

1.930839941 3.4695992 
2.004178495 3.45844823 

2.671531638 2.646126455 
2.459989721 2.53547936 

3.762652734 8.545681765 
3.621463195 8.490183785 

2.495906572 8.59416611 
2.631729515 8.721099085 

2.759692631 8.840599959 
2.631729515 8.721099085 

4.359380921 1.186288757 
4.351690228 1.04485026 

5.931235116 6.771337223 
5.782919451 6.872686218 

3.11781941 6.409891318 
3.197772202 6.428014128 

6.659798139 7.959725275 
6.882103859 7.979524047 

7.000534332 8.052464992 
6.882103859 7.979524047 

1.491017641 9.336880857 
1.367074057 9.176063658 

3.261151896 3.927190949 
3.462582352 3.609053689 

6.903567906 6.340147374 
6.941576708 6.607607226 

4.163267098 2.332443406 
4.560206327 2.050070252 

4.948484514 1.706555622 
4.560206327 2.050070252 

4.555442269 1.822072984 
4.672665284 1.692368511 

4.561817609 1.621806745 
4.672665284 1.692368511 

6.684859112 6.135264951 
6.626277364 6.279192672 

6.569574582 6.460625201 
6.626277364 6.279192672 

3.517325838 2.633231782 
3.710903132 2.617104735 

3.423919197 1.600601462 
3.626696782 1.604050055 

2.998575598 2.719742096 
3.069652923 2.651999272 

3.077512541 2.499626037 
3.069652923 2.651999272 

2.713868528 1.830223539 
2.648950582 1.572487131 

2.190906484 9.187559881 
2.070415116 9.085571825 

2.278714758 7.098880133 
2.406467289 7.215641821 

1.37105151 2.676170863 
1.562902704 2.681482923 

1.715350704 2.727832798 
1.562902704 2.681482923 

3.216050396 2.126103081 
3.282587395 2.120013097 

3.414462549 2.082597835 
3.282587395 2.120013097 

6.38618098 6.409797076 
6.569574582 6.460625201 

2.522847415 1.976676415 
2.154454185 1.69759296 

3.391806235 6.462234836 
3.254976945 6.439575519 

3.197772202 6.428014128 
3.254976945 6.439575519 

6.684859112 6.135264951 
6.975662151 5.898900474 

5.782919451 6.872686218 
5.684392018 6.890761921 

3.839398405 7.153777827 
3.981995959 7.44858534 

6.069760924 6.600442663 
6.184932181 6.53272632 

6.335260243 6.139988447 
6.38618098 6.409797076 

1.613978566 1.403419446 
1.868762157 1.500116883 

2.154454185 1.69759296 
1.868762157 1.500116883 

6.288057827 8.113691913 
6.189785406 8.108140318 

3.151939862 2.051894963 
3.216050396 2.126103081 

3.296353346 8.948117433 
3.171236867 8.624128958 

3.120563582 8.293734052 
3.171236867 8.624128958 

4.571937243 6.103086358 
4.811544311 5.971716334 

3.462582352 3.609053689 
3.375299124 3.708799861 

2.215206722 3.636812976 
2.372424657 3.430886559 

6.335260243 6.139988447 
6.233894194 6.069870251 

6.105588896 5.995936386 
6.233894194 6.069870251 

1.930839941 3.4695992 
1.867160477 3.404750473 

6.068635022 8.170141946 
6.143111421 8.074361172 

6.211808174 8.005759721 
6.143111421 8.074361172 

3.511496956 0.4657548278 
3.395455508 0.3571461221 

3.511496956 0.4657548278 
3.445527295 0.5796331864 

3.34379147 0.7117582935 
3.445527295 0.5796331864 

6.425200107 8.251607035 
6.552448345 8.237376418 

5.461629177 5.702191742 
5.250573932 6.020047228 

2.495906572 8.59416611 
2.315307745 8.528395729 

2.034984713 8.51244827 
2.315307745 8.528395729 

3.171364032 1.885631775 
3.035447574 1.555708378 

6.309970744 5.445141714 
6.273366679 5.647072451 

5.882248453 6.425761882 
5.697335158 6.244162219 

7.483253024 5.435940471 
7.225132592 5.653291854 

6.975662151 5.898900474 
7.225132592 5.653291854 

6.059362599 7.871403398 
6.211808174 8.005759721 

2.890236055 6.82647497 
2.926178155 7.014253061 

3.710903132 2.617104735 
3.614906733 2.513852948 

6.324984988 7.988334237 
6.288057827 8.113691913 

4.571937243 6.103086358 
4.602658182 6.30842782 

4.618706091 6.473321415 
4.602658182 6.30842782 

6.382308788 6.684248598 
6.421014284 6.837285701 

0.7023292742 7.604162552 
0.5356082646 7.898343443 

3.710903132 2.617104735 
3.755524408 2.791473548 

4.076439889 7.632927409 
4.199524228 7.433535163 

4.296890976 7.292094647 
4.199524228 7.433535163 

0.5356082646 7.898343443 
0.6412081595 7.984912283 

5.900843235 5.523750389 
5.949635595 5.71532239 

6.030066511 5.86845725 
5.949635595 5.71532239 

1.632137339 8.564318078 
1.379346195 8.680671369 

1.861476608 7.449697759 
2.112386013 7.573432161 

1.527961971 1.755921822 
1.741937118 1.896709127 

1.897395876 1.989484736 
1.741937118 1.896709127 

3.413935817 1.859750119 
3.574911678 1.773275442 

7.200339487 7.06233391 
7.333948809 7.024545082 

7.545275223 6.985176736 
7.333948809 7.024545082 

5.166547441 5.411653835 
5.288565006 5.544684884 

6.059362599 7.871403398 
6.143111421 8.074361172 

1.382455189 7.226977611 
1.283603387 7.35126534 

1.255218373 7.446836396 
1.283603387 7.35126534 

3.93034356 2.179089294 
3.709044866 2.333110827 

2.388345704 8.830902167 
2.598203684 8.898684904 

1.491017641 9.336880857 
1.363590784 9.265416356 

3.326295439 7.551797417 
3.558566096 7.505034144 

3.735300143 7.533640751 
3.558566096 7.505034144 

4.368919135 7.657377604 
4.199524228 7.433535163 

4.795965231 2.415853862 
4.868163748 2.476773594 

5.050927603 2.551599308 
4.868163748 2.476773594 

2.355510754 1.338302117 
2.300138916 1.477677888 

1.930064486 1.502175345 
1.868762157 1.500116883 

3.271514272 0.3503840838 
3.250231315 0.2266542241 

4.672665284 1.692368511 
4.72445431 1.820679178 

5.697335158 6.244162219 
5.800528462 6.180854057 

5.833937199 6.077774209 
5.800528462 6.180854057 

6.159566347 5.051153917 
6.025419674 4.823077671 

6.159566347 5.051153917 
6.111622763 5.188150573 

6.135505679 5.334737595 
6.111622763 5.188150573 

3.244260326 6.29102762 
3.170325561 6.205737414 

3.93034356 2.179089294 
3.897526637 2.030838877 

3.977386671 1.866049462 
3.897526637 2.030838877 

1.869864373 1.054839907 
1.742023345 1.158860947 

3.090170407 8.715652921 
3.171236867 8.624128958 

6.059362599 7.871403398 
6.202112021 7.581749714 

1.640602242 3.280794991 
1.775987184 3.068320778 

1.939886513 2.905991712 
1.775987184 3.068320778 

2.965086063 2.034562582 
3.151939862 2.051894963 

2.302394876 2.426509533 
2.356110082 2.361266607 

2.485845446 2.348015452 
2.356110082 2.361266607 

4.602658182 6.30842782 
4.726610052 6.302718706 

2.730713943 7.977078133 
2.56670299 7.829520672 

2.413420094 7.712222093 
2.56670299 7.829520672 

5.061528046 5.171766353 
4.830032665 5.1507857 

2.333233852 6.411958284 
2.290396935 6.279817479 

3.282587395 2.120013097 
3.321125389 2.213236724 

2.965086063 2.034562582 
3.020356311 2.230424691 

3.095091791 2.330934276 
3.020356311 2.230424691 

6.924189089 7.056618322 
7.02073344 7.082713352 

7.099350675 7.180854964 
7.02073344 7.082713352 

4.859476909 5.419334305 
4.756606101 5.367544003 

2.027261163 8.839612341 
2.070415116 9.085571825 

7.531169223 6.216267949 
7.575174331 6.250426711 

1.301810399 7.976057785 
1.44466794 7.918866197 

1.46900031 7.997942839 
1.44466794 7.918866197 

1.469740796 5.886926044 
1.646530473 6.056735794 

1.711458165 6.171473725 
1.646530473 6.056735794 

5.526129471 6.044102551 
5.3540521 6.20278582 

4.451941792 1.344259343 
4.291300796 1.574818719 

1.974101838 3.339190289 
1.867160477 3.404750473 

3.227033349 2.920479924 
3.069652923 2.651999272 

2.451077844 0.7260915936 
2.395363131 0.6922253421 

1.684165646 8.15908561 
1.858697259 8.194150968 

2.010609917 8.227635513 
1.858697259 8.194150968 

6.904974139 5.994104538 
6.975662151 5.898900474 

5.250573932 6.020047228 
5.3540521 6.20278582 

3.621463195 8.490183785 
3.56804139 8.427187956 

3.535044378 8.341087563 
3.56804139 8.427187956 

2.363236629 0.9042356935 
2.356610434 1.183569874 

2.355510754 1.338302117 
2.356610434 1.183569874 

3.004982386 9.089884645 
3.16223015 8.980357615 

3.747064878 0.87668621 
3.930848544 0.7694023413 

1.086610091 6.595288376 
1.045650799 6.377626169 

5.3540521 6.20278582 
5.176308397 6.234010841 

2.465206333 0.5422331472 
2.555825588 0.5167896751 

2.158037865 6.687043118 
2.017891887 6.79337348 

1.938722356 6.86492645 
2.017891887 6.79337348 

3.375299124 3.708799861 
3.532035912 3.852733283 

6.231156651 6.738559411 
6.184932181 6.53272632 

2.421758872 2.189567351 
2.449411519 2.0669181 

2.522847415 1.976676415 
2.449411519 2.0669181 

2.420034186 6.247566878 
2.328078123 6.249587046 

2.290396935 6.279817479 
2.328078123 6.249587046 

3.642320979 2.081680641 
3.897526637 2.030838877 

6.056299557 7.099122448 
5.966388341 7.128219694 

5.843939284 7.097368438 
5.966388341 7.128219694 

6.335260243 6.139988447 
6.431955121 6.00291599 

3.336762475 0.5147409084 
3.445527295 0.5796331864 

2.278714758 7.098880133 
2.185188736 7.145260772 

2.084317548 7.264758594 
2.185188736 7.145260772 

2.45703151 8.078823982 
2.523853292 7.942890497 

2.495906572 8.59416611 
2.651333866 8.49954966 

5.461629177 5.702191742 
5.719063279 5.634131974 

1.65938315 7.006881162 
1.684353185 7.45552625 

1.659669097 7.880315534 
1.684353185 7.45552625 

6.234325362 5.859162836 
6.030066511 5.86845725 

1.315034925 8.427844503 
1.386902996 8.276499848 

1.443773734 8.118881664 
1.386902996 8.276499848 

1.659669097 7.880315534 
1.763289037 7.610649974 

6.903567906 6.340147374 
6.626277364 6.279192672 

1.11067605 9.281157712 
1.277392216 9.234433081 

1.367074057 9.176063658 
1.277392216 9.234433081 

0.7415325176 8.830337493 
0.9312013336 8.733937715 

1.051901302 8.700180932 
0.9312013336 8.733937715 

1.544234483 2.0564191 
1.636867838 2.198247907 

6.684859112 6.135264951 
6.536414875 6.126620383 

1.742023345 1.158860947 
1.915255726 1.318813916 

2.733134122 3.60922735 
2.653081309 3.663172529 

7.061605974 6.928948668 
7.02073344 7.082713352 

3.326295439 7.551797417 
3.139334351 7.649274257 

2.907794477 7.754549132 
3.139334351 7.649274257 

1.904073868 8.451284979 
1.997340766 8.413761205 

2.034984713 8.51244827 
1.997340766 8.413761205 

3.104297661 7.034933949 
2.926178155 7.014253061 

4.756606101 5.367544003 
4.687912018 5.336559785 

3.423919197 1.600601462 
3.432825595 1.72378016 

3.413935817 1.859750119 
3.432825595 1.72378016 

5.010802965 5.685820358 
5.206219677 5.684972208 

5.251840426 7.21838338 
5.206063489 7.43073954 

5.143150187 7.60627397 
5.206063489 7.43073954 

6.273366679 5.647072451 
6.06358807 5.647902652 

5.081557804 2.127991875 
5.104227954 2.335079511 

1.590930674 7.500386373 
1.684353185 7.45552625 

3.035447574 1.555708378 
2.863870381 1.450965111 

4.753641679 5.640274068 
4.93417517 5.413865724 

3.759368979 3.984674956 
3.903347525 3.853920711 

4.019222519 3.823907491 
3.903347525 3.853920711 

5.931235116 6.771337223 
5.966388341 7.128219694 

3.918118743 1.586085503 
3.855178447 1.706423317 

1.623975951 6.655000849 
1.603082083 6.899472757 

1.65938315 7.006881162 
1.603082083 6.899472757 

1.301810399 7.976057785 
1.46900031 7.997942839 

1.861476608 7.449697759 
1.684353185 7.45552625 

1.861476608 7.449697759 
1.957160168 7.584193037 

4.687912018 5.336559785 
4.630948535 5.318534193 

1.255218373 7.446836396 
1.330743581 7.730693438 

1.801557521 6.028155072 
1.680746905 5.994982978 

1.469740796 5.886926044 
1.680746905 5.994982978 

4.93417517 5.413865724 
4.859476909 5.419334305 

6.04705165 6.265439417 
6.184932181 6.53272632 

2.154454185 1.69759296 
2.334273087 1.732903783 

6.598845043 6.692718073 
6.382308788 6.684248598 

1.039452014 7.636172732 
1.042545286 7.845794294 

1.098477891 8.051632195 
1.042545286 7.845794294 

2.531296058 9.126734137 
2.591558241 9.203846801 

2.650839374 9.145300287 
2.591558241 9.203846801 

5.729303342 7.038275688 
5.782919451 6.872686218 

2.78623507 6.470074518 
2.751394435 6.540427525 

6.903567906 6.340147374 
6.911641992 6.146760521 

6.904974139 5.994104538 
6.911641992 6.146760521 

5.072710639 5.941938589 
4.811544311 5.971716334 

6.92170962 7.81066439 
6.882103859 7.979524047 

1.886586615 7.896036709 
1.994167585 7.954215136 

2.043327724 8.047969981 
1.994167585 7.954215136 

2.602300968 5.868012333 
2.495915309 5.939600357 

2.467661493 6.01147906 
2.495915309 5.939600357 

2.878888152 2.271326851 
3.020356311 2.230424691 

3.839398405 7.153777827 
4.093992545 7.179707434 

4.296890976 7.292094647 
4.093992545 7.179707434 

1.957160168 7.584193037 
1.890968712 7.681601101 

2.651333866 8.49954966 
2.729981072 8.26134637 

0.8404277355 7.98978669 
0.8434638995 7.858756223 

4.451941792 1.344259343 
4.288951606 1.383810449 

4.11637322 1.44609712 
4.288951606 1.383810449 

5.910735442 6.561498949 
5.861338022 6.496955213 

5.74367604 6.52201105 
5.861338022 6.496955213 

3.978447999 3.084710073 
4.170079636 3.076332354 

4.339352615 3.127153982 
4.170079636 3.076332354 

2.158037865 6.687043118 
1.971674827 6.728992779 

1.832247505 6.733312653 
1.971674827 6.728992779 

1.724412096 7.343088292 
1.684353185 7.45552625 

1.590930674 7.500386373 
1.642854135 7.371238598 

1.724412096 7.343088292 
1.642854135 7.371238598 

2.215206722 3.636812976 
2.097834377 3.493701321 

2.492543205 3.854212563 
2.424092546 3.67890047 

2.112386013 7.573432161 
1.957160168 7.584193037 

6.404240057 7.262509973 
6.508284696 7.367525183 

6.601452421 7.456826849 
6.508284696 7.367525183 

1.544234483 2.0564191 
1.586588991 1.91165288 

5.637586603 4.972614278 
5.663070096 4.835856783 

3.167083208 2.179753338 
3.020356311 2.230424691 

6.279841414 4.695264019 
6.359496944 4.87385573 

7.174431965 5.930553243 
6.975662151 5.898900474 

6.739328079 5.1332394 
6.935059023 5.154627955 

5.800528462 6.180854057 
5.882248453 6.425761882 

7.400228322 7.321724586 
7.437794509 6.90159958 

7.526735956 6.479318693 
7.437794509 6.90159958 

0.7023292742 7.604162552 
0.5369321452 7.552264241 

6.04705165 6.265439417 
6.233894194 6.069870251 

2.642359654 7.326285548 
2.723683089 7.385159112 

2.779428292 7.455176451 
2.723683089 7.385159112 

2.832388533 1.56647717 
2.767457238 1.633797935 

4.948484514 1.706555622 
4.799478656 1.753999942 

4.672665284 1.692368511 
4.799478656 1.753999942 

1.11067605 9.281157712 
1.254341733 9.335254146 

1.363590784 9.265416356 
1.254341733 9.335254146 

3.642320979 2.081680641 
3.93034356 2.179089294 

2.671531638 2.646126455 
2.540170542 2.792318011 

2.383655576 2.912068114 
2.540170542 2.792318011 

2.973315365 1.742229742 
2.767457238 1.633797935 

3.355685294 7.002629016 
3.376317266 6.735601695 

7.688870351 6.108365293 
7.604930416 6.181008889 

7.575174331 6.250426711 
7.604930416 6.181008889 

7.413182546 6.646733817 
7.619019767 6.71602516 

3.762652734 8.545681765 
3.573121251 8.298890595 

3.348556565 7.949805227 
3.573121251 8.298890595 

1.714527404 1.795531609 
1.741937118 1.896709127 

4.618706091 6.473321415 
4.829111079 6.429086184 

4.981467955 6.35216541 
4.829111079 6.429086184 

2.017744835 2.573702147 
2.078605366 2.439388566 

2.155516236 2.307487739 
2.078605366 2.439388566 

5.882248453 6.425761882 
5.861338022 6.496955213 

2.363236629 0.9042356935 
2.568251019 0.9367185675 

4.942878271 7.12481066 
5.086374 7.277585257 

5.251840426 7.21838338 
5.086374 7.277585257 

3.574911678 1.773275442 
3.432825595 1.72378016 

7.174431965 5.930553243 
7.070889722 5.762613224 

6.929544329 5.668406824 
7.070889722 5.762613224 

6.883070317 5.38532706 
7.017468706 5.268792392 

1.742023345 1.158860947 
1.719040742 1.283896761 

1.613978566 1.403419446 
1.719040742 1.283896761 

5.576894687 5.382635183 
5.655734275 5.569333053 

5.719063279 5.634131974 
5.655734275 5.569333053 

1.244999196 8.764925005 
1.192471446 9.002882957 

6.04705165 6.265439417 
6.03811744 6.495838827 

5.984372779 6.584826035 
6.03811744 6.495838827 

4.462404129 5.284650229 
4.563870036 5.297923466 

4.630948535 5.318534193 
4.563870036 5.297923466 

2.378894481 8.340770455 
2.315307745 8.528395729 

2.073800641 0.7100280242 
2.024015396 0.7630129536 

5.593350053 6.4915757 
5.490956455 6.575283573 

5.369019232 6.712876245 
5.490956455 6.575283573 

4.368919135 7.657377604 
4.679056065 7.825787568 

4.998744683 8.022475061 
4.679056065 7.825787568 

1.763289037 7.610649974 
1.957160168 7.584193037 

2.607290904 7.603890069 
2.731634195 7.682845297 

2.907794477 7.754549132 
2.731634195 7.682845297 

1.797047535 2.176680235 
1.897395876 1.989484736 

2.915858932 7.219971912 
2.716374387 7.133599805 

4.898843043 1.987526567 
4.72445431 1.820679178 

2.172358714 3.354843226 
1.974101838 3.339190289 

0.3253058564 8.145822684 
0.4449508059 8.031534863 

0.5356082646 7.898343443 
0.4449508059 8.031534863 

2.333233852 6.411958284 
2.328078123 6.249587046 

4.898843043 1.987526567 
4.923199759 1.856555443 

4.948484514 1.706555622 
4.923199759 1.856555443 

2.333233852 6.411958284 
2.145298672 6.377669083 

2.002012511 6.339283149 
2.145298672 6.377669083 

4.975777245 7.656531936 
5.142749738 7.898589313 

6.231156651 6.738559411 
6.280602064 6.605414439 

6.38618098 6.409797076 
6.280602064 6.605414439 

4.381909143 2.86743937 
4.273078609 2.815626714 

4.132768712 2.86405824 
4.273078609 2.815626714 

6.03811744 6.495838827 
6.069760924 6.600442663 

7.017468706 5.268792392 
7.096737396 5.373099584 

3.171364032 1.885631775 
3.29814744 1.990426809 

3.414462549 2.082597835 
3.29814744 1.990426809 

6.234325362 5.859162836 
6.161026179 5.882619813 

6.105588896 5.995936386 
6.161026179 5.882619813 

3.573121251 8.298890595 
3.535044378 8.341087563 

2.201377775 7.705714922 
2.257121478 7.511960799 

2.148351726 8.398272899 
2.218407232 8.191680412 

2.243017428 8.079356594 
2.218407232 8.191680412 

5.288565006 5.544684884 
5.206219677 5.684972208 

2.555825588 0.5167896751 
2.570146531 0.4108246382 

3.077512541 2.499626037 
3.140126044 2.661299761 

6.06358807 5.647902652 
5.949635595 5.71532239 

2.190906484 9.187559881 
1.981398606 9.224817464 

2.716374387 7.133599805 
2.615936808 7.062621803 

7.437794509 6.90159958 
7.333948809 7.024545082 

2.215206722 3.636812976 
2.318171441 3.654219793 

2.424092546 3.67890047 
2.318171441 3.654219793 

4.351690228 1.04485026 
4.371136859 0.9648546511 

3.67106784 7.888122664 
3.508031556 7.969375701 

3.348556565 7.949805227 
3.508031556 7.969375701 

6.068635022 8.170141946 
6.129098156 8.141642627 

6.189785406 8.108140318 
6.129098156 8.141642627 

7.545275223 6.985176736 
7.45653502 6.800591768 

7.413182546 6.646733817 
7.45653502 6.800591768 

2.053881107 7.662114493 
2.201377775 7.705714922 

2.653081309 3.663172529 
2.609373734 3.729498372 

0.7703049846 8.141008591 
0.5564546219 8.150383777 

6.202112021 7.581749714 
6.179114178 7.485963239 

6.190758748 7.33692946 
6.179114178 7.485963239 

2.300138916 1.477677888 
2.358953135 1.590302638 

2.334273087 1.732903783 
2.358953135 1.590302638 

1.647272242 8.297500703 
1.644500088 8.438396046 

1.632137339 8.564318078 
1.644500088 8.438396046 

5.593350053 6.4915757 
5.697335158 6.244162219 

5.593350053 6.4915757 
5.724629612 6.403501171 

5.882248453 6.425761882 
5.724629612 6.403501171 

3.448607073 7.309592928 
3.396284662 7.422299979 

3.326295439 7.551797417 
3.396284662 7.422299979 

1.527961971 1.755921822 
1.690705515 1.968326644 

5.288565006 5.544684884 
5.383248945 5.602702609 

5.461629177 5.702191742 
5.383248945 5.602702609 

3.977386671 1.866049462 
3.855178447 1.706423317 

2.997554323 0.7880874708 
3.120908734 0.8238083393 

3.2331636 0.9149139215 
3.120908734 0.8238083393 

6.903567906 6.340147374 
7.041171105 6.300592527 

7.198560173 6.308646093 
7.041171105 6.300592527 

2.492543205 3.854212563 
2.569620952 3.768947767 

2.609373734 3.729498372 
2.569620952 3.768947767 

3.953174784 2.55797035 
3.815803565 2.587975665 

3.710903132 2.617104735 
3.815803565 2.587975665 

1.65938315 7.006881162 
1.79549489 6.930117578 

1.938722356 6.86492645 
1.79549489 6.930117578 

3.747064878 0.87668621 
3.597960701 0.9645124042 

0.5564546219 8.150383777 
0.4191019234 8.23810017 

3.505167001 3.222079159 
3.490808373 3.438961021 

3.462582352 3.609053689 
3.490808373 3.438961021 

2.44252512 7.016399416 
2.598289688 7.165700164 

2.642359654 7.326285548 
2.598289688 7.165700164 

4.571937243 6.103086358 
4.45200137 6.095142787 

4.362478141 6.084013065 
4.45200137 6.095142787 

2.948022417 2.902994529 
3.048895316 3.088100076 

3.131603612 3.282904027 
3.048895316 3.088100076 

3.296353346 8.948117433 
3.188183482 8.827987598 

3.090170407 8.715652921 
3.188183482 8.827987598 

0.9895876976 7.448404101 
1.178314753 7.589110823 

1.330743581 7.730693438 
1.178314753 7.589110823 

2.158037865 6.687043118 
2.232390947 6.521344147 

2.333233852 6.411958284 
2.232390947 6.521344147 

2.671531638 2.646126455 
2.677855332 2.900851577 

2.378894481 8.340770455 
2.218407232 8.191680412 

2.978173074 1.303820342 
2.96874506 1.386985491 

4.505801451 2.400264299 
4.587144351 2.595508259 

2.615936808 7.062621803 
2.544439807 7.06301431 

2.44252512 7.016399416 
2.544439807 7.06301431 

1.039452014 7.636172732 
1.178314753 7.589110823 

1.315034925 8.427844503 
1.419696251 8.407587243 

1.511020784 8.401822631 
1.419696251 8.407587243 

3.227033349 2.920479924 
3.048895316 3.088100076 

3.140126044 2.661299761 
3.187634888 2.748852956 

7.210157966 5.189325803 
7.041209653 5.131724255 

6.935059023 5.154627955 
7.041209653 5.131724255 

0.9895876976 7.448404101 
0.8521123908 7.520157527 

0.7023292742 7.604162552 
0.8521123908 7.520157527 

3.309918994 2.384805805 
3.339129763 2.685778345 

5.74367604 6.52201105 
5.724629612 6.403501171 

4.799478656 1.753999942 
4.72445431 1.820679178 

2.034451832 5.91852951 
2.162527089 5.963589954 

2.195263376 6.031028633 
2.162527089 5.963589954 

7.545275223 6.985176736 
7.437794509 6.90159958 

1.91395888 1.697554214 
2.030160168 1.738772151 

2.154454185 1.69759296 
2.030160168 1.738772151 

3.977386671 1.866049462 
3.861856016 1.852016978 

3.751956346 1.809500461 
3.861856016 1.852016978 

2.190906484 9.187559881 
2.160506679 9.010472936 

2.027261163 8.839612341 
2.160506679 9.010472936 

2.333233852 6.411958284 
2.420034186 6.247566878 

1.640602242 3.280794991 
1.792072967 3.369267923 

1.930839941 3.4695992 
1.792072967 3.369267923 

2.677855332 2.900851577 
2.734125756 2.850524326 

6.941576708 6.607607226 
7.119273785 6.58680746 

7.253375078 6.514705038 
7.119273785 6.58680746 

4.56190444 7.290091024 
4.645078167 7.295344573 

4.715832944 7.305457174 
4.645078167 7.295344573 

6.431955121 6.00291599 
6.527118323 6.040567766 

6.536414875 6.126620383 
6.527118323 6.040567766 

2.019937033 7.031724112 
2.185188736 7.145260772 

1.244913547 6.217247128 
1.163371764 6.388256157 

1.086610091 6.595288376 
1.163371764 6.388256157 

0.7829332553 6.562382942 
0.7975114339 6.482094276 

2.019937033 7.031724112 
2.038146462 7.137890132 

2.084317548 7.264758594 
2.038146462 7.137890132 

3.104297661 7.034933949 
3.028195785 6.907664324 

5.617697514 4.616142492 
5.778531841 4.688946088 

5.877686819 4.75437492 
5.778531841 4.688946088 

4.196556544 6.247088146 
4.362478141 6.084013065 

4.371136859 0.9648546511 
4.407777879 0.9102176999 

1.659669097 7.880315534 
1.44466794 7.918866197 

0.3253058564 8.145822684 
0.5688434221 8.074975394 

0.8404277355 7.98978669 
0.5688434221 8.074975394 

2.148351726 8.398272899 
1.997340766 8.413761205 

6.069760924 6.600442663 
6.164864476 6.656693707 

6.231156651 6.738559411 
6.164864476 6.656693707 

2.459989721 2.53547936 
2.485845446 2.348015452 

2.651333866 8.49954966 
2.70898564 8.473978735 

2.793122784 8.484525735 
2.70898564 8.473978735 

1.244913547 6.217247128 
1.115037204 6.117916679 

2.45703151 8.078823982 
2.578727084 8.024834025 

2.730713943 7.977078133 
2.578727084 8.024834025 

4.672429636 3.121660152 
4.381909143 2.86743937 

4.882503258 2.931080305 
4.75625321 2.967193623 

2.56670299 7.829520672 
2.607290904 7.603890069 

6.06358807 5.647902652 
5.984390621 5.589283848 

1.382455189 7.226977611 
1.476974248 7.380822787 

1.590930674 7.500386373 
1.476974248 7.380822787 

4.981467955 6.35216541 
5.176308397 6.234010841 

2.760770643 0.8321112387 
2.87007413 0.8868532554 

7.526735956 6.479318693 
7.515098522 6.007363961 

2.116890521 7.430833486 
2.072678969 7.518263219 

2.112386013 7.573432161 
2.072678969 7.518263219 

5.949635595 5.71532239 
5.984390621 5.589283848 

4.555442269 1.822072984 
4.356817925 1.875184263 

4.160308267 1.931185469 
4.356817925 1.875184263 

5.18506527 6.423320707 
5.19311331 6.315997145 

5.176308397 6.234010841 
5.19311331 6.315997145 

4.136197455 0.5713277556 
4.014892622 0.6802393653 

3.930848544 0.7694023413 
4.014892622 0.6802393653 

1.527961971 1.755921822 
1.548097614 1.832519289 

1.586588991 1.91165288 
1.548097614 1.832519289 

1.849919574 8.853227428 
1.759472469 8.708919088 

1.632137339 8.564318078 
1.759472469 8.708919088 

1.323573362 6.586796188 
1.454756319 6.647821922 

5.739977793 7.330378563 
5.74699123 7.47719595 

2.160506679 9.010472936 
2.388345704 8.830902167 

6.550310498 6.933162206 
6.675621327 6.839202146 

6.785597378 6.792756427 
6.675621327 6.839202146 

4.75625321 2.967193623 
4.681646425 2.972545561 

2.070415116 9.085571825 
2.160506679 9.010472936 

1.623975951 6.655000849 
1.661653606 6.536407506 

1.670981725 6.370954452 
1.661653606 6.536407506 

6.499053467 5.002910371 
6.446939897 4.913039105 

6.359496944 4.87385573 
6.446939897 4.913039105 

5.061528046 5.171766353 
4.979135499 5.299883297 

4.93417517 5.413865724 
4.979135499 5.299883297 

5.689611117 7.580648292 
5.74699123 7.47719595 

0.4187429823 6.737593981 
0.5534213982 6.80623653 

0.7157830632 6.918187103 
0.5534213982 6.80623653 

7.07898663 7.884062502 
6.92170962 7.81066439 

7.07898663 7.884062502 
7.198605891 7.843250522 

7.319691185 7.763504585 
7.198605891 7.843250522 

1.244913547 6.217247128 
1.396827506 6.074616714 

5.18506527 6.423320707 
5.196391027 6.561654886 

1.254341733 9.335254146 
1.277392216 9.234433081 

1.861476608 7.449697759 
1.885325003 7.555590083 

1.890968712 7.681601101 
1.885325003 7.555590083 

2.421758872 2.189567351 
2.356110082 2.361266607 

4.998744683 8.022475061 
5.08884659 8.081285416 

1.957160168 7.584193037 
1.885325003 7.555590083 

2.44252512 7.016399416 
2.657199929 6.925541187 

2.890236055 6.82647497 
2.657199929 6.925541187 

6.280602064 6.605414439 
6.184932181 6.53272632 

2.378894481 8.340770455 
2.408938531 8.449196385 

2.495906572 8.59416611 
2.408938531 8.449196385 

3.227033349 2.920479924 
2.948022417 2.902994529 

3.227033349 2.920479924 
3.223763648 2.809900916 

3.187634888 2.748852956 
3.223763648 2.809900916 

5.739977793 7.330378563 
5.562468587 7.512246277 

5.444927041 7.65843118 
5.562468587 7.512246277 

1.646530473 6.056735794 
1.680746905 5.994982978 

3.250231315 0.2266542241 
3.318284141 0.3086194404 

3.395455508 0.3571461221 
3.318284141 0.3086194404 

2.421758872 2.189567351 
2.290318837 2.16902645 

2.1276168 2.110804157 
2.290318837 2.16902645 

2.288383249 7.359372876 
2.116890521 7.430833486 

4.841820079 5.831045535 
4.962973148 5.866079921 

5.072710639 5.941938589 
4.962973148 5.866079921 

1.154171094 6.297791289 
1.130650422 6.251217412 

1.636867838 2.198247907 
1.506203917 2.256028654 

4.482116353 0.8282195016 
4.446415288 0.8739296949 

4.407777879 0.9102176999 
4.446415288 0.8739296949 

0.7975114339 6.482094276 
0.7860573224 6.43238627 

2.97876661 3.392455519 
3.212696573 3.514733935 

4.362478141 6.084013065 
4.291230177 5.989959522 

1.130650422 6.251217412 
1.136941775 6.227677768 

3.413935817 1.859750119 
3.29814744 1.990426809 

5.617697514 4.616142492 
5.647828171 4.735368293 

5.663070096 4.835856783 
5.647828171 4.735368293 

3.391806235 6.462234836 
3.307099087 6.382749579 

3.244260326 6.29102762 
3.307099087 6.382749579 

7.017468706 5.268792392 
7.041209653 5.131724255 

1.039452014 7.636172732 
0.8521123908 7.520157527 

2.288760129 5.897044675 
2.414543966 5.877612973 

0.7703049846 8.141008591 
0.8404277355 7.98978669 

1.659669097 7.880315534 
1.556516249 7.988608638 

1.443773734 8.118881664 
1.556516249 7.988608638 

6.552448345 8.237376418 
6.620466432 8.203489634 

6.66774991 8.250603071 
6.620466432 8.203489634 

4.726610052 6.302718706 
4.829111079 6.429086184 

1.321994717 2.302580507 
1.427558599 2.284723183 

1.506203917 2.256028654 
1.427558599 2.284723183 

5.782919451 6.872686218 
5.623373709 6.925769515 

5.484469965 7.012761002 
5.623373709 6.925769515 

1.454756319 6.647821922 
1.603082083 6.899472757 

4.296890976 7.292094647 
4.310632319 7.159649254 

2.915858932 7.219971912 
2.922519858 7.096660258 

2.926178155 7.014253061 
2.922519858 7.096660258 

3.140126044 2.661299761 
3.069652923 2.651999272 

1.454756319 6.647821922 
1.529961545 6.646310898 

1.623975951 6.655000849 
1.529961545 6.646310898 

6.03811744 6.495838827 
6.184932181 6.53272632 

5.125922556 6.725235298 
5.166896489 6.658408684 

5.196391027 6.561654886 
5.166896489 6.658408684 

4.77335695 6.797985781 
4.708627724 6.643563595 

4.618706091 6.473321415 
4.708627724 6.643563595 

6.164864476 6.656693707 
6.280602064 6.605414439 

2.997554323 0.7880874708 
2.830704595 0.6116776428 

1.867160477 3.404750473 
1.792072967 3.369267923 

1.469740796 5.886926044 
1.485599923 6.005699386 

1.396827506 6.074616714 
1.485599923 6.005699386 

6.234325362 5.859162836 
6.243994772 5.752057118 

6.273366679 5.647072451 
6.243994772 5.752057118 

5.182701525 8.068454971 
5.135054332 8.084810722 

5.08884659 8.081285416 
5.135054332 8.084810722 

7.545275223 6.985176736 
7.57544413 6.907866215 

3.054176919 6.085678884 
3.125600398 6.15492066 

3.170325561 6.205737414 
3.125600398 6.15492066 

1.976332178 6.121607473 
2.034451832 5.91852951 

2.414543966 5.877612973 
2.483354606 5.864048377 

7.205361493 7.549054396 
7.169290225 7.505546811 

7.244725824 7.453983287 
7.169290225 7.505546811 

4.30139141 6.972647588 
4.291773149 7.08802887 

4.310632319 7.159649254 
4.291773149 7.08802887 

5.040970357 6.576966441 
5.196391027 6.561654886 

4.004031899 1.419484004 
3.957121617 1.509679427 

3.918118743 1.586085503 
3.957121617 1.509679427 

6.280602064 6.605414439 
6.382308788 6.684248598 

5.910735442 6.561498949 
5.951894179 6.505358247 

6.03811744 6.495838827 
5.951894179 6.505358247 

2.634575659 3.183079423 
2.674472886 3.032799142 

2.677855332 2.900851577 
2.674472886 3.032799142 

2.449411519 2.0669181 
2.290318837 2.16902645 

2.053881107 7.662114493 
2.100462061 7.6915008 

2.139133722 7.77183798 
2.100462061 7.6915008 

7.526735956 6.479318693 
7.575174331 6.250426711 

5.461629177 5.702191742 
5.33431898 5.709729332 

5.206219677 5.684972208 
5.33431898 5.709729332 

2.767457238 1.633797935 
2.648950582 1.572487131 

2.043327724 8.047969981 
2.193560932 7.966422958 

2.370140262 7.875824676 
2.193560932 7.966422958 

3.579906127 0.7997298962 
3.597960701 0.9645124042 

4.981467955 6.35216541 
5.011595001 6.481193057 

5.040970357 6.576966441 
5.011595001 6.481193057 

2.830704595 0.6116776428 
2.760873913 0.5235375906 

2.675110717 0.4464648654 
2.760873913 0.5235375906 

0.5881913129 7.309030421 
0.5169190795 7.382446829 

0.4208076945 7.458270636 
0.5169190795 7.382446829 

4.157086445 5.857781758 
4.245898445 5.936756676 

4.291230177 5.989959522 
4.245898445 5.936756676 

3.035447574 1.555708378 
2.96874506 1.386985491 

2.358953135 1.590302638 
2.592295278 1.640667377 

6.659798139 7.959725275 
6.808624767 7.881819991 

6.92170962 7.81066439 
6.808624767 7.881819991 

6.882103859 7.979524047 
6.808624767 7.881819991 

3.227033349 2.920479924 
3.102418398 2.821938202 

2.998575598 2.719742096 
3.102418398 2.821938202 

4.681646425 2.972545561 
4.672464396 3.019295399 

3.537294618 2.229728009 
3.414462549 2.082597835 

6.904974139 5.994104538 
7.036501686 5.956138023 

5.576894687 5.382635183 
5.423499226 5.460545043 

5.288565006 5.544684884 
5.423499226 5.460545043 

4.30139141 6.972647588 
4.445457596 7.140686863 

3.537294618 2.229728009 
3.436383265 2.217441761 

3.321125389 2.213236724 
3.436383265 2.217441761 

4.381909143 2.86743937 
4.359739637 2.967659604 

3.762652734 8.545681765 
3.439451048 8.436283501 

3.120563582 8.293734052 
3.439451048 8.436283501 

5.894045016 7.552692965 
6.179114178 7.485963239 

5.894045016 7.552692965 
5.767151912 7.571615267 

5.689611117 7.580648292 
5.767151912 7.571615267 

1.37105151 2.676170863 
1.444920592 2.650284298 

1.506454803 2.606118734 
1.444920592 2.650284298 

2.751394435 6.540427525 
2.715343797 6.569263872 

6.030066511 5.86845725 
6.161026179 5.882619813 

1.749476952 9.30613097 
1.852367729 9.247659024 

1.981398606 9.224817464 
1.852367729 9.247659024 

2.648950582 1.572487131 
2.592295278 1.640667377 

1.352841353 9.070800564 
1.192471446 9.002882957 

7.099350675 7.180854964 
7.08213153 7.061281723 

7.061605974 6.928948668 
7.08213153 7.061281723 

4.548875129 3.376691543 
4.400907489 3.451530351 

4.252619005 3.606296516 
4.400907489 3.451530351 

2.878888152 2.271326851 
2.813388628 2.183480807 

2.732688964 2.101771446 
2.813388628 2.183480807 

6.911641992 6.146760521 
7.041171105 6.300592527 

6.911641992 6.146760521 
6.797555231 6.126258596 

6.684859112 6.135264951 
6.797555231 6.126258596 

6.975662151 5.898900474 
7.036501686 5.956138023 

7.017468706 5.268792392 
7.082448921 5.211480362 

2.637225782 9.485963794 
2.61158508 9.342745891 

2.591558241 9.203846801 
2.61158508 9.342745891 

4.526698696 5.756538584 
4.245898445 5.936756676 

3.139334351 7.649274257 
3.00116572 7.917788914 

3.089536473 0.3048391973 
3.16042802 0.243546324 

3.250231315 0.2266542241 
3.16042802 0.243546324 

5.526129471 6.044102551 
5.461629177 5.702191742 

4.482116353 0.8282195016 
4.294540834 0.8938370467 

2.671914133 3.412817364 
2.653081309 3.663172529 

3.773255965 1.367317276 
4.004031899 1.419484004 

4.079563985 0.9699632506 
4.18585241 0.9324835731 

4.294540834 0.8938370467 
4.18585241 0.9324835731 

3.773255965 1.367317276 
3.699938818 1.497644729 

3.626696782 1.604050055 
3.699938818 1.497644729 

7.526735956 6.479318693 
7.611355446 6.315077459 

7.611355446 6.315077459 
7.65810045 6.217788799 

7.688870351 6.108365293 
7.65810045 6.217788799 

3.102418398 2.821938202 
2.948022417 2.902994529 

2.657199929 6.925541187 
2.615936808 7.062621803 

3.391806235 6.462234836 
3.420927099 6.617285209 

3.511496956 0.4657548278 
3.424241548 0.4897932547 

3.336762475 0.5147409084 
3.424241548 0.4897932547 

3.632363055 3.233726944 
3.567320427 3.256744075 

2.675110717 0.4464648654 
2.626487889 0.4387542517 

6.941576708 6.607607226 
6.855662572 6.563175033 

6.729797103 6.49664316 
6.855662572 6.563175033 

7.545275223 6.985176736 
7.464730887 7.146809401 

4.829111079 6.429086184 
5.011595001 6.481193057 

1.136941775 6.227677768 
1.140362431 6.198593418 

5.951894179 6.505358247 
5.882248453 6.425761882 

3.505167001 3.222079159 
3.530502832 3.24982288 

3.567320427 3.256744075 
3.530502832 3.24982288 

3.762652734 8.545681765 
3.766959912 8.408680221 

2.965086063 2.034562582 
2.813388628 2.183480807 

6.610864326 5.699609018 
6.532511689 5.825830672 

6.431955121 6.00291599 
6.532511689 5.825830672 

3.766959912 8.408680221 
3.753215836 8.318269947 

3.739305047 8.227948065 
3.753215836 8.318269947 

1.915255726 1.318813916 
1.797199077 1.410586211 

3.385138263 8.382061759 
3.439451048 8.436283501 

1.763289037 7.610649974 
1.814763123 7.510481968 

1.861476608 7.449697759 
1.814763123 7.510481968 

5.010802965 5.685820358 
4.962973148 5.866079921 

1.939886513 2.905991712 
1.969837404 2.730701486 

2.017744835 2.573702147 
1.969837404 2.730701486 

4.56190444 7.290091024 
4.518293489 7.20773343 

4.445457596 7.140686863 
4.518293489 7.20773343 

1.44466794 7.918866197 
1.556516249 7.988608638 

5.251840426 7.21838338 
5.372439396 7.116588068 

5.484469965 7.012761002 
5.372439396 7.116588068 

2.79093301 0.9735858214 
2.684766514 0.9697075157 

2.568251019 0.9367185675 
2.684766514 0.9697075157 

2.333233852 6.411958284 
2.149456643 6.272920991 

1.976332178 6.121607473 
2.149456643 6.272920991 

4.135082563 6.746588577 
4.017143809 6.777672398 

3.296353346 8.948117433 
3.231107963 8.958055609 

3.16223015 8.980357615 
3.231107963 8.958055609 

1.11067605 9.281157712 
1.156138276 9.139541834 

1.192471446 9.002882957 
1.156138276 9.139541834 

2.602300968 5.868012333 
2.534847378 5.851441261 

2.483354606 5.864048377 
2.534847378 5.851441261 

3.29814744 1.990426809 
3.216050396 2.126103081 

1.684165646 8.15908561 
1.556516249 7.988608638 

4.291300796 1.574818719 
4.288676691 1.479492242 

4.288951606 1.383810449 
4.288676691 1.479492242 

1.140362431 6.198593418 
1.140968496 6.169695758 

2.730713943 7.977078133 
2.807687292 7.861926474 

2.907794477 7.754549132 
2.807687292 7.861926474 

5.104227954 2.335079511 
5.077789008 2.442828243 

5.050927603 2.551599308 
5.077789008 2.442828243 

1.974101838 3.339190289 
2.004178495 3.45844823 

2.492543205 3.854212563 
2.544534024 3.746391922 

2.586405844 3.622538978 
2.544534024 3.746391922 

3.004982386 9.089884645 
2.877805208 9.104896334 

2.748620605 9.14699362 
2.877805208 9.104896334 

0.9672551774 6.98938587 
1.14699636 7.155630708 

2.378894481 8.340770455 
2.256705591 8.338630079 

2.148351726 8.398272899 
2.256705591 8.338630079 

2.70143036 2.256133479 
2.813388628 2.183480807 

2.890236055 6.82647497 
2.95603111 6.870755011 

3.028195785 6.907664324 
2.95603111 6.870755011 

7.611355446 6.315077459 
7.575174331 6.250426711 

6.38618098 6.409797076 
6.285835133 6.482537984 

6.184932181 6.53272632 
6.285835133 6.482537984 

4.526698696 5.756538584 
4.347572875 5.808627492 

4.157086445 5.857781758 
4.347572875 5.808627492 

3.735300143 7.533640751 
3.785381528 7.342578425 

3.839398405 7.153777827 
3.785381528 7.342578425 

2.598289688 7.165700164 
2.615936808 7.062621803 

7.082448921 5.211480362 
7.135542925 5.191972874 

3.640829442 3.036211854 
3.505167001 3.222079159 

3.29814744 1.990426809 
3.282587395 2.120013097 

3.978447999 3.084710073 
3.843916837 3.058162235 

6.550310498 6.933162206 
6.574211674 6.807640338 

6.598845043 6.692718073 
6.574211674 6.807640338 

4.545898212 6.963752743 
4.445457596 7.140686863 

5.894045016 7.552692965 
5.810944685 7.520236673 

5.74699123 7.47719595 
5.810944685 7.520236673 

1.849919574 8.853227428 
1.954242739 8.96310155 

2.070415116 9.085571825 
1.954242739 8.96310155 

1.562902704 2.681482923 
1.506454803 2.606118734 

3.640829442 3.036211854 
3.74964 3.053514625 

3.843916837 3.058162235 
3.74964 3.053514625 

1.885325003 7.555590083 
1.814763123 7.510481968 

5.3540521 6.20278582 
5.19311331 6.315997145 

6.659798139 7.959725275 
6.501426931 7.970908766 

6.324984988 7.988334237 
6.501426931 7.970908766 

5.086374 7.277585257 
5.206063489 7.43073954 

6.499053467 5.002910371 
6.490310064 5.132452352 

6.481436068 5.266219653 
6.490310064 5.132452352 

2.570146531 0.4108246382 
2.59831721 0.424789445 

2.626487889 0.4387542517 
2.59831721 0.424789445 

2.459989721 2.53547936 
2.37123181 2.460247508 

2.302394876 2.426509533 
2.37123181 2.460247508 

3.395455508 0.3571461221 
3.424241548 0.4897932547 

2.024015396 0.7630129536 
1.965442626 0.7605560873 

3.423919197 1.600601462 
3.515198566 1.676918621 

3.574911678 1.773275442 
3.515198566 1.676918621 

7.041209653 5.131724255 
7.082448921 5.211480362 

6.855662572 6.563175033 
6.858011479 6.63690834 

6.863813202 6.723859105 
6.858011479 6.63690834 

1.330743581 7.730693438 
1.44466794 7.918866197 

1.039452014 7.636172732 
0.9384176812 7.726049939 

0.8434638995 7.858756223 
0.9384176812 7.726049939 

3.881871928 6.789403561 
3.991459224 6.99167748 

1.749476952 9.30613097 
1.620072181 9.321835754 

4.093992545 7.179707434 
4.310632319 7.159649254 

2.97876661 3.392455519 
3.057891214 3.343267376 

3.131603612 3.282904027 
3.057891214 3.343267376 

1.485599923 6.005699386 
1.646530473 6.056735794 

3.537294618 2.229728009 
3.570749953 2.147747352 

3.642320979 2.081680641 
3.570749953 2.147747352 

2.863870381 1.450965111 
2.648950582 1.572487131 

2.863870381 1.450965111 
2.906470558 1.408935572 

2.96874506 1.386985491 
2.906470558 1.408935572 

2.408938531 8.449196385 
2.315307745 8.528395729 

6.574211674 6.807640338 
6.421014284 6.837285701 

7.515098522 6.007363961 
7.495019629 5.757931464 

7.400228322 7.321724586 
7.456043545 7.240639214 

7.464730887 7.146809401 
7.456043545 7.240639214 

2.355510754 1.338302117 
2.254332834 1.51640113 

2.154454185 1.69759296 
2.254332834 1.51640113 

1.620072181 9.321835754 
1.555544911 9.329358305 

1.491017641 9.336880857 
1.555544911 9.329358305 

5.061528046 5.171766353 
5.104450877 4.995057795 

5.161650431 4.793661708 
5.104450877 4.995057795 

0.3253058564 8.145822684 
0.3753242143 8.177300962 

2.495906572 8.59416611 
2.441560991 8.714395615 

2.388345704 8.830902167 
2.441560991 8.714395615 

4.093992545 7.179707434 
4.03715159 7.083433191 

3.991459224 6.99167748 
4.03715159 7.083433191 

1.797047535 2.176680235 
1.747711433 2.067039051 

1.690705515 1.968326644 
1.747711433 2.067039051 

3.089536473 0.3048391973 
3.15564934 0.6071216932 

3.2331636 0.9149139215 
3.15564934 0.6071216932 

3.747064878 0.87668621 
3.767846008 1.143806872 

6.069760924 6.600442663 
6.057252237 6.44975068 

2.201377775 7.705714922 
2.100462061 7.6915008 

0.9895876976 7.448404101 
0.7188461841 7.441816629 

0.4208076945 7.458270636 
0.7188461841 7.441816629 

2.406467289 7.215641821 
2.598289688 7.165700164 

1.178314753 7.589110823 
1.255218373 7.446836396 

2.713868528 1.830223539 
2.732688964 2.101771446 

2.713868528 1.830223539 
2.735354859 1.729371614 

2.767457238 1.633797935 
2.735354859 1.729371614 

2.010609917 8.227635513 
2.218407232 8.191680412 

6.057252237 6.44975068 
6.071729632 6.356012374 

6.03811744 6.495838827 
6.057252237 6.44975068 

4.975777245 7.656531936 
4.987891739 7.842789805 

4.998744683 8.022475061 
4.987891739 7.842789805 

3.751956346 1.809500461 
3.626696782 1.604050055 

3.751956346 1.809500461 
3.803866934 1.75857246 

3.855178447 1.706423317 
3.803866934 1.75857246 

7.210157966 5.189325803 
7.172799974 5.184437098 

7.135542925 5.191972874 
7.172799974 5.184437098 

2.37123181 2.460247508 
2.356110082 2.361266607 

2.965086063 2.034562582 
3.060236201 2.102850431 

3.167083208 2.179753338 
3.060236201 2.102850431 

3.139334351 7.649274257 
3.242781799 7.814061747 

3.348556565 7.949805227 
3.242781799 7.814061747 

1.741937118 1.896709127 
1.690705515 1.968326644 

6.04705165 6.265439417 
6.047261747 6.313481219 

6.071729632 6.356012374 
6.047261747 6.313481219 

1.852367729 9.247659024 
1.704604056 9.172016004 

7.495019629 5.757931464 
7.487251261 5.614892971 

0.7157830632 6.918187103 
0.8040434227 7.17825559 

5.861338022 6.496955213 
5.951894179 6.505358247 

2.027261163 8.839612341 
1.954242739 8.96310155 

7.487251261 5.614892971 
7.483456876 5.541867189 

7.483253024 5.435940471 
7.483456876 5.541867189 

2.053881107 7.662114493 
1.997761766 7.632442829 

1.957160168 7.584193037 
1.997761766 7.632442829 

2.034984713 8.51244827 
1.904073868 8.451284979 

5.931235116 6.771337223 
5.989702096 6.92722678 

6.056299557 7.099122448 
5.989702096 6.92722678 

2.671914133 3.412817364 
2.629159988 3.517678171 

2.586405844 3.622538978 
2.629159988 3.517678171 

3.597960701 0.9645124042 
3.518647016 0.9998456882 

3.151939862 2.051894963 
3.060236201 2.102850431 

3.171364032 1.885631775 
3.054710773 1.818719453 

0.7188461841 7.441816629 
0.8521123908 7.520157527 

4.789134845 7.493200203 
4.885739062 7.563306495 

4.975777245 7.656531936 
4.885739062 7.563306495 

1.527961971 1.755921822 
1.570936576 1.579444409 

6.025419674 4.823077671 
6.157988966 4.778590933 

7.483253024 5.435940471 
7.346705495 5.312633137 

7.210157966 5.189325803 
7.346705495 5.312633137 

5.490956455 6.575283573 
5.625705388 6.743256211 

1.115037204 6.117916679 
1.12800285 6.143806218 

1.140968496 6.169695758 
1.12800285 6.143806218 

4.753641679 5.640274068 
5.010802965 5.685820358 

7.650906965 6.868018523 
7.613175547 6.887942369 

7.57544413 6.907866215 
7.613175547 6.887942369 

1.570936576 1.579444409 
1.592457571 1.491431927 

1.613978566 1.403419446 
1.592457571 1.491431927 

5.951894179 6.505358247 
5.984372779 6.584826035 

7.174431965 5.930553243 
7.105466826 5.943345633 

7.036501686 5.956138023 
7.105466826 5.943345633 

6.924189089 7.056618322 
6.855865975 6.913220071 

6.785597378 6.792756427 
6.855865975 6.913220071 

0.7487656663 6.360780036 
0.7674114944 6.396583153 

0.7860573224 6.43238627 
0.7674114944 6.396583153 

3.339129763 2.685778345 
3.223763648 2.809900916 

3.445527295 0.5796331864 
3.424241548 0.4897932547 

3.435441675 1.045262967 
3.479616637 1.030816799 

3.518647016 0.9998456882 
3.479616637 1.030816799 

4.401094755 6.644509818 
4.708627724 6.643563595 

6.425200107 8.251607035 
6.129098156 8.141642627 

6.324984988 7.988334237 
6.375092548 8.119970636 

5.526129471 6.044102551 
5.697335158 6.244162219 

5.196391027 6.561654886 
5.369019232 6.712876245 

4.672429636 3.121660152 
4.672447016 3.070477776 

4.672464396 3.019295399 
4.672447016 3.070477776 

6.375092548 8.119970636 
6.400146327 8.185788835 

6.425200107 8.251607035 
6.400146327 8.185788835 

2.010609917 8.227635513 
2.079764614 8.313039022 

2.148351726 8.398272899 
2.079764614 8.313039022 

5.900843235 5.523750389 
5.942616928 5.556517118 

5.984390621 5.589283848 
5.942616928 5.556517118 

2.300138916 1.477677888 
2.254332834 1.51640113 

4.753641679 5.640274068 
4.638248221 5.69991195 

4.526698696 5.756538584 
4.638248221 5.69991195 

2.644814085 6.640811065 
2.682772955 6.59853033 

2.715343797 6.569263872 
2.682772955 6.59853033 

1.644500088 8.438396046 
1.511020784 8.401822631 

6.157988966 4.778590933 
6.224349815 4.755048899 

3.054710773 1.818719453 
3.014555971 1.780773564 

2.973315365 1.742229742 
3.014555971 1.780773564 

2.544439807 7.06301431 
2.598289688 7.165700164 

3.767846008 1.143806872 
3.770550986 1.255562074 

3.773255965 1.367317276 
3.770550986 1.255562074 

2.978173074 1.303820342 
3.006810324 1.42976436 

3.035447574 1.555708378 
3.006810324 1.42976436 

2.729981072 8.26134637 
2.70898564 8.473978735 

3.881871928 6.789403561 
3.949507869 6.78353798 

4.017143809 6.777672398 
3.949507869 6.78353798 

6.279841414 4.695264019 
6.252095615 4.725156459 

6.224349815 4.755048899 
6.252095615 4.725156459 

5.461629177 5.702191742 
5.655734275 5.569333053 

3.077512541 2.499626037 
3.208321152 2.592702191 

3.339129763 2.685778345 
3.208321152 2.592702191 

3.420927099 6.617285209 
3.398622182 6.676443452 

3.376317266 6.735601695 
3.398622182 6.676443452 

1.894745159 0.7755668939 
1.930093892 0.7680614906 

1.965442626 0.7605560873 
1.930093892 0.7680614906 

5.843939284 7.097368438 
5.739977793 7.330378563 

5.843939284 7.097368438 
5.786621313 7.067822063 

5.729303342 7.038275688 
5.786621313 7.067822063 

0.4191019234 8.23810017 
0.3972130688 8.207700566 

0.3753242143 8.177300962 
0.3972130688 8.207700566 

5.724629612 6.403501171 
5.697335158 6.244162219 

4.339352615 3.127153982 
4.349546126 3.047406793 

4.359739637 2.967659604 
4.349546126 3.047406793 

