3.2331636 0.9149139215 
2.972905866 1.744186199 

3.734573445 7.535574999 
2.907794477 7.754549132 

4.463228748 2.720538238 
4.548875129 3.376691543 

2.043327724 8.047969981 
2.139170303 7.770635942 

5.039390725 6.578283517 
4.77422524 6.797684431 

2.759692631 8.840599959 
3.296353346 8.948117433 

2.043327724 8.047969981 
2.009762069 8.229168903 

4.755534164 4.761760741 
4.471534652 4.504793822 

6.38618098 6.409797076 
6.686295691 6.134137556 

5.936957368 6.772684308 
6.071377081 6.596028338 

2.865072462 2.452769182 
3.098406618 2.332232631 

6.909112842 5.985765003 
6.686295691 6.134137556 

0.8056021608 7.173598853 
0.4187429823 6.737593981 

1.65938315 7.006881162 
1.377897442 7.224436089 

7.54696339 6.491722644 
6.933872779 7.046458859 

6.38618098 6.409797076 
6.729797103 6.49664316 

1.44463652 8.119876263 
1.330743581 7.730693438 

1.66086535 7.880255589 
1.890968712 7.681601101 

6.481436068 5.266219653 
6.613146716 5.69915395 

4.463228748 2.720538238 
5.050927603 2.551599308 

7.54696339 6.491722644 
6.908371849 6.340448051 

6.686295691 6.134137556 
6.908371849 6.340448051 

3.3314684 2.209422976 
3.098406618 2.332232631 

3.751534329 1.810916754 
3.574911678 1.773275442 

4.1912423 4.140439214 
4.019222519 3.823907491 

7.400228322 7.321724586 
6.823805211 7.360663276 

5.527556147 6.042032938 
5.834883115 6.080841838 

4.471534652 4.504793822 
4.340947333 4.341108605 

4.1912423 4.140439214 
4.340947333 4.341108605 

2.409987368 7.708952975 
2.593103827 7.604724842 

6.909112842 5.985765003 
7.305171278 6.124757284 

5.254748054 7.216906387 
4.789134845 7.493200203 

1.938550355 2.905375892 
2.437586826 3.250892583 

2.522847415 1.976676415 
2.733677618 2.101278775 

4.618706091 6.473321415 
4.401094755 6.644509818 

1.634779375 8.582077347 
1.509220574 8.896463442 

2.727514254 8.262672578 
2.907794477 7.754549132 

2.733677618 2.101278775 
2.155516236 2.307487739 

2.155516236 2.307487739 
2.302394876 2.426509533 

5.705387755 7.325441148 
5.729948271 7.026398911 

0.6984206496 7.590384529 
1.037312019 7.63556733 

1.330743581 7.730693438 
1.037312019 7.63556733 

6.823805211 7.360663276 
6.933872779 7.046458859 

4.163267098 2.332443406 
4.505801451 2.400264299 

1.65938315 7.006881162 
1.19520219 6.933623149 

2.085747468 7.266164589 
2.113400811 7.431508141 

1.527961971 1.755921822 
2.155516236 2.307487739 

6.548302311 6.931995347 
7.152135368 6.675136192 

1.19520219 6.933623149 
0.8056021608 7.173598853 

6.823805211 7.360663276 
6.924633701 7.811342084 

5.039390725 6.578283517 
5.18506527 6.423320707 

5.595121998 7.700901281 
5.757665552 7.7658014 

6.057586631 7.869031886 
5.757665552 7.7658014 

7.152135368 6.675136192 
6.933872779 7.046458859 

2.496957491 8.593742567 
2.727514254 8.262672578 

1.66086535 7.880255589 
1.098477891 8.051632195 

3.648730333 2.074304682 
3.751534329 1.810916754 

2.492543205 3.854212563 
2.437586826 3.250892583 

6.613146716 5.69915395 
6.909112842 5.985765003 

3.171364032 1.885631775 
3.413902789 1.860888657 

2.727514254 8.262672578 
3.120563582 8.293734052 

5.705387755 7.325441148 
6.057586631 7.869031886 

3.052266698 6.086930583 
2.741002635 6.293141255 

1.244999196 8.764925005 
1.509220574 8.896463442 

1.44463652 8.119876263 
1.63543842 8.295899225 

4.618706091 6.473321415 
5.18506527 6.423320707 

3.2331636 0.9149139215 
3.435441675 1.045262967 

4.463228748 2.720538238 
4.505801451 2.400264299 

4.948484514 1.706555622 
4.1564296 1.931641976 

3.648730333 2.074304682 
4.1564296 1.931641976 

6.324582064 7.988597235 
6.186121952 7.335727515 

6.056886662 7.107945456 
6.186121952 7.335727515 

2.437586826 3.250892583 
2.372424657 3.430886559 

7.152135368 6.675136192 
6.941576708 6.607607226 

4.505801451 2.400264299 
4.795965231 2.415853862 

5.594359088 6.493008278 
5.745627879 6.522174827 

0.8056021608 7.173598853 
0.9895876976 7.448404101 

2.972905866 1.744186199 
2.832388533 1.56647717 

1.19520219 6.933623149 
1.244913547 6.217247128 

3.120563582 8.293734052 
3.0715949 8.058909802 

4.157086445 5.857781758 
4.196556544 6.247088146 

3.881871928 6.789403561 
4.196556544 6.247088146 

3.773255965 1.367317276 
3.918118743 1.586085503 

0.327836405 8.146664373 
0.7334450347 8.30419859 

5.576152799 5.384242081 
5.459788999 5.692565312 

7.483253024 5.435940471 
6.929291295 5.668439896 

1.849919574 8.853227428 
1.595583662 9.061624305 

1.11067605 9.281157712 
1.595583662 9.061624305 

6.941576708 6.607607226 
6.548302311 6.931995347 

5.834883115 6.080841838 
6.103987363 5.996519442 

3.2331636 0.9149139215 
3.174729604 1.326456301 

3.574911678 1.773275442 
3.174729604 1.326456301 

6.299002689 5.653683808 
6.137101925 5.336809945 

0.4187429823 6.737593981 
1.000282121 6.770957985 

1.19520219 6.933623149 
1.000282121 6.770957985 

5.254748054 7.216906387 
5.729948271 7.026398911 

4.77422524 6.797684431 
4.910642257 6.869623132 

3.296353346 8.948117433 
3.233310362 8.575751273 

6.908371849 6.340448051 
6.729797103 6.49664316 

2.522847415 1.976676415 
2.334273087 1.732903783 

2.155516236 2.307487739 
2.126805213 2.110051294 

1.321994717 2.302580507 
1.646134852 2.289324904 

5.936957368 6.772684308 
6.231232134 6.954205375 

2.031661482 8.513121012 
2.027261163 8.839612341 

2.409987368 7.708952975 
2.455588741 8.078500405 

7.317221186 7.780510441 
6.924633701 7.811342084 

3.747064878 0.87668621 
3.579906127 0.7997298962 

4.754401766 5.641434382 
4.849520614 5.831568376 

2.363157192 0.9061277727 
2.255874583 0.6602882634 

7.305171278 6.124757284 
7.198560173 6.308646093 

4.368919135 7.657377604 
4.298292898 7.292613846 

4.298292898 7.292613846 
4.5556325 7.307798388 

1.849919574 8.853227428 
2.027261163 8.839612341 

6.324582064 7.988597235 
5.563878588 7.972122024 

7.210157966 5.189325803 
7.095512546 5.373240789 

5.563878588 7.972122024 
5.595121998 7.700901281 

1.098477891 8.051632195 
1.330743581 7.730693438 

0.327836405 8.146664373 
0.6420889514 7.984010753 

2.907794477 7.754549132 
2.455588741 8.078500405 

4.451941792 1.344259343 
3.918118743 1.586085503 

5.616189226 4.974416518 
5.511931757 4.779405243 

5.161650431 4.793661708 
5.511931757 4.779405243 

5.729948271 7.026398911 
5.485981816 7.012517743 

3.120563582 8.293734052 
3.233310362 8.575751273 

5.834883115 6.080841838 
6.044033612 6.266382287 

2.496957491 8.593742567 
2.598203684 8.898684904 

3.089536473 0.3048391973 
3.34379147 0.7117582935 

3.435441675 1.045262967 
3.34379147 0.7117582935 

3.640829442 3.036211854 
3.750163834 3.269466916 

2.492543205 3.854212563 
2.372424657 3.430886559 

2.126805213 2.110051294 
2.733677618 2.101278775 

4.157086445 5.857781758 
4.726610052 6.302718706 

5.039390725 6.578283517 
4.726610052 6.302718706 

1.84553787 6.307291158 
1.623975951 6.655000849 

1.84553787 6.307291158 
1.975323792 6.121044565 

6.186121952 7.335727515 
5.705387755 7.325441148 

3.233310362 8.575751273 
3.385138263 8.382061759 

2.733677618 2.101278775 
2.421758872 2.189567351 

2.126805213 2.110051294 
1.798219363 2.175532116 

3.953174784 2.55797035 
3.614367759 2.512993826 

3.534092719 2.256665141 
3.614367759 2.512993826 

2.113400811 7.431508141 
2.273987578 7.510771815 

2.8510708 6.655894803 
3.391806235 6.462234836 

7.54696339 6.491722644 
7.25572921 6.514769433 

6.823805211 7.360663276 
6.601452421 7.456826849 

1.66086535 7.880255589 
1.46900031 7.997942839 

7.152135368 6.675136192 
7.414577833 6.64600604 

3.751534329 1.810916754 
4.11637322 1.44609712 

6.044033612 6.266382287 
6.103987363 5.996519442 

1.46900031 7.997942839 
1.44463652 8.119876263 

2.467661493 6.01147906 
2.699718255 6.123866952 

2.741002635 6.293141255 
2.699718255 6.123866952 

2.727514254 8.262672578 
2.378243611 8.316596963 

2.865072462 2.452769182 
2.880337976 2.2702356 

2.951561772 2.031581989 
2.880337976 2.2702356 

1.19520219 6.933623149 
1.377897442 7.224436089 

2.372424657 3.430886559 
2.171228578 3.354558539 

2.296009223 7.356588507 
2.273987578 7.510771815 

0.9895876976 7.448404101 
1.145255642 7.153942781 

1.19520219 6.933623149 
1.145255642 7.153942781 

4.726610052 6.302718706 
4.618706091 6.473321415 

3.881871928 6.789403561 
3.839398405 7.153777827 

2.6353591 3.183148742 
2.437586826 3.250892583 

2.019714691 7.030899134 
1.947553888 6.870786735 

3.131603612 3.282904027 
3.212696573 3.514733935 

5.161650431 4.793661708 
4.921977736 4.957038774 

4.755534164 4.761760741 
4.921977736 4.957038774 

5.616189226 4.974416518 
5.874816016 4.755076085 

1.037312019 7.63556733 
0.9895876976 7.448404101 

2.355477671 1.337589797 
2.071467338 1.352578053 

2.759692631 8.840599959 
2.598203684 8.898684904 

5.594359088 6.493008278 
5.626520291 6.743178705 

0.7334450347 8.30419859 
0.6420889514 7.984010753 

4.298292898 7.292613846 
3.881871928 6.789403561 

6.667520189 8.250443209 
6.659798139 7.959725275 

1.646134852 2.289324904 
1.603974981 2.420266464 

2.727514254 8.262672578 
3.0715949 8.058909802 

1.930064486 1.502175345 
1.91395888 1.697554214 

5.626520291 6.743178705 
5.936957368 6.772684308 

2.972905866 1.744186199 
2.951561772 2.031581989 

4.451941792 1.344259343 
4.561817609 1.621806745 

3.579906127 0.7997298962 
3.511496956 0.4657548278 

4.77422524 6.797684431 
4.547188548 6.965244373 

0.8056021608 7.173598853 
1.145255642 7.153942781 

3.614367759 2.512993826 
3.514841656 2.631481633 

3.3314684 2.209422976 
3.217008567 2.126521953 

1.321994717 2.302580507 
1.603974981 2.420266464 

1.63543842 8.295899225 
1.68358608 8.159838986 

2.675110717 0.4464648654 
2.760770643 0.8321112387 

3.098406618 2.332232631 
2.880337976 2.2702356 

4.463228748 2.720538238 
4.390311898 2.865569222 

2.907794477 7.754549132 
3.348556565 7.949805227 

1.798219363 2.175532116 
1.646134852 2.289324904 

2.8510708 6.655894803 
2.890236055 6.82647497 

2.948022417 2.902994529 
2.998575598 2.719742096 

2.730713943 7.977078133 
2.727514254 8.262672578 

5.595121998 7.700901281 
5.260955313 7.709265006 

0.8056021608 7.173598853 
1.000282121 6.770957985 

4.548875129 3.376691543 
4.560780238 3.13637161 

4.339352615 3.127153982 
4.560780238 3.13637161 

2.637225782 9.485963794 
2.748620605 9.14699362 

2.759692631 8.840599959 
2.748620605 9.14699362 

6.785597378 6.792756427 
6.729797103 6.49664316 

3.734573445 7.535574999 
4.076439889 7.632927409 

4.368919135 7.657377604 
4.076439889 7.632927409 

1.930064486 1.502175345 
2.071467338 1.352578053 

3.435441675 1.045262967 
3.579906127 0.7997298962 

6.137101925 5.336809945 
6.3105202 5.446551639 

6.481436068 5.266219653 
6.3105202 5.446551639 

0.7415325176 8.830337493 
0.5288157223 8.62663468 

2.972905866 1.744186199 
3.035447574 1.555708378 

4.998744683 8.022475061 
5.444927041 7.65843118 

7.198560173 6.308646093 
7.25572921 6.514769433 

6.909112842 5.985765003 
6.929291295 5.668439896 

1.377897442 7.224436089 
0.9787614739 6.998490921 

3.385138263 8.382061759 
3.535519215 8.338177131 

2.409987368 7.708952975 
2.273987578 7.510771815 

5.89985617 5.524530634 
6.137101925 5.336809945 

1.44463652 8.119876263 
1.513214953 8.403205928 

1.634779375 8.582077347 
1.513214953 8.403205928 

2.727514254 8.262672578 
2.793122784 8.484525735 

5.254748054 7.216906387 
5.260955313 7.709265006 

6.729797103 6.49664316 
6.598845043 6.692718073 

5.459788999 5.692565312 
5.090550578 5.932275932 

2.733677618 2.101278775 
2.951561772 2.031581989 

0.6420889514 7.984010753 
0.6984206496 7.590384529 

6.667520189 8.250443209 
7.000685558 8.051466029 

0.6420889514 7.984010753 
0.8434638995 7.858756223 

0.9787614739 6.998490921 
1.19520219 6.933623149 

4.561817609 1.621806745 
4.291300796 1.574818719 

4.11637322 1.44609712 
4.291300796 1.574818719 

4.1564296 1.931641976 
3.92885122 2.178288054 

1.603974981 2.420266464 
1.525849587 2.466771232 

3.262628292 3.926644822 
3.187134967 3.626495382 

2.97876661 3.392455519 
3.187134967 3.626495382 

5.18506527 6.423320707 
4.982821163 6.351239911 

4.726610052 6.302718706 
4.982821163 6.351239911 

4.754401766 5.641434382 
5.166547441 5.411653835 

1.670981725 6.370954452 
1.84553787 6.307291158 

3.035447574 1.555708378 
2.832388533 1.56647717 

2.915858932 7.219971912 
2.642359654 7.326285548 

2.741002635 6.293141255 
2.7859325 6.469019843 

1.000282121 6.770957985 
1.086610091 6.595288376 

1.623975951 6.655000849 
1.19520219 6.933623149 

3.174729604 1.326456301 
2.978173074 1.303820342 

1.244913547 6.217247128 
1.323573362 6.586796188 

0.6984206496 7.590384529 
0.5272047986 7.667036036 

7.414577833 6.64600604 
7.25572921 6.514769433 

4.548875129 3.376691543 
4.882503258 2.931080305 

5.050927603 2.551599308 
4.882503258 2.931080305 

2.33564929 6.411252306 
2.741002635 6.293141255 

5.874816016 4.755076085 
6.025419674 4.823077671 

3.2331636 0.9149139215 
3.34379147 0.7117582935 

1.894745159 0.7755668939 
1.869864373 1.054839907 

6.785597378 6.792756427 
6.598845043 6.692718073 

1.098477891 8.051632195 
0.7701655384 8.141879165 

2.671531638 2.646126455 
2.998575598 2.719742096 

5.485981816 7.012517743 
5.684704336 6.891250657 

5.626520291 6.743178705 
5.684704336 6.891250657 

4.555442269 1.822072984 
4.72445431 1.820679178 

4.948484514 1.706555622 
4.72445431 1.820679178 

1.509220574 8.896463442 
1.352841353 9.070800564 

4.910642257 6.869623132 
4.942878271 7.12481066 

2.598203684 8.898684904 
2.748620605 9.14699362 

4.921977736 4.957038774 
4.830032665 5.1507857 

6.613146716 5.69915395 
6.8849754 5.387588415 

4.830032665 5.1507857 
4.462404129 5.284650229 

1.244999196 8.764925005 
1.513214953 8.403205928 

6.929291295 5.668439896 
6.8849754 5.387588415 

4.079563985 0.9699632506 
4.120097124 0.8310015399 

2.832388533 1.56647717 
2.592295278 1.640667377 

2.334273087 1.732903783 
2.592295278 1.640667377 

3.734573445 7.535574999 
3.348556565 7.949805227 

3.734573445 7.535574999 
3.659691031 7.881701227 

4.5556325 7.307798388 
4.547188548 6.965244373 

2.522847415 1.976676415 
2.592295278 1.640667377 

3.750163834 3.269466916 
3.632363055 3.233726944 

1.588655218 7.512819522 
1.874685453 7.438282034 

2.455588741 8.078500405 
2.243017428 8.079356594 

3.355685294 7.002629016 
3.104297661 7.034933949 

2.915858932 7.219971912 
3.104297661 7.034933949 

1.890968712 7.681601101 
2.05493765 7.662225186 

3.052266698 6.086930583 
2.699718255 6.123866952 

5.083811103 2.128961621 
4.90000693 1.988398451 

4.726610052 6.302718706 
4.571937243 6.103086358 

2.190906484 9.187559881 
2.388345704 8.830902167 

1.65938315 7.006881162 
1.725711943 7.343360407 

4.11637322 1.44609712 
4.482116353 0.8282195016 

7.400228322 7.321724586 
7.197970719 7.062925712 

3.120563582 8.293734052 
2.793122784 8.484525735 

2.793122784 8.484525735 
3.013268537 8.643540433 

1.377897442 7.224436089 
1.725711943 7.343360407 

2.6353591 3.183148742 
2.674490012 3.404750295 

6.8849754 5.387588415 
7.095512546 5.373240789 

4.795965231 2.415853862 
4.587144351 2.595508259 

4.463228748 2.720538238 
4.587144351 2.595508259 

3.166700482 2.18072406 
3.217008567 2.126521953 

4.754401766 5.641434382 
4.859476909 5.419334305 

4.482116353 0.8282195016 
4.120097124 0.8310015399 

1.44463652 8.119876263 
1.68358608 8.159838986 

3.648730333 2.074304682 
3.414869535 2.077727236 

6.057586631 7.869031886 
6.068635022 8.170141946 

6.231232134 6.954205375 
6.228423006 6.742667351 

3.098406618 2.332232631 
3.166700482 2.18072406 

3.0715949 8.058909802 
3.348556565 7.949805227 

3.013268537 8.643540433 
3.093870385 8.720977258 

5.444927041 7.65843118 
5.595121998 7.700901281 

2.671531638 2.646126455 
2.734125756 2.850524326 

2.948022417 2.902994529 
2.734125756 2.850524326 

7.54696339 6.491722644 
7.619180031 6.714881635 

3.098406618 2.332232631 
3.077667239 2.498677522 

2.675110717 0.4464648654 
2.395363131 0.6922253421 

2.255874583 0.6602882634 
2.395363131 0.6922253421 

1.670981725 6.370954452 
1.711458165 6.171473725 

3.052266698 6.086930583 
3.09130681 6.321217663 

3.077667239 2.498677522 
2.865072462 2.452769182 

4.998744683 8.022475061 
5.142749738 7.898589313 

5.260955313 7.709265006 
5.142749738 7.898589313 

2.363157192 0.9061277727 
2.451077844 0.7260915936 

2.637225782 9.485963794 
2.531296058 9.126734137 

2.598203684 8.898684904 
2.531296058 9.126734137 

3.435441675 1.045262967 
3.270219904 1.112961452 

3.174729604 1.326456301 
3.270219904 1.112961452 

2.171228578 3.354558539 
2.097834377 3.493701321 

4.11637322 1.44609712 
4.004031899 1.419484004 

1.321994717 2.302580507 
1.525849587 2.466771232 

1.321994717 2.302580507 
1.544234483 2.0564191 

0.7701655384 8.141879165 
0.6420889514 7.984010753 

7.305171278 6.124757284 
7.407022595 6.161084535 

4.163267098 2.332443406 
4.463228748 2.720538238 

4.1564296 1.931641976 
4.270186153 2.127646849 

2.451077844 0.7260915936 
2.465206333 0.5422331472 

0.9895876976 7.448404101 
1.255218373 7.446836396 

5.039390725 6.578283517 
4.910642257 6.869623132 

1.11067605 9.281157712 
1.380936833 8.680515379 

4.547188548 6.965244373 
4.401094755 6.644509818 

0.9787614739 6.998490921 
0.8056021608 7.173598853 

7.198560173 6.308646093 
7.407022595 6.161084535 

2.031661482 8.513121012 
2.148351726 8.398272899 

7.000685558 8.051466029 
6.924633701 7.811342084 

0.4187429823 6.737593981 
0.7150136298 6.623700595 

0.7701655384 8.141879165 
0.7334450347 8.30419859 

0.7334450347 8.30419859 
0.7479729376 8.535270982 

6.299002689 5.653683808 
6.613146716 5.69915395 

7.317221186 7.780510441 
7.205973372 7.550851272 

1.244999196 8.764925005 
1.380936833 8.680515379 

3.262628292 3.926644822 
3.5270723 3.849420561 

3.757856073 3.983783924 
3.5270723 3.849420561 

5.757665552 7.7658014 
5.894045016 7.552692965 

1.098477891 8.051632195 
0.8434638995 7.858756223 

1.244999196 8.764925005 
1.051901302 8.700180932 

2.139170303 7.770635942 
2.243017428 8.079356594 

4.298292898 7.292613846 
3.981995959 7.44858534 

3.734573445 7.535574999 
3.981995959 7.44858534 

2.522847415 1.976676415 
2.713868528 1.830223539 

2.139170303 7.770635942 
2.200401673 7.699666913 

2.409987368 7.708952975 
2.200401673 7.699666913 

3.2331636 0.9149139215 
3.270219904 1.112961452 

6.279918174 4.696127727 
6.159566347 5.051153917 

2.907794477 7.754549132 
3.00116572 7.917788914 

3.0715949 8.058909802 
3.00116572 7.917788914 

2.354737526 7.876686669 
2.200401673 7.699666913 

6.729797103 6.49664316 
6.569574582 6.460625201 

4.076439889 7.632927409 
3.981995959 7.44858534 

6.569574582 6.460625201 
6.598845043 6.692718073 

6.299002689 5.653683808 
6.031153884 5.868667125 

5.834883115 6.080841838 
6.031153884 5.868667125 

2.354737526 7.876686669 
2.409987368 7.708952975 

0.7487656663 6.360780036 
1.045650799 6.377626169 

2.421758872 2.189567351 
2.485845446 2.348015452 

5.369019232 6.712876245 
5.626520291 6.743178705 

2.786113606 7.569358214 
2.907794477 7.754549132 

2.730713943 7.977078133 
3.00116572 7.917788914 

4.196556544 6.247088146 
4.571937243 6.103086358 

6.785597378 6.792756427 
6.863797571 6.723184122 

6.941576708 6.607607226 
6.863797571 6.723184122 

4.196556544 6.247088146 
4.252222604 6.478996614 

4.401094755 6.644509818 
4.252222604 6.478996614 

5.729948271 7.026398911 
5.684704336 6.891250657 

5.936957368 6.772684308 
5.684704336 6.891250657 

7.407022595 6.161084535 
7.476665662 6.235836813 

7.095512546 5.373240789 
7.483253024 5.435940471 

2.437586826 3.250892583 
2.383655576 2.912068114 

3.34379147 0.7117582935 
3.579906127 0.7997298962 

4.859476909 5.419334305 
5.166547441 5.411653835 

4.998744683 8.022475061 
5.143150187 7.60627397 

4.163267098 2.332443406 
4.29157614 2.212144635 

4.270186153 2.127646849 
4.29157614 2.212144635 

2.296009223 7.356588507 
2.085747468 7.266164589 

5.527556147 6.042032938 
5.251195893 6.017126402 

5.090550578 5.932275932 
5.251195893 6.017126402 

7.095512546 5.373240789 
7.025393864 5.514726223 

6.929291295 5.668439896 
7.025393864 5.514726223 

3.976509231 3.0862749 
4.131784625 2.865429096 

6.548302311 6.931995347 
6.228423006 6.742667351 

7.25572921 6.514769433 
7.152135368 6.675136192 

6.044033612 6.266382287 
5.888033039 6.427017825 

5.745627879 6.522174827 
5.888033039 6.427017825 

6.103987363 5.996519442 
6.031153884 5.868667125 

1.975323792 6.121044565 
1.802899584 6.028081961 

2.354737526 7.876686669 
2.455588741 8.078500405 

1.330743581 7.730693438 
1.301810399 7.976057785 

4.451941792 1.344259343 
4.359380921 1.186288757 

5.910964992 6.559913757 
5.888033039 6.427017825 

1.798219363 2.175532116 
1.544234483 2.0564191 

6.908371849 6.340448051 
6.569574582 6.460625201 

0.5288157223 8.62663468 
0.6575404017 8.556905918 

0.7479729376 8.535270982 
0.6575404017 8.556905918 

1.749476952 9.30613097 
1.704604056 9.172016004 

1.595583662 9.061624305 
1.704604056 9.172016004 

3.659691031 7.881701227 
3.535519215 8.338177131 

1.588655218 7.512819522 
1.761080629 7.609768926 

1.890968712 7.681601101 
1.761080629 7.609768926 

1.976082019 3.332831315 
1.931158918 3.468625977 

1.323573362 6.586796188 
1.086610091 6.595288376 

1.513214953 8.403205928 
1.63543842 8.295899225 

2.420034186 6.247566878 
2.195263376 6.031028633 

4.859476909 5.419334305 
5.061528046 5.171766353 

3.336762475 0.5147409084 
3.395455508 0.3571461221 

1.613978566 1.403419446 
1.915255726 1.318813916 

2.071467338 1.352578053 
1.915255726 1.318813916 

2.031661482 8.513121012 
1.634779375 8.582077347 

1.098477891 8.051632195 
1.301810399 7.976057785 

1.84553787 6.307291158 
2.002012511 6.339283149 

1.930064486 1.502175345 
1.915255726 1.318813916 

1.798219363 2.175532116 
1.636867838 2.198247907 

4.136197455 0.5713277556 
4.096665193 0.7399396445 

4.120097124 0.8310015399 
4.096665193 0.7399396445 

3.262628292 3.926644822 
3.376090636 3.70956408 

3.212696573 3.514733935 
3.376090636 3.70956408 

5.563878588 7.972122024 
5.441629125 8.158920725 

0.7150136298 6.623700595 
0.7829332553 6.562382942 

2.972905866 1.744186199 
2.713868528 1.830223539 

7.174431965 5.930553243 
7.234418858 5.728343428 

2.097834377 3.493701321 
2.045371226 3.454967242 

1.976082019 3.332831315 
2.045371226 3.454967242 

2.97876661 3.392455519 
2.810564364 3.548091472 

5.18506527 6.423320707 
5.251195893 6.017126402 

3.34379147 0.7117582935 
3.336762475 0.5147409084 

6.548302311 6.931995347 
6.381308611 6.684575221 

6.38618098 6.409797076 
6.381308611 6.684575221 

3.514841656 2.631481633 
3.310313954 2.383672461 

3.3314684 2.209422976 
3.310313954 2.383672461 

3.296353346 8.948117433 
2.865798971 8.693203972 

2.496957491 8.593742567 
2.865798971 8.693203972 

3.574911678 1.773275442 
3.626696782 1.604050055 

5.182701525 8.068454971 
5.142749738 7.898589313 

2.05493765 7.662225186 
2.114570204 7.571251362 

1.938550355 2.905375892 
1.715719265 2.742937247 

2.832388533 1.56647717 
2.863870381 1.450965111 

6.548302311 6.931995347 
6.417936863 6.8396024 

6.231232134 6.954205375 
6.417936863 6.8396024 

3.953174784 2.55797035 
4.163267098 2.332443406 

3.953174784 2.55797035 
3.707777503 2.331621141 

3.648730333 2.074304682 
3.707777503 2.331621141 

2.363157192 0.9061277727 
2.395363131 0.6922253421 

3.212696573 3.514733935 
3.187134967 3.626495382 

2.465206333 0.5422331472 
2.395363131 0.6922253421 

1.670981725 6.370954452 
1.323573362 6.586796188 

1.623975951 6.655000849 
1.8331513 6.734278145 

1.874685453 7.438282034 
1.725711943 7.343360407 

5.143150187 7.60627397 
4.975777245 7.656531936 

7.234418858 5.728343428 
7.303889201 5.622867131 

3.659691031 7.881701227 
3.738554319 8.225716469 

1.636867838 2.198247907 
1.646134852 2.289324904 

5.89985617 5.524530634 
5.72090147 5.638138153 

3.3314684 2.209422976 
3.414869535 2.077727236 

7.476665662 6.235836813 
7.531169223 6.216267949 

2.733677618 2.101278775 
2.70143036 2.256133479 

2.865072462 2.452769182 
2.70143036 2.256133479 

5.936957368 6.772684308 
5.741443045 6.678629952 

5.594359088 6.493008278 
5.741443045 6.678629952 

4.157086445 5.857781758 
4.813981279 5.970472988 

5.527556147 6.042032938 
4.813981279 5.970472988 

2.428696205 7.024803567 
2.411342819 7.212346833 

2.296009223 7.356588507 
2.411342819 7.212346833 

3.355685294 7.002629016 
3.368383623 7.224745385 

4.754401766 5.641434382 
4.813981279 5.970472988 

6.324582064 7.988597235 
6.221012733 8.011041224 

2.216114701 3.636584507 
2.00405744 3.457541914 

4.019222519 3.823907491 
4.252619005 3.606296516 

3.640829442 3.036211854 
3.632363055 3.233726944 

4.849520614 5.831568376 
4.813981279 5.970472988 

6.933872779 7.046458859 
7.060968081 6.929486392 

5.745627879 6.522174827 
5.741443045 6.678629952 

1.352841353 9.070800564 
1.367972537 9.178303406 

1.525849587 2.466771232 
1.506454803 2.606118734 

3.534092719 2.256665141 
3.707777503 2.331621141 

6.481436068 5.266219653 
6.739328079 5.1332394 

2.730713943 7.977078133 
2.522495011 7.942541126 

2.354737526 7.876686669 
2.522495011 7.942541126 

6.071377081 6.596028338 
5.979310822 6.595543206 

5.910964992 6.559913757 
5.979310822 6.595543206 

4.1564296 1.931641976 
3.979845252 1.871558056 

7.483253024 5.435940471 
7.359557807 5.577958319 

7.303889201 5.622867131 
7.359557807 5.577958319 

7.000685558 8.051466029 
7.068337036 7.88444423 

3.423595489 1.599811047 
3.323033835 1.453246438 

3.174729604 1.326456301 
3.323033835 1.453246438 

2.759692631 8.840599959 
2.865798971 8.693203972 

5.182701525 8.068454971 
5.26937538 8.135101798 

4.547188548 6.965244373 
4.30110139 6.973420226 

6.186121952 7.335727515 
6.404240057 7.262509973 

2.793122784 8.484525735 
2.865798971 8.693203972 

7.619180031 6.714881635 
7.650906965 6.868018523 

1.380936833 8.680515379 
1.513214953 8.403205928 

3.413902789 1.860888657 
3.414869535 2.077727236 

2.009762069 8.229168903 
1.897119482 8.457668093 

2.786113606 7.569358214 
2.794221147 7.458719439 

5.705387755 7.325441148 
5.688869992 7.579062515 

5.595121998 7.700901281 
5.688869992 7.579062515 

4.401094755 6.644509818 
4.135082563 6.746588577 

2.760770643 0.8321112387 
2.79093301 0.9735858214 

1.380936833 8.680515379 
1.315034925 8.427844503 

0.6984206496 7.590384529 
0.4223795653 7.458732647 

2.190906484 9.187559881 
2.405542186 9.332881786 

2.637225782 9.485963794 
2.405542186 9.332881786 

2.355477671 1.337589797 
2.648950582 1.572487131 

2.972905866 1.744186199 
2.648950582 1.572487131 

6.228423006 6.742667351 
6.381308611 6.684575221 

5.039390725 6.578283517 
5.125922556 6.725235298 

5.369019232 6.712876245 
5.125922556 6.725235298 

5.260955313 7.709265006 
5.143150187 7.60627397 

2.255874583 0.6602882634 
2.073564088 0.7110749305 

1.947553888 6.870786735 
1.8331513 6.734278145 

0.5272047986 7.667036036 
0.5378072692 7.552162291 

0.4223795653 7.458732647 
0.5378072692 7.552162291 

1.640602242 3.280794991 
1.86786153 3.404166343 

2.00405744 3.457541914 
1.86786153 3.404166343 

3.368383623 7.224745385 
3.447778789 7.309204812 

3.227033349 2.920479924 
3.339129763 2.685778345 

3.514841656 2.631481633 
3.339129763 2.685778345 

3.535519215 8.338177131 
3.738554319 8.225716469 

3.09130681 6.321217663 
3.11781941 6.409891318 

2.383655576 2.912068114 
2.577381232 2.89504182 

2.734125756 2.850524326 
2.577381232 2.89504182 

4.789134845 7.493200203 
4.715832944 7.305457174 

1.65938315 7.006881162 
1.731652302 7.234634233 

1.874685453 7.438282034 
1.731652302 7.234634233 

4.849520614 5.831568376 
5.010020084 5.686707394 

5.166547441 5.411653835 
5.010020084 5.686707394 

2.880337976 2.2702356 
2.70143036 2.256133479 

1.330743581 7.730693438 
0.8404277355 7.98978669 

2.428696205 7.024803567 
2.26468013 7.084926061 

1.377897442 7.224436089 
1.145255642 7.153942781 

4.560780238 3.13637161 
4.670938595 3.120078723 

2.79093301 0.9735858214 
2.87007413 0.8868532554 

2.997554323 0.7880874708 
2.87007413 0.8868532554 

3.395455508 0.3571461221 
3.271514272 0.3503840838 

0.9787614739 6.998490921 
1.000282121 6.770957985 

1.91395888 1.697554214 
1.714527404 1.795531609 

1.527961971 1.755921822 
1.714527404 1.795531609 

6.8849754 5.387588415 
7.025393864 5.514726223 

3.953174784 2.55797035 
3.755524408 2.791473548 

3.640829442 3.036211854 
3.755524408 2.791473548 

5.741443045 6.678629952 
5.626520291 6.743178705 

1.66086535 7.880255589 
1.881078213 7.890894307 

0.5881913129 7.309030421 
0.7094775537 7.278814801 

0.8056021608 7.173598853 
0.7094775537 7.278814801 

1.613978566 1.403419446 
1.797199077 1.410586211 

1.930064486 1.502175345 
1.797199077 1.410586211 

1.725711943 7.343360407 
1.731652302 7.234634233 

3.171364032 1.885631775 
3.15041301 2.05170155 

3.166700482 2.18072406 
3.15041301 2.05170155 

4.30110139 6.973420226 
4.135082563 6.746588577 

1.045650799 6.377626169 
1.154171094 6.297791289 

1.098477891 8.051632195 
0.8404277355 7.98978669 

6.425200107 8.251607035 
6.288057827 8.113691913 

2.810564364 3.548091472 
2.733134122 3.60922735 

5.444927041 7.65843118 
5.260955313 7.709265006 

5.511931757 4.779405243 
5.618456673 4.61631773 

7.54696339 6.491722644 
7.476665662 6.235836813 

7.197970719 7.062925712 
6.933872779 7.046458859 

2.748620605 9.14699362 
2.650839374 9.145300287 

6.613146716 5.69915395 
6.929291295 5.668439896 

2.8510708 6.655894803 
2.644814085 6.640811065 

2.671531638 2.646126455 
2.577381232 2.89504182 

7.414577833 6.64600604 
7.54696339 6.491722644 

2.114570204 7.571251362 
2.273987578 7.510771815 

2.126805213 2.110051294 
1.916387162 1.988653183 

6.729797103 6.49664316 
6.863797571 6.723184122 

5.166547441 5.411653835 
5.061528046 5.171766353 

7.197970719 7.062925712 
7.089418503 7.185802309 

5.936957368 6.772684308 
5.979310822 6.595543206 

5.441629125 8.158920725 
5.355096045 8.145068481 

5.26937538 8.135101798 
5.355096045 8.145068481 

7.400228322 7.321724586 
7.244725824 7.453983287 

1.931158918 3.468625977 
2.00405744 3.457541914 

2.671531638 2.646126455 
2.459989721 2.53547936 

3.763329157 8.545130968 
3.621463195 8.490183785 

2.496957491 8.593742567 
2.631729515 8.721099085 

2.759692631 8.840599959 
2.631729515 8.721099085 

4.359380921 1.186288757 
4.351690228 1.04485026 

5.936957368 6.772684308 
5.782640605 6.873283408 

3.11781941 6.409891318 
3.197772202 6.428014128 

6.659798139 7.959725275 
6.882103859 7.979524047 

7.000685558 8.051466029 
6.882103859 7.979524047 

1.496178262 9.379375696 
1.367972537 9.178303406 

3.262628292 3.926644822 
3.462582352 3.609053689 

6.908371849 6.340448051 
6.941576708 6.607607226 

4.163267098 2.332443406 
4.560206327 2.050070252 

4.948484514 1.706555622 
4.560206327 2.050070252 

4.555442269 1.822072984 
4.672665284 1.692368511 

4.561817609 1.621806745 
4.672665284 1.692368511 

6.686295691 6.134137556 
6.626277364 6.279192672 

6.569574582 6.460625201 
6.626277364 6.279192672 

3.514841656 2.631481633 
3.710903132 2.617104735 

3.423595489 1.599811047 
3.626696782 1.604050055 

2.998575598 2.719742096 
3.069652923 2.651999272 

3.077667239 2.498677522 
3.069652923 2.651999272 

2.713868528 1.830223539 
2.648950582 1.572487131 

2.190906484 9.187559881 
2.070415116 9.085571825 

2.26468013 7.084926061 
2.411342819 7.212346833 

1.37105151 2.676170863 
1.563828449 2.682214156 

1.715719265 2.742937247 
1.563828449 2.682214156 

3.217008567 2.126521953 
3.283898054 2.120042737 

3.414869535 2.077727236 
3.283898054 2.120042737 

6.38618098 6.409797076 
6.569574582 6.460625201 

2.522847415 1.976676415 
2.154454185 1.69759296 

3.391806235 6.462234836 
3.254976945 6.439575519 

3.197772202 6.428014128 
3.254976945 6.439575519 

6.686295691 6.134137556 
6.975353913 5.899191265 

5.782640605 6.873283408 
5.684704336 6.891250657 

3.839398405 7.153777827 
3.981995959 7.44858534 

6.071377081 6.596028338 
6.184488768 6.534222452 

6.335260243 6.139988447 
6.38618098 6.409797076 

1.613978566 1.403419446 
1.868762157 1.500116883 

2.154454185 1.69759296 
1.868762157 1.500116883 

6.288057827 8.113691913 
6.189785406 8.108140318 

3.15041301 2.05170155 
3.217008567 2.126521953 

3.296353346 8.948117433 
3.170861468 8.624837832 

3.120563582 8.293734052 
3.170861468 8.624837832 

4.571937243 6.103086358 
4.813981279 5.970472988 

3.462582352 3.609053689 
3.376090636 3.70956408 

2.216114701 3.636584507 
2.372424657 3.430886559 

6.335260243 6.139988447 
6.233894194 6.069870251 

6.103987363 5.996519442 
6.233894194 6.069870251 

1.931158918 3.468625977 
1.86786153 3.404166343 

6.068635022 8.170141946 
6.143799739 8.074108009 

6.221012733 8.011041224 
6.143799739 8.074108009 

3.511496956 0.4657548278 
3.395455508 0.3571461221 

3.511496956 0.4657548278 
3.445527295 0.5796331864 

3.34379147 0.7117582935 
3.445527295 0.5796331864 

6.425200107 8.251607035 
6.552910432 8.237295916 

5.459788999 5.692565312 
5.251195893 6.017126402 

2.496957491 8.593742567 
2.315669739 8.526544772 

2.031661482 8.513121012 
2.315669739 8.526544772 

3.171364032 1.885631775 
3.035447574 1.555708378 

6.3105202 5.446551639 
6.299002689 5.653683808 

5.888033039 6.427017825 
5.699740768 6.246405545 

7.483253024 5.435940471 
7.225132592 5.653291854 

6.975353913 5.899191265 
7.225132592 5.653291854 

6.057586631 7.869031886 
6.221012733 8.011041224 

2.890236055 6.82647497 
2.926178155 7.014253061 

3.710903132 2.617104735 
3.614367759 2.512993826 

6.324582064 7.988597235 
6.288057827 8.113691913 

4.571937243 6.103086358 
4.602658182 6.30842782 

4.618706091 6.473321415 
4.602658182 6.30842782 

6.381308611 6.684575221 
6.417936863 6.8396024 

0.6984206496 7.590384529 
0.5364913319 7.896165017 

3.710903132 2.617104735 
3.755524408 2.791473548 

4.076439889 7.632927409 
4.199524228 7.433535163 

4.298292898 7.292613846 
4.199524228 7.433535163 

0.5364913319 7.896165017 
0.6420889514 7.984010753 

5.89985617 5.524530634 
5.949635595 5.71532239 

6.031153884 5.868667125 
5.949635595 5.71532239 

1.634779375 8.582077347 
1.380936833 8.680515379 

1.874685453 7.438282034 
2.114570204 7.571251362 

1.527961971 1.755921822 
1.743439609 1.897240834 

1.916387162 1.988653183 
1.743439609 1.897240834 

3.413902789 1.860888657 
3.574911678 1.773275442 

7.197970719 7.062925712 
7.335000562 7.024104543 

7.538068397 6.978365778 
7.335000562 7.024104543 

5.166547441 5.411653835 
5.288565006 5.544684884 

6.057586631 7.869031886 
6.143799739 8.074108009 

1.377897442 7.224436089 
1.283603387 7.35126534 

1.255218373 7.446836396 
1.283603387 7.35126534 

3.92885122 2.178288054 
3.707777503 2.331621141 

2.388345704 8.830902167 
2.598203684 8.898684904 

1.496178262 9.379375696 
1.364510164 9.267119988 

3.333345424 7.565391039 
3.557383972 7.505722532 

3.734573445 7.535574999 
3.557383972 7.505722532 

4.368919135 7.657377604 
4.199524228 7.433535163 

4.795965231 2.415853862 
4.868163748 2.476773594 

5.050927603 2.551599308 
4.868163748 2.476773594 

2.355477671 1.337589797 
2.300138916 1.477677888 

1.930064486 1.502175345 
1.868762157 1.500116883 

3.271514272 0.3503840838 
3.250231315 0.2266542241 

4.672665284 1.692368511 
4.72445431 1.820679178 

5.699740768 6.246405545 
5.80192127 6.183310347 

5.834883115 6.080841838 
5.80192127 6.183310347 

6.159566347 5.051153917 
6.025419674 4.823077671 

6.159566347 5.051153917 
6.111622763 5.188150573 

6.137101925 5.336809945 
6.111622763 5.188150573 

3.244260326 6.29102762 
3.170325561 6.205737414 

3.92885122 2.178288054 
3.896791889 2.030103131 

3.979845252 1.871558056 
3.896791889 2.030103131 

1.869864373 1.054839907 
1.742023345 1.158860947 

3.093870385 8.720977258 
3.170861468 8.624837832 

6.057586631 7.869031886 
6.202112021 7.581749714 

1.640602242 3.280794991 
1.775987184 3.068320778 

1.938550355 2.905375892 
1.775987184 3.068320778 

2.951561772 2.031581989 
3.15041301 2.05170155 

2.302394876 2.426509533 
2.356110082 2.361266607 

2.485845446 2.348015452 
2.356110082 2.361266607 

4.602658182 6.30842782 
4.726610052 6.302718706 

2.730713943 7.977078133 
2.566520906 7.828191931 

2.409987368 7.708952975 
2.566520906 7.828191931 

5.061528046 5.171766353 
4.830032665 5.1507857 

2.33564929 6.411252306 
2.290396935 6.279817479 

3.283898054 2.120042737 
3.3314684 2.209422976 

2.951561772 2.031581989 
3.02011361 2.229822794 

3.098406618 2.332232631 
3.02011361 2.229822794 

6.933872779 7.046458859 
7.020513478 7.083061335 

7.089418503 7.185802309 
7.020513478 7.083061335 

4.859476909 5.419334305 
4.756606101 5.367544003 

2.027261163 8.839612341 
2.070415116 9.085571825 

7.531169223 6.216267949 
7.575597668 6.252076777 

1.301810399 7.976057785 
1.44466794 7.918866197 

1.46900031 7.997942839 
1.44466794 7.918866197 

1.469740796 5.886926044 
1.646530473 6.056735794 

1.711458165 6.171473725 
1.646530473 6.056735794 

5.527556147 6.042032938 
5.353169803 6.202756598 

4.451941792 1.344259343 
4.291300796 1.574818719 

1.976082019 3.332831315 
1.86786153 3.404166343 

3.227033349 2.920479924 
3.069652923 2.651999272 

2.451077844 0.7260915936 
2.395363131 0.6922253421 

1.68358608 8.159838986 
1.858697259 8.194150968 

2.009762069 8.229168903 
1.858697259 8.194150968 

6.909112842 5.985765003 
6.975353913 5.899191265 

5.251195893 6.017126402 
5.353169803 6.202756598 

3.621463195 8.490183785 
3.56804139 8.427187956 

3.535519215 8.338177131 
3.56804139 8.427187956 

2.363157192 0.9061277727 
2.355287747 1.190772345 

2.355477671 1.337589797 
2.355287747 1.190772345 

3.004982386 9.089884645 
3.16223015 8.980357615 

3.747064878 0.87668621 
3.930848544 0.7694023413 

1.086610091 6.595288376 
1.045650799 6.377626169 

5.353169803 6.202756598 
5.182447243 6.226791796 

2.465206333 0.5422331472 
2.555825588 0.5167896751 

2.179936835 6.71280427 
2.019180921 6.794109828 

1.947553888 6.870786735 
2.019180921 6.794109828 

3.376090636 3.70956408 
3.5270723 3.849420561 

6.228423006 6.742667351 
6.184488768 6.534222452 

2.421758872 2.189567351 
2.449411519 2.0669181 

2.522847415 1.976676415 
2.449411519 2.0669181 

2.420034186 6.247566878 
2.328078123 6.249587046 

2.290396935 6.279817479 
2.328078123 6.249587046 

3.648730333 2.074304682 
3.896791889 2.030103131 

6.056886662 7.107945456 
5.966840414 7.128386962 

5.842272189 7.098682341 
5.966840414 7.128386962 

6.335260243 6.139988447 
6.431955121 6.00291599 

3.336762475 0.5147409084 
3.445527295 0.5796331864 

2.26468013 7.084926061 
2.18528284 7.144548793 

2.085747468 7.266164589 
2.18528284 7.144548793 

2.455588741 8.078500405 
2.522495011 7.942541126 

2.496957491 8.593742567 
2.655279029 8.504354851 

5.459788999 5.692565312 
5.72090147 5.638138153 

1.65938315 7.006881162 
1.68463695 7.456092741 

1.66086535 7.880255589 
1.68463695 7.456092741 

6.234325362 5.859162836 
6.031153884 5.868667125 

1.315034925 8.427844503 
1.386902996 8.276499848 

1.44463652 8.119876263 
1.386902996 8.276499848 

1.66086535 7.880255589 
1.761080629 7.609768926 

6.908371849 6.340448051 
6.626277364 6.279192672 

1.11067605 9.281157712 
1.277392216 9.234433081 

1.367972537 9.178303406 
1.277392216 9.234433081 

0.7415325176 8.830337493 
0.9312013336 8.733937715 

1.051901302 8.700180932 
0.9312013336 8.733937715 

1.544234483 2.0564191 
1.636867838 2.198247907 

6.686295691 6.134137556 
6.536414875 6.126620383 

1.742023345 1.158860947 
1.915255726 1.318813916 

2.733134122 3.60922735 
2.653271582 3.661428386 

7.060968081 6.929486392 
7.020513478 7.083061335 

3.333345424 7.565391039 
3.140667617 7.649097205 

2.907794477 7.754549132 
3.140667617 7.649097205 

1.897119482 8.457668093 
1.996572533 8.414177841 

2.031661482 8.513121012 
1.996572533 8.414177841 

3.104297661 7.034933949 
2.926178155 7.014253061 

4.756606101 5.367544003 
4.687912018 5.336559785 

3.423595489 1.599811047 
3.432825595 1.72378016 

3.413902789 1.860888657 
3.432825595 1.72378016 

5.010020084 5.686707394 
5.206219677 5.684972208 

5.254748054 7.216906387 
5.206063489 7.43073954 

5.143150187 7.60627397 
5.206063489 7.43073954 

6.299002689 5.653683808 
6.065615822 5.648096012 

5.083811103 2.128961621 
5.104159532 2.333866078 

1.588655218 7.512819522 
1.68463695 7.456092741 

3.035447574 1.555708378 
2.863870381 1.450965111 

4.754401766 5.641434382 
4.93417517 5.413865724 

3.757856073 3.983783924 
3.903347525 3.853920711 

4.019222519 3.823907491 
3.903347525 3.853920711 

5.936957368 6.772684308 
5.966840414 7.128386962 

3.918118743 1.586085503 
3.855985454 1.707546331 

1.623975951 6.655000849 
1.603082083 6.899472757 

1.65938315 7.006881162 
1.603082083 6.899472757 

1.301810399 7.976057785 
1.46900031 7.997942839 

1.874685453 7.438282034 
1.68463695 7.456092741 

1.874685453 7.438282034 
1.957063527 7.583018523 

4.687912018 5.336559785 
4.630948535 5.318534193 

1.255218373 7.446836396 
1.330743581 7.730693438 

1.802899584 6.028081961 
1.681512031 5.995179817 

1.469740796 5.886926044 
1.681512031 5.995179817 

4.93417517 5.413865724 
4.859476909 5.419334305 

6.044033612 6.266382287 
6.184488768 6.534222452 

2.154454185 1.69759296 
2.334273087 1.732903783 

6.598845043 6.692718073 
6.381308611 6.684575221 

1.037312019 7.63556733 
1.042545286 7.845794294 

1.098477891 8.051632195 
1.042545286 7.845794294 

2.531296058 9.126734137 
2.591558241 9.203846801 

2.650839374 9.145300287 
2.591558241 9.203846801 

5.729948271 7.026398911 
5.782640605 6.873283408 

2.7859325 6.469019843 
2.751394435 6.540427525 

6.908371849 6.340448051 
6.921811676 6.156973968 

6.909112842 5.985765003 
6.921811676 6.156973968 

5.090550578 5.932275932 
4.813981279 5.970472988 

6.924633701 7.811342084 
6.882103859 7.979524047 

1.881078213 7.890894307 
1.993356847 7.953711793 

2.043327724 8.047969981 
1.993356847 7.953711793 

2.602300968 5.868012333 
2.495915309 5.939600357 

2.467661493 6.01147906 
2.495915309 5.939600357 

2.880337976 2.2702356 
3.02011361 2.229822794 

3.839398405 7.153777827 
4.093992545 7.179707434 

4.298292898 7.292613846 
4.093992545 7.179707434 

1.957063527 7.583018523 
1.890968712 7.681601101 

2.655279029 8.504354851 
2.727514254 8.262672578 

0.8404277355 7.98978669 
0.8434638995 7.858756223 

4.451941792 1.344259343 
4.288951606 1.383810449 

4.11637322 1.44609712 
4.288951606 1.383810449 

5.910964992 6.559913757 
5.862173425 6.496040175 

5.745627879 6.522174827 
5.862173425 6.496040175 

3.976509231 3.0862749 
4.168871683 3.076429565 

4.339352615 3.127153982 
4.168871683 3.076429565 

2.179936835 6.71280427 
1.973449974 6.729513916 

1.8331513 6.734278145 
1.973449974 6.729513916 

1.725711943 7.343360407 
1.68463695 7.456092741 

1.588655218 7.512819522 
1.64208661 7.373221868 

1.725711943 7.343360407 
1.64208661 7.373221868 

2.216114701 3.636584507 
2.097834377 3.493701321 

2.492543205 3.854212563 
2.42374721 3.678419476 

2.114570204 7.571251362 
1.957063527 7.583018523 

6.404240057 7.262509973 
6.508284696 7.367525183 

6.601452421 7.456826849 
6.508284696 7.367525183 

1.544234483 2.0564191 
1.586588991 1.91165288 

5.616189226 4.974416518 
5.662275274 4.836731395 

3.166700482 2.18072406 
3.02011361 2.229822794 

6.279918174 4.696127727 
6.346124512 4.866927662 

7.174431965 5.930553243 
6.975353913 5.899191265 

6.739328079 5.1332394 
6.935059023 5.154627955 

5.80192127 6.183310347 
5.888033039 6.427017825 

7.400228322 7.321724586 
7.439463319 6.899653285 

7.54696339 6.491722644 
7.439463319 6.899653285 

0.6984206496 7.590384529 
0.5378072692 7.552162291 

6.044033612 6.266382287 
6.233894194 6.069870251 

2.642359654 7.326285548 
2.724461346 7.385685506 

2.794221147 7.458719439 
2.724461346 7.385685506 

2.832388533 1.56647717 
2.767457238 1.633797935 

4.948484514 1.706555622 
4.799478656 1.753999942 

4.672665284 1.692368511 
4.799478656 1.753999942 

1.11067605 9.281157712 
1.254341733 9.335254146 

1.364510164 9.267119988 
1.254341733 9.335254146 

3.648730333 2.074304682 
3.92885122 2.178288054 

2.671531638 2.646126455 
2.540170542 2.792318011 

2.383655576 2.912068114 
2.540170542 2.792318011 

2.972905866 1.744186199 
2.767457238 1.633797935 

3.355685294 7.002629016 
3.376317266 6.735601695 

7.688870351 6.108365293 
7.604930416 6.181008889 

7.575597668 6.252076777 
7.604930416 6.181008889 

7.414577833 6.64600604 
7.619180031 6.714881635 

3.763329157 8.545130968 
3.573121251 8.298890595 

3.348556565 7.949805227 
3.573121251 8.298890595 

1.714527404 1.795531609 
1.743439609 1.897240834 

4.618706091 6.473321415 
4.829111079 6.429086184 

4.982821163 6.351239911 
4.829111079 6.429086184 

2.017744835 2.573702147 
2.078605366 2.439388566 

2.155516236 2.307487739 
2.078605366 2.439388566 

5.888033039 6.427017825 
5.862173425 6.496040175 

2.363157192 0.9061277727 
2.568251019 0.9367185675 

4.942878271 7.12481066 
5.086374 7.277585257 

5.254748054 7.216906387 
5.086374 7.277585257 

3.574911678 1.773275442 
3.432825595 1.72378016 

7.174431965 5.930553243 
7.070889722 5.762613224 

6.929291295 5.668439896 
7.070889722 5.762613224 

6.8849754 5.387588415 
7.016719468 5.26955944 

1.742023345 1.158860947 
1.719040742 1.283896761 

1.613978566 1.403419446 
1.719040742 1.283896761 

5.576152799 5.384242081 
5.655000036 5.570323472 

5.72090147 5.638138153 
5.655000036 5.570323472 

1.244999196 8.764925005 
1.192471446 9.002882957 

6.044033612 6.266382287 
6.037226955 6.497063432 

5.979310822 6.595543206 
6.037226955 6.497063432 

4.462404129 5.284650229 
4.563870036 5.297923466 

4.630948535 5.318534193 
4.563870036 5.297923466 

2.378243611 8.316596963 
2.315669739 8.526544772 

2.073564088 0.7110749305 
2.026087337 0.7873128458 

5.594359088 6.493008278 
5.490956455 6.575283573 

5.369019232 6.712876245 
5.490956455 6.575283573 

4.368919135 7.657377604 
4.679056065 7.825787568 

4.998744683 8.022475061 
4.679056065 7.825787568 

1.761080629 7.609768926 
1.957063527 7.583018523 

2.593103827 7.604724842 
2.730462523 7.682396609 

2.907794477 7.754549132 
2.730462523 7.682396609 

1.798219363 2.175532116 
1.916387162 1.988653183 

2.915858932 7.219971912 
2.716374387 7.133599805 

4.90000693 1.988398451 
4.72445431 1.820679178 

2.171228578 3.354558539 
1.976082019 3.332831315 

0.327836405 8.146664373 
0.4449508059 8.031534863 

0.5364913319 7.896165017 
0.4449508059 8.031534863 

2.33564929 6.411252306 
2.328078123 6.249587046 

4.90000693 1.988398451 
4.923199759 1.856555443 

4.948484514 1.706555622 
4.923199759 1.856555443 

2.33564929 6.411252306 
2.145298672 6.377669083 

2.002012511 6.339283149 
2.145298672 6.377669083 

4.975777245 7.656531936 
5.142749738 7.898589313 

6.228423006 6.742667351 
6.280212127 6.606214067 

6.38618098 6.409797076 
6.280212127 6.606214067 

4.390311898 2.865569222 
4.273983675 2.815881485 

4.131784625 2.865429096 
4.273983675 2.815881485 

6.037226955 6.497063432 
6.071377081 6.596028338 

7.016719468 5.26955944 
7.095512546 5.373240789 

3.171364032 1.885631775 
3.298809143 1.990781287 

3.414869535 2.077727236 
3.298809143 1.990781287 

6.234325362 5.859162836 
6.161026179 5.882619813 

6.103987363 5.996519442 
6.161026179 5.882619813 

3.573121251 8.298890595 
3.535519215 8.338177131 

2.200401673 7.699666913 
2.273987578 7.510771815 

2.148351726 8.398272899 
2.219350629 8.191849748 

2.243017428 8.079356594 
2.219350629 8.191849748 

5.288565006 5.544684884 
5.206219677 5.684972208 

2.555825588 0.5167896751 
2.570146531 0.4108246382 

3.077667239 2.498677522 
3.140126044 2.661299761 

6.065615822 5.648096012 
5.949635595 5.71532239 

2.190906484 9.187559881 
1.981398606 9.224817464 

2.716374387 7.133599805 
2.615936808 7.062621803 

7.439463319 6.899653285 
7.335000562 7.024104543 

2.216114701 3.636584507 
2.327844459 3.643122812 

2.42374721 3.678419476 
2.327844459 3.643122812 

4.351690228 1.04485026 
4.371136859 0.9648546511 

3.659691031 7.881701227 
3.508668469 7.968695539 

3.348556565 7.949805227 
3.508668469 7.968695539 

6.068635022 8.170141946 
6.129098156 8.141642627 

6.189785406 8.108140318 
6.129098156 8.141642627 

7.538068397 6.978365778 
7.456851256 6.801494949 

7.414577833 6.64600604 
7.456851256 6.801494949 

2.05493765 7.662225186 
2.200401673 7.699666913 

2.653271582 3.661428386 
2.609373734 3.729498372 

0.7701655384 8.141879165 
0.5564546219 8.150383777 

6.202112021 7.581749714 
6.179114178 7.485963239 

6.186121952 7.335727515 
6.179114178 7.485963239 

2.300138916 1.477677888 
2.358953135 1.590302638 

2.334273087 1.732903783 
2.358953135 1.590302638 

1.63543842 8.295899225 
1.649084406 8.450814425 

1.634779375 8.582077347 
1.649084406 8.450814425 

5.594359088 6.493008278 
5.699740768 6.246405545 

5.594359088 6.493008278 
5.72670867 6.403838165 

5.888033039 6.427017825 
5.72670867 6.403838165 

3.447778789 7.309204812 
3.396363578 7.422801014 

3.333345424 7.565391039 
3.396363578 7.422801014 

1.527961971 1.755921822 
1.690705515 1.968326644 

5.288565006 5.544684884 
5.383668931 5.602989102 

5.459788999 5.692565312 
5.383668931 5.602989102 

3.979845252 1.871558056 
3.855985454 1.707546331 

2.997554323 0.7880874708 
3.120908734 0.8238083393 

3.2331636 0.9149139215 
3.120908734 0.8238083393 

6.908371849 6.340448051 
7.040698572 6.300013895 

7.198560173 6.308646093 
7.040698572 6.300013895 

2.492543205 3.854212563 
2.569620952 3.768947767 

2.609373734 3.729498372 
2.569620952 3.768947767 

3.953174784 2.55797035 
3.815803565 2.587975665 

3.710903132 2.617104735 
3.815803565 2.587975665 

1.65938315 7.006881162 
1.796619201 6.929902239 

1.947553888 6.870786735 
1.796619201 6.929902239 

3.747064878 0.87668621 
3.597960701 0.9645124042 

0.5564546219 8.150383777 
0.4191019234 8.23810017 

3.505213757 3.222441341 
3.490808373 3.438961021 

3.462582352 3.609053689 
3.490808373 3.438961021 

2.428696205 7.024803567 
2.596027406 7.165261589 

2.642359654 7.326285548 
2.596027406 7.165261589 

4.571937243 6.103086358 
4.45200137 6.095142787 

4.362478141 6.084013065 
4.45200137 6.095142787 

2.948022417 2.902994529 
3.048895316 3.088100076 

3.131603612 3.282904027 
3.048895316 3.088100076 

3.296353346 8.948117433 
3.187706403 8.82747332 

3.093870385 8.720977258 
3.187706403 8.82747332 

0.9895876976 7.448404101 
1.178314753 7.589110823 

1.330743581 7.730693438 
1.178314753 7.589110823 

2.33564929 6.411252306 
2.232601798 6.523111175 

2.671531638 2.646126455 
2.678079596 2.901484667 

2.378243611 8.316596963 
2.219350629 8.191849748 

2.978173074 1.303820342 
2.96874506 1.386985491 

4.505801451 2.400264299 
4.587144351 2.595508259 

2.615936808 7.062621803 
2.543452965 7.062953642 

2.428696205 7.024803567 
2.543452965 7.062953642 

1.037312019 7.63556733 
1.178314753 7.589110823 

1.315034925 8.427844503 
1.419696251 8.407587243 

1.513214953 8.403205928 
1.419696251 8.407587243 

3.227033349 2.920479924 
3.048895316 3.088100076 

3.140126044 2.661299761 
3.187634888 2.748852956 

7.210157966 5.189325803 
7.041209653 5.131724255 

6.935059023 5.154627955 
7.041209653 5.131724255 

0.9895876976 7.448404101 
0.8510964333 7.520248217 

0.6984206496 7.590384529 
0.8510964333 7.520248217 

3.310313954 2.383672461 
3.339129763 2.685778345 

5.745627879 6.522174827 
5.72670867 6.403838165 

4.799478656 1.753999942 
4.72445431 1.820679178 

2.03558981 5.917315951 
2.162527089 5.963589954 

2.195263376 6.031028633 
2.162527089 5.963589954 

7.538068397 6.978365778 
7.439463319 6.899653285 

1.91395888 1.697554214 
2.030160168 1.738772151 

2.154454185 1.69759296 
2.030160168 1.738772151 

3.979845252 1.871558056 
3.862622957 1.852266431 

3.751534329 1.810916754 
3.862622957 1.852266431 

2.190906484 9.187559881 
2.160506679 9.010472936 

2.027261163 8.839612341 
2.160506679 9.010472936 

2.33564929 6.411252306 
2.420034186 6.247566878 

1.640602242 3.280794991 
1.792072967 3.369267923 

1.931158918 3.468625977 
1.792072967 3.369267923 

2.678079596 2.901484667 
2.734125756 2.850524326 

6.941576708 6.607607226 
7.119273785 6.58680746 

7.25572921 6.514769433 
7.119273785 6.58680746 

4.5556325 7.307798388 
4.644390966 7.295844273 

4.715832944 7.305457174 
4.644390966 7.295844273 

6.431955121 6.00291599 
6.527118323 6.040567766 

6.536414875 6.126620383 
6.527118323 6.040567766 

2.019714691 7.030899134 
2.18528284 7.144548793 

1.244913547 6.217247128 
1.163371764 6.388256157 

1.086610091 6.595288376 
1.163371764 6.388256157 

0.7829332553 6.562382942 
0.7975114339 6.482094276 

2.019714691 7.030899134 
2.038146462 7.137890132 

2.085747468 7.266164589 
2.038146462 7.137890132 

3.104297661 7.034933949 
3.028195785 6.907664324 

5.618456673 4.61631773 
5.771670292 4.68022662 

5.874816016 4.755076085 
5.771670292 4.68022662 

4.196556544 6.247088146 
4.362478141 6.084013065 

4.371136859 0.9648546511 
4.407777879 0.9102176999 

1.66086535 7.880255589 
1.44466794 7.918866197 

0.327836405 8.146664373 
0.5688434221 8.074975394 

0.8404277355 7.98978669 
0.5688434221 8.074975394 

2.148351726 8.398272899 
1.996572533 8.414177841 

6.071377081 6.596028338 
6.164661153 6.656706693 

6.228423006 6.742667351 
6.164661153 6.656706693 

2.459989721 2.53547936 
2.485845446 2.348015452 

2.655279029 8.504354851 
2.708758085 8.474276316 

2.793122784 8.484525735 
2.708758085 8.474276316 

1.244913547 6.217247128 
1.115037204 6.117916679 

2.455588741 8.078500405 
2.578727084 8.024834025 

2.730713943 7.977078133 
2.578727084 8.024834025 

4.670938595 3.120078723 
4.390311898 2.865569222 

4.882503258 2.931080305 
4.75625321 2.967193623 

2.566520906 7.828191931 
2.593103827 7.604724842 

6.065615822 5.648096012 
5.984390621 5.589283848 

1.377897442 7.224436089 
1.478191309 7.382691392 

1.588655218 7.512819522 
1.478191309 7.382691392 

4.982821163 6.351239911 
5.182447243 6.226791796 

2.760770643 0.8321112387 
2.87007413 0.8868532554 

7.54696339 6.491722644 
7.515882314 6.010472404 

2.113400811 7.431508141 
2.07271957 7.517731552 

2.114570204 7.571251362 
2.07271957 7.517731552 

5.949635595 5.71532239 
5.984390621 5.589283848 

4.555442269 1.822072984 
4.356817925 1.875184263 

4.1564296 1.931641976 
4.356817925 1.875184263 

5.18506527 6.423320707 
5.193196645 6.315288655 

5.182447243 6.226791796 
5.193196645 6.315288655 

4.136197455 0.5713277556 
4.014892622 0.6802393653 

3.930848544 0.7694023413 
4.014892622 0.6802393653 

1.527961971 1.755921822 
1.548097614 1.832519289 

1.586588991 1.91165288 
1.548097614 1.832519289 

1.849919574 8.853227428 
1.758782349 8.708593611 

1.634779375 8.582077347 
1.758782349 8.708593611 

1.323573362 6.586796188 
1.454756319 6.647821922 

5.705387755 7.325441148 
5.745905824 7.476230887 

2.160506679 9.010472936 
2.388345704 8.830902167 

6.548302311 6.931995347 
6.675621327 6.839202146 

6.785597378 6.792756427 
6.675621327 6.839202146 

4.75625321 2.967193623 
4.681646425 2.972545561 

2.070415116 9.085571825 
2.160506679 9.010472936 

1.623975951 6.655000849 
1.661653606 6.536407506 

1.670981725 6.370954452 
1.661653606 6.536407506 

6.499053467 5.002910371 
6.446014066 4.912596163 

6.346124512 4.866927662 
6.446014066 4.912596163 

5.061528046 5.171766353 
4.979135499 5.299883297 

4.93417517 5.413865724 
4.979135499 5.299883297 

5.688869992 7.579062515 
5.745905824 7.476230887 

0.4187429823 6.737593981 
0.5556166463 6.807960741 

0.724090731 6.928158999 
0.5556166463 6.807960741 

7.068337036 7.88444423 
6.924633701 7.811342084 

7.068337036 7.88444423 
7.198217185 7.843538355 

7.317221186 7.780510441 
7.198217185 7.843538355 

1.244913547 6.217247128 
1.396827506 6.074616714 

5.18506527 6.423320707 
5.196391027 6.561654886 

1.254341733 9.335254146 
1.277392216 9.234433081 

1.874685453 7.438282034 
1.885659373 7.554587187 

1.890968712 7.681601101 
1.885659373 7.554587187 

2.421758872 2.189567351 
2.356110082 2.361266607 

4.998744683 8.022475061 
5.08884659 8.081285416 

1.957063527 7.583018523 
1.885659373 7.554587187 

2.428696205 7.024803567 
2.655536527 6.926305358 

2.890236055 6.82647497 
2.655536527 6.926305358 

6.280212127 6.606214067 
6.184488768 6.534222452 

2.378243611 8.316596963 
2.408738741 8.447820625 

2.496957491 8.593742567 
2.408738741 8.447820625 

3.227033349 2.920479924 
2.948022417 2.902994529 

3.227033349 2.920479924 
3.223763648 2.809900916 

3.187634888 2.748852956 
3.223763648 2.809900916 

5.705387755 7.325441148 
5.562490318 7.511070912 

5.444927041 7.65843118 
5.562490318 7.511070912 

1.646530473 6.056735794 
1.681512031 5.995179817 

3.250231315 0.2266542241 
3.318284141 0.3086194404 

3.395455508 0.3571461221 
3.318284141 0.3086194404 

2.421758872 2.189567351 
2.290318837 2.16902645 

2.126805213 2.110051294 
2.290318837 2.16902645 

4.849520614 5.831568376 
4.963598422 5.866100409 

5.090550578 5.932275932 
4.963598422 5.866100409 

1.154171094 6.297791289 
1.130650422 6.251217412 

1.636867838 2.198247907 
1.506203917 2.256028654 

4.482116353 0.8282195016 
4.446415288 0.8739296949 

4.407777879 0.9102176999 
4.446415288 0.8739296949 

0.7975114339 6.482094276 
0.7860573224 6.43238627 

2.97876661 3.392455519 
3.212696573 3.514733935 

4.362478141 6.084013065 
4.291230177 5.989959522 

1.130650422 6.251217412 
1.136941775 6.227677768 

3.413902789 1.860888657 
3.298809143 1.990781287 

5.618456673 4.61631773 
5.647828171 4.735368293 

5.662275274 4.836731395 
5.647828171 4.735368293 

3.391806235 6.462234836 
3.307099087 6.382749579 

3.244260326 6.29102762 
3.307099087 6.382749579 

7.016719468 5.26955944 
7.041209653 5.131724255 

1.037312019 7.63556733 
0.8510964333 7.520248217 

2.275831077 5.860889661 
2.413401391 5.876644913 

0.7701655384 8.141879165 
0.8404277355 7.98978669 

1.66086535 7.880255589 
1.556516249 7.988608638 

1.44463652 8.119876263 
1.556516249 7.988608638 

6.552910432 8.237295916 
6.62226574 8.207583574 

6.667520189 8.250443209 
6.62226574 8.207583574 

4.726610052 6.302718706 
4.829111079 6.429086184 

1.321994717 2.302580507 
1.427558599 2.284723183 

1.506203917 2.256028654 
1.427558599 2.284723183 

5.782640605 6.873283408 
5.623373709 6.925769515 

5.485981816 7.012517743 
5.623373709 6.925769515 

1.454756319 6.647821922 
1.603082083 6.899472757 

4.298292898 7.292613846 
4.310286853 7.159299882 

2.915858932 7.219971912 
2.922519858 7.096660258 

2.926178155 7.014253061 
2.922519858 7.096660258 

3.140126044 2.661299761 
3.069652923 2.651999272 

1.454756319 6.647821922 
1.529961545 6.646310898 

1.623975951 6.655000849 
1.529961545 6.646310898 

6.037226955 6.497063432 
6.184488768 6.534222452 

5.125922556 6.725235298 
5.166896489 6.658408684 

5.196391027 6.561654886 
5.166896489 6.658408684 

4.77422524 6.797684431 
4.709042148 6.644481087 

4.618706091 6.473321415 
4.709042148 6.644481087 

6.164661153 6.656706693 
6.280212127 6.606214067 

2.997554323 0.7880874708 
2.830704595 0.6116776428 

1.86786153 3.404166343 
1.792072967 3.369267923 

1.469740796 5.886926044 
1.485599923 6.005699386 

1.396827506 6.074616714 
1.485599923 6.005699386 

6.234325362 5.859162836 
6.244940083 5.75162555 

6.299002689 5.653683808 
6.244940083 5.75162555 

5.182701525 8.068454971 
5.135054332 8.084810722 

5.08884659 8.081285416 
5.135054332 8.084810722 

7.538068397 6.978365778 
7.575046912 6.908125749 

3.052266698 6.086930583 
3.125600398 6.15492066 

3.170325561 6.205737414 
3.125600398 6.15492066 

1.975323792 6.121044565 
2.03558981 5.917315951 

2.413401391 5.876644913 
2.483354606 5.864048377 

7.205973372 7.550851272 
7.169290225 7.505546811 

7.244725824 7.453983287 
7.169290225 7.505546811 

4.30110139 6.973420226 
4.284029439 7.090707204 

4.310286853 7.159299882 
4.284029439 7.090707204 

5.039390725 6.578283517 
5.196391027 6.561654886 

4.004031899 1.419484004 
3.957121617 1.509679427 

3.918118743 1.586085503 
3.957121617 1.509679427 

6.280212127 6.606214067 
6.381308611 6.684575221 

5.910964992 6.559913757 
5.946452362 6.499007509 

6.037226955 6.497063432 
5.946452362 6.499007509 

2.6353591 3.183148742 
2.682624855 3.027512604 

2.678079596 2.901484667 
2.682624855 3.027512604 

2.449411519 2.0669181 
2.290318837 2.16902645 

2.05493765 7.662225186 
2.099920615 7.68430879 

2.139170303 7.770635942 
2.099920615 7.68430879 

7.54696339 6.491722644 
7.575597668 6.252076777 

5.459788999 5.692565312 
5.335032546 5.709373665 

5.206219677 5.684972208 
5.335032546 5.709373665 

2.767457238 1.633797935 
2.648950582 1.572487131 

2.043327724 8.047969981 
2.194184405 7.965932392 

2.354737526 7.876686669 
2.194184405 7.965932392 

3.579906127 0.7997298962 
3.597960701 0.9645124042 

4.982821163 6.351239911 
5.011595001 6.481193057 

5.039390725 6.578283517 
5.011595001 6.481193057 

2.830704595 0.6116776428 
2.760873913 0.5235375906 

2.675110717 0.4464648654 
2.760873913 0.5235375906 

0.5881913129 7.309030421 
0.5169190795 7.382446829 

0.4223795653 7.458732647 
0.5169190795 7.382446829 

4.157086445 5.857781758 
4.245898445 5.936756676 

4.291230177 5.989959522 
4.245898445 5.936756676 

3.035447574 1.555708378 
2.96874506 1.386985491 

2.358953135 1.590302638 
2.592295278 1.640667377 

6.659798139 7.959725275 
6.808624767 7.881819991 

6.924633701 7.811342084 
6.808624767 7.881819991 

6.882103859 7.979524047 
6.808624767 7.881819991 

3.227033349 2.920479924 
3.102418398 2.821938202 

2.998575598 2.719742096 
3.102418398 2.821938202 

4.681646425 2.972545561 
4.672464396 3.019295399 

3.534092719 2.256665141 
3.414869535 2.077727236 

6.909112842 5.985765003 
7.035828411 5.956085389 

5.576152799 5.384242081 
5.423499226 5.460545043 

5.288565006 5.544684884 
5.423499226 5.460545043 

4.30110139 6.973420226 
4.445457596 7.140686863 

3.534092719 2.256665141 
3.436553788 2.218232721 

3.3314684 2.209422976 
3.436553788 2.218232721 

4.390311898 2.865569222 
4.360124737 2.967002178 

3.763329157 8.545130968 
3.439451048 8.436283501 

3.120563582 8.293734052 
3.439451048 8.436283501 

5.894045016 7.552692965 
6.179114178 7.485963239 

5.894045016 7.552692965 
5.767151912 7.571615267 

5.688869992 7.579062515 
5.767151912 7.571615267 

1.37105151 2.676170863 
1.444920592 2.650284298 

1.506454803 2.606118734 
1.444920592 2.650284298 

2.751394435 6.540427525 
2.715343797 6.569263872 

6.031153884 5.868667125 
6.161026179 5.882619813 

1.749476952 9.30613097 
1.852367729 9.247659024 

1.981398606 9.224817464 
1.852367729 9.247659024 

2.648950582 1.572487131 
2.592295278 1.640667377 

1.352841353 9.070800564 
1.192471446 9.002882957 

7.089418503 7.185802309 
7.081936879 7.062147583 

7.060968081 6.929486392 
7.081936879 7.062147583 

4.548875129 3.376691543 
4.400907489 3.451530351 

4.252619005 3.606296516 
4.400907489 3.451530351 

2.880337976 2.2702356 
2.813893084 2.18249788 

2.733677618 2.101278775 
2.813893084 2.18249788 

6.921811676 6.156973968 
7.040698572 6.300013895 

6.921811676 6.156973968 
6.798544394 6.126725968 

6.686295691 6.134137556 
6.798544394 6.126725968 

6.975353913 5.899191265 
7.035828411 5.956085389 

7.016719468 5.26955944 
7.082448921 5.211480362 

2.637225782 9.485963794 
2.61158508 9.342745891 

2.591558241 9.203846801 
2.61158508 9.342745891 

4.526698696 5.756538584 
4.245898445 5.936756676 

3.140667617 7.649097205 
3.00116572 7.917788914 

3.089536473 0.3048391973 
3.16042802 0.243546324 

3.250231315 0.2266542241 
3.16042802 0.243546324 

5.527556147 6.042032938 
5.459788999 5.692565312 

4.482116353 0.8282195016 
4.294540834 0.8938370467 

2.674490012 3.404750295 
2.653271582 3.661428386 

3.773255965 1.367317276 
4.004031899 1.419484004 

4.079563985 0.9699632506 
4.18585241 0.9324835731 

4.294540834 0.8938370467 
4.18585241 0.9324835731 

3.773255965 1.367317276 
3.699938818 1.497644729 

3.626696782 1.604050055 
3.699938818 1.497644729 

7.54696339 6.491722644 
7.611561696 6.31633962 

7.611561696 6.31633962 
7.65810045 6.217788799 

7.688870351 6.108365293 
7.65810045 6.217788799 

3.102418398 2.821938202 
2.948022417 2.902994529 

2.655536527 6.926305358 
2.615936808 7.062621803 

3.391806235 6.462234836 
3.420927099 6.617285209 

3.511496956 0.4657548278 
3.424241548 0.4897932547 

3.336762475 0.5147409084 
3.424241548 0.4897932547 

3.632363055 3.233726944 
3.566994263 3.256898268 

2.675110717 0.4464648654 
2.626487889 0.4387542517 

6.941576708 6.607607226 
6.855695844 6.563464155 

6.729797103 6.49664316 
6.855695844 6.563464155 

7.538068397 6.978365778 
7.464997948 7.145635276 

4.829111079 6.429086184 
5.011595001 6.481193057 

1.136941775 6.227677768 
1.140362431 6.198593418 

5.946452362 6.499007509 
5.888033039 6.427017825 

3.505213757 3.222441341 
3.526994212 3.256346865 

3.566994263 3.256898268 
3.526994212 3.256346865 

3.763329157 8.545130968 
3.788645915 8.417720622 

2.951561772 2.031581989 
2.813893084 2.18249788 

6.613146716 5.69915395 
6.532511689 5.825830672 

6.431955121 6.00291599 
6.532511689 5.825830672 

3.788645915 8.417720622 
3.75394888 8.319083621 

3.738554319 8.225716469 
3.75394888 8.319083621 

1.915255726 1.318813916 
1.797199077 1.410586211 

3.385138263 8.382061759 
3.439451048 8.436283501 

1.761080629 7.609768926 
1.815520864 7.509749721 

1.874685453 7.438282034 
1.815520864 7.509749721 

5.010020084 5.686707394 
4.963598422 5.866100409 

1.938550355 2.905375892 
1.969837404 2.730701486 

2.017744835 2.573702147 
1.969837404 2.730701486 

4.5556325 7.307798388 
4.518366996 7.208758796 

4.445457596 7.140686863 
4.518366996 7.208758796 

1.44466794 7.918866197 
1.556516249 7.988608638 

5.254748054 7.216906387 
5.372439396 7.116588068 

5.485981816 7.012517743 
5.372439396 7.116588068 

2.79093301 0.9735858214 
2.684766514 0.9697075157 

2.568251019 0.9367185675 
2.684766514 0.9697075157 

2.33564929 6.411252306 
2.149456643 6.272920991 

1.975323792 6.121044565 
2.149456643 6.272920991 

4.135082563 6.746588577 
4.017143809 6.777672398 

3.296353346 8.948117433 
3.231107963 8.958055609 

3.16223015 8.980357615 
3.231107963 8.958055609 

1.11067605 9.281157712 
1.156138276 9.139541834 

1.192471446 9.002882957 
1.156138276 9.139541834 

2.602300968 5.868012333 
2.534847378 5.851441261 

2.483354606 5.864048377 
2.534847378 5.851441261 

3.298809143 1.990781287 
3.217008567 2.126521953 

1.68358608 8.159838986 
1.556516249 7.988608638 

4.291300796 1.574818719 
4.288676691 1.479492242 

4.288951606 1.383810449 
4.288676691 1.479492242 

1.140362431 6.198593418 
1.140968496 6.169695758 

2.730713943 7.977078133 
2.807687292 7.861926474 

2.907794477 7.754549132 
2.807687292 7.861926474 

5.104159532 2.333866078 
5.077789008 2.442828243 

5.050927603 2.551599308 
5.077789008 2.442828243 

1.976082019 3.332831315 
2.00405744 3.457541914 

2.492543205 3.854212563 
2.544534024 3.746391922 

2.586405844 3.622538978 
2.544534024 3.746391922 

3.004982386 9.089884645 
2.877805208 9.104896334 

2.748620605 9.14699362 
2.877805208 9.104896334 

0.9787614739 6.998490921 
1.145255642 7.153942781 

2.378243611 8.316596963 
2.257419198 8.337917717 

2.148351726 8.398272899 
2.257419198 8.337917717 

2.70143036 2.256133479 
2.813893084 2.18249788 

2.890236055 6.82647497 
2.95603111 6.870755011 

3.028195785 6.907664324 
2.95603111 6.870755011 

7.611561696 6.31633962 
7.575597668 6.252076777 

6.38618098 6.409797076 
6.285835133 6.482537984 

6.184488768 6.534222452 
6.285835133 6.482537984 

4.526698696 5.756538584 
4.347572875 5.808627492 

4.157086445 5.857781758 
4.347572875 5.808627492 

3.734573445 7.535574999 
3.785381528 7.342578425 

3.839398405 7.153777827 
3.785381528 7.342578425 

2.596027406 7.165261589 
2.615936808 7.062621803 

7.082448921 5.211480362 
7.135542925 5.191972874 

3.640829442 3.036211854 
3.505213757 3.222441341 

3.298809143 1.990781287 
3.283898054 2.120042737 

3.976509231 3.0862749 
3.844665861 3.058368467 

6.548302311 6.931995347 
6.574211674 6.807640338 

6.598845043 6.692718073 
6.574211674 6.807640338 

4.547188548 6.965244373 
4.445457596 7.140686863 

5.894045016 7.552692965 
5.810944685 7.520236673 

5.745905824 7.476230887 
5.810944685 7.520236673 

1.849919574 8.853227428 
1.954242739 8.96310155 

2.070415116 9.085571825 
1.954242739 8.96310155 

1.563828449 2.682214156 
1.506454803 2.606118734 

3.640829442 3.036211854 
3.74964 3.053514625 

3.844665861 3.058368467 
3.74964 3.053514625 

1.885659373 7.554587187 
1.815520864 7.509749721 

5.353169803 6.202756598 
5.193196645 6.315288655 

6.659798139 7.959725275 
6.501426931 7.970908766 

6.324582064 7.988597235 
6.501426931 7.970908766 

5.086374 7.277585257 
5.206063489 7.43073954 

6.499053467 5.002910371 
6.490310064 5.132452352 

6.481436068 5.266219653 
6.490310064 5.132452352 

2.570146531 0.4108246382 
2.59831721 0.424789445 

2.626487889 0.4387542517 
2.59831721 0.424789445 

2.459989721 2.53547936 
2.37123181 2.460247508 

2.302394876 2.426509533 
2.37123181 2.460247508 

3.395455508 0.3571461221 
3.424241548 0.4897932547 

2.026087337 0.7873128458 
1.965856221 0.7612998253 

3.423595489 1.599811047 
3.515198566 1.676918621 

3.574911678 1.773275442 
3.515198566 1.676918621 

7.041209653 5.131724255 
7.082448921 5.211480362 

6.855695844 6.563464155 
6.858650782 6.631799062 

6.863797571 6.723184122 
6.858650782 6.631799062 

1.330743581 7.730693438 
1.44466794 7.918866197 

1.037312019 7.63556733 
0.9384176812 7.726049939 

0.8434638995 7.858756223 
0.9384176812 7.726049939 

3.881871928 6.789403561 
3.991459224 6.99167748 

1.749476952 9.30613097 
1.620072181 9.321835754 

4.093992545 7.179707434 
4.310286853 7.159299882 

2.97876661 3.392455519 
3.057891214 3.343267376 

3.131603612 3.282904027 
3.057891214 3.343267376 

1.485599923 6.005699386 
1.646530473 6.056735794 

3.648730333 2.074304682 
3.57113715 2.148475354 

2.863870381 1.450965111 
2.648950582 1.572487131 

2.863870381 1.450965111 
2.906470558 1.408935572 

2.96874506 1.386985491 
2.906470558 1.408935572 

2.408738741 8.447820625 
2.315669739 8.526544772 

6.574211674 6.807640338 
6.417936863 6.8396024 

7.515882314 6.010472404 
7.495019629 5.757931464 

7.400228322 7.321724586 
7.456043545 7.240639214 

7.464997948 7.145635276 
7.456043545 7.240639214 

2.355477671 1.337589797 
2.254332834 1.51640113 

2.154454185 1.69759296 
2.254332834 1.51640113 

1.620072181 9.321835754 
1.555312566 9.330678286 

5.061528046 5.171766353 
5.104450877 4.995057795 

5.161650431 4.793661708 
5.104450877 4.995057795 

0.327836405 8.146664373 
0.3753242143 8.177300962 

2.496957491 8.593742567 
2.441560991 8.714395615 

2.388345704 8.830902167 
2.441560991 8.714395615 

4.093992545 7.179707434 
4.03715159 7.083433191 

3.991459224 6.99167748 
4.03715159 7.083433191 

1.798219363 2.175532116 
1.747711433 2.067039051 

1.690705515 1.968326644 
1.747711433 2.067039051 

3.089536473 0.3048391973 
3.15564934 0.6071216932 

3.2331636 0.9149139215 
3.15564934 0.6071216932 

3.747064878 0.87668621 
3.767846008 1.143806872 

6.071377081 6.596028338 
6.057391926 6.450516324 

2.200401673 7.699666913 
2.099920615 7.68430879 

0.9895876976 7.448404101 
0.7188461841 7.441816629 

0.4223795653 7.458732647 
0.7188461841 7.441816629 

2.411342819 7.212346833 
2.596027406 7.165261589 

1.178314753 7.589110823 
1.255218373 7.446836396 

2.713868528 1.830223539 
2.733677618 2.101278775 

2.713868528 1.830223539 
2.735354859 1.729371614 

2.767457238 1.633797935 
2.735354859 1.729371614 

2.009762069 8.229168903 
2.219350629 8.191849748 

6.057391926 6.450516324 
6.071729632 6.356012374 

6.037226955 6.497063432 
6.057391926 6.450516324 

4.975777245 7.656531936 
4.987891739 7.842789805 

4.998744683 8.022475061 
4.987891739 7.842789805 

3.751534329 1.810916754 
3.626696782 1.604050055 

3.751534329 1.810916754 
3.803866934 1.75857246 

3.855985454 1.707546331 
3.803866934 1.75857246 

7.210157966 5.189325803 
7.172799974 5.184437098 

7.135542925 5.191972874 
7.172799974 5.184437098 

2.37123181 2.460247508 
2.356110082 2.361266607 

2.951561772 2.031581989 
3.059259572 2.102351286 

3.166700482 2.18072406 
3.059259572 2.102351286 

3.140667617 7.649097205 
3.242781799 7.814061747 

3.348556565 7.949805227 
3.242781799 7.814061747 

1.743439609 1.897240834 
1.690705515 1.968326644 

6.044033612 6.266382287 
6.047261747 6.313481219 

6.071729632 6.356012374 
6.047261747 6.313481219 

1.852367729 9.247659024 
1.704604056 9.172016004 

7.495019629 5.757931464 
7.487251261 5.614892971 

0.724090731 6.928158999 
0.8056021608 7.173598853 

5.862173425 6.496040175 
5.946452362 6.499007509 

2.027261163 8.839612341 
1.954242739 8.96310155 

7.487251261 5.614892971 
7.483456876 5.541867189 

7.483253024 5.435940471 
7.483456876 5.541867189 

2.05493765 7.662225186 
1.997761766 7.632442829 

1.957063527 7.583018523 
1.997761766 7.632442829 

2.031661482 8.513121012 
1.897119482 8.457668093 

5.936957368 6.772684308 
5.990014286 6.928600005 

6.056886662 7.107945456 
5.990014286 6.928600005 

2.674490012 3.404750295 
2.62949379 3.516806994 

2.586405844 3.622538978 
2.62949379 3.516806994 

3.597960701 0.9645124042 
3.518647016 0.9998456882 

3.15041301 2.05170155 
3.059259572 2.102351286 

3.171364032 1.885631775 
3.054265275 1.81856238 

0.7188461841 7.441816629 
0.8510964333 7.520248217 

4.789134845 7.493200203 
4.885739062 7.563306495 

4.975777245 7.656531936 
4.885739062 7.563306495 

1.527961971 1.755921822 
1.570936576 1.579444409 

6.025419674 4.823077671 
6.157988966 4.778590933 

7.483253024 5.435940471 
7.346705495 5.312633137 

7.210157966 5.189325803 
7.346705495 5.312633137 

5.490956455 6.575283573 
5.626520291 6.743178705 

1.115037204 6.117916679 
1.12800285 6.143806218 

1.140968496 6.169695758 
1.12800285 6.143806218 

4.754401766 5.641434382 
5.010020084 5.686707394 

7.650906965 6.868018523 
7.613175547 6.887942369 

7.575046912 6.908125749 
7.613175547 6.887942369 

1.570936576 1.579444409 
1.592457571 1.491431927 

1.613978566 1.403419446 
1.592457571 1.491431927 

5.946452362 6.499007509 
5.979310822 6.595543206 

7.174431965 5.930553243 
7.105466826 5.943345633 

7.035828411 5.956085389 
7.105466826 5.943345633 

6.933872779 7.046458859 
6.856462523 6.913852166 

6.785597378 6.792756427 
6.856462523 6.913852166 

0.7487656663 6.360780036 
0.7674114944 6.396583153 

0.7860573224 6.43238627 
0.7674114944 6.396583153 

3.339129763 2.685778345 
3.223763648 2.809900916 

3.445527295 0.5796331864 
3.424241548 0.4897932547 

3.435441675 1.045262967 
3.479616637 1.030816799 

3.518647016 0.9998456882 
3.479616637 1.030816799 

4.401094755 6.644509818 
4.709042148 6.644481087 

6.425200107 8.251607035 
6.129098156 8.141642627 

6.324582064 7.988597235 
6.375092548 8.119970636 

5.527556147 6.042032938 
5.699740768 6.246405545 

5.196391027 6.561654886 
5.369019232 6.712876245 

4.670938595 3.120078723 
4.672447016 3.070477776 

4.672464396 3.019295399 
4.672447016 3.070477776 

6.375092548 8.119970636 
6.400146327 8.185788835 

6.425200107 8.251607035 
6.400146327 8.185788835 

2.009762069 8.229168903 
2.079764614 8.313039022 

2.148351726 8.398272899 
2.079764614 8.313039022 

5.89985617 5.524530634 
5.942616928 5.556517118 

5.984390621 5.589283848 
5.942616928 5.556517118 

2.300138916 1.477677888 
2.254332834 1.51640113 

4.754401766 5.641434382 
4.638248221 5.69991195 

4.526698696 5.756538584 
4.638248221 5.69991195 

2.644814085 6.640811065 
2.682772955 6.59853033 

2.715343797 6.569263872 
2.682772955 6.59853033 

1.649084406 8.450814425 
1.513214953 8.403205928 

6.157988966 4.778590933 
6.224349815 4.755048899 

3.054265275 1.81856238 
3.007737005 1.78312697 

2.972905866 1.744186199 
3.007737005 1.78312697 

2.543452965 7.062953642 
2.596027406 7.165261589 

3.767846008 1.143806872 
3.770550986 1.255562074 

3.773255965 1.367317276 
3.770550986 1.255562074 

2.978173074 1.303820342 
3.006810324 1.42976436 

3.035447574 1.555708378 
3.006810324 1.42976436 

2.727514254 8.262672578 
2.708758085 8.474276316 

3.881871928 6.789403561 
3.949507869 6.78353798 

4.017143809 6.777672398 
3.949507869 6.78353798 

6.279918174 4.696127727 
6.252095615 4.725156459 

6.224349815 4.755048899 
6.252095615 4.725156459 

5.459788999 5.692565312 
5.655000036 5.570323472 

3.077667239 2.498677522 
3.208321152 2.592702191 

3.339129763 2.685778345 
3.208321152 2.592702191 

3.420927099 6.617285209 
3.398622182 6.676443452 

3.376317266 6.735601695 
3.398622182 6.676443452 

1.894745159 0.7755668939 
1.930093892 0.7680614906 

1.965856221 0.7612998253 
1.930093892 0.7680614906 

5.842272189 7.098682341 
5.786320255 7.067248439 

5.729948271 7.026398911 
5.786320255 7.067248439 

0.4191019234 8.23810017 
0.3972130688 8.207700566 

0.3753242143 8.177300962 
0.3972130688 8.207700566 

5.72670867 6.403838165 
5.699740768 6.246405545 

4.339352615 3.127153982 
4.349546126 3.047406793 

4.360124737 2.967002178 
4.349546126 3.047406793 

2.378243611 8.316596963 
2.417393386 8.198133709 

2.455588741 8.078500405 
2.417393386 8.198133709 

2.275831077 5.860889661 
2.155710443 5.889102806 

2.03558981 5.917315951 
2.155710443 5.889102806 

0.724090731 6.928158999 
0.8491589204 6.964824028 

0.9787614739 6.998490921 
0.8491589204 6.964824028 

2.296009223 7.356588507 
2.203956674 7.39383276 

2.113400811 7.431508141 
2.203956674 7.39383276 

1.496178262 9.379375696 
1.525745414 9.355026991 

1.555312566 9.330678286 
1.525745414 9.355026991 

2.593103827 7.604724842 
2.689608716 7.587041528 

2.786113606 7.569358214 
2.689608716 7.587041528 

5.705387755 7.325441148 
5.773736238 7.21312781 

5.842272189 7.098682341 
5.773736238 7.21312781 

6.346124512 4.866927662 
6.224349815 4.755048899 

2.273987578 7.510771815 
2.203956674 7.39383276 

6.231232134 6.954205375 
6.144059398 7.031075416 

6.056886662 7.107945456 
6.144059398 7.031075416 

2.179936835 6.71280427 
2.206269317 6.617957722 

2.232601798 6.523111175 
2.206269317 6.617957722 

0.6984206496 7.590384529 
0.7188461841 7.441816629 

3.534092719 2.256665141 
3.552614935 2.202570248 

3.57113715 2.148475354 
3.552614935 2.202570248 

