3.229960866 0.9241651251 
2.970969883 1.738859618 

3.732455518 7.53758877 
2.910052669 7.757622395 

4.461530819 2.71804425 
4.548875129 3.376691543 

2.047541256 8.05521105 
2.138661664 7.771849885 

5.039390725 6.578283517 
4.77422524 6.797684431 

2.763282799 8.840600036 
3.308693494 8.926616501 

4.755534164 4.761760741 
4.471534652 4.504793822 

6.38618098 6.409797076 
6.686295691 6.134137556 

5.936957368 6.772684308 
6.071827068 6.595361408 

2.865378876 2.451671319 
3.099269144 2.330810581 

6.909112842 5.985765003 
6.686295691 6.134137556 

0.8204970709 7.163416237 
0.4215231659 6.739933826 

1.659055113 7.005577308 
1.377897442 7.224436089 

6.38618098 6.409797076 
6.729921229 6.499570541 

1.444078276 8.11730137 
1.333603403 7.72344344 

1.657791435 7.881280234 
1.89155384 7.681866278 

6.481436068 5.266219653 
6.612868333 5.699604872 

4.461530819 2.71804425 
5.050927603 2.551599308 

7.54696339 6.491722644 
6.908371849 6.340448051 

6.686295691 6.134137556 
6.908371849 6.340448051 

3.332925106 2.218249694 
3.099269144 2.330810581 

3.751534329 1.810916754 
3.567822584 1.766988965 

4.1912423 4.140439214 
4.018719687 3.823722315 

7.400228322 7.321724586 
6.824369709 7.363745185 

5.527556147 6.042032938 
5.834883115 6.080841838 

4.471534652 4.504793822 
4.340947333 4.341108605 

4.1912423 4.140439214 
4.340947333 4.341108605 

2.417245297 7.702246121 
2.592222866 7.605149005 

6.909112842 5.985765003 
7.305171278 6.124757284 

5.251703488 7.220316321 
4.782635152 7.511922535 

1.938550355 2.905375892 
2.436932644 3.246480992 

2.522847415 1.976676415 
2.734571987 2.101483738 

4.616932314 6.474330811 
4.385491108 6.643918689 

1.63482382 8.581668536 
1.509220574 8.896463442 

2.743967505 8.240636677 
2.910052669 7.757622395 

2.734571987 2.101483738 
2.155516236 2.307487739 

2.155516236 2.307487739 
2.302394876 2.426509533 

5.708597419 7.325846848 
5.729995446 7.027038226 

0.6988715417 7.589261288 
1.040402631 7.635472603 

1.333603403 7.72344344 
1.040402631 7.635472603 

6.824369709 7.363745185 
6.933872779 7.046458859 

4.166661813 2.32692946 
4.504917225 2.400142785 

1.659055113 7.005577308 
1.193323618 6.934786819 

2.087462495 7.267012492 
2.113571344 7.431938433 

1.527961971 1.755921822 
2.155516236 2.307487739 

6.551244875 6.947768188 
7.148600647 6.677150532 

1.193323618 6.934786819 
0.8204970709 7.163416237 

6.824369709 7.363745185 
6.923284592 7.823936618 

5.039390725 6.578283517 
5.18506527 6.423320707 

5.594434844 7.702566182 
5.757665552 7.7658014 

6.059925321 7.868258373 
5.757665552 7.7658014 

7.148600647 6.677150532 
6.933872779 7.046458859 

2.498834429 8.59109507 
2.743967505 8.240636677 

1.657791435 7.881280234 
1.109950184 8.049346994 

3.647873666 2.073889083 
3.751534329 1.810916754 

2.492543205 3.854212563 
2.436932644 3.246480992 

6.612868333 5.699604872 
6.909112842 5.985765003 

3.182253554 1.896794027 
3.412919527 1.86123212 

2.743967505 8.240636677 
3.118698883 8.292886607 

5.708597419 7.325846848 
6.059925321 7.868258373 

3.052266698 6.086930583 
2.741002635 6.293141255 

1.244999196 8.764925005 
1.509220574 8.896463442 

1.444078276 8.11730137 
1.63547891 8.297207482 

4.616932314 6.474330811 
5.18506527 6.423320707 

3.229960866 0.9241651251 
3.435441675 1.045262967 

4.461530819 2.71804425 
4.504917225 2.400142785 

4.948484514 1.706555622 
4.1554291 1.931413679 

3.647873666 2.073889083 
4.1554291 1.931413679 

6.319200192 7.985398428 
6.19696392 7.347193556 

6.057987333 7.10965613 
6.19696392 7.347193556 

2.436932644 3.246480992 
2.371257691 3.42970571 

7.148600647 6.677150532 
6.939305339 6.61002674 

5.594359088 6.493008278 
5.746285579 6.521861003 

0.8204970709 7.163416237 
0.9891607226 7.446927108 

2.970969883 1.738859618 
2.832972098 1.567485855 

1.193323618 6.934786819 
1.245291366 6.218793498 

3.118698883 8.292886607 
3.071893384 8.058341695 

4.157086445 5.857781758 
4.196556544 6.247088146 

3.881871928 6.789403561 
4.196556544 6.247088146 

3.773255965 1.367317276 
3.918118743 1.586085503 

0.3300804993 8.147134013 
0.7271264526 8.288346392 

5.576152799 5.384242081 
5.459788999 5.692565312 

7.483253024 5.435940471 
6.929291295 5.668439896 

1.849919574 8.853227428 
1.595583662 9.061624305 

1.11067605 9.281157712 
1.595583662 9.061624305 

6.939305339 6.61002674 
6.551244875 6.947768188 

5.834883115 6.080841838 
6.103987363 5.996519442 

3.229960866 0.9241651251 
3.146654306 1.312667055 

3.567822584 1.766988965 
3.146654306 1.312667055 

6.299002689 5.653683808 
6.137101925 5.336809945 

0.4215231659 6.739933826 
0.9995730696 6.773097646 

1.193323618 6.934786819 
0.9995730696 6.773097646 

5.251703488 7.220316321 
5.729995446 7.027038226 

4.77422524 6.797684431 
4.910642257 6.869623132 

3.308693494 8.926616501 
3.234058824 8.577340442 

6.908371849 6.340448051 
6.729921229 6.499570541 

2.522847415 1.976676415 
2.334273087 1.732903783 

2.155516236 2.307487739 
2.124749256 2.11081731 

1.321994717 2.302580507 
1.646962917 2.289015278 

5.936957368 6.772684308 
6.231232134 6.954205375 

2.031661482 8.513121012 
2.028572414 8.840647197 

2.417245297 7.702246121 
2.454906766 8.074782068 

7.314825188 7.781073267 
6.923284592 7.823936618 

3.747064878 0.87668621 
3.579906127 0.7997298962 

4.770782194 5.635288376 
4.849382752 5.830270973 

2.364255534 0.9067582178 
2.255874583 0.6602882634 

7.305171278 6.124757284 
7.198560173 6.308646093 

4.368919135 7.657377604 
4.298292898 7.292613846 

4.298292898 7.292613846 
4.5556325 7.307798388 

1.849919574 8.853227428 
2.028572414 8.840647197 

6.319200192 7.985398428 
5.566563007 7.978573681 

7.210157966 5.189325803 
7.094238502 5.371904753 

5.566563007 7.978573681 
5.594434844 7.702566182 

1.109950184 8.049346994 
1.333603403 7.72344344 

0.3300804993 8.147134013 
0.6424475304 7.985456314 

2.910052669 7.757622395 
2.454906766 8.074782068 

4.451507188 1.345367551 
3.918118743 1.586085503 

5.618183629 4.972498904 
5.512388766 4.778136798 

5.161650431 4.793661708 
5.512388766 4.778136798 

5.729995446 7.027038226 
5.485981816 7.012517743 

3.118698883 8.292886607 
3.234058824 8.577340442 

5.834883115 6.080841838 
6.044647661 6.267693234 

2.498834429 8.59109507 
2.597541683 8.899541952 

3.077791141 0.3020522175 
3.341907035 0.7092480359 

3.435441675 1.045262967 
3.341907035 0.7092480359 

3.640829442 3.036211854 
3.750163834 3.269466916 

2.492543205 3.854212563 
2.371257691 3.42970571 

2.124749256 2.11081731 
2.734571987 2.101483738 

4.157086445 5.857781758 
4.726610052 6.302718706 

5.039390725 6.578283517 
4.726610052 6.302718706 

1.84199317 6.294233311 
1.62507605 6.653345151 

1.84199317 6.294233311 
1.974438736 6.121770309 

6.19696392 7.347193556 
5.708597419 7.325846848 

3.234058824 8.577340442 
3.385138263 8.382061759 

2.734571987 2.101483738 
2.421758872 2.189567351 

2.124749256 2.11081731 
1.795404637 2.18796983 

3.954537179 2.55645177 
3.614096207 2.514107236 

3.533479397 2.254781827 
3.614096207 2.514107236 

2.113571344 7.431938433 
2.275600699 7.511134029 

2.8510708 6.655894803 
3.391806235 6.462234836 

7.54696339 6.491722644 
7.25572921 6.514769433 

6.824369709 7.363745185 
6.601452421 7.456826849 

1.657791435 7.881280234 
1.46900031 7.997942839 

7.148600647 6.677150532 
7.414577833 6.64600604 

3.751534329 1.810916754 
4.117952029 1.446594302 

6.044647661 6.267693234 
6.103987363 5.996519442 

1.46900031 7.997942839 
1.444078276 8.11730137 

2.467661493 6.01147906 
2.699718255 6.123866952 

2.741002635 6.293141255 
2.699718255 6.123866952 

2.743967505 8.240636677 
2.380832833 8.315612339 

2.865378876 2.451671319 
2.887510214 2.269499854 

2.951047155 2.03174645 
2.887510214 2.269499854 

1.193323618 6.934786819 
1.377897442 7.224436089 

2.371257691 3.42970571 
2.172568936 3.330462501 

2.31142615 7.366131013 
2.275600699 7.511134029 

0.9891607226 7.446927108 
1.14367675 7.153784532 

1.193323618 6.934786819 
1.14367675 7.153784532 

4.726610052 6.302718706 
4.616932314 6.474330811 

3.881871928 6.789403561 
3.839398405 7.153777827 

2.636257743 3.18322213 
2.436932644 3.246480992 

2.019714691 7.030899134 
1.947553888 6.870786735 

3.131022075 3.281482402 
3.212696573 3.514733935 

5.161650431 4.793661708 
4.921977736 4.957038774 

4.755534164 4.761760741 
4.921977736 4.957038774 

5.618183629 4.972498904 
5.889570747 4.735023694 

1.040402631 7.635472603 
0.9891607226 7.446927108 

2.355477671 1.337589797 
2.071467338 1.352578053 

2.763282799 8.840600036 
2.597541683 8.899541952 

5.594359088 6.493008278 
5.626520291 6.743178705 

0.7271264526 8.288346392 
0.6424475304 7.985456314 

4.298292898 7.292613846 
3.881871928 6.789403561 

6.667520189 8.250443209 
6.659798139 7.959725275 

1.646962917 2.289015278 
1.603974981 2.420266464 

2.743967505 8.240636677 
3.071893384 8.058341695 

1.930064486 1.502175345 
1.91395888 1.697554214 

5.626520291 6.743178705 
5.936957368 6.772684308 

2.970969883 1.738859618 
2.951047155 2.03174645 

4.451507188 1.345367551 
4.56072375 1.621249669 

3.579906127 0.7997298962 
3.510934101 0.4655622713 

4.77422524 6.797684431 
4.545843876 6.963302232 

0.8204970709 7.163416237 
1.14367675 7.153784532 

3.614096207 2.514107236 
3.502819459 2.635660345 

3.332925106 2.218249694 
3.217557538 2.127929347 

1.321994717 2.302580507 
1.603974981 2.420266464 

1.63547891 8.297207482 
1.68358608 8.159838986 

2.675110717 0.4464648654 
2.760770643 0.8321112387 

3.099269144 2.330810581 
2.887510214 2.269499854 

4.461530819 2.71804425 
4.390311898 2.865569222 

2.910052669 7.757622395 
3.355162374 7.934084866 

1.795404637 2.18796983 
1.646962917 2.289015278 

2.8510708 6.655894803 
2.890236055 6.82647497 

2.949748735 2.901484844 
2.983663623 2.711967558 

2.731188342 7.978130622 
2.743967505 8.240636677 

5.594434844 7.702566182 
5.262379446 7.709069776 

0.8204970709 7.163416237 
0.9995730696 6.773097646 

4.548875129 3.376691543 
4.560780238 3.13637161 

4.339352615 3.127153982 
4.560780238 3.13637161 

2.636329649 9.483297169 
2.748620605 9.14699362 

2.763282799 8.840600036 
2.748620605 9.14699362 

6.769244244 6.774241337 
6.729921229 6.499570541 

3.732455518 7.53758877 
4.076439889 7.632927409 

4.368919135 7.657377604 
4.076439889 7.632927409 

1.930064486 1.502175345 
2.071467338 1.352578053 

3.435441675 1.045262967 
3.579906127 0.7997298962 

6.137101925 5.336809945 
6.3105202 5.446551639 

6.481436068 5.266219653 
6.3105202 5.446551639 

0.7415325176 8.830337493 
0.5288157223 8.62663468 

2.970969883 1.738859618 
3.035323306 1.558583903 

5.001742079 8.020400571 
5.455603784 7.662090289 

7.198560173 6.308646093 
7.25572921 6.514769433 

6.909112842 5.985765003 
6.929291295 5.668439896 

1.377897442 7.224436089 
0.9781815465 6.999265384 

3.385138263 8.382061759 
3.535519215 8.338177131 

2.417245297 7.702246121 
2.275600699 7.511134029 

5.900313084 5.525730384 
6.137101925 5.336809945 

1.444078276 8.11730137 
1.513988784 8.403870346 

1.63482382 8.581668536 
1.513988784 8.403870346 

2.743967505 8.240636677 
2.79322273 8.482533539 

5.251703488 7.220316321 
5.262379446 7.709069776 

6.729921229 6.499570541 
6.600535879 6.693299614 

5.459788999 5.692565312 
5.090550578 5.932275932 

2.734571987 2.101483738 
2.951047155 2.03174645 

0.6424475304 7.985456314 
0.6988715417 7.589261288 

6.667520189 8.250443209 
7.000188774 8.050403121 

0.6424475304 7.985456314 
0.8452943935 7.859909864 

0.9781815465 6.999265384 
1.193323618 6.934786819 

4.56072375 1.621249669 
4.308942223 1.565647122 

4.117952029 1.446594302 
4.308942223 1.565647122 

4.1554291 1.931413679 
3.92885122 2.178288054 

1.603974981 2.420266464 
1.525849587 2.466771232 

3.262628292 3.926644822 
3.187134967 3.626495382 

2.97876661 3.392455519 
3.187134967 3.626495382 

5.18506527 6.423320707 
4.982821163 6.351239911 

4.726610052 6.302718706 
4.982821163 6.351239911 

4.770782194 5.635288376 
5.164074029 5.421042304 

1.671922721 6.370180737 
1.84199317 6.294233311 

3.035323306 1.558583903 
2.832972098 1.567485855 

2.914305934 7.220180425 
2.645292891 7.311973257 

2.741002635 6.293141255 
2.7859325 6.469019843 

0.9995730696 6.773097646 
1.087060281 6.594666741 

1.62507605 6.653345151 
1.193323618 6.934786819 

3.146654306 1.312667055 
2.979591641 1.303632896 

1.245291366 6.218793498 
1.323573362 6.586796188 

0.6988715417 7.589261288 
0.5272047986 7.667036036 

7.414577833 6.64600604 
7.25572921 6.514769433 

4.548875129 3.376691543 
4.882503258 2.931080305 

5.050927603 2.551599308 
4.882503258 2.931080305 

2.33564929 6.411252306 
2.741002635 6.293141255 

5.889570747 4.735023694 
6.024958694 4.82206809 

3.229960866 0.9241651251 
3.341907035 0.7092480359 

1.894745159 0.7755668939 
1.869864373 1.054839907 

6.769244244 6.774241337 
6.600535879 6.693299614 

1.109950184 8.049346994 
0.7720284014 8.141829429 

2.675739847 2.646921958 
2.983663623 2.711967558 

5.485981816 7.012517743 
5.684704336 6.891250657 

5.626520291 6.743178705 
5.684704336 6.891250657 

4.555442269 1.822072984 
4.72445431 1.820679178 

4.948484514 1.706555622 
4.72445431 1.820679178 

1.509220574 8.896463442 
1.352841353 9.070800564 

4.910642257 6.869623132 
4.942878271 7.12481066 

2.597541683 8.899541952 
2.748620605 9.14699362 

4.921977736 4.957038774 
4.830032665 5.1507857 

6.612868333 5.699604872 
6.886220222 5.386080723 

4.830032665 5.1507857 
4.462404129 5.284650229 

1.244999196 8.764925005 
1.513988784 8.403870346 

6.929291295 5.668439896 
6.886220222 5.386080723 

4.079563985 0.9699632506 
4.120097124 0.8310015399 

2.832972098 1.567485855 
2.592295278 1.640667377 

2.334273087 1.732903783 
2.592295278 1.640667377 

3.732455518 7.53758877 
3.355162374 7.934084866 

3.732455518 7.53758877 
3.659691031 7.881701227 

4.5556325 7.307798388 
4.545843876 6.963302232 

2.522847415 1.976676415 
2.592295278 1.640667377 

3.750163834 3.269466916 
3.632363055 3.233726944 

1.586664416 7.517657295 
1.872909547 7.438874392 

2.454906766 8.074782068 
2.243017428 8.079356594 

3.355685294 7.002629016 
3.104297661 7.034933949 

2.914305934 7.220180425 
3.104297661 7.034933949 

1.89155384 7.681866278 
2.042170588 7.674857752 

3.052266698 6.086930583 
2.699718255 6.123866952 

5.083811103 2.128961621 
4.90000693 1.988398451 

4.726610052 6.302718706 
4.571937243 6.103086358 

2.191235863 9.186507052 
2.387490448 8.831989285 

1.659055113 7.005577308 
1.725711943 7.343360407 

4.117952029 1.446594302 
4.482116353 0.8282195016 

7.400228322 7.321724586 
7.197970719 7.062925712 

3.118698883 8.292886607 
2.79322273 8.482533539 

2.79322273 8.482533539 
3.013268537 8.643540433 

1.377897442 7.224436089 
1.725711943 7.343360407 

2.636257743 3.18322213 
2.680739691 3.398020581 

6.886220222 5.386080723 
7.094238502 5.371904753 

4.773179773 2.427649116 
4.587713712 2.59478419 

4.461530819 2.71804425 
4.587713712 2.59478419 

3.172507872 2.190189571 
3.217557538 2.127929347 

4.770782194 5.635288376 
4.861078076 5.420684313 

4.482116353 0.8282195016 
4.120097124 0.8310015399 

1.444078276 8.11730137 
1.68358608 8.159838986 

3.647873666 2.073889083 
3.432680936 2.064066067 

6.059925321 7.868258373 
6.068635022 8.170141946 

6.231232134 6.954205375 
6.229941225 6.742739021 

3.099269144 2.330810581 
3.172507872 2.190189571 

3.071893384 8.058341695 
3.355162374 7.934084866 

3.013268537 8.643540433 
3.093870385 8.720977258 

5.455603784 7.662090289 
5.594434844 7.702566182 

2.675739847 2.646921958 
2.733783541 2.849305665 

2.949748735 2.901484844 
2.733783541 2.849305665 

7.54696339 6.491722644 
7.619180031 6.714881635 

3.099269144 2.330810581 
3.077993565 2.499818579 

2.675110717 0.4464648654 
2.395363131 0.6922253421 

2.255874583 0.6602882634 
2.395363131 0.6922253421 

1.671922721 6.370180737 
1.711458165 6.171473725 

3.052266698 6.086930583 
3.09130681 6.321217663 

3.077993565 2.499818579 
2.865378876 2.451671319 

5.001742079 8.020400571 
5.142749738 7.898589313 

5.262379446 7.709069776 
5.142749738 7.898589313 

2.364255534 0.9067582178 
2.451077844 0.7260915936 

2.597541683 8.899541952 
2.522610906 9.109692548 

3.435441675 1.045262967 
3.268144423 1.115057441 

3.146654306 1.312667055 
3.268144423 1.115057441 

2.172568936 3.330462501 
2.098314953 3.492143583 

4.117952029 1.446594302 
4.004031899 1.419484004 

1.321994717 2.302580507 
1.525849587 2.466771232 

1.321994717 2.302580507 
1.54567395 2.05750691 

0.7720284014 8.141829429 
0.6424475304 7.985456314 

7.305171278 6.124757284 
7.407022595 6.161084535 

4.166661813 2.32692946 
4.461530819 2.71804425 

4.1554291 1.931413679 
4.270186153 2.127646849 

2.451077844 0.7260915936 
2.465206333 0.5422331472 

0.9891607226 7.446927108 
1.255701954 7.448999647 

5.039390725 6.578283517 
4.910642257 6.869623132 

1.11067605 9.281157712 
1.380936833 8.680515379 

4.545843876 6.963302232 
4.385491108 6.643918689 

0.9781815465 6.999265384 
0.8204970709 7.163416237 

7.198560173 6.308646093 
7.407022595 6.161084535 

2.031661482 8.513121012 
2.148351726 8.398272899 

7.000188774 8.050403121 
6.923284592 7.823936618 

0.4215231659 6.739933826 
0.7150136298 6.623700595 

0.7271264526 8.288346392 
0.7476962127 8.533408982 

6.299002689 5.653683808 
6.612868333 5.699604872 

7.314825188 7.781073267 
7.205973372 7.550851272 

1.244999196 8.764925005 
1.380936833 8.680515379 

3.262628292 3.926644822 
3.5270723 3.849420561 

3.758921439 3.982639489 
3.5270723 3.849420561 

5.757665552 7.7658014 
5.894045016 7.552692965 

1.109950184 8.049346994 
0.8452943935 7.859909864 

1.244999196 8.764925005 
1.051901302 8.700180932 

2.138661664 7.771849885 
2.243017428 8.079356594 

4.298292898 7.292613846 
3.981995959 7.44858534 

3.732455518 7.53758877 
3.981995959 7.44858534 

2.522847415 1.976676415 
2.715399312 1.829559779 

2.138661664 7.771849885 
2.20107974 7.700399841 

2.417245297 7.702246121 
2.20107974 7.700399841 

3.229960866 0.9241651251 
3.268144423 1.115057441 

6.279994474 4.696986253 
6.159566347 5.051153917 

2.910052669 7.757622395 
3.00116572 7.917788914 

3.071893384 8.058341695 
3.00116572 7.917788914 

2.35391162 7.873459643 
2.20107974 7.700399841 

6.729921229 6.499570541 
6.569574582 6.460625201 

4.076439889 7.632927409 
3.981995959 7.44858534 

6.569574582 6.460625201 
6.600535879 6.693299614 

6.299002689 5.653683808 
6.030823012 5.867802056 

5.834883115 6.080841838 
6.030823012 5.867802056 

0.7487656663 6.360780036 
1.045650799 6.377626169 

2.421758872 2.189567351 
2.485845446 2.348015452 

5.369019232 6.712876245 
5.626520291 6.743178705 

2.786113606 7.569358214 
2.910052669 7.757622395 

2.731188342 7.978130622 
3.00116572 7.917788914 

4.196556544 6.247088146 
4.571937243 6.103086358 

6.769244244 6.774241337 
6.862318514 6.723401167 

6.939305339 6.61002674 
6.862318514 6.723401167 

4.196556544 6.247088146 
4.252647727 6.479971959 

4.385491108 6.643918689 
4.252647727 6.479971959 

5.729995446 7.027038226 
5.684704336 6.891250657 

5.936957368 6.772684308 
5.684704336 6.891250657 

7.407022595 6.161084535 
7.476665662 6.235836813 

7.094238502 5.371904753 
7.483253024 5.435940471 

2.436932644 3.246480992 
2.383386311 2.901298945 

3.341907035 0.7092480359 
3.579906127 0.7997298962 

4.861078076 5.420684313 
5.164074029 5.421042304 

5.001742079 8.020400571 
5.14376354 7.605135452 

4.166661813 2.32692946 
4.290908127 2.212701009 

4.270186153 2.127646849 
4.290908127 2.212701009 

2.31142615 7.366131013 
2.087462495 7.267012492 

5.527556147 6.042032938 
5.251195893 6.017126402 

5.090550578 5.932275932 
5.251195893 6.017126402 

7.094238502 5.371904753 
7.025393864 5.514726223 

6.929291295 5.668439896 
7.025393864 5.514726223 

3.974346627 3.087293059 
4.124911786 2.860870816 

6.551244875 6.947768188 
6.229941225 6.742739021 

7.25572921 6.514769433 
7.148600647 6.677150532 

6.044647661 6.267693234 
5.888099982 6.427843405 

5.746285579 6.521861003 
5.888099982 6.427843405 

6.103987363 5.996519442 
6.030823012 5.867802056 

1.974438736 6.121770309 
1.802899584 6.028081961 

2.35391162 7.873459643 
2.454906766 8.074782068 

1.333603403 7.72344344 
1.301195044 7.974792936 

4.451507188 1.345367551 
4.359380921 1.186288757 

5.910757577 6.559149369 
5.888099982 6.427843405 

1.795404637 2.18796983 
1.54567395 2.05750691 

6.908371849 6.340448051 
6.569574582 6.460625201 

0.5288157223 8.62663468 
0.6575404017 8.556905918 

0.7476962127 8.533408982 
0.6575404017 8.556905918 

1.749476952 9.30613097 
1.704604056 9.172016004 

1.595583662 9.061624305 
1.704604056 9.172016004 

3.659691031 7.881701227 
3.535519215 8.338177131 

1.586664416 7.517657295 
1.759986352 7.609332363 

1.89155384 7.681866278 
1.759986352 7.609332363 

1.977293109 3.332238797 
1.931158918 3.468625977 

1.323573362 6.586796188 
1.087060281 6.594666741 

1.513988784 8.403870346 
1.63547891 8.297207482 

2.420034186 6.247566878 
2.195263376 6.031028633 

4.861078076 5.420684313 
5.062125364 5.173426818 

3.337248027 0.5142544354 
3.395588902 0.3576052179 

1.613978566 1.403419446 
1.915255726 1.318813916 

2.071467338 1.352578053 
1.915255726 1.318813916 

2.031661482 8.513121012 
1.63482382 8.581668536 

1.109950184 8.049346994 
1.301195044 7.974792936 

1.84199317 6.294233311 
2.000967322 6.338699462 

1.930064486 1.502175345 
1.915255726 1.318813916 

1.795404637 2.18796983 
1.637751506 2.198484743 

4.136197455 0.5713277556 
4.096665193 0.7399396445 

4.120097124 0.8310015399 
4.096665193 0.7399396445 

3.262628292 3.926644822 
3.376090636 3.70956408 

3.212696573 3.514733935 
3.376090636 3.70956408 

5.566563007 7.978573681 
5.442443154 8.157993482 

0.7150136298 6.623700595 
0.7829332553 6.562382942 

2.970969883 1.738859618 
2.715399312 1.829559779 

7.174431965 5.930553243 
7.234418858 5.728343428 

2.098314953 3.492143583 
2.045371226 3.454967242 

1.977293109 3.332238797 
2.045371226 3.454967242 

2.97876661 3.392455519 
2.810564364 3.548091472 

5.18506527 6.423320707 
5.251195893 6.017126402 

3.341907035 0.7092480359 
3.337248027 0.5142544354 

6.551244875 6.947768188 
6.38239885 6.686532927 

6.38618098 6.409797076 
6.38239885 6.686532927 

3.502819459 2.635660345 
3.311258579 2.384563369 

3.332925106 2.218249694 
3.311258579 2.384563369 

3.308693494 8.926616501 
2.868752501 8.694088425 

2.498834429 8.59109507 
2.868752501 8.694088425 

3.567822584 1.766988965 
3.626696782 1.604050055 

5.182701525 8.068454971 
5.142749738 7.898589313 

2.042170588 7.674857752 
2.113981778 7.571764906 

1.938550355 2.905375892 
1.715719265 2.742937247 

2.832972098 1.567485855 
2.86963616 1.458959626 

6.551244875 6.947768188 
6.418807332 6.840629943 

6.231232134 6.954205375 
6.418807332 6.840629943 

3.954537179 2.55645177 
4.166661813 2.32692946 

3.954537179 2.55645177 
3.707777503 2.331621141 

3.647873666 2.073889083 
3.707777503 2.331621141 

2.364255534 0.9067582178 
2.395363131 0.6922253421 

3.212696573 3.514733935 
3.187134967 3.626495382 

2.465206333 0.5422331472 
2.395363131 0.6922253421 

1.671922721 6.370180737 
1.323573362 6.586796188 

1.62507605 6.653345151 
1.8331513 6.734278145 

1.872909547 7.438874392 
1.725711943 7.343360407 

5.14376354 7.605135452 
4.975777245 7.656531936 

7.234418858 5.728343428 
7.303889201 5.622867131 

3.659691031 7.881701227 
3.738554319 8.225716469 

1.637751506 2.198484743 
1.646962917 2.289015278 

5.900313084 5.525730384 
5.72090147 5.638138153 

3.332925106 2.218249694 
3.432680936 2.064066067 

7.476665662 6.235836813 
7.531169223 6.216267949 

2.734571987 2.101483738 
2.703799952 2.255495609 

2.865378876 2.451671319 
2.703799952 2.255495609 

5.936957368 6.772684308 
5.741443045 6.678629952 

5.594359088 6.493008278 
5.741443045 6.678629952 

4.157086445 5.857781758 
4.814056653 5.968342157 

5.527556147 6.042032938 
4.814056653 5.968342157 

2.418589692 7.031585277 
2.400521769 7.215085411 

2.31142615 7.366131013 
2.400521769 7.215085411 

3.355685294 7.002629016 
3.368383623 7.224745385 

4.770782194 5.635288376 
4.814056653 5.968342157 

6.319200192 7.985398428 
6.22837638 8.015266427 

2.216114701 3.636584507 
2.00405744 3.457541914 

4.018719687 3.823722315 
4.252619005 3.606296516 

3.640829442 3.036211854 
3.632363055 3.233726944 

4.849382752 5.830270973 
4.814056653 5.968342157 

6.933872779 7.046458859 
7.060968081 6.929486392 

5.746285579 6.521861003 
5.741443045 6.678629952 

1.352841353 9.070800564 
1.367972537 9.178303406 

1.525849587 2.466771232 
1.506454803 2.606118734 

3.533479397 2.254781827 
3.707777503 2.331621141 

6.481436068 5.266219653 
6.739328079 5.1332394 

2.731188342 7.978130622 
2.521463689 7.942049189 

2.35391162 7.873459643 
2.521463689 7.942049189 

6.071827068 6.595361408 
5.979028421 6.595103947 

5.910757577 6.559149369 
5.979028421 6.595103947 

4.1554291 1.931413679 
3.981812118 1.875964931 

7.483253024 5.435940471 
7.359557807 5.577958319 

7.303889201 5.622867131 
7.359557807 5.577958319 

7.000188774 8.050403121 
7.067434343 7.884383453 

3.423118538 1.600363522 
3.320326488 1.451271258 

3.146654306 1.312667055 
3.320326488 1.451271258 

2.763282799 8.840600036 
2.868752501 8.694088425 

5.182701525 8.068454971 
5.26937538 8.135101798 

4.545843876 6.963302232 
4.30110139 6.973420226 

6.19696392 7.347193556 
6.403256607 7.26329326 

2.79322273 8.482533539 
2.868752501 8.694088425 

7.619180031 6.714881635 
7.650906965 6.868018523 

1.380936833 8.680515379 
1.513988784 8.403870346 

3.412919527 1.86123212 
3.432680936 2.064066067 

2.010089869 8.228298941 
1.897119482 8.457668093 

2.786113606 7.569358214 
2.794221147 7.458719439 

5.708597419 7.325846848 
5.688869992 7.579062515 

5.594434844 7.702566182 
5.688869992 7.579062515 

4.385491108 6.643918689 
4.136210527 6.74595837 

2.760770643 0.8321112387 
2.79093301 0.9735858214 

1.380936833 8.680515379 
1.315034925 8.427844503 

0.6988715417 7.589261288 
0.4244867039 7.458399317 

2.191235863 9.186507052 
2.405542186 9.332881786 

2.636329649 9.483297169 
2.405542186 9.332881786 

2.355477671 1.337589797 
2.652816259 1.573388284 

2.970969883 1.738859618 
2.652816259 1.573388284 

6.229941225 6.742739021 
6.38239885 6.686532927 

5.039390725 6.578283517 
5.125922556 6.725235298 

5.369019232 6.712876245 
5.125922556 6.725235298 

5.262379446 7.709069776 
5.14376354 7.605135452 

2.255874583 0.6602882634 
2.073328954 0.7121155554 

1.947553888 6.870786735 
1.8331513 6.734278145 

0.5272047986 7.667036036 
0.5378072692 7.552162291 

0.4244867039 7.458399317 
0.5378072692 7.552162291 

1.640602242 3.280794991 
1.86786153 3.404166343 

2.00405744 3.457541914 
1.86786153 3.404166343 

3.368383623 7.224745385 
3.447778789 7.309204812 

3.225257321 2.921248846 
3.33978137 2.685592048 

3.502819459 2.635660345 
3.33978137 2.685592048 

3.535519215 8.338177131 
3.738554319 8.225716469 

3.09130681 6.321217663 
3.11781941 6.409891318 

2.383386311 2.901298945 
2.575645645 2.893419637 

2.733783541 2.849305665 
2.575645645 2.893419637 

4.782635152 7.511922535 
4.716077765 7.307145302 

1.659055113 7.005577308 
1.731652302 7.234634233 

1.872909547 7.438874392 
1.731652302 7.234634233 

4.849382752 5.830270973 
5.009820152 5.68485855 

5.164074029 5.421042304 
5.009820152 5.68485855 

2.887510214 2.269499854 
2.703799952 2.255495609 

1.333603403 7.72344344 
0.8453323631 7.988357588 

1.377897442 7.224436089 
1.14367675 7.153784532 

4.560780238 3.13637161 
4.670938595 3.120078723 

2.79093301 0.9735858214 
2.87007413 0.8868532554 

2.997554323 0.7880874708 
2.87007413 0.8868532554 

3.395588902 0.3576052179 
3.271514272 0.3503840838 

0.9781815465 6.999265384 
0.9995730696 6.773097646 

1.91395888 1.697554214 
1.714527404 1.795531609 

1.527961971 1.755921822 
1.714527404 1.795531609 

6.886220222 5.386080723 
7.025393864 5.514726223 

3.954537179 2.55645177 
3.755399738 2.790070772 

3.640829442 3.036211854 
3.755399738 2.790070772 

5.741443045 6.678629952 
5.626520291 6.743178705 

1.657791435 7.881280234 
1.881078213 7.890894307 

0.5881913129 7.309030421 
0.7105133299 7.27790732 

0.8204970709 7.163416237 
0.7105133299 7.27790732 

1.613978566 1.403419446 
1.797199077 1.410586211 

1.930064486 1.502175345 
1.797199077 1.410586211 

1.725711943 7.343360407 
1.731652302 7.234634233 

3.182253554 1.896794027 
3.151134634 2.052102069 

3.172507872 2.190189571 
3.151134634 2.052102069 

4.30110139 6.973420226 
4.136210527 6.74595837 

1.045650799 6.377626169 
1.154171094 6.297791289 

1.109950184 8.049346994 
0.8453323631 7.988357588 

6.425200107 8.251607035 
6.288057827 8.113691913 

2.810564364 3.548091472 
2.733134122 3.60922735 

5.455603784 7.662090289 
5.262379446 7.709069776 

5.512388766 4.778136798 
5.61238531 4.606653749 

7.54696339 6.491722644 
7.476665662 6.235836813 

7.197970719 7.062925712 
6.933872779 7.046458859 

2.748620605 9.14699362 
2.650839374 9.145300287 

6.612868333 5.699604872 
6.929291295 5.668439896 

2.8510708 6.655894803 
2.644814085 6.640811065 

2.675739847 2.646921958 
2.575645645 2.893419637 

7.414577833 6.64600604 
7.54696339 6.491722644 

2.113981778 7.571764906 
2.275600699 7.511134029 

2.124749256 2.11081731 
1.915593714 1.990147588 

6.729921229 6.499570541 
6.862318514 6.723401167 

5.164074029 5.421042304 
5.062125364 5.173426818 

7.197970719 7.062925712 
7.089418503 7.185802309 

5.936957368 6.772684308 
5.979028421 6.595103947 

5.442443154 8.157993482 
5.355096045 8.145068481 

5.26937538 8.135101798 
5.355096045 8.145068481 

7.400228322 7.321724586 
7.244725824 7.453983287 

1.931158918 3.468625977 
2.00405744 3.457541914 

2.675739847 2.646921958 
2.461292322 2.536150969 

3.763329157 8.545130968 
3.621463195 8.490183785 

2.498834429 8.59109507 
2.631729515 8.721099085 

2.763282799 8.840600036 
2.631729515 8.721099085 

4.359380921 1.186288757 
4.351690228 1.04485026 

5.936957368 6.772684308 
5.782640605 6.873283408 

3.11781941 6.409891318 
3.197772202 6.428014128 

6.659798139 7.959725275 
6.882318565 7.978892791 

7.000188774 8.050403121 
6.882318565 7.978892791 

1.496178262 9.379375696 
1.367972537 9.178303406 

3.262628292 3.926644822 
3.462582352 3.609053689 

6.908371849 6.340448051 
6.939305339 6.61002674 

4.166661813 2.32692946 
4.557926533 2.051599073 

4.948484514 1.706555622 
4.557926533 2.051599073 

4.555442269 1.822072984 
4.672665284 1.692368511 

4.56072375 1.621249669 
4.672665284 1.692368511 

6.686295691 6.134137556 
6.626277364 6.279192672 

6.569574582 6.460625201 
6.626277364 6.279192672 

3.502819459 2.635660345 
3.714408489 2.605399883 

3.423118538 1.600363522 
3.626696782 1.604050055 

2.983663623 2.711967558 
3.068749425 2.652722987 

3.077993565 2.499818579 
3.068749425 2.652722987 

2.715399312 1.829559779 
2.652816259 1.573388284 

2.191235863 9.186507052 
2.071467444 9.085130925 

2.265932799 7.085569878 
2.400521769 7.215085411 

1.37105151 2.676170863 
1.563828449 2.682214156 

1.715719265 2.742937247 
1.563828449 2.682214156 

3.217557538 2.127929347 
3.285508049 2.120189567 

3.432680936 2.064066067 
3.285508049 2.120189567 

6.38618098 6.409797076 
6.569574582 6.460625201 

2.522847415 1.976676415 
2.154454185 1.69759296 

3.391806235 6.462234836 
3.254976945 6.439575519 

3.197772202 6.428014128 
3.254976945 6.439575519 

6.686295691 6.134137556 
6.975353913 5.899191265 

5.782640605 6.873283408 
5.684704336 6.891250657 

3.839398405 7.153777827 
3.981995959 7.44858534 

6.071827068 6.595361408 
6.176866025 6.524352637 

6.335745216 6.138800597 
6.38618098 6.409797076 

1.613978566 1.403419446 
1.868762157 1.500116883 

2.154454185 1.69759296 
1.868762157 1.500116883 

6.288057827 8.113691913 
6.189785406 8.108140318 

3.151134634 2.052102069 
3.217557538 2.127929347 

3.308693494 8.926616501 
3.171984623 8.626132481 

3.118698883 8.292886607 
3.171984623 8.626132481 

4.571937243 6.103086358 
4.814056653 5.968342157 

3.462582352 3.609053689 
3.376090636 3.70956408 

2.216114701 3.636584507 
2.371257691 3.42970571 

6.335745216 6.138800597 
6.233894194 6.069870251 

6.103987363 5.996519442 
6.233894194 6.069870251 

1.931158918 3.468625977 
1.86786153 3.404166343 

6.068635022 8.170141946 
6.144483926 8.073856364 

6.22837638 8.015266427 
6.144483926 8.073856364 

3.510934101 0.4655622713 
3.395588902 0.3576052179 

3.510934101 0.4655622713 
3.445360258 0.5787573598 

3.341907035 0.7092480359 
3.445360258 0.5787573598 

6.425200107 8.251607035 
6.552910432 8.237295916 

5.459788999 5.692565312 
5.251195893 6.017126402 

2.498834429 8.59109507 
2.315669739 8.526544772 

2.031661482 8.513121012 
2.315669739 8.526544772 

3.182253554 1.896794027 
3.035323306 1.558583903 

6.3105202 5.446551639 
6.299002689 5.653683808 

5.888099982 6.427843405 
5.699740768 6.246405545 

7.483253024 5.435940471 
7.225132592 5.653291854 

6.975353913 5.899191265 
7.225132592 5.653291854 

6.059925321 7.868258373 
6.22837638 8.015266427 

2.890236055 6.82647497 
2.926178155 7.014253061 

3.714408489 2.605399883 
3.614096207 2.514107236 

6.319200192 7.985398428 
6.288057827 8.113691913 

4.571937243 6.103086358 
4.602658182 6.30842782 

4.616932314 6.474330811 
4.602658182 6.30842782 

6.38239885 6.686532927 
6.418807332 6.840629943 

0.6988715417 7.589261288 
0.5364913319 7.896165017 

3.714408489 2.605399883 
3.755399738 2.790070772 

4.076439889 7.632927409 
4.199524228 7.433535163 

4.298292898 7.292613846 
4.199524228 7.433535163 

0.5364913319 7.896165017 
0.6424475304 7.985456314 

5.900313084 5.525730384 
5.954910172 5.7171557 

6.030823012 5.867802056 
5.954910172 5.7171557 

1.63482382 8.581668536 
1.380936833 8.680515379 

1.872909547 7.438874392 
2.113981778 7.571764906 

1.527961971 1.755921822 
1.743439609 1.897240834 

1.915593714 1.990147588 
1.743439609 1.897240834 

3.412919527 1.86123212 
3.567822584 1.766988965 

7.197970719 7.062925712 
7.335000562 7.024104543 

7.538068397 6.978365778 
7.335000562 7.024104543 

5.164074029 5.421042304 
5.285240654 5.547236711 

6.059925321 7.868258373 
6.144483926 8.073856364 

1.377897442 7.224436089 
1.283603387 7.35126534 

1.255701954 7.448999647 
1.283603387 7.35126534 

3.92885122 2.178288054 
3.707777503 2.331621141 

2.387490448 8.831989285 
2.597541683 8.899541952 

1.496178262 9.379375696 
1.364510164 9.267119988 

3.338985412 7.576265937 
3.55620894 7.50640679 

3.732455518 7.53758877 
3.55620894 7.50640679 

4.368919135 7.657377604 
4.199524228 7.433535163 

4.773179773 2.427649116 
4.867046993 2.476761933 

5.050927603 2.551599308 
4.867046993 2.476761933 

2.355477671 1.337589797 
2.300138916 1.477677888 

1.930064486 1.502175345 
1.868762157 1.500116883 

3.271514272 0.3503840838 
3.249539841 0.2265039034 

4.672665284 1.692368511 
4.72445431 1.820679178 

5.699740768 6.246405545 
5.80192127 6.183310347 

5.834883115 6.080841838 
5.80192127 6.183310347 

6.159566347 5.051153917 
6.024958694 4.82206809 

6.159566347 5.051153917 
6.111622763 5.188150573 

6.137101925 5.336809945 
6.111622763 5.188150573 

3.244260326 6.29102762 
3.170325561 6.205737414 

3.92885122 2.178288054 
3.897349215 2.029284067 

3.981812118 1.875964931 
3.897349215 2.029284067 

1.869864373 1.054839907 
1.742023345 1.158860947 

3.093870385 8.720977258 
3.171984623 8.626132481 

6.059925321 7.868258373 
6.211354731 7.580991059 

1.640602242 3.280794991 
1.775987184 3.068320778 

1.938550355 2.905375892 
1.775987184 3.068320778 

2.951047155 2.03174645 
3.151134634 2.052102069 

2.302394876 2.426509533 
2.356110082 2.361266607 

2.485845446 2.348015452 
2.356110082 2.361266607 

4.602658182 6.30842782 
4.726610052 6.302718706 

2.731188342 7.978130622 
2.565799442 7.827275292 

2.417245297 7.702246121 
2.565799442 7.827275292 

5.062125364 5.173426818 
4.830032665 5.1507857 

2.33564929 6.411252306 
2.290396935 6.279817479 

3.285508049 2.120189567 
3.332925106 2.218249694 

2.951047155 2.03174645 
3.020537198 2.230052045 

3.099269144 2.330810581 
3.020537198 2.230052045 

6.933872779 7.046458859 
7.020513478 7.083061335 

7.089418503 7.185802309 
7.020513478 7.083061335 

4.861078076 5.420684313 
4.756606101 5.367544003 

2.028572414 8.840647197 
2.071467444 9.085130925 

7.531169223 6.216267949 
7.575597668 6.252076777 

1.301195044 7.974792936 
1.444109507 7.917497364 

1.46900031 7.997942839 
1.444109507 7.917497364 

1.469740796 5.886926044 
1.646530473 6.056735794 

1.711458165 6.171473725 
1.646530473 6.056735794 

5.527556147 6.042032938 
5.353169803 6.202756598 

4.451507188 1.345367551 
4.308942223 1.565647122 

1.977293109 3.332238797 
1.86786153 3.404166343 

3.225257321 2.921248846 
3.068749425 2.652722987 

2.451077844 0.7260915936 
2.395363131 0.6922253421 

1.68358608 8.159838986 
1.858697259 8.194150968 

2.010089869 8.228298941 
1.858697259 8.194150968 

6.909112842 5.985765003 
6.975353913 5.899191265 

5.251195893 6.017126402 
5.353169803 6.202756598 

3.621463195 8.490183785 
3.56804139 8.427187956 

3.535519215 8.338177131 
3.56804139 8.427187956 

2.364255534 0.9067582178 
2.355287747 1.190772345 

2.355477671 1.337589797 
2.355287747 1.190772345 

3.004982386 9.089884645 
3.162603663 8.980328023 

3.747064878 0.87668621 
3.930848544 0.7694023413 

1.087060281 6.594666741 
1.045650799 6.377626169 

5.353169803 6.202756598 
5.182447243 6.226791796 

2.465206333 0.5422331472 
2.555825588 0.5167896751 

2.179936835 6.71280427 
2.019180921 6.794109828 

1.947553888 6.870786735 
2.019180921 6.794109828 

3.376090636 3.70956408 
3.5270723 3.849420561 

6.229941225 6.742739021 
6.176866025 6.524352637 

2.421758872 2.189567351 
2.449411519 2.0669181 

2.522847415 1.976676415 
2.449411519 2.0669181 

2.420034186 6.247566878 
2.328078123 6.249587046 

2.290396935 6.279817479 
2.328078123 6.249587046 

3.647873666 2.073889083 
3.897349215 2.029284067 

6.057987333 7.10965613 
5.966840414 7.128386962 

5.841645422 7.098887955 
5.966840414 7.128386962 

6.335745216 6.138800597 
6.429428904 5.989638138 

3.337248027 0.5142544354 
3.445360258 0.5787573598 

2.265932799 7.085569878 
2.18528284 7.144548793 

2.087462495 7.267012492 
2.18528284 7.144548793 

2.454906766 8.074782068 
2.521463689 7.942049189 

2.498834429 8.59109507 
2.656206038 8.502243681 

5.459788999 5.692565312 
5.72090147 5.638138153 

1.659055113 7.005577308 
1.684001335 7.456578235 

1.657791435 7.881280234 
1.684001335 7.456578235 

6.234325362 5.859162836 
6.030823012 5.867802056 

1.315034925 8.427844503 
1.386902996 8.276499848 

1.444078276 8.11730137 
1.386902996 8.276499848 

1.657791435 7.881280234 
1.759986352 7.609332363 

6.908371849 6.340448051 
6.626277364 6.279192672 

1.11067605 9.281157712 
1.277392216 9.234433081 

1.367972537 9.178303406 
1.277392216 9.234433081 

0.7415325176 8.830337493 
0.9312013336 8.733937715 

1.051901302 8.700180932 
0.9312013336 8.733937715 

1.54567395 2.05750691 
1.637751506 2.198484743 

6.686295691 6.134137556 
6.536414875 6.126620383 

1.742023345 1.158860947 
1.915255726 1.318813916 

2.733134122 3.60922735 
2.653586383 3.659686426 

7.060968081 6.929486392 
7.020513478 7.083061335 

3.338985412 7.576265937 
3.141992884 7.648921215 

2.910052669 7.757622395 
3.141992884 7.648921215 

1.897119482 8.457668093 
1.996572533 8.414177841 

2.031661482 8.513121012 
1.996572533 8.414177841 

3.104297661 7.034933949 
2.926178155 7.014253061 

4.756606101 5.367544003 
4.687912018 5.336559785 

3.423118538 1.600363522 
3.415081199 1.71740215 

3.412919527 1.86123212 
3.415081199 1.71740215 

5.009820152 5.68485855 
5.206632376 5.684220888 

5.251703488 7.220316321 
5.213925926 7.427895811 

5.14376354 7.605135452 
5.213925926 7.427895811 

6.299002689 5.653683808 
6.065078178 5.648554369 

5.083811103 2.128961621 
5.104159532 2.333866078 

1.586664416 7.517657295 
1.684001335 7.456578235 

3.035323306 1.558583903 
2.86963616 1.458959626 

4.770782194 5.635288376 
4.933529381 5.415074537 

3.758921439 3.982639489 
3.90976146 3.841745511 

4.018719687 3.823722315 
3.90976146 3.841745511 

5.936957368 6.772684308 
5.966840414 7.128386962 

3.918118743 1.586085503 
3.856787619 1.708662608 

1.62507605 6.653345151 
1.603407751 6.877492628 

1.659055113 7.005577308 
1.603407751 6.877492628 

1.301195044 7.974792936 
1.46900031 7.997942839 

1.872909547 7.438874392 
1.684001335 7.456578235 

1.872909547 7.438874392 
1.957063527 7.583018523 

4.687912018 5.336559785 
4.630948535 5.318534193 

1.255701954 7.448999647 
1.333603403 7.72344344 

1.802899584 6.028081961 
1.681512031 5.995179817 

1.469740796 5.886926044 
1.681512031 5.995179817 

4.933529381 5.415074537 
4.861078076 5.420684313 

6.044647661 6.267693234 
6.176866025 6.524352637 

2.154454185 1.69759296 
2.334273087 1.732903783 

6.600535879 6.693299614 
6.38239885 6.686532927 

1.040402631 7.635472603 
1.043181292 7.847025707 

1.109950184 8.049346994 
1.043181292 7.847025707 

2.522610906 9.109692548 
2.590936114 9.202872877 

2.650839374 9.145300287 
2.590936114 9.202872877 

5.729995446 7.027038226 
5.782640605 6.873283408 

2.7859325 6.469019843 
2.751394435 6.540427525 

6.908371849 6.340448051 
6.921811676 6.156973968 

6.909112842 5.985765003 
6.921811676 6.156973968 

5.090550578 5.932275932 
4.814056653 5.968342157 

6.923284592 7.823936618 
6.882318565 7.978892791 

1.881078213 7.890894307 
1.993783078 7.954494574 

2.047541256 8.05521105 
1.993783078 7.954494574 

2.602300968 5.868012333 
2.495915309 5.939600357 

2.467661493 6.01147906 
2.495915309 5.939600357 

2.887510214 2.269499854 
3.020537198 2.230052045 

3.839398405 7.153777827 
4.093992545 7.179707434 

4.298292898 7.292613846 
4.093992545 7.179707434 

1.957063527 7.583018523 
1.89155384 7.681866278 

2.656206038 8.502243681 
2.743967505 8.240636677 

0.8453323631 7.988357588 
0.8452943935 7.859909864 

4.451507188 1.345367551 
4.288951606 1.383810449 

4.117952029 1.446594302 
4.288951606 1.383810449 

5.910757577 6.559149369 
5.861123996 6.4909325 

5.746285579 6.521861003 
5.861123996 6.4909325 

3.974346627 3.087293059 
4.166477477 3.076622241 

4.339352615 3.127153982 
4.166477477 3.076622241 

2.179936835 6.71280427 
1.973449974 6.729513916 

1.8331513 6.734278145 
1.973449974 6.729513916 

1.725711943 7.343360407 
1.684001335 7.456578235 

1.586664416 7.517657295 
1.641706297 7.374204587 

1.725711943 7.343360407 
1.641706297 7.374204587 

2.216114701 3.636584507 
2.098314953 3.492143583 

2.492543205 3.854212563 
2.42374721 3.678419476 

2.113981778 7.571764906 
1.957063527 7.583018523 

6.403256607 7.26329326 
6.508284696 7.367525183 

6.601452421 7.456826849 
6.508284696 7.367525183 

1.54567395 2.05750691 
1.586588991 1.91165288 

5.618183629 4.972498904 
5.662275274 4.836731395 

3.172507872 2.190189571 
3.020537198 2.230052045 

6.279994474 4.696986253 
6.335426566 4.861385207 

7.174431965 5.930553243 
6.975353913 5.899191265 

6.739328079 5.1332394 
6.935512086 5.155161923 

5.80192127 6.183310347 
5.888099982 6.427843405 

7.400228322 7.321724586 
7.439463319 6.899653285 

7.54696339 6.491722644 
7.439463319 6.899653285 

0.6988715417 7.589261288 
0.5378072692 7.552162291 

6.044647661 6.267693234 
6.233894194 6.069870251 

2.645292891 7.311973257 
2.724056733 7.384899738 

2.794221147 7.458719439 
2.724056733 7.384899738 

2.832972098 1.567485855 
2.761687322 1.639330311 

4.948484514 1.706555622 
4.799478656 1.753999942 

4.672665284 1.692368511 
4.799478656 1.753999942 

1.11067605 9.281157712 
1.254341733 9.335254146 

1.364510164 9.267119988 
1.254341733 9.335254146 

3.647873666 2.073889083 
3.92885122 2.178288054 

2.675739847 2.646921958 
2.539100736 2.792533785 

2.383386311 2.901298945 
2.539100736 2.792533785 

2.970969883 1.738859618 
2.761687322 1.639330311 

3.355685294 7.002629016 
3.376317266 6.735601695 

7.688870351 6.108365293 
7.604930416 6.181008889 

7.575597668 6.252076777 
7.604930416 6.181008889 

7.414577833 6.64600604 
7.619180031 6.714881635 

3.763329157 8.545130968 
3.571972037 8.296324472 

3.355162374 7.934084866 
3.571972037 8.296324472 

1.714527404 1.795531609 
1.743439609 1.897240834 

4.616932314 6.474330811 
4.829111079 6.429086184 

4.982821163 6.351239911 
4.829111079 6.429086184 

2.017744835 2.573702147 
2.078605366 2.439388566 

2.155516236 2.307487739 
2.078605366 2.439388566 

5.888099982 6.427843405 
5.861123996 6.4909325 

2.364255534 0.9067582178 
2.563843679 0.9516152451 

4.942878271 7.12481066 
5.08732801 7.278418871 

5.251703488 7.220316321 
5.08732801 7.278418871 

3.567822584 1.766988965 
3.415081199 1.71740215 

7.174431965 5.930553243 
7.070889722 5.762613224 

6.929291295 5.668439896 
7.070889722 5.762613224 

6.886220222 5.386080723 
7.007589715 5.265982486 

1.742023345 1.158860947 
1.719040742 1.283896761 

1.613978566 1.403419446 
1.719040742 1.283896761 

5.576152799 5.384242081 
5.655000036 5.570323472 

5.72090147 5.638138153 
5.655000036 5.570323472 

1.244999196 8.764925005 
1.192471446 9.002882957 

6.044647661 6.267693234 
6.037255725 6.497141002 

5.979028421 6.595103947 
6.037255725 6.497141002 

4.462404129 5.284650229 
4.563870036 5.297923466 

4.630948535 5.318534193 
4.563870036 5.297923466 

2.380832833 8.315612339 
2.315669739 8.526544772 

2.073328954 0.7121155554 
2.02774489 0.8067527595 

5.594359088 6.493008278 
5.490956455 6.575283573 

5.369019232 6.712876245 
5.490956455 6.575283573 

4.368919135 7.657377604 
4.679056065 7.825787568 

5.001742079 8.020400571 
4.679056065 7.825787568 

1.759986352 7.609332363 
1.957063527 7.583018523 

2.592222866 7.605149005 
2.730462523 7.682396609 

2.910052669 7.757622395 
2.730462523 7.682396609 

1.795404637 2.18796983 
1.915593714 1.990147588 

2.914305934 7.220180425 
2.716374387 7.133599805 

4.90000693 1.988398451 
4.72445431 1.820679178 

2.172568936 3.330462501 
1.977293109 3.332238797 

0.3300804993 8.147134013 
0.4449508059 8.031534863 

0.5364913319 7.896165017 
0.4449508059 8.031534863 

2.33564929 6.411252306 
2.328078123 6.249587046 

4.90000693 1.988398451 
4.923199759 1.856555443 

4.948484514 1.706555622 
4.923199759 1.856555443 

2.33564929 6.411252306 
2.145298672 6.377669083 

2.000967322 6.338699462 
2.145298672 6.377669083 

4.975777245 7.656531936 
5.142749738 7.898589313 

6.229941225 6.742739021 
6.279409105 6.605486023 

6.38618098 6.409797076 
6.279409105 6.605486023 

4.390311898 2.865569222 
4.27297605 2.815967368 

4.124911786 2.860870816 
4.27297605 2.815967368 

6.037255725 6.497141002 
6.071827068 6.595361408 

7.007589715 5.265982486 
7.094238502 5.371904753 

3.182253554 1.896794027 
3.299616646 1.990572575 

3.432680936 2.064066067 
3.299616646 1.990572575 

6.234325362 5.859162836 
6.161026179 5.882619813 

6.103987363 5.996519442 
6.161026179 5.882619813 

3.571972037 8.296324472 
3.535519215 8.338177131 

2.20107974 7.700399841 
2.275600699 7.511134029 

2.148351726 8.398272899 
2.219350629 8.191849748 

2.243017428 8.079356594 
2.219350629 8.191849748 

5.285240654 5.547236711 
5.206632376 5.684220888 

2.555825588 0.5167896751 
2.570146531 0.4108246382 

3.077993565 2.499818579 
3.138511831 2.666810563 

6.065078178 5.648554369 
5.954910172 5.7171557 

2.191235863 9.186507052 
1.981398606 9.224817464 

2.716374387 7.133599805 
2.615936808 7.062621803 

7.439463319 6.899653285 
7.335000562 7.024104543 

2.216114701 3.636584507 
2.327844459 3.643122812 

2.42374721 3.678419476 
2.327844459 3.643122812 

4.351690228 1.04485026 
4.371136859 0.9648546511 

3.659691031 7.881701227 
3.507905972 7.968110587 

3.355162374 7.934084866 
3.507905972 7.968110587 

6.068635022 8.170141946 
6.129098156 8.141642627 

6.189785406 8.108140318 
6.129098156 8.141642627 

7.538068397 6.978365778 
7.456851256 6.801494949 

7.414577833 6.64600604 
7.456851256 6.801494949 

2.042170588 7.674857752 
2.20107974 7.700399841 

2.653586383 3.659686426 
2.609373734 3.729498372 

0.7720284014 8.141829429 
0.5564546219 8.150383777 

6.211354731 7.580991059 
6.179894548 7.48596111 

6.19696392 7.347193556 
6.179894548 7.48596111 

2.300138916 1.477677888 
2.358953135 1.590302638 

2.334273087 1.732903783 
2.358953135 1.590302638 

1.63547891 8.297207482 
1.647704885 8.463439977 

1.63482382 8.581668536 
1.647704885 8.463439977 

5.594359088 6.493008278 
5.699740768 6.246405545 

5.594359088 6.493008278 
5.72670867 6.403838165 

5.888099982 6.427843405 
5.72670867 6.403838165 

3.447778789 7.309204812 
3.396154668 7.423982801 

3.338985412 7.576265937 
3.396154668 7.423982801 

1.527961971 1.755921822 
1.690705515 1.968326644 

5.285240654 5.547236711 
5.383016935 5.60272968 

5.459788999 5.692565312 
5.383016935 5.60272968 

3.981812118 1.875964931 
3.856787619 1.708662608 

2.997554323 0.7880874708 
3.120908734 0.8238083393 

3.229960866 0.9241651251 
3.120908734 0.8238083393 

6.908371849 6.340448051 
7.040698572 6.300013895 

7.198560173 6.308646093 
7.040698572 6.300013895 

2.492543205 3.854212563 
2.569620952 3.768947767 

2.609373734 3.729498372 
2.569620952 3.768947767 

3.954537179 2.55645177 
3.81531722 2.587793876 

3.714408489 2.605399883 
3.81531722 2.587793876 

1.659055113 7.005577308 
1.796619201 6.929902239 

1.947553888 6.870786735 
1.796619201 6.929902239 

3.747064878 0.87668621 
3.597359618 0.9648266627 

0.5564546219 8.150383777 
0.4191019234 8.23810017 

3.505213757 3.222441341 
3.490808373 3.438961021 

3.462582352 3.609053689 
3.490808373 3.438961021 

2.418589692 7.031585277 
2.593698096 7.16548295 

2.645292891 7.311973257 
2.593698096 7.16548295 

4.571937243 6.103086358 
4.45200137 6.095142787 

4.362478141 6.084013065 
4.45200137 6.095142787 

2.949748735 2.901484844 
3.046052393 3.07967338 

3.131022075 3.281482402 
3.046052393 3.07967338 

3.308693494 8.926616501 
3.188728489 8.827552157 

3.093870385 8.720977258 
3.188728489 8.827552157 

0.9891607226 7.446927108 
1.191486724 7.584766499 

1.333603403 7.72344344 
1.191486724 7.584766499 

2.33564929 6.411252306 
2.232601798 6.523111175 

2.675739847 2.646921958 
2.678296613 2.900598681 

2.380832833 8.315612339 
2.219350629 8.191849748 

2.979591641 1.303632896 
2.96874506 1.386985491 

4.504917225 2.400142785 
4.587713712 2.59478419 

2.615936808 7.062621803 
2.542472045 7.062893338 

2.418589692 7.031585277 
2.542472045 7.062893338 

1.040402631 7.635472603 
1.191486724 7.584766499 

1.315034925 8.427844503 
1.419696251 8.407587243 

1.513988784 8.403870346 
1.419696251 8.407587243 

3.225257321 2.921248846 
3.046052393 3.07967338 

3.138511831 2.666810563 
3.187301408 2.748492961 

7.210157966 5.189325803 
7.040585289 5.133277723 

6.935512086 5.155161923 
7.040585289 5.133277723 

0.9891607226 7.446927108 
0.8506312707 7.519545793 

0.6988715417 7.589261288 
0.8506312707 7.519545793 

3.311258579 2.384563369 
3.33978137 2.685592048 

5.746285579 6.521861003 
5.72670867 6.403838165 

4.799478656 1.753999942 
4.72445431 1.820679178 

2.03558981 5.917315951 
2.162527089 5.963589954 

2.195263376 6.031028633 
2.162527089 5.963589954 

7.538068397 6.978365778 
7.439463319 6.899653285 

1.91395888 1.697554214 
2.030160168 1.738772151 

2.154454185 1.69759296 
2.030160168 1.738772151 

3.981812118 1.875964931 
3.863385297 1.852514387 

3.751534329 1.810916754 
3.863385297 1.852514387 

2.191235863 9.186507052 
2.177565951 9.010796031 

2.028572414 8.840647197 
2.177565951 9.010796031 

2.33564929 6.411252306 
2.420034186 6.247566878 

1.640602242 3.280794991 
1.792072967 3.369267923 

1.931158918 3.468625977 
1.792072967 3.369267923 

2.678296613 2.900598681 
2.733783541 2.849305665 

6.939305339 6.61002674 
7.119273785 6.58680746 

7.25572921 6.514769433 
7.119273785 6.58680746 

4.5556325 7.307798388 
4.644390966 7.295844273 

4.716077765 7.307145302 
4.644390966 7.295844273 

6.429428904 5.989638138 
6.526452147 6.039976439 

6.536414875 6.126620383 
6.526452147 6.039976439 

2.019714691 7.030899134 
2.18528284 7.144548793 

1.245291366 6.218793498 
1.163025739 6.408941429 

1.087060281 6.594666741 
1.163025739 6.408941429 

0.7829332553 6.562382942 
0.7975114339 6.482094276 

2.019714691 7.030899134 
2.038146462 7.137890132 

2.087462495 7.267012492 
2.038146462 7.137890132 

3.104297661 7.034933949 
3.028195785 6.907664324 

5.61238531 4.606653749 
5.771636994 4.679404812 

5.889570747 4.735023694 
5.771636994 4.679404812 

4.196556544 6.247088146 
4.362478141 6.084013065 

4.371136859 0.9648546511 
4.407777879 0.9102176999 

1.657791435 7.881280234 
1.444109507 7.917497364 

0.3300804993 8.147134013 
0.5688434221 8.074975394 

0.8453323631 7.988357588 
0.5688434221 8.074975394 

2.148351726 8.398272899 
1.996572533 8.414177841 

6.071827068 6.595361408 
6.164661153 6.656706693 

6.229941225 6.742739021 
6.164661153 6.656706693 

2.461292322 2.536150969 
2.485845446 2.348015452 

2.656206038 8.502243681 
2.709364219 8.472345617 

2.79322273 8.482533539 
2.709364219 8.472345617 

1.245291366 6.218793498 
1.115037204 6.117916679 

2.454906766 8.074782068 
2.578727084 8.024834025 

2.731188342 7.978130622 
2.578727084 8.024834025 

4.670938595 3.120078723 
4.390311898 2.865569222 

4.882503258 2.931080305 
4.755299688 2.966739604 

2.565799442 7.827275292 
2.592222866 7.605149005 

6.065078178 5.648554369 
5.984340328 5.590095078 

1.377897442 7.224436089 
1.478794369 7.383617294 

1.586664416 7.517657295 
1.478794369 7.383617294 

4.982821163 6.351239911 
5.182447243 6.226791796 

2.760770643 0.8321112387 
2.87007413 0.8868532554 

7.54696339 6.491722644 
7.515882314 6.010472404 

2.113571344 7.431938433 
2.086540235 7.514829945 

2.113981778 7.571764906 
2.086540235 7.514829945 

5.954910172 5.7171557 
5.984340328 5.590095078 

4.555442269 1.822072984 
4.356817925 1.875184263 

4.1554291 1.931413679 
4.356817925 1.875184263 

5.18506527 6.423320707 
5.193196645 6.315288655 

5.182447243 6.226791796 
5.193196645 6.315288655 

4.136197455 0.5713277556 
4.014892622 0.6802393653 

3.930848544 0.7694023413 
4.014892622 0.6802393653 

1.527961971 1.755921822 
1.548097614 1.832519289 

1.586588991 1.91165288 
1.548097614 1.832519289 

1.849919574 8.853227428 
1.758782349 8.708593611 

1.63482382 8.581668536 
1.758782349 8.708593611 

1.323573362 6.586796188 
1.455656044 6.648672423 

5.708597419 7.325846848 
5.745905824 7.476230887 

2.177565951 9.010796031 
2.387490448 8.831989285 

6.551244875 6.947768188 
6.675719718 6.839058418 

6.769244244 6.774241337 
6.675719718 6.839058418 

4.755299688 2.966739604 
4.66478372 2.956341204 

2.071467444 9.085130925 
2.177565951 9.010796031 

1.62507605 6.653345151 
1.661653606 6.536407506 

1.671922721 6.370180737 
1.661653606 6.536407506 

6.499053467 5.002910371 
6.44509379 4.912155878 

6.335426566 4.861385207 
6.44509379 4.912155878 

5.062125364 5.173426818 
4.979135499 5.299883297 

4.933529381 5.415074537 
4.979135499 5.299883297 

5.688869992 7.579062515 
5.745905824 7.476230887 

0.4215231659 6.739933826 
0.5568023245 6.80912287 

0.7306770005 6.943814147 
0.5568023245 6.80912287 

7.067434343 7.884383453 
6.923284592 7.823936618 

7.067434343 7.884383453 
7.198217185 7.843538355 

7.314825188 7.781073267 
7.198217185 7.843538355 

1.245291366 6.218793498 
1.395593119 6.100130725 

5.18506527 6.423320707 
5.196391027 6.561654886 

1.254341733 9.335254146 
1.277392216 9.234433081 

1.872909547 7.438874392 
1.885659373 7.554587187 

1.89155384 7.681866278 
1.885659373 7.554587187 

2.421758872 2.189567351 
2.356110082 2.361266607 

5.001742079 8.020400571 
5.08884659 8.081285416 

1.957063527 7.583018523 
1.885659373 7.554587187 

2.418589692 7.031585277 
2.653883105 6.927064944 

2.890236055 6.82647497 
2.653883105 6.927064944 

6.279409105 6.605486023 
6.176866025 6.524352637 

2.380832833 8.315612339 
2.408738741 8.447820625 

2.498834429 8.59109507 
2.408738741 8.447820625 

3.225257321 2.921248846 
2.949748735 2.901484844 

3.225257321 2.921248846 
3.223763648 2.809900916 

3.187301408 2.748492961 
3.223763648 2.809900916 

5.708597419 7.325846848 
5.56210524 7.512064847 

5.455603784 7.662090289 
5.56210524 7.512064847 

1.646530473 6.056735794 
1.681512031 5.995179817 

3.249539841 0.2265039034 
3.318284141 0.3086194404 

3.395588902 0.3576052179 
3.318284141 0.3086194404 

2.421758872 2.189567351 
2.290318837 2.16902645 

2.124749256 2.11081731 
2.290318837 2.16902645 

4.849382752 5.830270973 
4.963598422 5.866100409 

5.090550578 5.932275932 
4.963598422 5.866100409 

1.154171094 6.297791289 
1.130650422 6.251217412 

1.637751506 2.198484743 
1.506203917 2.256028654 

4.482116353 0.8282195016 
4.446415288 0.8739296949 

4.407777879 0.9102176999 
4.446415288 0.8739296949 

0.7975114339 6.482094276 
0.7860573224 6.43238627 

2.97876661 3.392455519 
3.212696573 3.514733935 

4.362478141 6.084013065 
4.291230177 5.989959522 

1.130650422 6.251217412 
1.136941775 6.227677768 

3.412919527 1.86123212 
3.299616646 1.990572575 

5.61238531 4.606653749 
5.647469801 4.73436407 

5.662275274 4.836731395 
5.647469801 4.73436407 

3.391806235 6.462234836 
3.307099087 6.382749579 

3.244260326 6.29102762 
3.307099087 6.382749579 

7.007589715 5.265982486 
7.040585289 5.133277723 

1.040402631 7.635472603 
0.8506312707 7.519545793 

2.275831077 5.860889661 
2.413401391 5.876644913 

0.7720284014 8.141829429 
0.8453323631 7.988357588 

1.657791435 7.881280234 
1.556516249 7.988608638 

1.444078276 8.11730137 
1.556516249 7.988608638 

6.552910432 8.237295916 
6.62226574 8.207583574 

6.667520189 8.250443209 
6.62226574 8.207583574 

4.726610052 6.302718706 
4.829111079 6.429086184 

1.321994717 2.302580507 
1.427558599 2.284723183 

1.506203917 2.256028654 
1.427558599 2.284723183 

5.782640605 6.873283408 
5.623373709 6.925769515 

5.485981816 7.012517743 
5.623373709 6.925769515 

1.455656044 6.648672423 
1.603407751 6.877492628 

4.298292898 7.292613846 
4.310286853 7.159299882 

2.914305934 7.220180425 
2.922519858 7.096660258 

2.926178155 7.014253061 
2.922519858 7.096660258 

3.138511831 2.666810563 
3.068749425 2.652722987 

1.455656044 6.648672423 
1.529961545 6.646310898 

1.62507605 6.653345151 
1.529961545 6.646310898 

6.037255725 6.497141002 
6.176866025 6.524352637 

5.125922556 6.725235298 
5.166896489 6.658408684 

5.196391027 6.561654886 
5.166896489 6.658408684 

4.77422524 6.797684431 
4.706726355 6.644463526 

4.616932314 6.474330811 
4.706726355 6.644463526 

6.164661153 6.656706693 
6.279409105 6.605486023 

2.997554323 0.7880874708 
2.830704595 0.6116776428 

1.86786153 3.404166343 
1.792072967 3.369267923 

1.469740796 5.886926044 
1.485030257 6.006878311 

1.395593119 6.100130725 
1.485030257 6.006878311 

6.234325362 5.859162836 
6.244940083 5.75162555 

6.299002689 5.653683808 
6.244940083 5.75162555 

5.182701525 8.068454971 
5.135054332 8.084810722 

5.08884659 8.081285416 
5.135054332 8.084810722 

7.538068397 6.978365778 
7.575046912 6.908125749 

3.052266698 6.086930583 
3.125600398 6.15492066 

3.170325561 6.205737414 
3.125600398 6.15492066 

1.974438736 6.121770309 
2.03558981 5.917315951 

2.413401391 5.876644913 
2.483354606 5.864048377 

7.205973372 7.550851272 
7.169290225 7.505546811 

7.244725824 7.453983287 
7.169290225 7.505546811 

4.30110139 6.973420226 
4.284029439 7.090707204 

4.310286853 7.159299882 
4.284029439 7.090707204 

5.039390725 6.578283517 
5.196391027 6.561654886 

4.004031899 1.419484004 
3.957121617 1.509679427 

3.918118743 1.586085503 
3.957121617 1.509679427 

6.279409105 6.605486023 
6.38239885 6.686532927 

5.910757577 6.559149369 
5.943080492 6.503469861 

6.037255725 6.497141002 
5.943080492 6.503469861 

2.636257743 3.18322213 
2.68914643 3.023283373 

2.678296613 2.900598681 
2.68914643 3.023283373 

2.449411519 2.0669181 
2.290318837 2.16902645 

2.042170588 7.674857752 
2.105146311 7.679906524 

2.138661664 7.771849885 
2.105146311 7.679906524 

7.54696339 6.491722644 
7.575597668 6.252076777 

5.459788999 5.692565312 
5.335032546 5.709373665 

5.206632376 5.684220888 
5.335032546 5.709373665 

2.761687322 1.639330311 
2.652816259 1.573388284 

2.047541256 8.05521105 
2.194348885 7.966005308 

2.35391162 7.873459643 
2.194348885 7.966005308 

3.579906127 0.7997298962 
3.597359618 0.9648266627 

4.982821163 6.351239911 
5.011595001 6.481193057 

5.039390725 6.578283517 
5.011595001 6.481193057 

2.830704595 0.6116776428 
2.760873913 0.5235375906 

2.675110717 0.4464648654 
2.760873913 0.5235375906 

0.5881913129 7.309030421 
0.5169190795 7.382446829 

0.4244867039 7.458399317 
0.5169190795 7.382446829 

4.157086445 5.857781758 
4.245898445 5.936756676 

4.291230177 5.989959522 
4.245898445 5.936756676 

3.035323306 1.558583903 
2.96874506 1.386985491 

2.358953135 1.590302638 
2.592295278 1.640667377 

6.659798139 7.959725275 
6.809280347 7.881774959 

6.923284592 7.823936618 
6.809280347 7.881774959 

6.882318565 7.978892791 
6.809280347 7.881774959 

3.225257321 2.921248846 
3.104923493 2.840707483 

2.983663623 2.711967558 
3.104923493 2.840707483 

4.66478372 2.956341204 
4.672013607 3.018528769 

3.533479397 2.254781827 
3.432680936 2.064066067 

6.909112842 5.985765003 
7.035828411 5.956085389 

5.576152799 5.384242081 
5.422608247 5.461140286 

5.285240654 5.547236711 
5.422608247 5.461140286 

4.30110139 6.973420226 
4.445457596 7.140686863 

3.533479397 2.254781827 
3.440491899 2.213674104 

3.332925106 2.218249694 
3.440491899 2.213674104 

4.390311898 2.865569222 
4.360124737 2.967002178 

3.763329157 8.545130968 
3.439451048 8.436283501 

3.118698883 8.292886607 
3.439451048 8.436283501 

5.894045016 7.552692965 
6.179894548 7.48596111 

5.894045016 7.552692965 
5.767151912 7.571615267 

5.688869992 7.579062515 
5.767151912 7.571615267 

1.37105151 2.676170863 
1.444920592 2.650284298 

1.506454803 2.606118734 
1.444920592 2.650284298 

2.751394435 6.540427525 
2.715343797 6.569263872 

6.030823012 5.867802056 
6.161026179 5.882619813 

1.749476952 9.30613097 
1.852367729 9.247659024 

1.981398606 9.224817464 
1.852367729 9.247659024 

2.652816259 1.573388284 
2.592295278 1.640667377 

1.352841353 9.070800564 
1.192471446 9.002882957 

7.089418503 7.185802309 
7.081936879 7.062147583 

7.060968081 6.929486392 
7.081936879 7.062147583 

4.548875129 3.376691543 
4.400907489 3.451530351 

4.252619005 3.606296516 
4.400907489 3.451530351 

2.887510214 2.269499854 
2.828193161 2.173666377 

2.734571987 2.101483738 
2.828193161 2.173666377 

6.921811676 6.156973968 
7.040698572 6.300013895 

6.921811676 6.156973968 
6.798544394 6.126725968 

6.686295691 6.134137556 
6.798544394 6.126725968 

6.975353913 5.899191265 
7.035828411 5.956085389 

7.007589715 5.265982486 
7.08133117 5.212079627 

2.636329649 9.483297169 
2.61158508 9.342745891 

2.590936114 9.202872877 
2.61158508 9.342745891 

4.526698696 5.756538584 
4.245898445 5.936756676 

3.141992884 7.648921215 
3.00116572 7.917788914 

3.077791141 0.3020522175 
3.154585798 0.2355065637 

3.249539841 0.2265039034 
3.154585798 0.2355065637 

5.527556147 6.042032938 
5.459788999 5.692565312 

4.482116353 0.8282195016 
4.294540834 0.8938370467 

2.680739691 3.398020581 
2.653586383 3.659686426 

3.773255965 1.367317276 
4.004031899 1.419484004 

4.079563985 0.9699632506 
4.18585241 0.9324835731 

4.294540834 0.8938370467 
4.18585241 0.9324835731 

3.773255965 1.367317276 
3.699938818 1.497644729 

3.626696782 1.604050055 
3.699938818 1.497644729 

7.54696339 6.491722644 
7.611561696 6.31633962 

7.611561696 6.31633962 
7.65810045 6.217788799 

7.688870351 6.108365293 
7.65810045 6.217788799 

3.104923493 2.840707483 
2.949748735 2.901484844 

2.653883105 6.927064944 
2.615936808 7.062621803 

3.391806235 6.462234836 
3.420927099 6.617285209 

3.510934101 0.4655622713 
3.422930794 0.4785670198 

3.337248027 0.5142544354 
3.422930794 0.4785670198 

3.632363055 3.233726944 
3.566994263 3.256898268 

2.675110717 0.4464648654 
2.626487889 0.4387542517 

6.939305339 6.61002674 
6.855695844 6.563464155 

6.729921229 6.499570541 
6.855695844 6.563464155 

7.538068397 6.978365778 
7.464997948 7.145635276 

4.829111079 6.429086184 
5.011595001 6.481193057 

1.136941775 6.227677768 
1.140362431 6.198593418 

5.943080492 6.503469861 
5.888099982 6.427843405 

3.505213757 3.222441341 
3.526994212 3.256346865 

3.566994263 3.256898268 
3.526994212 3.256346865 

3.763329157 8.545130968 
3.788645915 8.417720622 

2.951047155 2.03174645 
2.828193161 2.173666377 

6.612868333 5.699604872 
6.53861963 5.816284992 

6.429428904 5.989638138 
6.53861963 5.816284992 

3.788645915 8.417720622 
3.75394888 8.319083621 

3.738554319 8.225716469 
3.75394888 8.319083621 

1.915255726 1.318813916 
1.797199077 1.410586211 

3.385138263 8.382061759 
3.439451048 8.436283501 

1.759986352 7.609332363 
1.815520864 7.509749721 

1.872909547 7.438874392 
1.815520864 7.509749721 

5.009820152 5.68485855 
4.963598422 5.866100409 

1.938550355 2.905375892 
1.969837404 2.730701486 

2.017744835 2.573702147 
1.969837404 2.730701486 

4.5556325 7.307798388 
4.518366996 7.208758796 

4.445457596 7.140686863 
4.518366996 7.208758796 

1.444109507 7.917497364 
1.556516249 7.988608638 

5.251703488 7.220316321 
5.372439396 7.116588068 

5.485981816 7.012517743 
5.372439396 7.116588068 

2.79093301 0.9735858214 
2.683935201 0.9699564824 

2.563843679 0.9516152451 
2.683935201 0.9699564824 

2.33564929 6.411252306 
2.149456643 6.272920991 

1.974438736 6.121770309 
2.149456643 6.272920991 

4.136210527 6.74595837 
4.017143809 6.777672398 

3.162603663 8.980328023 
3.230392169 8.960965894 

1.11067605 9.281157712 
1.156138276 9.139541834 

1.192471446 9.002882957 
1.156138276 9.139541834 

2.602300968 5.868012333 
2.534847378 5.851441261 

2.483354606 5.864048377 
2.534847378 5.851441261 

3.299616646 1.990572575 
3.217557538 2.127929347 

1.68358608 8.159838986 
1.556516249 7.988608638 

4.308942223 1.565647122 
4.289221678 1.479789053 

4.288951606 1.383810449 
4.289221678 1.479789053 

1.140362431 6.198593418 
1.140968496 6.169695758 

2.731188342 7.978130622 
2.807687292 7.861926474 

2.910052669 7.757622395 
2.807687292 7.861926474 

5.104159532 2.333866078 
5.077789008 2.442828243 

5.050927603 2.551599308 
5.077789008 2.442828243 

1.977293109 3.332238797 
2.00405744 3.457541914 

2.492543205 3.854212563 
2.544534024 3.746391922 

2.586405844 3.622538978 
2.544534024 3.746391922 

3.004982386 9.089884645 
2.877805208 9.104896334 

2.748620605 9.14699362 
2.877805208 9.104896334 

0.9781815465 6.999265384 
1.14367675 7.153784532 

2.380832833 8.315612339 
2.257419198 8.337917717 

2.148351726 8.398272899 
2.257419198 8.337917717 

2.703799952 2.255495609 
2.828193161 2.173666377 

2.890236055 6.82647497 
2.95603111 6.870755011 

3.028195785 6.907664324 
2.95603111 6.870755011 

7.611561696 6.31633962 
7.575597668 6.252076777 

6.38618098 6.409797076 
6.284998372 6.482551996 

6.176866025 6.524352637 
6.284998372 6.482551996 

4.526698696 5.756538584 
4.347572875 5.808627492 

4.157086445 5.857781758 
4.347572875 5.808627492 

3.732455518 7.53758877 
3.785381528 7.342578425 

3.839398405 7.153777827 
3.785381528 7.342578425 

2.593698096 7.16548295 
2.615936808 7.062621803 

7.08133117 5.212079627 
7.135542925 5.191972874 

3.640829442 3.036211854 
3.505213757 3.222441341 

3.299616646 1.990572575 
3.285508049 2.120189567 

3.974346627 3.087293059 
3.846150453 3.058777225 

6.551244875 6.947768188 
6.574144494 6.808859653 

6.600535879 6.693299614 
6.574144494 6.808859653 

4.545843876 6.963302232 
4.445457596 7.140686863 

5.894045016 7.552692965 
5.810944685 7.520236673 

5.745905824 7.476230887 
5.810944685 7.520236673 

1.849919574 8.853227428 
1.954242739 8.96310155 

2.071467444 9.085130925 
1.954242739 8.96310155 

1.563828449 2.682214156 
1.506454803 2.606118734 

3.640829442 3.036211854 
3.74964 3.053514625 

3.846150453 3.058777225 
3.74964 3.053514625 

1.885659373 7.554587187 
1.815520864 7.509749721 

5.353169803 6.202756598 
5.193196645 6.315288655 

6.659798139 7.959725275 
6.501426931 7.970908766 

6.319200192 7.985398428 
6.501426931 7.970908766 

5.08732801 7.278418871 
5.213925926 7.427895811 

6.499053467 5.002910371 
6.490310064 5.132452352 

6.481436068 5.266219653 
6.490310064 5.132452352 

2.570146531 0.4108246382 
2.59831721 0.424789445 

2.626487889 0.4387542517 
2.59831721 0.424789445 

2.461292322 2.536150969 
2.37123181 2.460247508 

2.302394876 2.426509533 
2.37123181 2.460247508 

3.395588902 0.3576052179 
3.422930794 0.4785670198 

2.02774489 0.8067527595 
1.966267334 0.7620391008 

3.423118538 1.600363522 
3.515198566 1.676918621 

3.567822584 1.766988965 
3.515198566 1.676918621 

7.040585289 5.133277723 
7.08133117 5.212079627 

6.855695844 6.563464155 
6.858650782 6.631799062 

6.862318514 6.723401167 
6.858650782 6.631799062 

1.333603403 7.72344344 
1.444109507 7.917497364 

1.040402631 7.635472603 
0.9384176812 7.726049939 

0.8452943935 7.859909864 
0.9384176812 7.726049939 

3.881871928 6.789403561 
3.991459224 6.99167748 

1.749476952 9.30613097 
1.620072181 9.321835754 

4.093992545 7.179707434 
4.310286853 7.159299882 

2.97876661 3.392455519 
3.057891214 3.343267376 

3.131022075 3.281482402 
3.057891214 3.343267376 

1.485030257 6.006878311 
1.646530473 6.056735794 

3.647873666 2.073889083 
3.57113715 2.148475354 

2.86963616 1.458959626 
2.652816259 1.573388284 

2.96874506 1.386985491 
2.90638793 1.409427585 

2.408738741 8.447820625 
2.315669739 8.526544772 

6.574144494 6.808859653 
6.418807332 6.840629943 

7.515882314 6.010472404 
7.495019629 5.757931464 

7.400228322 7.321724586 
7.456043545 7.240639214 

7.464997948 7.145635276 
7.456043545 7.240639214 

2.355477671 1.337589797 
2.254332834 1.51640113 

2.154454185 1.69759296 
2.254332834 1.51640113 

1.620072181 9.321835754 
1.555312566 9.330678286 

5.062125364 5.173426818 
5.104450877 4.995057795 

5.161650431 4.793661708 
5.104450877 4.995057795 

0.3300804993 8.147134013 
0.3753242143 8.177300962 

2.498834429 8.59109507 
2.441560991 8.714395615 

2.387490448 8.831989285 
2.441560991 8.714395615 

4.093992545 7.179707434 
4.03715159 7.083433191 

3.991459224 6.99167748 
4.03715159 7.083433191 

1.795404637 2.18796983 
1.747930038 2.068063141 

1.690705515 1.968326644 
1.747930038 2.068063141 

3.077791141 0.3020522175 
3.154893759 0.6052392552 

3.229960866 0.9241651251 
3.154893759 0.6052392552 

3.747064878 0.87668621 
3.767846008 1.143806872 

6.071827068 6.595361408 
6.057391926 6.450516324 

2.20107974 7.700399841 
2.105146311 7.679906524 

0.9891607226 7.446927108 
0.7297908142 7.434088827 

0.4244867039 7.458399317 
0.7297908142 7.434088827 

2.400521769 7.215085411 
2.593698096 7.16548295 

1.191486724 7.584766499 
1.255701954 7.448999647 

2.715399312 1.829559779 
2.734571987 2.101483738 

2.715399312 1.829559779 
2.735336835 1.728949608 

2.761687322 1.639330311 
2.735336835 1.728949608 

2.010089869 8.228298941 
2.219350629 8.191849748 

6.057391926 6.450516324 
6.071729632 6.356012374 

6.037255725 6.497141002 
6.057391926 6.450516324 

4.975777245 7.656531936 
4.987891739 7.842789805 

5.001742079 8.020400571 
4.987891739 7.842789805 

3.751534329 1.810916754 
3.626696782 1.604050055 

3.751534329 1.810916754 
3.803866934 1.75857246 

3.856787619 1.708662608 
3.803866934 1.75857246 

7.210157966 5.189325803 
7.172799974 5.184437098 

7.135542925 5.191972874 
7.172799974 5.184437098 

2.37123181 2.460247508 
2.356110082 2.361266607 

2.951047155 2.03174645 
3.060078439 2.103105488 

3.172507872 2.190189571 
3.060078439 2.103105488 

3.141992884 7.648921215 
3.243614622 7.814404597 

3.355162374 7.934084866 
3.243614622 7.814404597 

1.743439609 1.897240834 
1.690705515 1.968326644 

6.044647661 6.267693234 
6.047261747 6.313481219 

6.071729632 6.356012374 
6.047261747 6.313481219 

1.852367729 9.247659024 
1.704604056 9.172016004 

7.495019629 5.757931464 
7.487251261 5.614892971 

0.7306770005 6.943814147 
0.8204970709 7.163416237 

5.861123996 6.4909325 
5.943080492 6.503469861 

2.028572414 8.840647197 
1.954242739 8.96310155 

7.487251261 5.614892971 
7.483456876 5.541867189 

7.483253024 5.435940471 
7.483456876 5.541867189 

2.042170588 7.674857752 
1.997706136 7.633002955 

1.957063527 7.583018523 
1.997706136 7.633002955 

2.031661482 8.513121012 
1.897119482 8.457668093 

5.936957368 6.772684308 
5.990014286 6.928600005 

6.057987333 7.10965613 
5.990014286 6.928600005 

2.680739691 3.398020581 
2.629951257 3.515932762 

2.586405844 3.622538978 
2.629951257 3.515932762 

3.597359618 0.9648266627 
3.529113189 0.9965818273 

3.151134634 2.052102069 
3.060078439 2.103105488 

3.182253554 1.896794027 
3.055294554 1.819299664 

0.7297908142 7.434088827 
0.8506312707 7.519545793 

4.975777245 7.656531936 
4.885739062 7.563306495 

1.527961971 1.755921822 
1.570936576 1.579444409 

6.024958694 4.82206809 
6.157988966 4.778590933 

7.483253024 5.435940471 
7.346705495 5.312633137 

7.210157966 5.189325803 
7.346705495 5.312633137 

5.490956455 6.575283573 
5.626520291 6.743178705 

1.115037204 6.117916679 
1.12800285 6.143806218 

1.140968496 6.169695758 
1.12800285 6.143806218 

4.770782194 5.635288376 
5.009820152 5.68485855 

7.650906965 6.868018523 
7.613175547 6.887942369 

7.575046912 6.908125749 
7.613175547 6.887942369 

1.570936576 1.579444409 
1.592457571 1.491431927 

1.613978566 1.403419446 
1.592457571 1.491431927 

5.943080492 6.503469861 
5.979028421 6.595103947 

7.174431965 5.930553243 
7.105466826 5.943345633 

7.035828411 5.956085389 
7.105466826 5.943345633 

6.933872779 7.046458859 
6.855071223 6.911788059 

6.769244244 6.774241337 
6.855071223 6.911788059 

0.7487656663 6.360780036 
0.7674114944 6.396583153 

0.7860573224 6.43238627 
0.7674114944 6.396583153 

3.33978137 2.685592048 
3.223763648 2.809900916 

3.445360258 0.5787573598 
3.422930794 0.4785670198 

3.435441675 1.045262967 
3.480431423 1.030337792 

3.529113189 0.9965818273 
3.480431423 1.030337792 

4.385491108 6.643918689 
4.706726355 6.644463526 

6.425200107 8.251607035 
6.129098156 8.141642627 

6.319200192 7.985398428 
6.375092548 8.119970636 

5.527556147 6.042032938 
5.699740768 6.246405545 

5.196391027 6.561654886 
5.369019232 6.712876245 

4.670938595 3.120078723 
4.672447016 3.070477776 

4.672013607 3.018528769 
4.672447016 3.070477776 

6.375092548 8.119970636 
6.400146327 8.185788835 

6.425200107 8.251607035 
6.400146327 8.185788835 

2.010089869 8.228298941 
2.079764614 8.313039022 

2.148351726 8.398272899 
2.079764614 8.313039022 

5.900313084 5.525730384 
5.942616928 5.556517118 

5.984340328 5.590095078 
5.942616928 5.556517118 

2.300138916 1.477677888 
2.254332834 1.51640113 

4.770782194 5.635288376 
4.639377993 5.699404486 

4.526698696 5.756538584 
4.639377993 5.699404486 

2.644814085 6.640811065 
2.682772955 6.59853033 

2.715343797 6.569263872 
2.682772955 6.59853033 

1.647704885 8.463439977 
1.513988784 8.403870346 

6.157988966 4.778590933 
6.224759525 4.755553898 

3.055294554 1.819299664 
3.007504578 1.78274579 

2.970969883 1.738859618 
3.007504578 1.78274579 

2.542472045 7.062893338 
2.593698096 7.16548295 

3.767846008 1.143806872 
3.770550986 1.255562074 

3.773255965 1.367317276 
3.770550986 1.255562074 

2.979591641 1.303632896 
3.006810324 1.42976436 

3.035323306 1.558583903 
3.006810324 1.42976436 

2.743967505 8.240636677 
2.709364219 8.472345617 

3.881871928 6.789403561 
3.949507869 6.78353798 

4.017143809 6.777672398 
3.949507869 6.78353798 

6.279994474 4.696986253 
6.252095615 4.725156459 

6.224759525 4.755553898 
6.252095615 4.725156459 

5.459788999 5.692565312 
5.655000036 5.570323472 

3.077993565 2.499818579 
3.208321152 2.592702191 

3.33978137 2.685592048 
3.208321152 2.592702191 

3.420927099 6.617285209 
3.398622182 6.676443452 

3.376317266 6.735601695 
3.398622182 6.676443452 

1.894745159 0.7755668939 
1.930093892 0.7680614906 

1.966267334 0.7620391008 
1.930093892 0.7680614906 

5.841645422 7.098887955 
5.776618381 7.080389049 

5.729995446 7.027038226 
5.776618381 7.080389049 

0.4191019234 8.23810017 
0.3972130688 8.207700566 

0.3753242143 8.177300962 
0.3972130688 8.207700566 

5.72670867 6.403838165 
5.699740768 6.246405545 

4.339352615 3.127153982 
4.349546126 3.047406793 

4.360124737 2.967002178 
4.349546126 3.047406793 

2.380832833 8.315612339 
2.417393386 8.198133709 

2.454906766 8.074782068 
2.417393386 8.198133709 

2.275831077 5.860889661 
2.155710443 5.889102806 

2.03558981 5.917315951 
2.155710443 5.889102806 

0.7306770005 6.943814147 
0.848583345 6.965044977 

0.9781815465 6.999265384 
0.848583345 6.965044977 

2.31142615 7.366131013 
2.204962446 7.393914654 

2.113571344 7.431938433 
2.204962446 7.393914654 

1.496178262 9.379375696 
1.525745414 9.355026991 

1.555312566 9.330678286 
1.525745414 9.355026991 

2.592222866 7.605149005 
2.689608716 7.587041528 

2.786113606 7.569358214 
2.689608716 7.587041528 

5.708597419 7.325846848 
5.773736238 7.21312781 

5.841645422 7.098887955 
5.773736238 7.21312781 

6.335426566 4.861385207 
6.224759525 4.755553898 

2.275600699 7.511134029 
2.204962446 7.393914654 

6.231232134 6.954205375 
6.144059398 7.031075416 

6.057987333 7.10965613 
6.144059398 7.031075416 

2.179936835 6.71280427 
2.206269317 6.617957722 

2.232601798 6.523111175 
2.206269317 6.617957722 

0.6988715417 7.589261288 
0.7297908142 7.434088827 

3.533479397 2.254781827 
3.552614935 2.202570248 

3.57113715 2.148475354 
3.552614935 2.202570248 

7.007589715 5.265982486 
6.935512086 5.155161923 

5.776618381 7.080389049 
5.773736238 7.21312781 

2.35391162 7.873459643 
2.382556551 7.792519367 

2.417245297 7.702246121 
2.382556551 7.792519367 

6.176866025 6.524352637 
6.057391926 6.450516324 

3.440491899 2.213674104 
3.552614935 2.202570248 

2.047541256 8.05521105 
2.028815562 8.141754996 

2.010089869 8.228298941 
2.028815562 8.141754996 

1.84199317 6.294233311 
1.711458165 6.171473725 

4.782635152 7.511922535 
4.83695215 7.5286047 

4.885739062 7.563306495 
4.83695215 7.5286047 

0.7297908142 7.434088827 
0.7105133299 7.27790732 

7.54696339 6.491722644 
7.240418084 6.769090752 

6.933872779 7.046458859 
7.240418084 6.769090752 

4.773179773 2.427649116 
4.639048499 2.41389595 

4.504917225 2.400142785 
4.639048499 2.41389595 

3.308693494 8.926616501 
3.270006771 8.942184378 

3.230392169 8.960965894 
3.270006771 8.942184378 

3.432680936 2.064066067 
3.57113715 2.148475354 

0.7271264526 8.288346392 
0.7484410553 8.215361954 

0.7720284014 8.141829429 
0.7484410553 8.215361954 

2.418589692 7.031585277 
2.342261245 7.058577577 

2.265932799 7.085569878 
2.342261245 7.058577577 

2.636329649 9.483297169 
2.579470277 9.296494858 

2.522610906 9.109692548 
2.579470277 9.296494858 

2.86963616 1.458959626 
2.888012045 1.434193606 

2.90638793 1.409427585 
2.888012045 1.434193606 

