3.230554858 0.923722689 
2.967743165 1.738841813 

3.732754124 7.536827705 
2.908023897 7.760440418 

4.461530819 2.71804425 
4.548875129 3.376691543 

2.047604189 8.054729254 
2.138661664 7.771849885 

2.763282799 8.840600036 
3.308693494 8.926616501 

4.755534164 4.761760741 
4.471534652 4.504793822 

6.388295634 6.410076081 
6.686295691 6.134137556 

5.922409865 6.768228286 
6.071569583 6.593154662 

2.878904977 2.46287513 
3.096913452 2.33260886 

6.911512986 5.98702427 
6.686295691 6.134137556 

0.8204970709 7.163416237 
0.4215231659 6.739933826 

1.659055113 7.005577308 
1.377897442 7.224436089 

6.388295634 6.410076081 
6.731308723 6.491536864 

1.430782142 8.119761896 
1.333867368 7.725880403 

1.656137839 7.886702031 
1.892217884 7.682934447 

6.482830839 5.265105317 
6.612868333 5.699604872 

4.461530819 2.71804425 
5.050927603 2.551599308 

7.546408407 6.492734617 
6.907353357 6.341143151 

6.686295691 6.134137556 
6.907353357 6.341143151 

3.331683086 2.217263324 
3.096913452 2.33260886 

3.754226143 1.833885305 
3.571121063 1.76138427 

4.1912423 4.140439214 
4.018719687 3.823722315 

7.398151574 7.320786428 
6.824369709 7.363745185 

5.538029169 6.019819086 
5.833353344 6.079942569 

4.471534652 4.504793822 
4.340947333 4.341108605 

4.1912423 4.140439214 
4.340947333 4.341108605 

2.417412005 7.711890771 
2.591164207 7.605958395 

6.911512986 5.98702427 
7.305964392 6.138934418 

5.24770929 7.22174068 
4.782937724 7.510927141 

1.938550355 2.905375892 
2.436932644 3.246480992 

2.521955398 1.975740888 
2.735630387 2.101351178 

4.617771629 6.473438134 
4.385491108 6.643918689 

1.63482382 8.581668536 
1.509220574 8.896463442 

2.743967505 8.240636677 
2.908023897 7.760440418 

2.735630387 2.101351178 
2.155516236 2.307487739 

2.155516236 2.307487739 
2.302642235 2.42582128 

5.708597419 7.325846848 
5.730130647 7.0253431 

0.6976493872 7.589935734 
1.039178498 7.635673668 

1.333867368 7.725880403 
1.039178498 7.635673668 

6.824369709 7.363745185 
6.93553055 7.046312456 

4.166661813 2.32692946 
4.505979949 2.400590909 

1.659055113 7.005577308 
1.193323618 6.934786819 

2.089060635 7.268683534 
2.115145142 7.437278132 

1.527961971 1.755921822 
2.155516236 2.307487739 

6.551244875 6.947768188 
7.15043584 6.677049936 

1.193323618 6.934786819 
0.8204970709 7.163416237 

6.824369709 7.363745185 
6.923899317 7.824308825 

5.036336106 6.577616058 
5.18506527 6.423320707 

5.594434844 7.702566182 
5.757665552 7.7658014 

6.059925321 7.868258373 
5.757665552 7.7658014 

7.15043584 6.677049936 
6.93553055 7.046312456 

2.498834429 8.59109507 
2.743967505 8.240636677 

1.656137839 7.886702031 
1.113187624 8.048501247 

3.648604876 2.073016025 
3.754226143 1.833885305 

2.492543205 3.854212563 
2.436932644 3.246480992 

6.612868333 5.699604872 
6.911512986 5.98702427 

3.183385746 1.897289682 
3.418929878 1.86095933 

2.743967505 8.240636677 
3.118698883 8.292886607 

5.708597419 7.325846848 
6.059925321 7.868258373 

3.050367939 6.088174772 
2.739963479 6.293372089 

1.244999196 8.764925005 
1.509220574 8.896463442 

1.430782142 8.119761896 
1.633931623 8.296201861 

4.617771629 6.473438134 
5.18506527 6.423320707 

3.230554858 0.923722689 
3.434385014 1.041171937 

4.461530819 2.71804425 
4.505979949 2.400590909 

4.95333071 1.71061743 
4.160332818 1.930186385 

3.648604876 2.073016025 
4.160332818 1.930186385 

6.319200192 7.985398428 
6.196014181 7.345893045 

6.053911484 7.112704693 
6.196014181 7.345893045 

2.436932644 3.246480992 
2.371257691 3.42970571 

7.15043584 6.677049936 
6.939305339 6.61002674 

5.59516008 6.493180698 
5.744887263 6.520688594 

0.8204970709 7.163416237 
0.9891607226 7.446927108 

2.967743165 1.738841813 
2.831752067 1.567499626 

1.193323618 6.934786819 
1.245291366 6.218793498 

3.118698883 8.292886607 
3.07137735 8.057568675 

4.160684835 5.860588375 
4.196556544 6.247088146 

3.881357315 6.79121414 
4.196556544 6.247088146 

3.773255965 1.367317276 
3.918118743 1.586085503 

0.3300804993 8.147134013 
0.7271264526 8.288346392 

5.576152799 5.384242081 
5.460509792 5.693995702 

7.483253024 5.435940471 
6.929291295 5.668439896 

1.850890539 8.853164903 
1.592365195 9.063189296 

1.100375333 9.289417402 
1.592365195 9.063189296 

6.939305339 6.61002674 
6.551244875 6.947768188 

5.833353344 6.079942569 
6.103987363 5.996519442 

3.230554858 0.923722689 
3.138218538 1.310023849 

3.571121063 1.76138427 
3.138218538 1.310023849 

6.299002689 5.653683808 
6.137101925 5.336809945 

0.4215231659 6.739933826 
0.9995730696 6.773097646 

1.193323618 6.934786819 
0.9995730696 6.773097646 

5.24770929 7.22174068 
5.730130647 7.0253431 

4.781613146 6.781798789 
4.910045392 6.868714931 

3.308693494 8.926616501 
3.234058824 8.577340442 

6.907353357 6.341143151 
6.731308723 6.491536864 

2.521955398 1.975740888 
2.342254046 1.750474083 

2.155516236 2.307487739 
2.123954874 2.110064368 

1.30683085 2.3012555 
1.644558192 2.289056919 

5.922409865 6.768228286 
6.229063528 6.952967653 

2.031450971 8.514152283 
2.02520734 8.841079092 

2.417412005 7.711890771 
2.462455641 8.069660427 

7.314825188 7.781073267 
6.923899317 7.824308825 

3.747064878 0.87668621 
3.577121093 0.7985764236 

4.770782194 5.635288376 
4.849382752 5.830270973 

2.364169983 0.9086351618 
2.255874583 0.6602882634 

7.305964392 6.138934418 
7.199223633 6.307968074 

4.366945945 7.646014033 
4.29865746 7.294461521 

4.29865746 7.294461521 
4.556024832 7.307906165 

1.850890539 8.853164903 
2.02520734 8.841079092 

6.319200192 7.985398428 
5.566563007 7.978573681 

7.209799899 5.19975384 
7.094923277 5.37112212 

5.566563007 7.978573681 
5.594434844 7.702566182 

1.113187624 8.048501247 
1.333867368 7.725880403 

0.3300804993 8.147134013 
0.6424475304 7.985456314 

2.908023897 7.760440418 
2.462455641 8.069660427 

4.451507188 1.345367551 
3.918118743 1.586085503 

5.618183629 4.972498904 
5.512843032 4.776875964 

5.161650431 4.793661708 
5.512843032 4.776875964 

5.730130647 7.0253431 
5.485981816 7.012517743 

3.118698883 8.292886607 
3.234058824 8.577340442 

5.833353344 6.079942569 
6.042898519 6.269657168 

2.498834429 8.59109507 
2.597541683 8.899541952 

3.081013411 0.3068529607 
3.345517787 0.7074087242 

3.434385014 1.041171937 
3.345517787 0.7074087242 

3.639466153 3.037331433 
3.750163834 3.269466916 

2.492543205 3.854212563 
2.371257691 3.42970571 

2.123954874 2.110064368 
2.735630387 2.101351178 

4.160684835 5.860588375 
4.732651661 6.307285207 

5.036336106 6.577616058 
4.732651661 6.307285207 

1.843056321 6.292928729 
1.62507605 6.653345151 

1.843056321 6.292928729 
1.983388006 6.112776834 

6.196014181 7.345893045 
5.708597419 7.325846848 

3.234058824 8.577340442 
3.385138263 8.382061759 

2.735630387 2.101351178 
2.421290047 2.190300751 

2.123954874 2.110064368 
1.796586323 2.186753973 

3.954537179 2.55645177 
3.61380911 2.515977736 

3.533479397 2.254781827 
3.61380911 2.515977736 

2.115145142 7.437278132 
2.275778964 7.511241448 

2.854859394 6.654371388 
3.409945611 6.450186321 

7.546408407 6.492734617 
7.256921632 6.515643124 

6.824369709 7.363745185 
6.601452421 7.456826849 

1.656137839 7.886702031 
1.469538323 7.998190744 

7.15043584 6.677049936 
7.42255551 6.648881762 

3.754226143 1.833885305 
4.115862768 1.449485013 

6.042898519 6.269657168 
6.103987363 5.996519442 

1.469538323 7.998190744 
1.430782142 8.119761896 

2.467661493 6.01147906 
2.699934787 6.124889522 

2.739963479 6.293372089 
2.699934787 6.124889522 

2.743967505 8.240636677 
2.380832833 8.315612339 

2.878904977 2.46287513 
2.887827709 2.270875807 

2.943829353 2.04118378 
2.887827709 2.270875807 

1.193323618 6.934786819 
1.377897442 7.224436089 

2.371257691 3.42970571 
2.172568936 3.330462501 

2.313389702 7.363788703 
2.275778964 7.511241448 

0.9891607226 7.446927108 
1.14367675 7.153784532 

1.193323618 6.934786819 
1.14367675 7.153784532 

4.732651661 6.307285207 
4.617771629 6.473438134 

3.881357315 6.79121414 
3.830464905 7.142489038 

2.636257743 3.18322213 
2.436932644 3.246480992 

2.019714691 7.030899134 
1.947553888 6.870786735 

3.131022075 3.281482402 
3.212696573 3.514733935 

5.161650431 4.793661708 
4.921977736 4.957038774 

4.755534164 4.761760741 
4.921977736 4.957038774 

5.618183629 4.972498904 
5.889146821 4.734208709 

1.039178498 7.635673668 
0.9891607226 7.446927108 

2.355329566 1.337550982 
2.071467338 1.352578053 

2.763282799 8.840600036 
2.597541683 8.899541952 

5.59516008 6.493180698 
5.627979956 6.743207144 

0.7271264526 8.288346392 
0.6424475304 7.985456314 

4.29865746 7.294461521 
3.881357315 6.79121414 

6.667520189 8.250443209 
6.659798139 7.959725275 

1.644558192 2.289056919 
1.601828183 2.419520598 

2.743967505 8.240636677 
3.07137735 8.057568675 

1.930064486 1.502175345 
1.91395888 1.697554214 

5.627979956 6.743207144 
5.922409865 6.768228286 

2.967743165 1.738841813 
2.943829353 2.04118378 

4.451507188 1.345367551 
4.56072375 1.621249669 

3.577121093 0.7985764236 
3.51040201 0.4641849883 

4.781613146 6.781798789 
4.547435801 6.961831956 

0.8204970709 7.163416237 
1.14367675 7.153784532 

3.61380911 2.515977736 
3.513718725 2.638584351 

1.30683085 2.3012555 
1.601828183 2.419520598 

1.633931623 8.296201861 
1.681750149 8.159657576 

2.675652482 0.4489099127 
2.761697484 0.8364835402 

3.096913452 2.33260886 
2.887827709 2.270875807 

4.461530819 2.71804425 
4.390311898 2.865569222 

2.908023897 7.760440418 
3.355162374 7.934084866 

1.796586323 2.186753973 
1.644558192 2.289056919 

2.854859394 6.654371388 
2.890236055 6.82647497 

2.949748735 2.901484844 
2.983663623 2.711967558 

2.732716539 7.97783887 
2.743967505 8.240636677 

5.594434844 7.702566182 
5.262379446 7.709069776 

0.8204970709 7.163416237 
0.9995730696 6.773097646 

4.548875129 3.376691543 
4.559610081 3.136773117 

4.344632894 3.142381076 
4.559610081 3.136773117 

2.636329649 9.483297169 
2.748620605 9.14699362 

2.763282799 8.840600036 
2.748620605 9.14699362 

6.7683875 6.771466932 
6.731308723 6.491536864 

3.732754124 7.536827705 
4.078135569 7.632733203 

4.366945945 7.646014033 
4.078135569 7.632733203 

1.930064486 1.502175345 
2.071467338 1.352578053 

3.434385014 1.041171937 
3.577121093 0.7985764236 

6.137101925 5.336809945 
6.3105202 5.446551639 

6.482830839 5.265105317 
6.3105202 5.446551639 

0.7415325176 8.830337493 
0.5288157223 8.62663468 

2.967743165 1.738841813 
3.035323306 1.558583903 

5.001742079 8.020400571 
5.455603784 7.662090289 

7.199223633 6.307968074 
7.256921632 6.515643124 

6.911512986 5.98702427 
6.929291295 5.668439896 

1.377897442 7.224436089 
0.9781815465 6.999265384 

3.385138263 8.382061759 
3.535519215 8.338177131 

2.417412005 7.711890771 
2.275778964 7.511241448 

5.900313084 5.525730384 
6.137101925 5.336809945 

1.430782142 8.119761896 
1.513170437 8.402224748 

1.63482382 8.581668536 
1.513170437 8.402224748 

2.743967505 8.240636677 
2.79322273 8.482533539 

5.24770929 7.22174068 
5.262379446 7.709069776 

6.731308723 6.491536864 
6.61246971 6.679077344 

5.460509792 5.693995702 
5.090550578 5.932275932 

2.735630387 2.101351178 
2.943829353 2.04118378 

0.6424475304 7.985456314 
0.6976493872 7.589935734 

6.667520189 8.250443209 
7.000342073 8.049416529 

0.6424475304 7.985456314 
0.8464045355 7.857425761 

0.9781815465 6.999265384 
1.193323618 6.934786819 

4.56072375 1.621249669 
4.308942223 1.565647122 

4.115862768 1.449485013 
4.308942223 1.565647122 

4.160332818 1.930186385 
3.92885122 2.178288054 

1.601828183 2.419520598 
1.524171542 2.465746337 

3.262628292 3.926644822 
3.187134967 3.626495382 

2.97876661 3.392455519 
3.187134967 3.626495382 

5.18506527 6.423320707 
4.981465145 6.351085779 

4.732651661 6.307285207 
4.981465145 6.351085779 

4.770782194 5.635288376 
5.164074029 5.421042304 

1.671922721 6.370180737 
1.843056321 6.292928729 

3.035323306 1.558583903 
2.831752067 1.567499626 

2.914305934 7.220180425 
2.645292891 7.311973257 

2.739963479 6.293372089 
2.785631747 6.467971497 

0.9995730696 6.773097646 
1.087060281 6.594666741 

1.62507605 6.653345151 
1.193323618 6.934786819 

3.138218538 1.310023849 
2.987898943 1.312605548 

1.245291366 6.218793498 
1.323573362 6.586796188 

0.6976493872 7.589935734 
0.5207996612 7.673962617 

7.42255551 6.648881762 
7.256921632 6.515643124 

4.548875129 3.376691543 
4.882503258 2.931080305 

5.050927603 2.551599308 
4.882503258 2.931080305 

2.338050236 6.410550565 
2.739963479 6.293372089 

5.889146821 4.734208709 
6.024958694 4.82206809 

3.230554858 0.923722689 
3.345517787 0.7074087242 

1.894745159 0.7755668939 
1.869864373 1.054839907 

6.7683875 6.771466932 
6.61246971 6.679077344 

1.113187624 8.048501247 
0.7720284014 8.141829429 

2.675739847 2.646921958 
2.983663623 2.711967558 

5.485981816 7.012517743 
5.686478674 6.890330389 

5.627979956 6.743207144 
5.686478674 6.890330389 

4.555442269 1.822072984 
4.725943877 1.820116291 

4.95333071 1.71061743 
4.725943877 1.820116291 

1.509220574 8.896463442 
1.352841353 9.070800564 

4.910045392 6.868714931 
4.944079974 7.127032645 

2.597541683 8.899541952 
2.748620605 9.14699362 

4.921977736 4.957038774 
4.830032665 5.1507857 

6.612868333 5.699604872 
6.886220222 5.386080723 

4.830032665 5.1507857 
4.462404129 5.284650229 

1.244999196 8.764925005 
1.513170437 8.402224748 

6.929291295 5.668439896 
6.886220222 5.386080723 

4.079563985 0.9699632506 
4.120097124 0.8310015399 

2.831752067 1.567499626 
2.590986574 1.641747904 

2.342254046 1.750474083 
2.590986574 1.641747904 

3.732754124 7.536827705 
3.355162374 7.934084866 

3.732754124 7.536827705 
3.659691031 7.881701227 

4.556024832 7.307906165 
4.547435801 6.961831956 

2.521955398 1.975740888 
2.590986574 1.641747904 

3.750163834 3.269466916 
3.632363055 3.233726944 

1.586664416 7.517657295 
1.872909547 7.438874392 

2.462455641 8.069660427 
2.244520865 8.079223699 

3.355685294 7.002629016 
3.104297661 7.034933949 

2.914305934 7.220180425 
3.104297661 7.034933949 

1.892217884 7.682934447 
2.052273181 7.667668574 

3.050367939 6.088174772 
2.699934787 6.124889522 

5.083811103 2.128961621 
4.90000693 1.988398451 

4.732651661 6.307285207 
4.573046529 6.104421147 

2.191235863 9.186507052 
2.387490448 8.831989285 

1.659055113 7.005577308 
1.725711943 7.343360407 

4.115862768 1.449485013 
4.482116353 0.8282195016 

7.398151574 7.320786428 
7.199505836 7.055657271 

3.118698883 8.292886607 
2.79322273 8.482533539 

2.79322273 8.482533539 
3.013268537 8.643540433 

1.377897442 7.224436089 
1.725711943 7.343360407 

2.636257743 3.18322213 
2.680739691 3.398020581 

6.886220222 5.386080723 
7.094923277 5.37112212 

4.772632922 2.427932203 
4.587713712 2.59478419 

4.461530819 2.71804425 
4.587713712 2.59478419 

3.17315079 2.188090643 
3.221323877 2.128702128 

4.770782194 5.635288376 
4.861078076 5.420684313 

4.482116353 0.8282195016 
4.120097124 0.8310015399 

1.430782142 8.119761896 
1.681750149 8.159657576 

3.648604876 2.073016025 
3.432710451 2.062861502 

6.059925321 7.868258373 
6.068635022 8.170141946 

6.229063528 6.952967653 
6.229941225 6.742739021 

3.096913452 2.33260886 
3.17315079 2.188090643 

3.07137735 8.057568675 
3.355162374 7.934084866 

3.013268537 8.643540433 
3.093870385 8.720977258 

5.455603784 7.662090289 
5.594434844 7.702566182 

2.675739847 2.646921958 
2.733783541 2.849305665 

2.949748735 2.901484844 
2.733783541 2.849305665 

7.546408407 6.492734617 
7.618191748 6.714554653 

3.096913452 2.33260886 
3.075892414 2.499594847 

2.675652482 0.4489099127 
2.395363131 0.6922253421 

2.255874583 0.6602882634 
2.395363131 0.6922253421 

1.671922721 6.370180737 
1.711458165 6.171473725 

3.050367939 6.088174772 
3.09130681 6.321217663 

3.075892414 2.499594847 
2.878904977 2.46287513 

5.001742079 8.020400571 
5.142749738 7.898589313 

5.262379446 7.709069776 
5.142749738 7.898589313 

2.364169983 0.9086351618 
2.451077844 0.7260915936 

2.597541683 8.899541952 
2.522610906 9.109692548 

3.434385014 1.041171937 
3.267116012 1.116096014 

3.138218538 1.310023849 
3.267116012 1.116096014 

2.172568936 3.330462501 
2.098314953 3.492143583 

4.115862768 1.449485013 
4.004031899 1.419484004 

1.30683085 2.3012555 
1.524171542 2.465746337 

1.30683085 2.3012555 
1.543876959 2.058937601 

0.7720284014 8.141829429 
0.6424475304 7.985456314 

7.305964392 6.138934418 
7.40643528 6.161291886 

4.166661813 2.32692946 
4.461530819 2.71804425 

4.160332818 1.930186385 
4.270186153 2.127646849 

2.451077844 0.7260915936 
2.465206333 0.5422331472 

0.9891607226 7.446927108 
1.255701954 7.448999647 

5.036336106 6.577616058 
4.910045392 6.868714931 

1.100375333 9.289417402 
1.379006246 8.684367023 

4.547435801 6.961831956 
4.385491108 6.643918689 

0.9781815465 6.999265384 
0.8204970709 7.163416237 

7.199223633 6.307968074 
7.40643528 6.161291886 

2.031450971 8.514152283 
2.147560011 8.39800943 

7.000342073 8.049416529 
6.923899317 7.824308825 

0.4215231659 6.739933826 
0.7150136298 6.623700595 

0.7271264526 8.288346392 
0.7476962127 8.533408982 

6.299002689 5.653683808 
6.612868333 5.699604872 

7.314825188 7.781073267 
7.205973372 7.550851272 

1.244999196 8.764925005 
1.379006246 8.684367023 

3.262628292 3.926644822 
3.5270723 3.849420561 

3.758921439 3.982639489 
3.5270723 3.849420561 

5.757665552 7.7658014 
5.894045016 7.552692965 

1.113187624 8.048501247 
0.8464045355 7.857425761 

1.244999196 8.764925005 
1.051901302 8.700180932 

2.138661664 7.771849885 
2.244520865 8.079223699 

4.29865746 7.294461521 
3.980880602 7.446440828 

3.732754124 7.536827705 
3.980880602 7.446440828 

2.521955398 1.975740888 
2.715399312 1.829559779 

2.138661664 7.771849885 
2.20077836 7.70012042 

2.417412005 7.711890771 
2.20077836 7.70012042 

3.230554858 0.923722689 
3.267116012 1.116096014 

6.279994474 4.696986253 
6.159566347 5.051153917 

2.908023897 7.760440418 
2.998110136 7.92013216 

3.07137735 8.057568675 
2.998110136 7.92013216 

2.354749692 7.874562131 
2.20077836 7.70012042 

6.731308723 6.491536864 
6.571106686 6.4616029 

4.078135569 7.632733203 
3.980880602 7.446440828 

6.571106686 6.4616029 
6.61246971 6.679077344 

6.299002689 5.653683808 
6.030823012 5.867802056 

5.833353344 6.079942569 
6.030823012 5.867802056 

0.7487656663 6.360780036 
1.045650799 6.377626169 

2.421290047 2.190300751 
2.484992101 2.347798163 

5.369019232 6.712876245 
5.627979956 6.743207144 

2.786113606 7.569358214 
2.908023897 7.760440418 

2.732716539 7.97783887 
2.998110136 7.92013216 

4.196556544 6.247088146 
4.573046529 6.104421147 

6.7683875 6.771466932 
6.861576343 6.721798548 

6.939305339 6.61002674 
6.861576343 6.721798548 

4.196556544 6.247088146 
4.252647727 6.479971959 

4.385491108 6.643918689 
4.252647727 6.479971959 

5.730130647 7.0253431 
5.686478674 6.890330389 

5.922409865 6.768228286 
5.686478674 6.890330389 

7.40643528 6.161291886 
7.476665662 6.235836813 

7.094923277 5.37112212 
7.483253024 5.435940471 

2.436932644 3.246480992 
2.383386311 2.901298945 

3.345517787 0.7074087242 
3.577121093 0.7985764236 

4.861078076 5.420684313 
5.164074029 5.421042304 

5.001742079 8.020400571 
5.14376354 7.605135452 

4.166661813 2.32692946 
4.290908127 2.212701009 

4.270186153 2.127646849 
4.290908127 2.212701009 

2.313389702 7.363788703 
2.089060635 7.268683534 

5.538029169 6.019819086 
5.253168245 6.016609425 

5.090550578 5.932275932 
5.253168245 6.016609425 

7.094923277 5.37112212 
7.025393864 5.514726223 

6.929291295 5.668439896 
7.025393864 5.514726223 

3.974346627 3.087293059 
4.124911786 2.860870816 

6.551244875 6.947768188 
6.229941225 6.742739021 

7.256921632 6.515643124 
7.15043584 6.677049936 

6.042898519 6.269657168 
5.892098454 6.432450171 

5.744887263 6.520688594 
5.892098454 6.432450171 

6.103987363 5.996519442 
6.030823012 5.867802056 

1.983388006 6.112776834 
1.804197297 6.028374287 

2.354749692 7.874562131 
2.462455641 8.069660427 

1.333867368 7.725880403 
1.301195044 7.974792936 

4.451507188 1.345367551 
4.359380921 1.186288757 

5.921694787 6.555239755 
5.892098454 6.432450171 

1.796586323 2.186753973 
1.543876959 2.058937601 

6.907353357 6.341143151 
6.571106686 6.4616029 

0.5288157223 8.62663468 
0.6575404017 8.556905918 

0.7476962127 8.533408982 
0.6575404017 8.556905918 

1.749476952 9.30613097 
1.704604056 9.172016004 

1.592365195 9.063189296 
1.704604056 9.172016004 

3.659691031 7.881701227 
3.535519215 8.338177131 

1.586664416 7.517657295 
1.759323575 7.611126704 

1.892217884 7.682934447 
1.759323575 7.611126704 

1.977293109 3.332238797 
1.931158918 3.468625977 

1.323573362 6.586796188 
1.087060281 6.594666741 

1.513170437 8.402224748 
1.633931623 8.296201861 

2.420034186 6.247566878 
2.195263376 6.031028633 

4.861078076 5.420684313 
5.062125364 5.173426818 

3.325154414 0.5207889408 
3.400334979 0.3341937636 

1.613978566 1.403419446 
1.915255726 1.318813916 

2.071467338 1.352578053 
1.915255726 1.318813916 

2.031450971 8.514152283 
1.63482382 8.581668536 

1.113187624 8.048501247 
1.301195044 7.974792936 

1.843056321 6.292928729 
2.000967322 6.338699462 

1.930064486 1.502175345 
1.915255726 1.318813916 

1.796586323 2.186753973 
1.637751506 2.198484743 

4.136197455 0.5713277556 
4.096665193 0.7399396445 

4.120097124 0.8310015399 
4.096665193 0.7399396445 

3.262628292 3.926644822 
3.376090636 3.70956408 

3.212696573 3.514733935 
3.376090636 3.70956408 

5.566563007 7.978573681 
5.442443154 8.157993482 

0.7150136298 6.623700595 
0.7829332553 6.562382942 

2.967743165 1.738841813 
2.715399312 1.829559779 

7.174431965 5.930553243 
7.234418858 5.728343428 

2.098314953 3.492143583 
2.045371226 3.454967242 

1.977293109 3.332238797 
2.045371226 3.454967242 

2.97876661 3.392455519 
2.810564364 3.548091472 

5.18506527 6.423320707 
5.253168245 6.016609425 

3.345517787 0.7074087242 
3.325154414 0.5207889408 

6.551244875 6.947768188 
6.384042843 6.686187201 

6.388295634 6.410076081 
6.384042843 6.686187201 

3.513718725 2.638584351 
3.31386463 2.387732023 

3.331683086 2.217263324 
3.31386463 2.387732023 

3.308693494 8.926616501 
2.868752501 8.694088425 

2.498834429 8.59109507 
2.868752501 8.694088425 

3.571121063 1.76138427 
3.627371079 1.606842518 

5.182701525 8.068454971 
5.142749738 7.898589313 

2.052273181 7.667668574 
2.11344965 7.572789435 

1.938550355 2.905375892 
1.715719265 2.742937247 

2.831752067 1.567499626 
2.86963616 1.458959626 

6.551244875 6.947768188 
6.418807332 6.840629943 

6.229063528 6.952967653 
6.418807332 6.840629943 

3.954537179 2.55645177 
4.166661813 2.32692946 

3.954537179 2.55645177 
3.707777503 2.331621141 

3.648604876 2.073016025 
3.707777503 2.331621141 

2.364169983 0.9086351618 
2.395363131 0.6922253421 

3.212696573 3.514733935 
3.187134967 3.626495382 

2.465206333 0.5422331472 
2.395363131 0.6922253421 

1.671922721 6.370180737 
1.323573362 6.586796188 

1.62507605 6.653345151 
1.8331513 6.734278145 

1.872909547 7.438874392 
1.725711943 7.343360407 

5.14376354 7.605135452 
4.975777245 7.656531936 

7.234418858 5.728343428 
7.303889201 5.622867131 

3.659691031 7.881701227 
3.738554319 8.225716469 

1.637751506 2.198484743 
1.644558192 2.289056919 

5.900313084 5.525730384 
5.72090147 5.638138153 

3.331683086 2.217263324 
3.432710451 2.062861502 

7.476665662 6.235836813 
7.531169223 6.216267949 

2.735630387 2.101351178 
2.706175654 2.258194956 

2.878904977 2.46287513 
2.706175654 2.258194956 

5.922409865 6.768228286 
5.742132152 6.678110021 

5.59516008 6.493180698 
5.742132152 6.678110021 

4.160684835 5.860588375 
4.81865184 5.968117887 

5.538029169 6.019819086 
4.81865184 5.968117887 

2.418589692 7.031585277 
2.400046101 7.215921415 

2.313389702 7.363788703 
2.400046101 7.215921415 

3.355685294 7.002629016 
3.368383623 7.224745385 

4.770782194 5.635288376 
4.81865184 5.968117887 

6.319200192 7.985398428 
6.22837638 8.015266427 

2.216114701 3.636584507 
2.00405744 3.457541914 

4.018719687 3.823722315 
4.252619005 3.606296516 

3.639466153 3.037331433 
3.632363055 3.233726944 

4.849382752 5.830270973 
4.81865184 5.968117887 

6.93553055 7.046312456 
7.060968081 6.929486392 

5.744887263 6.520688594 
5.742132152 6.678110021 

1.352841353 9.070800564 
1.367972537 9.178303406 

1.524171542 2.465746337 
1.506454803 2.606118734 

3.533479397 2.254781827 
3.707777503 2.331621141 

6.482830839 5.265105317 
6.734242067 5.122690887 

2.732716539 7.97783887 
2.521296448 7.942740138 

2.354749692 7.874562131 
2.521296448 7.942740138 

6.071569583 6.593154662 
5.971357151 6.608568679 

5.921694787 6.555239755 
5.971357151 6.608568679 

4.160332818 1.930186385 
3.981812118 1.875964931 

7.483253024 5.435940471 
7.359557807 5.577958319 

7.303889201 5.622867131 
7.359557807 5.577958319 

7.000342073 8.049416529 
7.059095207 7.884700991 

3.423118538 1.600363522 
3.318984985 1.450292548 

3.138218538 1.310023849 
3.318984985 1.450292548 

2.763282799 8.840600036 
2.868752501 8.694088425 

5.182701525 8.068454971 
5.26937538 8.135101798 

4.547435801 6.961831956 
4.30110139 6.973420226 

6.196014181 7.345893045 
6.403256607 7.26329326 

2.79322273 8.482533539 
2.868752501 8.694088425 

7.618191748 6.714554653 
7.650906965 6.868018523 

1.379006246 8.684367023 
1.513170437 8.402224748 

3.418929878 1.86095933 
3.432710451 2.062861502 

2.010089869 8.228298941 
1.89783516 8.457048252 

2.786113606 7.569358214 
2.794221147 7.458719439 

5.708597419 7.325846848 
5.688869992 7.579062515 

5.594434844 7.702566182 
5.688869992 7.579062515 

4.385491108 6.643918689 
4.136210527 6.74595837 

2.761697484 0.8364835402 
2.790779841 0.972868143 

1.379006246 8.684367023 
1.315034925 8.427844503 

0.6976493872 7.589935734 
0.4244867039 7.458399317 

2.191235863 9.186507052 
2.405542186 9.332881786 

2.636329649 9.483297169 
2.405542186 9.332881786 

2.355329566 1.337550982 
2.653751612 1.573331438 

2.967743165 1.738841813 
2.653751612 1.573331438 

6.229941225 6.742739021 
6.384042843 6.686187201 

5.036336106 6.577616058 
5.125922556 6.725235298 

5.369019232 6.712876245 
5.125922556 6.725235298 

5.262379446 7.709069776 
5.14376354 7.605135452 

2.255874583 0.6602882634 
2.073328954 0.7121155554 

1.947553888 6.870786735 
1.8331513 6.734278145 

0.5207996612 7.673962617 
0.5375515003 7.55305933 

0.4244867039 7.458399317 
0.5375515003 7.55305933 

1.623775175 3.270670205 
1.865993163 3.403122371 

2.00405744 3.457541914 
1.865993163 3.403122371 

3.368383623 7.224745385 
3.447525919 7.309643696 

3.225257321 2.921248846 
3.342046174 2.685159195 

3.513718725 2.638584351 
3.342046174 2.685159195 

3.535519215 8.338177131 
3.738554319 8.225716469 

3.09130681 6.321217663 
3.11781941 6.409891318 

2.383386311 2.901298945 
2.575645645 2.893419637 

2.733783541 2.849305665 
2.575645645 2.893419637 

4.782937724 7.510927141 
4.73876425 7.314985977 

1.659055113 7.005577308 
1.731652302 7.234634233 

1.872909547 7.438874392 
1.731652302 7.234634233 

4.849382752 5.830270973 
5.009820152 5.68485855 

5.164074029 5.421042304 
5.009820152 5.68485855 

2.887827709 2.270875807 
2.706175654 2.258194956 

1.333867368 7.725880403 
0.8453323631 7.988357588 

1.377897442 7.224436089 
1.14367675 7.153784532 

4.559610081 3.136773117 
4.670938595 3.120078723 

2.790779841 0.972868143 
2.87046345 0.886147134 

3.006174193 0.7907769665 
2.87046345 0.886147134 

3.400334979 0.3341937636 
3.272418701 0.3496978698 

0.9781815465 6.999265384 
0.9995730696 6.773097646 

1.91395888 1.697554214 
1.714527404 1.795531609 

1.527961971 1.755921822 
1.714527404 1.795531609 

6.886220222 5.386080723 
7.025393864 5.514726223 

3.954537179 2.55645177 
3.755275816 2.788676413 

3.639466153 3.037331433 
3.755275816 2.788676413 

5.742132152 6.678110021 
5.627979956 6.743207144 

1.656137839 7.886702031 
1.880744226 7.891500356 

0.5881913129 7.309030421 
0.7105133299 7.27790732 

0.8204970709 7.163416237 
0.7105133299 7.27790732 

1.613978566 1.403419446 
1.797199077 1.410586211 

1.930064486 1.502175345 
1.797199077 1.410586211 

1.725711943 7.343360407 
1.731652302 7.234634233 

3.183385746 1.897289682 
3.144433392 2.045985833 

3.17315079 2.188090643 
3.144433392 2.045985833 

4.30110139 6.973420226 
4.136210527 6.74595837 

1.045650799 6.377626169 
1.154171094 6.297791289 

1.113187624 8.048501247 
0.8453323631 7.988357588 

6.364646694 8.313882568 
6.287686205 8.117411553 

2.810564364 3.548091472 
2.733134122 3.60922735 

5.455603784 7.662090289 
5.262379446 7.709069776 

5.512843032 4.776875964 
5.60879655 4.598924187 

7.546408407 6.492734617 
7.476665662 6.235836813 

7.199505836 7.055657271 
6.93553055 7.046312456 

2.748620605 9.14699362 
2.650839374 9.145300287 

6.612868333 5.699604872 
6.929291295 5.668439896 

2.854859394 6.654371388 
2.644814085 6.640811065 

2.675739847 2.646921958 
2.575645645 2.893419637 

7.42255551 6.648881762 
7.546408407 6.492734617 

2.11344965 7.572789435 
2.275778964 7.511241448 

2.123954874 2.110064368 
1.930945432 1.989183463 

6.731308723 6.491536864 
6.861576343 6.721798548 

5.164074029 5.421042304 
5.062125364 5.173426818 

7.199505836 7.055657271 
7.082052363 7.188974214 

5.922409865 6.768228286 
5.971357151 6.608568679 

5.442443154 8.157993482 
5.355096045 8.145068481 

5.26937538 8.135101798 
5.355096045 8.145068481 

7.398151574 7.320786428 
7.244385393 7.455833252 

1.931158918 3.468625977 
2.00405744 3.457541914 

2.675739847 2.646921958 
2.461292322 2.536150969 

3.779516251 8.53577003 
3.622800004 8.49023264 

2.498834429 8.59109507 
2.631729515 8.721099085 

2.763282799 8.840600036 
2.631729515 8.721099085 

4.359380921 1.186288757 
4.351690228 1.04485026 

5.922409865 6.768228286 
5.768249679 6.877433708 

3.11781941 6.409891318 
3.197772202 6.428014128 

6.659798139 7.959725275 
6.882318565 7.978892791 

7.000342073 8.049416529 
6.882318565 7.978892791 

1.496178262 9.379375696 
1.367972537 9.178303406 

3.262628292 3.926644822 
3.462582352 3.609053689 

6.907353357 6.341143151 
6.939305339 6.61002674 

4.166661813 2.32692946 
4.560415267 2.049650666 

4.95333071 1.71061743 
4.560415267 2.049650666 

4.555442269 1.822072984 
4.672665284 1.692368511 

4.56072375 1.621249669 
4.672665284 1.692368511 

6.686295691 6.134137556 
6.626277364 6.279192672 

6.571106686 6.4616029 
6.626277364 6.279192672 

3.513718725 2.638584351 
3.716702214 2.596276658 

3.423118538 1.600363522 
3.627371079 1.606842518 

2.983663623 2.711967558 
3.068749425 2.652722987 

3.075892414 2.499594847 
3.068749425 2.652722987 

2.715399312 1.829559779 
2.653751612 1.573331438 

2.191235863 9.186507052 
2.071109122 9.083676979 

2.265932799 7.085569878 
2.400046101 7.215921415 

1.3586166 2.662944246 
1.56229874 2.681781098 

1.715719265 2.742937247 
1.56229874 2.681781098 

3.221323877 2.128702128 
3.28445542 2.120389031 

3.432710451 2.062861502 
3.28445542 2.120389031 

6.388295634 6.410076081 
6.571106686 6.4616029 

2.521955398 1.975740888 
2.155772528 1.698331934 

3.409945611 6.450186321 
3.256342102 6.43935002 

3.197772202 6.428014128 
3.256342102 6.43935002 

6.686295691 6.134137556 
6.975353913 5.899191265 

5.768249679 6.877433708 
5.686478674 6.890330389 

3.830464905 7.142489038 
3.980880602 7.446440828 

6.071569583 6.593154662 
6.176288031 6.524670669 

6.335745216 6.138800597 
6.388295634 6.410076081 

1.613978566 1.403419446 
1.868762157 1.500116883 

2.155772528 1.698331934 
1.868762157 1.500116883 

6.287686205 8.117411553 
6.189785406 8.108140318 

3.144433392 2.045985833 
3.221323877 2.128702128 

3.308693494 8.926616501 
3.171984623 8.626132481 

3.118698883 8.292886607 
3.171984623 8.626132481 

4.573046529 6.104421147 
4.81865184 5.968117887 

3.462582352 3.609053689 
3.376090636 3.70956408 

2.216114701 3.636584507 
2.371257691 3.42970571 

6.335745216 6.138800597 
6.233894194 6.069870251 

6.103987363 5.996519442 
6.233894194 6.069870251 

1.931158918 3.468625977 
1.865993163 3.403122371 

6.068635022 8.170141946 
6.144483926 8.073856364 

6.22837638 8.015266427 
6.144483926 8.073856364 

3.51040201 0.4641849883 
3.400334979 0.3341937636 

3.51040201 0.4641849883 
3.443160083 0.5800449606 

3.345517787 0.7074087242 
3.443160083 0.5800449606 

6.364646694 8.313882568 
6.549370114 8.239536757 

5.460509792 5.693995702 
5.253168245 6.016609425 

2.498834429 8.59109507 
2.315669739 8.526544772 

2.031450971 8.514152283 
2.315669739 8.526544772 

3.183385746 1.897289682 
3.035323306 1.558583903 

6.3105202 5.446551639 
6.299002689 5.653683808 

5.892098454 6.432450171 
5.701407776 6.246754157 

7.483253024 5.435940471 
7.225132592 5.653291854 

6.975353913 5.899191265 
7.225132592 5.653291854 

6.059925321 7.868258373 
6.22837638 8.015266427 

2.890236055 6.82647497 
2.926178155 7.014253061 

3.716702214 2.596276658 
3.61380911 2.515977736 

6.319200192 7.985398428 
6.287686205 8.117411553 

4.573046529 6.104421147 
4.603583142 6.30853056 

4.617771629 6.473438134 
4.603583142 6.30853056 

6.384042843 6.686187201 
6.418807332 6.840629943 

0.6976493872 7.589935734 
0.5364913319 7.896165017 

3.716702214 2.596276658 
3.755275816 2.788676413 

4.078135569 7.632733203 
4.200481402 7.43453731 

4.29865746 7.294461521 
4.200481402 7.43453731 

0.5364913319 7.896165017 
0.6424475304 7.985456314 

5.900313084 5.525730384 
5.954910172 5.7171557 

6.030823012 5.867802056 
5.954910172 5.7171557 

1.63482382 8.581668536 
1.379006246 8.684367023 

1.872909547 7.438874392 
2.11344965 7.572789435 

1.527961971 1.755921822 
1.744933085 1.89776935 

1.930945432 1.989183463 
1.744933085 1.89776935 

3.418929878 1.86095933 
3.571121063 1.76138427 

7.199505836 7.055657271 
7.334251567 7.024092266 

7.538068397 6.978365778 
7.334251567 7.024092266 

5.164074029 5.421042304 
5.285240654 5.547236711 

6.059925321 7.868258373 
6.144483926 8.073856364 

1.377897442 7.224436089 
1.283603387 7.35126534 

1.255701954 7.448999647 
1.283603387 7.35126534 

3.92885122 2.178288054 
3.707777503 2.331621141 

2.387490448 8.831989285 
2.597541683 8.899541952 

1.496178262 9.379375696 
1.364510164 9.267119988 

3.339385302 7.575102454 
3.55620894 7.50640679 

3.732754124 7.536827705 
3.55620894 7.50640679 

4.366945945 7.646014033 
4.200481402 7.43453731 

4.772632922 2.427932203 
4.867046993 2.476761933 

5.050927603 2.551599308 
4.867046993 2.476761933 

2.355329566 1.337550982 
2.307342782 1.472102598 

1.930064486 1.502175345 
1.868762157 1.500116883 

3.272418701 0.3496978698 
3.249539841 0.2265039034 

4.672665284 1.692368511 
4.725943877 1.820116291 

5.701407776 6.246754157 
5.803076107 6.186283837 

5.833353344 6.079942569 
5.803076107 6.186283837 

6.159566347 5.051153917 
6.024958694 4.82206809 

6.159566347 5.051153917 
6.111622763 5.188150573 

6.137101925 5.336809945 
6.111622763 5.188150573 

3.244260326 6.29102762 
3.170325561 6.205737414 

3.92885122 2.178288054 
3.897349215 2.029284067 

3.981812118 1.875964931 
3.897349215 2.029284067 

1.869864373 1.054839907 
1.742023345 1.158860947 

3.093870385 8.720977258 
3.171984623 8.626132481 

6.059925321 7.868258373 
6.211354731 7.580991059 

1.623775175 3.270670205 
1.774670062 3.06929188 

1.938550355 2.905375892 
1.774670062 3.06929188 

2.943829353 2.04118378 
3.144433392 2.045985833 

2.302642235 2.42582128 
2.353612343 2.351373421 

2.484992101 2.347798163 
2.353612343 2.351373421 

4.603583142 6.30853056 
4.732651661 6.307285207 

2.732716539 7.97783887 
2.564899324 7.826751924 

2.417412005 7.711890771 
2.564899324 7.826751924 

5.062125364 5.173426818 
4.830032665 5.1507857 

2.338050236 6.410550565 
2.290396935 6.279817479 

3.28445542 2.120389031 
3.331683086 2.217263324 

2.943829353 2.04118378 
3.019879807 2.229148076 

3.096913452 2.33260886 
3.019879807 2.229148076 

6.93553055 7.046312456 
7.020688536 7.083796517 

7.082052363 7.188974214 
7.020688536 7.083796517 

4.861078076 5.420684313 
4.756606101 5.367544003 

2.02520734 8.841079092 
2.071109122 9.083676979 

7.531169223 6.216267949 
7.575597668 6.252076777 

1.301195044 7.974792936 
1.445341991 7.917442715 

1.469538323 7.998190744 
1.445341991 7.917442715 

1.469740796 5.886926044 
1.646530473 6.056735794 

1.711458165 6.171473725 
1.646530473 6.056735794 

5.538029169 6.019819086 
5.354530312 6.201125841 

4.451507188 1.345367551 
4.308942223 1.565647122 

1.977293109 3.332238797 
1.865993163 3.403122371 

3.225257321 2.921248846 
3.068749425 2.652722987 

2.451077844 0.7260915936 
2.395363131 0.6922253421 

1.681750149 8.159657576 
1.858697259 8.194150968 

2.010089869 8.228298941 
1.858697259 8.194150968 

6.911512986 5.98702427 
6.975353913 5.899191265 

5.253168245 6.016609425 
5.354530312 6.201125841 

3.622800004 8.49023264 
3.56804139 8.427187956 

3.535519215 8.338177131 
3.56804139 8.427187956 

2.364169983 0.9086351618 
2.354229597 1.196534321 

2.355329566 1.337550982 
2.354229597 1.196534321 

3.004982386 9.089884645 
3.162603663 8.980328023 

3.747064878 0.87668621 
3.930848544 0.7694023413 

1.087060281 6.594666741 
1.045650799 6.377626169 

5.354530312 6.201125841 
5.182447243 6.226791796 

2.465206333 0.5422331472 
2.555825588 0.5167896751 

2.179936835 6.71280427 
2.019180921 6.794109828 

1.947553888 6.870786735 
2.019180921 6.794109828 

3.376090636 3.70956408 
3.5270723 3.849420561 

6.229941225 6.742739021 
6.176288031 6.524670669 

2.421290047 2.190300751 
2.449411519 2.0669181 

2.521955398 1.975740888 
2.449411519 2.0669181 

2.420034186 6.247566878 
2.328078123 6.249587046 

2.290396935 6.279817479 
2.328078123 6.249587046 

3.648604876 2.073016025 
3.897349215 2.029284067 

6.053911484 7.112704693 
5.966686575 7.126116405 

5.841645422 7.098887955 
5.966686575 7.126116405 

6.335745216 6.138800597 
6.429428904 5.989638138 

3.325154414 0.5207889408 
3.443160083 0.5800449606 

2.265932799 7.085569878 
2.18528284 7.144548793 

2.089060635 7.268683534 
2.18528284 7.144548793 

2.462455641 8.069660427 
2.521296448 7.942740138 

2.498834429 8.59109507 
2.656206038 8.502243681 

5.460509792 5.693995702 
5.72090147 5.638138153 

1.659055113 7.005577308 
1.683794468 7.459289101 

1.656137839 7.886702031 
1.683794468 7.459289101 

6.234325362 5.859162836 
6.030823012 5.867802056 

1.315034925 8.427844503 
1.386847164 8.275618473 

1.430782142 8.119761896 
1.386847164 8.275618473 

1.656137839 7.886702031 
1.759323575 7.611126704 

6.907353357 6.341143151 
6.626277364 6.279192672 

1.100375333 9.289417402 
1.276082898 9.23496122 

1.367972537 9.178303406 
1.276082898 9.23496122 

0.7415325176 8.830337493 
0.9312013336 8.733937715 

1.051901302 8.700180932 
0.9312013336 8.733937715 

1.543876959 2.058937601 
1.637751506 2.198484743 

6.686295691 6.134137556 
6.536414875 6.126620383 

1.742023345 1.158860947 
1.915255726 1.318813916 

2.733134122 3.60922735 
2.653586383 3.659686426 

7.060968081 6.929486392 
7.020688536 7.083796517 

3.339385302 7.575102454 
3.141056253 7.650604718 

2.908023897 7.760440418 
3.141056253 7.650604718 

1.89783516 8.457048252 
2.000537863 8.402214545 

2.031450971 8.514152283 
2.000537863 8.402214545 

3.104297661 7.034933949 
2.926178155 7.014253061 

4.756606101 5.367544003 
4.687912018 5.336559785 

3.423118538 1.600363522 
3.416306372 1.718450365 

3.418929878 1.86095933 
3.416306372 1.718450365 

5.009820152 5.68485855 
5.206632376 5.684220888 

5.24770929 7.22174068 
5.210607653 7.425606113 

5.14376354 7.605135452 
5.210607653 7.425606113 

6.299002689 5.653683808 
6.065078178 5.648554369 

5.083811103 2.128961621 
5.104159532 2.333866078 

1.586664416 7.517657295 
1.683794468 7.459289101 

3.035323306 1.558583903 
2.86963616 1.458959626 

4.770782194 5.635288376 
4.933529381 5.415074537 

3.758921439 3.982639489 
3.90976146 3.841745511 

4.018719687 3.823722315 
3.90976146 3.841745511 

5.922409865 6.768228286 
5.966686575 7.126116405 

3.918118743 1.586085503 
3.856787619 1.708662608 

1.62507605 6.653345151 
1.603407751 6.877492628 

1.659055113 7.005577308 
1.603407751 6.877492628 

1.301195044 7.974792936 
1.469538323 7.998190744 

1.872909547 7.438874392 
1.683794468 7.459289101 

1.872909547 7.438874392 
1.957063527 7.583018523 

4.687912018 5.336559785 
4.630948535 5.318534193 

1.255701954 7.448999647 
1.333867368 7.725880403 

1.804197297 6.028374287 
1.681512031 5.995179817 

1.469740796 5.886926044 
1.681512031 5.995179817 

4.933529381 5.415074537 
4.861078076 5.420684313 

6.042898519 6.269657168 
6.176288031 6.524670669 

2.155772528 1.698331934 
2.342254046 1.750474083 

6.61246971 6.679077344 
6.384042843 6.686187201 

1.039178498 7.635673668 
1.043181292 7.847025707 

1.113187624 8.048501247 
1.043181292 7.847025707 

2.522610906 9.109692548 
2.590936114 9.202872877 

2.650839374 9.145300287 
2.590936114 9.202872877 

5.730130647 7.0253431 
5.768249679 6.877433708 

2.785631747 6.467971497 
2.751394435 6.540427525 

6.907353357 6.341143151 
6.921811676 6.156973968 

6.911512986 5.98702427 
6.921811676 6.156973968 

5.090550578 5.932275932 
4.81865184 5.968117887 

6.923899317 7.824308825 
6.882318565 7.978892791 

1.880744226 7.891500356 
2.006632483 7.95857801 

2.047604189 8.054729254 
2.006632483 7.95857801 

2.602300968 5.868012333 
2.495915309 5.939600357 

2.467661493 6.01147906 
2.495915309 5.939600357 

2.887827709 2.270875807 
3.019879807 2.229148076 

3.830464905 7.142489038 
4.092205209 7.17917619 

4.29865746 7.294461521 
4.092205209 7.17917619 

1.957063527 7.583018523 
1.892217884 7.682934447 

2.656206038 8.502243681 
2.743967505 8.240636677 

0.8453323631 7.988357588 
0.8464045355 7.857425761 

4.451507188 1.345367551 
4.288951606 1.383810449 

4.115862768 1.449485013 
4.288951606 1.383810449 

5.921694787 6.555239755 
5.853333355 6.494206686 

5.744887263 6.520688594 
5.853333355 6.494206686 

3.974346627 3.087293059 
4.167673136 3.077382244 

4.344632894 3.142381076 
4.167673136 3.077382244 

2.179936835 6.71280427 
1.973449974 6.729513916 

1.8331513 6.734278145 
1.973449974 6.729513916 

1.725711943 7.343360407 
1.683794468 7.459289101 

1.586664416 7.517657295 
1.641706297 7.374204587 

1.725711943 7.343360407 
1.641706297 7.374204587 

2.216114701 3.636584507 
2.098314953 3.492143583 

2.492543205 3.854212563 
2.42374721 3.678419476 

2.11344965 7.572789435 
1.957063527 7.583018523 

6.403256607 7.26329326 
6.508284696 7.367525183 

6.601452421 7.456826849 
6.508284696 7.367525183 

1.543876959 2.058937601 
1.586588991 1.91165288 

5.618183629 4.972498904 
5.662275274 4.836731395 

3.17315079 2.188090643 
3.019879807 2.229148076 

6.279994474 4.696986253 
6.335426566 4.861385207 

7.174431965 5.930553243 
6.975353913 5.899191265 

6.734242067 5.122690887 
6.934182402 5.154713932 

5.803076107 6.186283837 
5.892098454 6.432450171 

7.398151574 7.320786428 
7.439463319 6.899653285 

7.546408407 6.492734617 
7.439463319 6.899653285 

0.6976493872 7.589935734 
0.5375515003 7.55305933 

6.042898519 6.269657168 
6.233894194 6.069870251 

2.645292891 7.311973257 
2.724056733 7.384899738 

2.794221147 7.458719439 
2.724056733 7.384899738 

2.831752067 1.567499626 
2.750638768 1.613880667 

4.95333071 1.71061743 
4.800518077 1.753837131 

4.672665284 1.692368511 
4.800518077 1.753837131 

1.100375333 9.289417402 
1.253170717 9.335177358 

1.364510164 9.267119988 
1.253170717 9.335177358 

3.648604876 2.073016025 
3.92885122 2.178288054 

2.675739847 2.646921958 
2.539100736 2.792533785 

2.383386311 2.901298945 
2.539100736 2.792533785 

2.967743165 1.738841813 
2.750638768 1.613880667 

3.355685294 7.002629016 
3.376317266 6.735601695 

7.688870351 6.108365293 
7.604930416 6.181008889 

7.575597668 6.252076777 
7.604930416 6.181008889 

7.42255551 6.648881762 
7.618191748 6.714554653 

3.779516251 8.53577003 
3.573605792 8.297536483 

3.355162374 7.934084866 
3.573605792 8.297536483 

1.714527404 1.795531609 
1.744933085 1.89776935 

4.617771629 6.473438134 
4.828677321 6.428464974 

4.981465145 6.351085779 
4.828677321 6.428464974 

2.019648188 2.579347513 
2.078297303 2.440363809 

2.155516236 2.307487739 
2.078297303 2.440363809 

5.892098454 6.432450171 
5.853333355 6.494206686 

2.364169983 0.9086351618 
2.563843679 0.9516152451 

5.24770929 7.22174068 
5.05561014 7.286775372 

3.571121063 1.76138427 
3.416306372 1.718450365 

7.174431965 5.930553243 
7.070889722 5.762613224 

6.929291295 5.668439896 
7.070889722 5.762613224 

6.886220222 5.386080723 
7.007589715 5.265982486 

1.742023345 1.158860947 
1.719040742 1.283896761 

1.613978566 1.403419446 
1.719040742 1.283896761 

5.576152799 5.384242081 
5.655000036 5.570323472 

5.72090147 5.638138153 
5.655000036 5.570323472 

1.244999196 8.764925005 
1.192471446 9.002882957 

6.042898519 6.269657168 
6.035780811 6.498414262 

5.971357151 6.608568679 
6.035780811 6.498414262 

4.462404129 5.284650229 
4.563870036 5.297923466 

4.630948535 5.318534193 
4.563870036 5.297923466 

2.380832833 8.315612339 
2.315669739 8.526544772 

2.073328954 0.7121155554 
2.02774489 0.8067527595 

5.59516008 6.493180698 
5.490956455 6.575283573 

5.369019232 6.712876245 
5.490956455 6.575283573 

4.366945945 7.646014033 
4.677136048 7.824436201 

5.001742079 8.020400571 
4.677136048 7.824436201 

1.759323575 7.611126704 
1.957063527 7.583018523 

2.591164207 7.605958395 
2.730462523 7.682396609 

2.908023897 7.760440418 
2.730462523 7.682396609 

1.796586323 2.186753973 
1.930945432 1.989183463 

2.914305934 7.220180425 
2.716374387 7.133599805 

4.90000693 1.988398451 
4.725943877 1.820116291 

2.172568936 3.330462501 
1.977293109 3.332238797 

0.3300804993 8.147134013 
0.4449508059 8.031534863 

0.5364913319 7.896165017 
0.4449508059 8.031534863 

2.338050236 6.410550565 
2.328078123 6.249587046 

4.90000693 1.988398451 
4.923496854 1.855777298 

4.95333071 1.71061743 
4.923496854 1.855777298 

2.338050236 6.410550565 
2.145298672 6.377669083 

2.000967322 6.338699462 
2.145298672 6.377669083 

4.975777245 7.656531936 
5.142749738 7.898589313 

6.229941225 6.742739021 
6.279409105 6.605486023 

6.388295634 6.410076081 
6.279409105 6.605486023 

4.390311898 2.865569222 
4.27297605 2.815967368 

4.124911786 2.860870816 
4.27297605 2.815967368 

6.035780811 6.498414262 
6.071569583 6.593154662 

7.007589715 5.265982486 
7.094923277 5.37112212 

3.183385746 1.897289682 
3.299124671 1.992341232 

3.432710451 2.062861502 
3.299124671 1.992341232 

6.234325362 5.859162836 
6.161026179 5.882619813 

6.103987363 5.996519442 
6.161026179 5.882619813 

3.573605792 8.297536483 
3.535519215 8.338177131 

2.20077836 7.70012042 
2.275778964 7.511241448 

2.147560011 8.39800943 
2.219350629 8.191849748 

2.244520865 8.079223699 
2.219350629 8.191849748 

5.285240654 5.547236711 
5.206632376 5.684220888 

2.555825588 0.5167896751 
2.570146531 0.4108246382 

3.075892414 2.499594847 
3.138511831 2.666810563 

6.065078178 5.648554369 
5.954910172 5.7171557 

2.191235863 9.186507052 
1.981398606 9.224817464 

2.716374387 7.133599805 
2.615936808 7.062621803 

7.439463319 6.899653285 
7.334251567 7.024092266 

2.216114701 3.636584507 
2.327844459 3.643122812 

2.42374721 3.678419476 
2.327844459 3.643122812 

4.351690228 1.04485026 
4.371136859 0.9648546511 

3.659691031 7.881701227 
3.507905972 7.968110587 

3.355162374 7.934084866 
3.507905972 7.968110587 

6.068635022 8.170141946 
6.130628328 8.145027865 

6.189785406 8.108140318 
6.130628328 8.145027865 

7.538068397 6.978365778 
7.456836946 6.800648287 

7.42255551 6.648881762 
7.456836946 6.800648287 

2.052273181 7.667668574 
2.20077836 7.70012042 

2.653586383 3.659686426 
2.609373734 3.729498372 

0.7720284014 8.141829429 
0.5564546219 8.150383777 

6.211354731 7.580991059 
6.179894548 7.48596111 

6.196014181 7.345893045 
6.179894548 7.48596111 

2.307342782 1.472102598 
2.358908535 1.590847405 

2.342254046 1.750474083 
2.358908535 1.590847405 

1.633931623 8.296201861 
1.647704885 8.463439977 

1.63482382 8.581668536 
1.647704885 8.463439977 

5.59516008 6.493180698 
5.701407776 6.246754157 

5.59516008 6.493180698 
5.728770163 6.404872238 

5.892098454 6.432450171 
5.728770163 6.404872238 

3.447525919 7.309643696 
3.398050485 7.415656664 

3.339385302 7.575102454 
3.398050485 7.415656664 

1.527961971 1.755921822 
1.690705515 1.968326644 

5.285240654 5.547236711 
5.383016935 5.60272968 

5.460509792 5.693995702 
5.383016935 5.60272968 

3.981812118 1.875964931 
3.856787619 1.708662608 

3.006174193 0.7907769665 
3.120427203 0.823674699 

3.230554858 0.923722689 
3.120427203 0.823674699 

6.907353357 6.341143151 
7.040698572 6.300013895 

7.199223633 6.307968074 
7.040698572 6.300013895 

2.492543205 3.854212563 
2.569620952 3.768947767 

2.609373734 3.729498372 
2.569620952 3.768947767 

3.954537179 2.55645177 
3.814833793 2.587613178 

3.716702214 2.596276658 
3.814833793 2.587613178 

1.659055113 7.005577308 
1.796619201 6.929902239 

1.947553888 6.870786735 
1.796619201 6.929902239 

3.747064878 0.87668621 
3.597061779 0.9649823791 

0.5564546219 8.150383777 
0.4191019234 8.23810017 

3.486931104 3.222802729 
3.49034521 3.437664105 

3.462582352 3.609053689 
3.49034521 3.437664105 

2.418589692 7.031585277 
2.593698096 7.16548295 

2.645292891 7.311973257 
2.593698096 7.16548295 

4.573046529 6.104421147 
4.45200137 6.095142787 

4.362478141 6.084013065 
4.45200137 6.095142787 

2.949748735 2.901484844 
3.046052393 3.07967338 

3.131022075 3.281482402 
3.046052393 3.07967338 

3.308693494 8.926616501 
3.188728489 8.827552157 

3.093870385 8.720977258 
3.188728489 8.827552157 

0.9891607226 7.446927108 
1.191486724 7.584766499 

1.333867368 7.725880403 
1.191486724 7.584766499 

2.338050236 6.410550565 
2.232601798 6.523111175 

2.675739847 2.646921958 
2.678296613 2.900598681 

2.380832833 8.315612339 
2.219350629 8.191849748 

2.987898943 1.312605548 
2.969039649 1.386758983 

4.505979949 2.400590909 
4.587713712 2.59478419 

2.615936808 7.062621803 
2.542472045 7.062893338 

2.418589692 7.031585277 
2.542472045 7.062893338 

1.039178498 7.635673668 
1.191486724 7.584766499 

1.315034925 8.427844503 
1.419696251 8.407587243 

1.513170437 8.402224748 
1.419696251 8.407587243 

3.225257321 2.921248846 
3.046052393 3.07967338 

3.138511831 2.666810563 
3.187301408 2.748492961 

7.209799899 5.19975384 
7.041591983 5.133926852 

6.934182402 5.154713932 
7.041591983 5.133926852 

0.9891607226 7.446927108 
0.8506312707 7.519545793 

0.6976493872 7.589935734 
0.8506312707 7.519545793 

3.31386463 2.387732023 
3.342046174 2.685159195 

5.744887263 6.520688594 
5.728770163 6.404872238 

4.800518077 1.753837131 
4.725943877 1.820116291 

2.035491382 5.918272872 
2.162527089 5.963589954 

2.195263376 6.031028633 
2.162527089 5.963589954 

7.538068397 6.978365778 
7.439463319 6.899653285 

1.91395888 1.697554214 
2.030160168 1.738772151 

2.155772528 1.698331934 
2.030160168 1.738772151 

3.981812118 1.875964931 
3.862823436 1.852969577 

3.754226143 1.833885305 
3.862823436 1.852969577 

2.191235863 9.186507052 
2.176571037 9.009788095 

2.02520734 8.841079092 
2.176571037 9.009788095 

2.338050236 6.410550565 
2.420034186 6.247566878 

1.623775175 3.270670205 
1.790659331 3.368433341 

1.931158918 3.468625977 
1.790659331 3.368433341 

2.678296613 2.900598681 
2.733783541 2.849305665 

6.939305339 6.61002674 
7.119273785 6.58680746 

7.256921632 6.515643124 
7.119273785 6.58680746 

4.556024832 7.307906165 
4.64062266 7.30206851 

4.73876425 7.314985977 
4.64062266 7.30206851 

6.429428904 5.989638138 
6.526452147 6.039976439 

6.536414875 6.126620383 
6.526452147 6.039976439 

2.019714691 7.030899134 
2.18528284 7.144548793 

1.245291366 6.218793498 
1.163025739 6.408941429 

1.087060281 6.594666741 
1.163025739 6.408941429 

0.7829332553 6.562382942 
0.7975114339 6.482094276 

2.019714691 7.030899134 
2.038146462 7.137890132 

2.089060635 7.268683534 
2.038146462 7.137890132 

3.104297661 7.034933949 
3.028195785 6.907664324 

5.60879655 4.598924187 
5.780211921 4.66282769 

5.889146821 4.734208709 
5.780211921 4.66282769 

4.196556544 6.247088146 
4.362478141 6.084013065 

4.371136859 0.9648546511 
4.407777879 0.9102176999 

1.656137839 7.886702031 
1.445341991 7.917442715 

0.3300804993 8.147134013 
0.5688434221 8.074975394 

0.8453323631 7.988357588 
0.5688434221 8.074975394 

2.147560011 8.39800943 
2.000537863 8.402214545 

6.071569583 6.593154662 
6.164156388 6.6562306 

6.229941225 6.742739021 
6.164156388 6.6562306 

2.461292322 2.536150969 
2.484992101 2.347798163 

2.656206038 8.502243681 
2.709364219 8.472345617 

2.79322273 8.482533539 
2.709364219 8.472345617 

1.245291366 6.218793498 
1.115037204 6.117916679 

2.462455641 8.069660427 
2.578216262 8.025028265 

2.732716539 7.97783887 
2.578216262 8.025028265 

4.670938595 3.120078723 
4.390311898 2.865569222 

4.882503258 2.931080305 
4.755299688 2.966739604 

2.564899324 7.826751924 
2.591164207 7.605958395 

6.065078178 5.648554369 
5.984340328 5.590095078 

1.377897442 7.224436089 
1.478794369 7.383617294 

1.586664416 7.517657295 
1.478794369 7.383617294 

4.981465145 6.351085779 
5.182447243 6.226791796 

2.761697484 0.8364835402 
2.87046345 0.886147134 

7.546408407 6.492734617 
7.515882314 6.010472404 

2.115145142 7.437278132 
2.086749635 7.514492787 

2.11344965 7.572789435 
2.086749635 7.514492787 

5.954910172 5.7171557 
5.984340328 5.590095078 

4.555442269 1.822072984 
4.356817925 1.875184263 

4.160332818 1.930186385 
4.356817925 1.875184263 

5.18506527 6.423320707 
5.193196645 6.315288655 

5.182447243 6.226791796 
5.193196645 6.315288655 

4.136197455 0.5713277556 
4.014892622 0.6802393653 

3.930848544 0.7694023413 
4.014892622 0.6802393653 

1.527961971 1.755921822 
1.548097614 1.832519289 

1.586588991 1.91165288 
1.548097614 1.832519289 

1.850890539 8.853164903 
1.758782349 8.708593611 

1.63482382 8.581668536 
1.758782349 8.708593611 

1.323573362 6.586796188 
1.455656044 6.648672423 

5.708597419 7.325846848 
5.745905824 7.476230887 

2.176571037 9.009788095 
2.387490448 8.831989285 

6.551244875 6.947768188 
6.675719718 6.839058418 

6.7683875 6.771466932 
6.675719718 6.839058418 

4.755299688 2.966739604 
4.66478372 2.956341204 

2.071109122 9.083676979 
2.176571037 9.009788095 

1.62507605 6.653345151 
1.661653606 6.536407506 

1.671922721 6.370180737 
1.661653606 6.536407506 

6.499053467 5.002910371 
6.44509379 4.912155878 

6.335426566 4.861385207 
6.44509379 4.912155878 

5.062125364 5.173426818 
4.979135499 5.299883297 

4.933529381 5.415074537 
4.979135499 5.299883297 

5.688869992 7.579062515 
5.745905824 7.476230887 

0.4215231659 6.739933826 
0.5568023245 6.80912287 

0.7306770005 6.943814147 
0.5568023245 6.80912287 

7.059095207 7.884700991 
6.923899317 7.824308825 

7.059095207 7.884700991 
7.197182313 7.843792952 

7.314825188 7.781073267 
7.197182313 7.843792952 

1.245291366 6.218793498 
1.395593119 6.100130725 

5.18506527 6.423320707 
5.196391027 6.561654886 

1.253170717 9.335177358 
1.276082898 9.23496122 

1.872909547 7.438874392 
1.885659373 7.554587187 

1.892217884 7.682934447 
1.885659373 7.554587187 

2.421290047 2.190300751 
2.353612343 2.351373421 

5.001742079 8.020400571 
5.08884659 8.081285416 

1.957063527 7.583018523 
1.885659373 7.554587187 

2.418589692 7.031585277 
2.653883105 6.927064944 

2.890236055 6.82647497 
2.653883105 6.927064944 

6.279409105 6.605486023 
6.176288031 6.524670669 

2.380832833 8.315612339 
2.408738741 8.447820625 

2.498834429 8.59109507 
2.408738741 8.447820625 

3.225257321 2.921248846 
2.949748735 2.901484844 

3.225257321 2.921248846 
3.223763648 2.809900916 

3.187301408 2.748492961 
3.223763648 2.809900916 

5.708597419 7.325846848 
5.56210524 7.512064847 

5.455603784 7.662090289 
5.56210524 7.512064847 

1.646530473 6.056735794 
1.681512031 5.995179817 

3.249539841 0.2265039034 
3.318907951 0.3081838144 

3.400334979 0.3341937636 
3.318907951 0.3081838144 

2.421290047 2.190300751 
2.290318837 2.16902645 

2.123954874 2.110064368 
2.290318837 2.16902645 

4.849382752 5.830270973 
4.963598422 5.866100409 

5.090550578 5.932275932 
4.963598422 5.866100409 

1.154171094 6.297791289 
1.130650422 6.251217412 

1.637751506 2.198484743 
1.506203917 2.256028654 

4.482116353 0.8282195016 
4.446415288 0.8739296949 

4.407777879 0.9102176999 
4.446415288 0.8739296949 

0.7975114339 6.482094276 
0.7860573224 6.43238627 

2.97876661 3.392455519 
3.212696573 3.514733935 

4.362478141 6.084013065 
4.291230177 5.989959522 

1.130650422 6.251217412 
1.136941775 6.227677768 

3.418929878 1.86095933 
3.299124671 1.992341232 

5.60879655 4.598924187 
5.647113581 4.733365873 

5.662275274 4.836731395 
5.647113581 4.733365873 

3.409945611 6.450186321 
3.308151511 6.382865035 

3.244260326 6.29102762 
3.308151511 6.382865035 

7.007589715 5.265982486 
7.041591983 5.133926852 

1.039178498 7.635673668 
0.8506312707 7.519545793 

2.265487835 5.831965649 
2.412265672 5.875682661 

0.7720284014 8.141829429 
0.8453323631 7.988357588 

1.656137839 7.886702031 
1.556007221 7.988968218 

1.430782142 8.119761896 
1.556007221 7.988968218 

6.549370114 8.239536757 
6.62226574 8.207583574 

6.667520189 8.250443209 
6.62226574 8.207583574 

4.732651661 6.307285207 
4.828677321 6.428464974 

1.30683085 2.3012555 
1.426470299 2.284790577 

1.506203917 2.256028654 
1.426470299 2.284790577 

5.768249679 6.877433708 
5.624784532 6.925285967 

5.485981816 7.012517743 
5.624784532 6.925285967 

1.455656044 6.648672423 
1.603407751 6.877492628 

4.29865746 7.294461521 
4.310286853 7.159299882 

2.914305934 7.220180425 
2.922519858 7.096660258 

2.926178155 7.014253061 
2.922519858 7.096660258 

3.138511831 2.666810563 
3.068749425 2.652722987 

1.455656044 6.648672423 
1.529961545 6.646310898 

1.62507605 6.653345151 
1.529961545 6.646310898 

6.035780811 6.498414262 
6.176288031 6.524670669 

5.125922556 6.725235298 
5.166896489 6.658408684 

5.196391027 6.561654886 
5.166896489 6.658408684 

4.617771629 6.473438134 
4.707352985 6.644906282 

6.164156388 6.6562306 
6.279409105 6.605486023 

3.006174193 0.7907769665 
2.831964289 0.6128167866 

1.865993163 3.403122371 
1.790659331 3.368433341 

1.469740796 5.886926044 
1.485030257 6.006878311 

1.395593119 6.100130725 
1.485030257 6.006878311 

6.234325362 5.859162836 
6.244940083 5.75162555 

6.299002689 5.653683808 
6.244940083 5.75162555 

5.182701525 8.068454971 
5.135054332 8.084810722 

5.08884659 8.081285416 
5.135054332 8.084810722 

7.538068397 6.978365778 
7.575046912 6.908125749 

3.050367939 6.088174772 
3.125600398 6.15492066 

3.170325561 6.205737414 
3.125600398 6.15492066 

1.983388006 6.112776834 
2.035491382 5.918272872 

2.412265672 5.875682661 
2.483354606 5.864048377 

7.205973372 7.550851272 
7.169732626 7.505292929 

7.244385393 7.455833252 
7.169732626 7.505292929 

4.30110139 6.973420226 
4.284029439 7.090707204 

4.310286853 7.159299882 
4.284029439 7.090707204 

5.036336106 6.577616058 
5.196391027 6.561654886 

4.004031899 1.419484004 
3.957121617 1.509679427 

3.918118743 1.586085503 
3.957121617 1.509679427 

6.279409105 6.605486023 
6.384042843 6.686187201 

5.921694787 6.555239755 
5.940727159 6.494786107 

6.035780811 6.498414262 
5.940727159 6.494786107 

2.636257743 3.18322213 
2.68914643 3.023283373 

2.678296613 2.900598681 
2.68914643 3.023283373 

2.449411519 2.0669181 
2.290318837 2.16902645 

2.052273181 7.667668574 
2.104719891 7.679637246 

2.138661664 7.771849885 
2.104719891 7.679637246 

7.546408407 6.492734617 
7.575597668 6.252076777 

5.460509792 5.693995702 
5.335032546 5.709373665 

5.206632376 5.684220888 
5.335032546 5.709373665 

2.750638768 1.613880667 
2.653751612 1.573331438 

2.047604189 8.054729254 
2.194348885 7.966005308 

2.354749692 7.874562131 
2.194348885 7.966005308 

3.577121093 0.7985764236 
3.597061779 0.9649823791 

4.981465145 6.351085779 
5.011595001 6.481193057 

5.036336106 6.577616058 
5.011595001 6.481193057 

2.831964289 0.6128167866 
2.760873913 0.5235375906 

2.675652482 0.4489099127 
2.760873913 0.5235375906 

0.5881913129 7.309030421 
0.5169190795 7.382446829 

0.4244867039 7.458399317 
0.5169190795 7.382446829 

4.160684835 5.860588375 
4.245898445 5.936756676 

4.291230177 5.989959522 
4.245898445 5.936756676 

3.035323306 1.558583903 
2.969039649 1.386758983 

2.358908535 1.590847405 
2.590986574 1.641747904 

6.659798139 7.959725275 
6.809280347 7.881774959 

6.923899317 7.824308825 
6.809280347 7.881774959 

6.882318565 7.978892791 
6.809280347 7.881774959 

3.225257321 2.921248846 
3.104923493 2.840707483 

2.983663623 2.711967558 
3.104923493 2.840707483 

4.66478372 2.956341204 
4.672013607 3.018528769 

3.533479397 2.254781827 
3.432710451 2.062861502 

6.911512986 5.98702427 
7.035828411 5.956085389 

5.576152799 5.384242081 
5.422608247 5.461140286 

5.285240654 5.547236711 
5.422608247 5.461140286 

4.30110139 6.973420226 
4.445457596 7.140686863 

3.533479397 2.254781827 
3.440491899 2.213674104 

3.331683086 2.217263324 
3.440491899 2.213674104 

4.390311898 2.865569222 
4.360124737 2.967002178 

3.779516251 8.53577003 
3.44187993 8.436655758 

3.118698883 8.292886607 
3.44187993 8.436655758 

5.894045016 7.552692965 
6.179894548 7.48596111 

5.894045016 7.552692965 
5.767151912 7.571615267 

5.688869992 7.579062515 
5.767151912 7.571615267 

1.3586166 2.662944246 
1.44410433 2.650042819 

1.506454803 2.606118734 
1.44410433 2.650042819 

2.751394435 6.540427525 
2.715343797 6.569263872 

6.030823012 5.867802056 
6.161026179 5.882619813 

1.749476952 9.30613097 
1.852367729 9.247659024 

1.981398606 9.224817464 
1.852367729 9.247659024 

2.653751612 1.573331438 
2.590986574 1.641747904 

1.352841353 9.070800564 
1.192471446 9.002882957 

7.082052363 7.188974214 
7.081743397 7.063008247 

7.060968081 6.929486392 
7.081743397 7.063008247 

4.548875129 3.376691543 
4.400907489 3.451530351 

4.252619005 3.606296516 
4.400907489 3.451530351 

2.887827709 2.270875807 
2.828689833 2.173100722 

2.735630387 2.101351178 
2.828689833 2.173100722 

6.921811676 6.156973968 
7.040698572 6.300013895 

6.921811676 6.156973968 
6.798544394 6.126725968 

6.686295691 6.134137556 
6.798544394 6.126725968 

6.975353913 5.899191265 
7.035828411 5.956085389 

7.007589715 5.265982486 
7.08133117 5.212079627 

2.636329649 9.483297169 
2.61158508 9.342745891 

2.590936114 9.202872877 
2.61158508 9.342745891 

4.526698696 5.756538584 
4.245898445 5.936756676 

3.141056253 7.650604718 
2.998110136 7.92013216 

3.081013411 0.3068529607 
3.154585798 0.2355065637 

3.249539841 0.2265039034 
3.154585798 0.2355065637 

4.482116353 0.8282195016 
4.294540834 0.8938370467 

2.680739691 3.398020581 
2.653586383 3.659686426 

3.773255965 1.367317276 
4.004031899 1.419484004 

4.079563985 0.9699632506 
4.18585241 0.9324835731 

4.294540834 0.8938370467 
4.18585241 0.9324835731 

3.773255965 1.367317276 
3.699938818 1.497644729 

3.627371079 1.606842518 
3.699938818 1.497644729 

7.546408407 6.492734617 
7.611561696 6.31633962 

7.611561696 6.31633962 
7.65810045 6.217788799 

7.688870351 6.108365293 
7.65810045 6.217788799 

3.104923493 2.840707483 
2.949748735 2.901484844 

2.653883105 6.927064944 
2.615936808 7.062621803 

3.409945611 6.450186321 
3.421296555 6.615993451 

3.51040201 0.4641849883 
3.422034784 0.477516705 

3.325154414 0.5207889408 
3.422034784 0.477516705 

3.632363055 3.233726944 
3.566670056 3.257051535 

2.675652482 0.4489099127 
2.626487889 0.4387542517 

6.939305339 6.61002674 
6.854993409 6.562821158 

6.731308723 6.491536864 
6.854993409 6.562821158 

7.538068397 6.978365778 
7.464997948 7.145635276 

4.828677321 6.428464974 
5.011595001 6.481193057 

1.136941775 6.227677768 
1.140362431 6.198593418 

5.940727159 6.494786107 
5.892098454 6.432450171 

3.486931104 3.222802729 
3.52352388 3.261333506 

3.566670056 3.257051535 
3.52352388 3.261333506 

2.943829353 2.04118378 
2.828689833 2.173100722 

6.612868333 5.699604872 
6.53861963 5.816284992 

6.429428904 5.989638138 
6.53861963 5.816284992 

3.788979627 8.418204256 
3.75394888 8.319083621 

3.738554319 8.225716469 
3.75394888 8.319083621 

1.915255726 1.318813916 
1.797199077 1.410586211 

3.385138263 8.382061759 
3.44187993 8.436655758 

1.759323575 7.611126704 
1.815520864 7.509749721 

1.872909547 7.438874392 
1.815520864 7.509749721 

5.009820152 5.68485855 
4.963598422 5.866100409 

1.938550355 2.905375892 
1.97018195 2.729928851 

2.019648188 2.579347513 
1.97018195 2.729928851 

4.556024832 7.307906165 
4.518366996 7.208758796 

4.445457596 7.140686863 
4.518366996 7.208758796 

1.445341991 7.917442715 
1.556007221 7.988968218 

5.24770929 7.22174068 
5.372439396 7.116588068 

5.485981816 7.012517743 
5.372439396 7.116588068 

2.790779841 0.972868143 
2.683935201 0.9699564824 

2.563843679 0.9516152451 
2.683935201 0.9699564824 

2.338050236 6.410550565 
2.148675014 6.271744283 

1.983388006 6.112776834 
2.148675014 6.271744283 

4.136210527 6.74595837 
4.017143809 6.777672398 

3.162603663 8.980328023 
3.230392169 8.960965894 

1.100375333 9.289417402 
1.155556481 9.14063932 

1.192471446 9.002882957 
1.155556481 9.14063932 

2.602300968 5.868012333 
2.534847378 5.851441261 

2.483354606 5.864048377 
2.534847378 5.851441261 

3.299124671 1.992341232 
3.221323877 2.128702128 

1.681750149 8.159657576 
1.556007221 7.988968218 

4.308942223 1.565647122 
4.289221678 1.479789053 

4.288951606 1.383810449 
4.289221678 1.479789053 

1.140362431 6.198593418 
1.140968496 6.169695758 

2.732716539 7.97783887 
2.807687292 7.861926474 

2.908023897 7.760440418 
2.807687292 7.861926474 

5.104159532 2.333866078 
5.077789008 2.442828243 

5.050927603 2.551599308 
5.077789008 2.442828243 

1.977293109 3.332238797 
2.00405744 3.457541914 

2.492543205 3.854212563 
2.544534024 3.746391922 

2.586405844 3.622538978 
2.544534024 3.746391922 

3.004982386 9.089884645 
2.877805208 9.104896334 

2.748620605 9.14699362 
2.877805208 9.104896334 

0.9781815465 6.999265384 
1.14367675 7.153784532 

2.380832833 8.315612339 
2.257419198 8.337917717 

2.147560011 8.39800943 
2.257419198 8.337917717 

2.706175654 2.258194956 
2.828689833 2.173100722 

2.890236055 6.82647497 
2.95603111 6.870755011 

3.028195785 6.907664324 
2.95603111 6.870755011 

7.611561696 6.31633962 
7.575597668 6.252076777 

6.388295634 6.410076081 
6.284998372 6.482551996 

6.176288031 6.524670669 
6.284998372 6.482551996 

4.526698696 5.756538584 
4.347572875 5.808627492 

4.160684835 5.860588375 
4.347572875 5.808627492 

3.732754124 7.536827705 
3.784817975 7.354621393 

3.830464905 7.142489038 
3.784817975 7.354621393 

2.593698096 7.16548295 
2.615936808 7.062621803 

7.08133117 5.212079627 
7.135542925 5.191972874 

3.639466153 3.037331433 
3.486931104 3.222802729 

3.299124671 1.992341232 
3.28445542 2.120389031 

3.974346627 3.087293059 
3.846150453 3.058777225 

6.551244875 6.947768188 
6.574638013 6.807779967 

6.61246971 6.679077344 
6.574638013 6.807779967 

4.547435801 6.961831956 
4.445457596 7.140686863 

5.894045016 7.552692965 
5.810944685 7.520236673 

5.745905824 7.476230887 
5.810944685 7.520236673 

1.850890539 8.853164903 
1.954587765 8.962379781 

2.071109122 9.083676979 
1.954587765 8.962379781 

1.56229874 2.681781098 
1.506454803 2.606118734 

3.639466153 3.037331433 
3.74964 3.053514625 

3.846150453 3.058777225 
3.74964 3.053514625 

1.885659373 7.554587187 
1.815520864 7.509749721 

5.354530312 6.201125841 
5.193196645 6.315288655 

6.659798139 7.959725275 
6.501426931 7.970908766 

6.319200192 7.985398428 
6.501426931 7.970908766 

5.05561014 7.286775372 
5.210607653 7.425606113 

6.499053467 5.002910371 
6.490310064 5.132452352 

6.482830839 5.265105317 
6.490310064 5.132452352 

2.570146531 0.4108246382 
2.59831721 0.424789445 

2.626487889 0.4387542517 
2.59831721 0.424789445 

2.461292322 2.536150969 
2.371066147 2.459356827 

2.302642235 2.42582128 
2.371066147 2.459356827 

2.02774489 0.8067527595 
1.966267334 0.7620391008 

3.423118538 1.600363522 
3.515688731 1.677339572 

3.571121063 1.76138427 
3.515688731 1.677339572 

7.041591983 5.133926852 
7.08133117 5.212079627 

6.854993409 6.562821158 
6.858650782 6.631799062 

6.861576343 6.721798548 
6.858650782 6.631799062 

1.333867368 7.725880403 
1.445341991 7.917442715 

1.039178498 7.635673668 
0.9382977725 7.699492193 

0.8464045355 7.857425761 
0.9382977725 7.699492193 

3.881357315 6.79121414 
3.991459224 6.99167748 

1.749476952 9.30613097 
1.620072181 9.321835754 

4.092205209 7.17917619 
4.310286853 7.159299882 

2.97876661 3.392455519 
3.057891214 3.343267376 

3.131022075 3.281482402 
3.057891214 3.343267376 

1.485030257 6.006878311 
1.646530473 6.056735794 

3.648604876 2.073016025 
3.57113715 2.148475354 

2.86963616 1.458959626 
2.653751612 1.573331438 

2.969039649 1.386758983 
2.90638793 1.409427585 

2.408738741 8.447820625 
2.315669739 8.526544772 

6.574638013 6.807779967 
6.418807332 6.840629943 

7.515882314 6.010472404 
7.495019629 5.757931464 

7.398151574 7.320786428 
7.456043545 7.240639214 

7.464997948 7.145635276 
7.456043545 7.240639214 

2.355329566 1.337550982 
2.254823786 1.516001532 

2.155772528 1.698331934 
2.254823786 1.516001532 

1.620072181 9.321835754 
1.555312566 9.330678286 

5.062125364 5.173426818 
5.104450877 4.995057795 

5.161650431 4.793661708 
5.104450877 4.995057795 

0.3300804993 8.147134013 
0.3753242143 8.177300962 

2.498834429 8.59109507 
2.441560991 8.714395615 

2.387490448 8.831989285 
2.441560991 8.714395615 

4.092205209 7.17917619 
4.03715159 7.083433191 

3.991459224 6.99167748 
4.03715159 7.083433191 

1.796586323 2.186753973 
1.747930038 2.068063141 

1.690705515 1.968326644 
1.747930038 2.068063141 

3.081013411 0.3068529607 
3.15638052 0.6060224731 

3.230554858 0.923722689 
3.15638052 0.6060224731 

3.747064878 0.87668621 
3.767846008 1.143806872 

6.071569583 6.593154662 
6.057444285 6.450695072 

2.20077836 7.70012042 
2.104719891 7.679637246 

0.9891607226 7.446927108 
0.7297908142 7.434088827 

0.4244867039 7.458399317 
0.7297908142 7.434088827 

2.400046101 7.215921415 
2.593698096 7.16548295 

1.191486724 7.584766499 
1.255701954 7.448999647 

2.715399312 1.829559779 
2.735630387 2.101351178 

2.715399312 1.829559779 
2.735284912 1.727031626 

2.750638768 1.613880667 
2.735284912 1.727031626 

2.010089869 8.228298941 
2.219350629 8.191849748 

6.057444285 6.450695072 
6.066006808 6.355655314 

6.035780811 6.498414262 
6.057444285 6.450695072 

4.975777245 7.656531936 
4.987891739 7.842789805 

5.001742079 8.020400571 
4.987891739 7.842789805 

3.754226143 1.833885305 
3.627371079 1.606842518 

3.754226143 1.833885305 
3.803662184 1.759591302 

3.856787619 1.708662608 
3.803662184 1.759591302 

7.209799899 5.19975384 
7.17301338 5.184779271 

7.135542925 5.191972874 
7.17301338 5.184779271 

2.371066147 2.459356827 
2.353612343 2.351373421 

2.943829353 2.04118378 
3.059524102 2.102423966 

3.17315079 2.188090643 
3.059524102 2.102423966 

3.141056253 7.650604718 
3.243614622 7.814404597 

3.355162374 7.934084866 
3.243614622 7.814404597 

1.744933085 1.89776935 
1.690705515 1.968326644 

6.042898519 6.269657168 
6.04723687 6.313725694 

6.066006808 6.355655314 
6.04723687 6.313725694 

1.852367729 9.247659024 
1.704604056 9.172016004 

7.495019629 5.757931464 
7.487251261 5.614892971 

0.7306770005 6.943814147 
0.8204970709 7.163416237 

5.853333355 6.494206686 
5.940727159 6.494786107 

2.02520734 8.841079092 
1.954587765 8.962379781 

7.487251261 5.614892971 
7.483456876 5.541867189 

7.483253024 5.435940471 
7.483456876 5.541867189 

2.052273181 7.667668574 
1.99856513 7.633294831 

1.957063527 7.583018523 
1.99856513 7.633294831 

2.031450971 8.514152283 
1.89783516 8.457048252 

5.922409865 6.768228286 
5.994238036 6.918861362 

6.053911484 7.112704693 
5.994238036 6.918861362 

2.680739691 3.398020581 
2.629951257 3.515932762 

2.586405844 3.622538978 
2.629951257 3.515932762 

3.597061779 0.9649823791 
3.532834495 0.9954213434 

3.144433392 2.045985833 
3.059524102 2.102423966 

3.183385746 1.897289682 
3.055294554 1.819299664 

0.7297908142 7.434088827 
0.8506312707 7.519545793 

4.975777245 7.656531936 
4.885739062 7.563306495 

1.527961971 1.755921822 
1.570936576 1.579444409 

6.024958694 4.82206809 
6.157988966 4.778590933 

7.483253024 5.435940471 
7.345875468 5.312206134 

7.209799899 5.19975384 
7.345875468 5.312206134 

5.490956455 6.575283573 
5.627979956 6.743207144 

1.115037204 6.117916679 
1.12800285 6.143806218 

1.140968496 6.169695758 
1.12800285 6.143806218 

4.770782194 5.635288376 
5.009820152 5.68485855 

7.650906965 6.868018523 
7.613175547 6.887942369 

7.575046912 6.908125749 
7.613175547 6.887942369 

1.570936576 1.579444409 
1.592457571 1.491431927 

1.613978566 1.403419446 
1.592457571 1.491431927 

5.940727159 6.494786107 
5.971357151 6.608568679 

7.174431965 5.930553243 
7.105466826 5.943345633 

7.035828411 5.956085389 
7.105466826 5.943345633 

6.93553055 7.046312456 
6.855071223 6.911788059 

6.7683875 6.771466932 
6.855071223 6.911788059 

0.7487656663 6.360780036 
0.7674114944 6.396583153 

0.7860573224 6.43238627 
0.7674114944 6.396583153 

3.342046174 2.685159195 
3.223763648 2.809900916 

3.443160083 0.5800449606 
3.422034784 0.477516705 

3.434385014 1.041171937 
3.480835152 1.030100441 

3.532834495 0.9954213434 
3.480835152 1.030100441 

4.385491108 6.643918689 
4.707352985 6.644906282 

6.364646694 8.313882568 
6.130628328 8.145027865 

6.319200192 7.985398428 
6.375092548 8.119970636 

5.538029169 6.019819086 
5.701407776 6.246754157 

5.196391027 6.561654886 
5.369019232 6.712876245 

4.670938595 3.120078723 
4.672447016 3.070477776 

4.672013607 3.018528769 
4.672447016 3.070477776 

6.375092548 8.119970636 
6.399287427 8.18722167 

2.010089869 8.228298941 
2.079764614 8.313039022 

2.147560011 8.39800943 
2.079764614 8.313039022 

5.900313084 5.525730384 
5.942616928 5.556517118 

5.984340328 5.590095078 
5.942616928 5.556517118 

2.307342782 1.472102598 
2.254823786 1.516001532 

4.770782194 5.635288376 
4.639377993 5.699404486 

4.526698696 5.756538584 
4.639377993 5.699404486 

2.644814085 6.640811065 
2.682772955 6.59853033 

2.715343797 6.569263872 
2.682772955 6.59853033 

1.647704885 8.463439977 
1.513170437 8.402224748 

6.157988966 4.778590933 
6.224759525 4.755553898 

3.055294554 1.819299664 
3.007504578 1.78274579 

2.967743165 1.738841813 
3.007504578 1.78274579 

2.542472045 7.062893338 
2.593698096 7.16548295 

3.767846008 1.143806872 
3.770550986 1.255562074 

3.773255965 1.367317276 
3.770550986 1.255562074 

2.987898943 1.312605548 
3.006876521 1.429281179 

3.035323306 1.558583903 
3.006876521 1.429281179 

2.743967505 8.240636677 
2.709364219 8.472345617 

3.881357315 6.79121414 
3.949507869 6.78353798 

4.017143809 6.777672398 
3.949507869 6.78353798 

6.279994474 4.696986253 
6.252095615 4.725156459 

6.224759525 4.755553898 
6.252095615 4.725156459 

5.460509792 5.693995702 
5.655000036 5.570323472 

3.075892414 2.499594847 
3.208321152 2.592702191 

3.342046174 2.685159195 
3.208321152 2.592702191 

3.421296555 6.615993451 
3.398622182 6.676443452 

3.376317266 6.735601695 
3.398622182 6.676443452 

1.894745159 0.7755668939 
1.930093892 0.7680614906 

1.966267334 0.7620391008 
1.930093892 0.7680614906 

5.841645422 7.098887955 
5.776618381 7.080389049 

5.730130647 7.0253431 
5.776618381 7.080389049 

0.4191019234 8.23810017 
0.3972130688 8.207700566 

0.3753242143 8.177300962 
0.3972130688 8.207700566 

5.728770163 6.404872238 
5.701407776 6.246754157 

4.344632894 3.142381076 
4.349643374 3.048342089 

4.360124737 2.967002178 
4.349643374 3.048342089 

2.380832833 8.315612339 
2.417850567 8.197288152 

2.462455641 8.069660427 
2.417850567 8.197288152 

2.035491382 5.918272872 
2.15612087 5.888065806 

0.7306770005 6.943814147 
0.848583345 6.965044977 

0.9781815465 6.999265384 
0.848583345 6.965044977 

2.313389702 7.363788703 
2.205154816 7.394067438 

2.115145142 7.437278132 
2.205154816 7.394067438 

1.496178262 9.379375696 
1.525745414 9.355026991 

1.555312566 9.330678286 
1.525745414 9.355026991 

2.591164207 7.605958395 
2.689608716 7.587041528 

2.786113606 7.569358214 
2.689608716 7.587041528 

5.708597419 7.325846848 
5.773736238 7.21312781 

5.841645422 7.098887955 
5.773736238 7.21312781 

6.335426566 4.861385207 
6.224759525 4.755553898 

2.275778964 7.511241448 
2.205154816 7.394067438 

6.229063528 6.952967653 
6.143427086 7.031671613 

6.053911484 7.112704693 
6.143427086 7.031671613 

2.179936835 6.71280427 
2.206269317 6.617957722 

2.232601798 6.523111175 
2.206269317 6.617957722 

0.6976493872 7.589935734 
0.7297908142 7.434088827 

3.533479397 2.254781827 
3.552614935 2.202570248 

3.57113715 2.148475354 
3.552614935 2.202570248 

7.007589715 5.265982486 
6.934182402 5.154713932 

2.354749692 7.874562131 
2.38275589 7.792204535 

2.417412005 7.711890771 
2.38275589 7.792204535 

6.176288031 6.524670669 
6.057444285 6.450695072 

3.440491899 2.213674104 
3.552614935 2.202570248 

2.047604189 8.054729254 
2.028815562 8.141754996 

2.010089869 8.228298941 
2.028815562 8.141754996 

1.843056321 6.292928729 
1.711458165 6.171473725 

4.782937724 7.510927141 
4.83695215 7.5286047 

4.885739062 7.563306495 
4.83695215 7.5286047 

0.7297908142 7.434088827 
0.7105133299 7.27790732 

7.546408407 6.492734617 
7.240418084 6.769090752 

6.93553055 7.046312456 
7.240418084 6.769090752 

4.772632922 2.427932203 
4.647646387 2.426082787 

4.505979949 2.400590909 
4.647646387 2.426082787 

3.308693494 8.926616501 
3.270006771 8.942184378 

3.230392169 8.960965894 
3.270006771 8.942184378 

3.432710451 2.062861502 
3.57113715 2.148475354 

0.7271264526 8.288346392 
0.7484410553 8.215361954 

0.7720284014 8.141829429 
0.7484410553 8.215361954 

2.418589692 7.031585277 
2.342261245 7.058577577 

2.265932799 7.085569878 
2.342261245 7.058577577 

2.636329649 9.483297169 
2.579470277 9.296494858 

2.522610906 9.109692548 
2.579470277 9.296494858 

2.86963616 1.458959626 
2.888012045 1.434193606 

2.90638793 1.409427585 
2.888012045 1.434193606 

2.265487835 5.831965649 
2.210804353 5.860015728 

2.15612087 5.888065806 
2.210804353 5.860015728 

3.345517787 0.7074087242 
3.15638052 0.6060224731 

5.776618381 7.080389049 
5.775177309 7.14675843 

5.773736238 7.21312781 
5.775177309 7.14675843 

6.399287427 8.18722167 
6.395423374 8.236713112 

5.538029169 6.019819086 
5.499269481 5.856907394 

5.460509792 5.693995702 
5.499269481 5.856907394 

6.395423374 8.236713112 
6.392672377 8.262437647 

2.000537863 8.402214545 
2.079764614 8.313039022 

4.781613146 6.781798789 
4.744483066 6.713352536 

4.707352985 6.644906282 
4.744483066 6.713352536 

3.779516251 8.53577003 
3.784247939 8.476987143 

3.788979627 8.418204256 
3.784247939 8.476987143 

3.325154414 0.5207889408 
3.15638052 0.6060224731 

5.05561014 7.286775372 
5.006870908 7.208314922 

4.944079974 7.127032645 
5.006870908 7.208314922 

6.734242067 5.122690887 
6.499053467 5.002910371 

6.364646694 8.313882568 
6.378659536 8.288160107 

6.392672377 8.262437647 
6.378659536 8.288160107 

3.830464905 7.142489038 
3.991459224 6.99167748 

3.400334979 0.3341937636 
3.411184881 0.4058552343 

3.422034784 0.477516705 
3.411184881 0.4058552343 

