3.230554858 0.923722689 
2.966178701 1.737817979 

3.732042702 7.538742831 
2.904996507 7.762310795 

4.460094881 2.716143218 
4.548875129 3.376691543 

2.051271261 8.05941675 
2.132904721 7.780189075 

2.762397452 8.84101819 
3.308693494 8.926616501 

4.755534164 4.761760741 
4.471534652 4.504793822 

6.382928972 6.392805862 
6.684347037 6.135539284 

5.920981001 6.767451899 
6.071569583 6.593154662 

2.867517562 2.456909588 
3.096071671 2.330078083 

6.911937633 5.986509532 
6.684347037 6.135539284 

0.8226422517 7.163256227 
0.4215231659 6.739933826 

1.659055113 7.005577308 
1.376698221 7.22390996 

1.431427083 8.117760996 
1.322600968 7.722621616 

1.657660403 7.886854752 
1.887179744 7.68394508 

6.482830839 5.265105317 
6.611423976 5.699216292 

4.460094881 2.716143218 
5.050927603 2.551599308 

7.564904552 6.498217089 
6.91235372 6.344104529 

6.684347037 6.135539284 
6.91235372 6.344104529 

3.331683086 2.217263324 
3.096071671 2.330078083 

3.754226143 1.833885305 
3.569999807 1.761241461 

4.1912423 4.140439214 
4.018719687 3.823722315 

7.398151574 7.320786428 
6.824369709 7.363745185 

5.538029169 6.019819086 
5.833353344 6.079942569 

4.471534652 4.504793822 
4.340947333 4.341108605 

4.1912423 4.140439214 
4.340947333 4.341108605 

2.417328286 7.714052446 
2.591164207 7.605958395 

6.911937633 5.986509532 
7.305964392 6.138934418 

5.25553694 7.209816635 
4.786243798 7.507857436 

1.938550355 2.905375892 
2.435185096 3.248711143 

2.521955398 1.975740888 
2.735630387 2.101351178 

4.631531687 6.477111402 
4.387297593 6.643006003 

1.63482382 8.581668536 
1.507538804 8.895557996 

2.744156482 8.241433548 
2.904996507 7.762310795 

2.735630387 2.101351178 
2.156381178 2.30871652 

2.156381178 2.30871652 
2.302048428 2.443113926 

5.711010956 7.328630091 
5.726262172 7.026109527 

0.6943312252 7.590583753 
1.040608639 7.636117145 

1.322600968 7.722621616 
1.040608639 7.636117145 

6.824369709 7.363745185 
6.93553055 7.046312456 

4.177770997 2.341784678 
4.50534388 2.40104001 

1.659055113 7.005577308 
1.19323184 6.935998585 

2.093114354 7.26985131 
2.115342078 7.436960868 

1.527961971 1.755921822 
2.156381178 2.30871652 

6.553955067 6.94599525 
7.150044106 6.675804453 

1.19323184 6.935998585 
0.8226422517 7.163256227 

6.824369709 7.363745185 
6.923899317 7.824308825 

5.037536307 6.576767052 
5.192933354 6.426208303 

5.594332039 7.704377067 
5.75978468 7.765944916 

6.070110961 7.852550841 
5.75978468 7.765944916 

7.150044106 6.675804453 
6.93553055 7.046312456 

2.488733927 8.586946207 
2.744156482 8.241433548 

1.657660403 7.886854752 
1.112232102 8.046714286 

3.65004827 2.073618707 
3.754226143 1.833885305 

2.490261132 3.844901439 
2.435185096 3.248711143 

6.611423976 5.699216292 
6.911937633 5.986509532 

3.183385746 1.897289682 
3.41872177 1.860219071 

2.744156482 8.241433548 
3.118419374 8.291449252 

5.711010956 7.328630091 
6.070110961 7.852550841 

3.050367939 6.088174772 
2.739963479 6.293372089 

1.241784493 8.761051165 
1.507538804 8.895557996 

1.431427083 8.117760996 
1.624659572 8.293891128 

3.230554858 0.923722689 
3.434385014 1.041171937 

4.460094881 2.716143218 
4.50534388 2.40104001 

4.957207667 1.713866877 
4.163589902 1.930417356 

3.65004827 2.073618707 
4.163589902 1.930417356 

6.314748795 7.985512319 
6.196014181 7.345893045 

6.053911484 7.112704693 
6.196014181 7.345893045 

2.435185096 3.248711143 
2.355643684 3.401118135 

7.150044106 6.675804453 
6.95187058 6.61798984 

5.595694715 6.494054596 
5.744523534 6.521397445 

0.8226422517 7.163256227 
0.9902939216 7.445066032 

2.966178701 1.737817979 
2.831752067 1.567499626 

1.19323184 6.935998585 
1.245291366 6.218793498 

3.118419374 8.291449252 
3.07152468 8.056720441 

4.160952414 5.862741358 
4.198301524 6.241554311 

3.88330086 6.787783369 
4.198301524 6.241554311 

3.773255965 1.367317276 
3.918118743 1.586085503 

0.3326647504 8.148317101 
0.7338589645 8.299540191 

5.576152799 5.384242081 
5.460509792 5.693995702 

7.483253024 5.435940471 
6.929291295 5.668439896 

1.859935616 8.840154129 
1.594164536 9.061540318 

1.100375333 9.289417402 
1.594164536 9.061540318 

5.833353344 6.079942569 
6.103994126 5.995331281 

3.230554858 0.923722689 
3.138218538 1.310023849 

3.569999807 1.761241461 
3.138218538 1.310023849 

6.313630576 5.649915342 
6.138512166 5.338598134 

0.4215231659 6.739933826 
0.9995730696 6.773097646 

1.19323184 6.935998585 
0.9995730696 6.773097646 

5.25553694 7.209816635 
5.726262172 7.026109527 

4.781296806 6.780770943 
4.908502733 6.867615393 

3.308693494 8.926616501 
3.234058824 8.577340442 

6.91235372 6.344104529 
6.728272423 6.491805529 

2.521955398 1.975740888 
2.342254046 1.750474083 

2.156381178 2.30871652 
2.123954874 2.110064368 

1.30683085 2.3012555 
1.644558192 2.289056919 

5.920981001 6.767451899 
6.229063528 6.952967653 

2.031332747 8.51612421 
2.021733721 8.841106218 

2.417328286 7.714052446 
2.450656276 8.070162334 

7.314825188 7.781073267 
6.923899317 7.824308825 

3.747064878 0.87668621 
3.577676029 0.7959052076 

4.770782194 5.635288376 
4.849887091 5.830150199 

2.363504044 0.9069374829 
2.2553357 0.6533683446 

7.305964392 6.138934418 
7.199418817 6.309084819 

4.373328362 7.625109417 
4.299258663 7.295943698 

4.299258663 7.295943698 
4.556024832 7.307906165 

1.859935616 8.840154129 
2.021733721 8.841106218 

6.314748795 7.985512319 
5.568710542 7.983735007 

7.209028276 5.199434842 
7.094157812 5.370573135 

5.568710542 7.983735007 
5.594332039 7.704377067 

1.112232102 8.046714286 
1.322600968 7.722621616 

0.3326647504 8.148317101 
0.6440234645 7.988231996 

2.904996507 7.762310795 
2.450656276 8.070162334 

4.451507188 1.345367551 
3.918118743 1.586085503 

5.618183629 4.972498904 
5.510385672 4.776822783 

5.14997696 4.788531857 
5.510385672 4.776822783 

5.726262172 7.026109527 
5.493987095 7.013439052 

3.118419374 8.291449252 
3.234058824 8.577340442 

5.833353344 6.079942569 
6.042898519 6.269657168 

2.488733927 8.586946207 
2.600244411 8.899658044 

3.081013411 0.3068529607 
3.345517787 0.7074087242 

3.434385014 1.041171937 
3.345517787 0.7074087242 

3.639466153 3.037331433 
3.750163834 3.269466916 

2.490261132 3.844901439 
2.355643684 3.401118135 

2.123954874 2.110064368 
2.735630387 2.101351178 

4.160952414 5.862741358 
4.732375183 6.308392323 

5.037536307 6.576767052 
4.732375183 6.308392323 

1.837581316 6.322638175 
1.626202196 6.652068251 

6.196014181 7.345893045 
5.711010956 7.328630091 

3.234058824 8.577340442 
3.385138263 8.382061759 

2.735630387 2.101351178 
2.421290047 2.190300751 

2.123954874 2.110064368 
1.796586323 2.186753973 

3.956143203 2.555520292 
3.613305281 2.51670449 

3.531799062 2.277958651 
3.613305281 2.51670449 

2.115342078 7.436960868 
2.275720735 7.507327315 

2.854859394 6.654371388 
3.409945611 6.450186321 

7.564904552 6.498217089 
7.254251212 6.511417559 

6.824369709 7.363745185 
6.601452421 7.456826849 

1.657660403 7.886854752 
1.469538323 7.998190744 

7.150044106 6.675804453 
7.422756621 6.647217932 

3.754226143 1.833885305 
4.115862768 1.449485013 

6.042898519 6.269657168 
6.103994126 5.995331281 

1.469538323 7.998190744 
1.431427083 8.117760996 

2.467661493 6.01147906 
2.699934787 6.124889522 

2.739963479 6.293372089 
2.699934787 6.124889522 

2.744156482 8.241433548 
2.380832833 8.315612339 

2.867517562 2.456909588 
2.887432551 2.271848837 

2.943829353 2.04118378 
2.887432551 2.271848837 

1.19323184 6.935998585 
1.376698221 7.22390996 

2.355643684 3.401118135 
2.17555144 3.331190036 

2.313525597 7.349601508 
2.275720735 7.507327315 

0.9902939216 7.445066032 
1.150546843 7.150377193 

1.19323184 6.935998585 
1.150546843 7.150377193 

4.732375183 6.308392323 
4.631531687 6.477111402 

3.88330086 6.787783369 
3.830464905 7.142489038 

2.636257743 3.18322213 
2.435185096 3.248711143 

2.019714691 7.030899134 
1.947553888 6.870786735 

3.131022075 3.281482402 
3.211692261 3.514755792 

5.14997696 4.788531857 
4.923065568 4.955904616 

4.755534164 4.761760741 
4.923065568 4.955904616 

5.618183629 4.972498904 
5.889948345 4.734515309 

1.040608639 7.636117145 
0.9902939216 7.445066032 

2.357439583 1.338934893 
2.071467338 1.352578053 

2.762397452 8.84101819 
2.600244411 8.899658044 

5.595694715 6.494054596 
5.626817159 6.742615834 

0.7338589645 8.299540191 
0.6440234645 7.988231996 

4.299258663 7.295943698 
3.88330086 6.787783369 

6.667520189 8.250443209 
6.659798139 7.959725275 

1.644558192 2.289056919 
1.601828183 2.419520598 

2.744156482 8.241433548 
3.07152468 8.056720441 

1.930064486 1.502175345 
1.91395888 1.697554214 

5.626817159 6.742615834 
5.920981001 6.767451899 

2.966178701 1.737817979 
2.943829353 2.04118378 

4.451507188 1.345367551 
4.56072375 1.621249669 

3.577676029 0.7959052076 
3.542243718 0.4420227404 

4.781296806 6.780770943 
4.550231403 6.959618366 

0.8226422517 7.163256227 
1.150546843 7.150377193 

3.613305281 2.51670449 
3.509933039 2.635954029 

1.30683085 2.3012555 
1.601828183 2.419520598 

1.624659572 8.293891128 
1.680310204 8.159622367 

2.675652482 0.4489099127 
2.761697484 0.8364835402 

3.096071671 2.330078083 
2.887432551 2.271848837 

4.460094881 2.716143218 
4.388958517 2.864250079 

2.904996507 7.762310795 
3.355058174 7.937158671 

1.796586323 2.186753973 
1.644558192 2.289056919 

2.854859394 6.654371388 
2.890324479 6.827614335 

2.950533204 2.901483482 
2.98480815 2.713008208 

2.732716539 7.97783887 
2.744156482 8.241433548 

5.594332039 7.704377067 
5.262526254 7.70578808 

0.8226422517 7.163256227 
0.9995730696 6.773097646 

4.548875129 3.376691543 
4.559610081 3.136773117 

4.344632894 3.142381076 
4.559610081 3.136773117 

2.636329649 9.483297169 
2.747823231 9.145573413 

2.762397452 8.84101819 
2.747823231 9.145573413 

6.762744401 6.76543867 
6.728272423 6.491805529 

3.732042702 7.538742831 
4.080059904 7.63218575 

4.373328362 7.625109417 
4.080059904 7.63218575 

1.930064486 1.502175345 
2.071467338 1.352578053 

3.434385014 1.041171937 
3.577676029 0.7959052076 

6.138512166 5.338598134 
6.310889931 5.447681378 

6.482830839 5.265105317 
6.310889931 5.447681378 

0.7415325176 8.830337493 
0.5288157223 8.62663468 

2.966178701 1.737817979 
3.035323306 1.558583903 

5.001647495 8.021459089 
5.455603784 7.662090289 

7.199418817 6.309084819 
7.254251212 6.511417559 

6.911937633 5.986509532 
6.929291295 5.668439896 

1.376698221 7.22390996 
0.9793806205 7.000090279 

3.385138263 8.382061759 
3.536489951 8.335222621 

2.417328286 7.714052446 
2.275720735 7.507327315 

5.900313084 5.525730384 
6.138512166 5.338598134 

1.431427083 8.117760996 
1.511921607 8.403566915 

1.63482382 8.581668536 
1.511921607 8.403566915 

2.744156482 8.241433548 
2.79322273 8.482533539 

5.25553694 7.209816635 
5.262526254 7.70578808 

6.728272423 6.491805529 
6.613235923 6.679450834 

5.460509792 5.693995702 
5.08960791 5.931543128 

2.735630387 2.101351178 
2.943829353 2.04118378 

0.6440234645 7.988231996 
0.6943312252 7.590583753 

6.667520189 8.250443209 
7.000342073 8.049416529 

0.6440234645 7.988231996 
0.8464045355 7.857425761 

0.9793806205 7.000090279 
1.19323184 6.935998585 

4.56072375 1.621249669 
4.308942223 1.565647122 

4.115862768 1.449485013 
4.308942223 1.565647122 

4.163589902 1.930417356 
3.920915087 2.177323049 

1.601828183 2.419520598 
1.524171542 2.465746337 

3.264095829 3.926101971 
3.186284024 3.62584667 

2.992075522 3.417639756 
3.186284024 3.62584667 

5.192933354 6.426208303 
4.982994571 6.351595955 

4.732375183 6.308392323 
4.982994571 6.351595955 

4.770782194 5.635288376 
5.164074029 5.421042304 

1.672767788 6.370602824 
1.837581316 6.322638175 

3.035323306 1.558583903 
2.831752067 1.567499626 

2.914305934 7.220180425 
2.645561706 7.312668606 

2.739963479 6.293372089 
2.785631747 6.467971497 

0.9995730696 6.773097646 
1.087060281 6.594666741 

1.626202196 6.652068251 
1.19323184 6.935998585 

3.138218538 1.310023849 
2.987898943 1.312605548 

1.245291366 6.218793498 
1.32472267 6.587343496 

0.6943312252 7.590583753 
0.5207996612 7.673962617 

7.422756621 6.647217932 
7.254251212 6.511417559 

4.548875129 3.376691543 
4.882503258 2.931080305 

5.050927603 2.551599308 
4.882503258 2.931080305 

2.337806299 6.409735587 
2.739963479 6.293372089 

5.889948345 4.734515309 
6.02555854 4.815478996 

3.230554858 0.923722689 
3.345517787 0.7074087242 

1.894745159 0.7755668939 
1.869864373 1.054839907 

6.762744401 6.76543867 
6.613235923 6.679450834 

1.112232102 8.046714286 
0.7751492898 8.131430965 

2.675739847 2.646921958 
2.98480815 2.713008208 

5.493987095 7.013439052 
5.685515851 6.891091152 

5.626817159 6.742615834 
5.685515851 6.891091152 

4.555442269 1.822072984 
4.727424507 1.819556781 

4.957207667 1.713866877 
4.727424507 1.819556781 

1.507538804 8.895557996 
1.352841353 9.070800564 

4.908502733 6.867615393 
4.944079974 7.127032645 

2.600244411 8.899658044 
2.747823231 9.145573413 

4.923065568 4.955904616 
4.830032665 5.1507857 

6.611423976 5.699216292 
6.886706976 5.385441986 

4.830032665 5.1507857 
4.462404129 5.284650229 

1.241784493 8.761051165 
1.511921607 8.403566915 

6.929291295 5.668439896 
6.886706976 5.385441986 

4.079563985 0.9699632506 
4.120097124 0.8310015399 

2.831752067 1.567499626 
2.591682649 1.641306634 

2.342254046 1.750474083 
2.591682649 1.641306634 

3.732042702 7.538742831 
3.355058174 7.937158671 

3.732042702 7.538742831 
3.650589583 7.876564078 

4.556024832 7.307906165 
4.550231403 6.959618366 

2.521955398 1.975740888 
2.591682649 1.641306634 

3.750163834 3.269466916 
3.632363055 3.233726944 

1.586664416 7.517657295 
1.872909547 7.438874392 

2.450656276 8.070162334 
2.244683808 8.077542156 

3.355685294 7.002629016 
3.103101715 7.034822559 

2.914305934 7.220180425 
3.103101715 7.034822559 

1.887179744 7.68394508 
2.051161705 7.667790488 

3.050367939 6.088174772 
2.699934787 6.124889522 

5.083811103 2.128961621 
4.90000693 1.988398451 

4.732375183 6.308392323 
4.570839938 6.105111134 

2.191235863 9.186507052 
2.388859855 8.832459104 

1.659055113 7.005577308 
1.725711943 7.343360407 

4.115862768 1.449485013 
4.482116353 0.8282195016 

7.398151574 7.320786428 
7.198844657 7.056210011 

3.118419374 8.291449252 
2.79322273 8.482533539 

2.79322273 8.482533539 
3.013268537 8.643540433 

1.376698221 7.22390996 
1.725711943 7.343360407 

2.636257743 3.18322213 
2.680739691 3.398020581 

6.886706976 5.385441986 
7.094157812 5.370573135 

4.772089352 2.42821359 
4.587713712 2.59478419 

4.460094881 2.716143218 
4.587713712 2.59478419 

3.158536716 2.173145658 
3.21988728 2.129217973 

4.770782194 5.635288376 
4.861078076 5.420684313 

4.482116353 0.8282195016 
4.120097124 0.8310015399 

1.431427083 8.117760996 
1.680310204 8.159622367 

3.65004827 2.073618707 
3.433264655 2.064708329 

6.070110961 7.852550841 
6.068888333 8.167859419 

6.229063528 6.952967653 
6.229941225 6.742739021 

3.096071671 2.330078083 
3.158536716 2.173145658 

3.07152468 8.056720441 
3.355058174 7.937158671 

3.013268537 8.643540433 
3.093870385 8.720977258 

5.455603784 7.662090289 
5.594332039 7.704377067 

2.675739847 2.646921958 
2.733783541 2.849305665 

2.950533204 2.901483482 
2.733783541 2.849305665 

7.564904552 6.498217089 
7.61835698 6.713419951 

3.096071671 2.330078083 
3.074737564 2.501507392 

2.675652482 0.4489099127 
2.394510033 0.6918261221 

2.2553357 0.6533683446 
2.394510033 0.6918261221 

1.672767788 6.370602824 
1.712066019 6.173088054 

3.050367939 6.088174772 
3.09130681 6.321217663 

3.074737564 2.501507392 
2.867517562 2.456909588 

5.001647495 8.021459089 
5.142749738 7.898589313 

5.262526254 7.70578808 
5.142749738 7.898589313 

2.363504044 0.9069374829 
2.451077844 0.7260915936 

2.600244411 8.899658044 
2.52316959 9.108496147 

3.434385014 1.041171937 
3.267116012 1.116096014 

3.138218538 1.310023849 
3.267116012 1.116096014 

2.17555144 3.331190036 
2.098314953 3.492143583 

4.115862768 1.449485013 
4.004031899 1.419484004 

1.30683085 2.3012555 
1.524171542 2.465746337 

1.30683085 2.3012555 
1.543876959 2.058937601 

0.7751492898 8.131430965 
0.6440234645 7.988231996 

7.305964392 6.138934418 
7.40643528 6.161291886 

4.177770997 2.341784678 
4.460094881 2.716143218 

4.163589902 1.930417356 
4.270186153 2.127646849 

2.451077844 0.7260915936 
2.465206333 0.5422331472 

0.9902939216 7.445066032 
1.255832954 7.450563168 

5.037536307 6.576767052 
4.908502733 6.867615393 

1.100375333 9.289417402 
1.378105763 8.684734156 

4.550231403 6.959618366 
4.387297593 6.643006003 

0.9793806205 7.000090279 
0.8226422517 7.163256227 

7.199418817 6.309084819 
7.40643528 6.161291886 

2.031332747 8.51612421 
2.147560011 8.39800943 

7.000342073 8.049416529 
6.923899317 7.824308825 

0.4215231659 6.739933826 
0.7150136298 6.623700595 

0.7338589645 8.299540191 
0.7477747695 8.53227442 

6.313630576 5.649915342 
6.611423976 5.699216292 

7.314825188 7.781073267 
7.205973372 7.550851272 

1.241784493 8.761051165 
1.378105763 8.684734156 

3.264095829 3.926101971 
3.52310141 3.846770383 

3.757411218 3.98176067 
3.52310141 3.846770383 

5.75978468 7.765944916 
5.894045016 7.552692965 

1.112232102 8.046714286 
0.8464045355 7.857425761 

1.241784493 8.761051165 
1.052963448 8.700453181 

2.132904721 7.780189075 
2.244683808 8.077542156 

4.299258663 7.295943698 
3.980880602 7.446440828 

3.732042702 7.538742831 
3.980880602 7.446440828 

2.521955398 1.975740888 
2.715348911 1.827991637 

2.132904721 7.780189075 
2.200245357 7.700745925 

2.417328286 7.714052446 
2.200245357 7.700745925 

3.230554858 0.923722689 
3.267116012 1.116096014 

6.279581735 4.699303679 
6.166724309 5.028016711 

2.904996507 7.762310795 
2.99855416 7.920931332 

3.07152468 8.056720441 
2.99855416 7.920931332 

2.355041946 7.875747778 
2.200245357 7.700745925 

6.728272423 6.491805529 
6.56878145 6.460467533 

4.080059904 7.63218575 
3.980880602 7.446440828 

6.56878145 6.460467533 
6.613235923 6.679450834 

6.313630576 5.649915342 
6.034677283 5.866150796 

5.833353344 6.079942569 
6.034677283 5.866150796 

0.7487656663 6.360780036 
1.045650799 6.377626169 

2.421290047 2.190300751 
2.484992101 2.347798163 

5.37049241 6.720114503 
5.626817159 6.742615834 

2.786113606 7.569358214 
2.904996507 7.762310795 

2.732716539 7.97783887 
2.99855416 7.920931332 

4.198301524 6.241554311 
4.570839938 6.105111134 

6.762744401 6.76543867 
6.861084781 6.720946071 

6.95187058 6.61798984 
6.861084781 6.720946071 

4.198301524 6.241554311 
4.252363529 6.478408641 

4.387297593 6.643006003 
4.252363529 6.478408641 

5.726262172 7.026109527 
5.685515851 6.891091152 

5.920981001 6.767451899 
5.685515851 6.891091152 

7.40643528 6.161291886 
7.477680051 6.237574418 

7.094157812 5.370573135 
7.483253024 5.435940471 

2.435185096 3.248711143 
2.383386311 2.901298945 

3.345517787 0.7074087242 
3.577676029 0.7959052076 

4.861078076 5.420684313 
5.164074029 5.421042304 

5.001647495 8.021459089 
5.14376354 7.605135452 

4.177770997 2.341784678 
4.290495925 2.213832036 

4.270186153 2.127646849 
4.290495925 2.213832036 

2.313525597 7.349601508 
2.093114354 7.26985131 

5.538029169 6.019819086 
5.253067453 6.019126459 

5.08960791 5.931543128 
5.253067453 6.019126459 

7.094157812 5.370573135 
7.025393864 5.514726223 

6.929291295 5.668439896 
7.025393864 5.514726223 

3.974346627 3.087293059 
4.126733651 2.859607884 

6.553955067 6.94599525 
6.229941225 6.742739021 

7.254251212 6.511417559 
7.150044106 6.675804453 

6.042898519 6.269657168 
5.892120382 6.434055069 

5.744523534 6.521397445 
5.892120382 6.434055069 

6.103994126 5.995331281 
6.034677283 5.866150796 

1.982364281 6.114743345 
1.804197297 6.028374287 

2.355041946 7.875747778 
2.450656276 8.070162334 

1.322600968 7.722621616 
1.301053086 7.973201697 

4.451507188 1.345367551 
4.359380921 1.186288757 

5.910502393 6.559207706 
5.892120382 6.434055069 

1.796586323 2.186753973 
1.543876959 2.058937601 

6.91235372 6.344104529 
6.56878145 6.460467533 

0.5288157223 8.62663468 
0.6575404017 8.556905918 

0.7477747695 8.53227442 
0.6575404017 8.556905918 

1.749476952 9.30613097 
1.704604056 9.172016004 

1.594164536 9.061540318 
1.704604056 9.172016004 

3.650589583 7.876564078 
3.536489951 8.335222621 

1.586664416 7.517657295 
1.759969796 7.61158787 

1.887179744 7.68394508 
1.759969796 7.61158787 

1.977260181 3.332905184 
1.931402795 3.46847404 

1.32472267 6.587343496 
1.087060281 6.594666741 

1.511921607 8.403566915 
1.624659572 8.293891128 

2.420034186 6.247566878 
2.195263376 6.031028633 

4.861078076 5.420684313 
5.062125364 5.173426818 

3.325154414 0.5207889408 
3.401950633 0.3343088435 

1.613978566 1.403419446 
1.915255726 1.318813916 

2.071467338 1.352578053 
1.915255726 1.318813916 

2.031332747 8.51612421 
1.63482382 8.581668536 

1.112232102 8.046714286 
1.301053086 7.973201697 

1.837581316 6.322638175 
1.992583986 6.338058544 

1.930064486 1.502175345 
1.915255726 1.318813916 

1.796586323 2.186753973 
1.637751506 2.198484743 

4.136197455 0.5713277556 
4.096665193 0.7399396445 

4.120097124 0.8310015399 
4.096665193 0.7399396445 

3.264095829 3.926101971 
3.376877399 3.710323714 

3.211692261 3.514755792 
3.376877399 3.710323714 

5.568710542 7.983735007 
5.443252299 8.157071803 

0.7150136298 6.623700595 
0.7829332553 6.562382942 

2.966178701 1.737817979 
2.715348911 1.827991637 

7.173279098 5.93037733 
7.234418858 5.728343428 

2.098314953 3.492143583 
2.045371226 3.454967242 

1.977260181 3.332905184 
2.045371226 3.454967242 

2.992075522 3.417639756 
2.811972845 3.547913183 

5.192933354 6.426208303 
5.253067453 6.019126459 

3.345517787 0.7074087242 
3.325154414 0.5207889408 

6.553955067 6.94599525 
6.383955638 6.682364907 

6.382928972 6.392805862 
6.383955638 6.682364907 

3.331683086 2.217263324 
3.31386463 2.387732023 

3.308693494 8.926616501 
2.866213146 8.693300035 

2.488733927 8.586946207 
2.866213146 8.693300035 

3.569999807 1.761241461 
3.627371079 1.606842518 

5.182803723 8.069301431 
5.142749738 7.898589313 

2.051161705 7.667790488 
2.11344965 7.572789435 

1.938550355 2.905375892 
1.715719265 2.742937247 

2.831752067 1.567499626 
2.868660338 1.459615086 

6.553955067 6.94599525 
6.418807332 6.840629943 

6.229063528 6.952967653 
6.418807332 6.840629943 

3.956143203 2.555520292 
3.707763133 2.330912155 

3.65004827 2.073618707 
3.707763133 2.330912155 

2.363504044 0.9069374829 
2.394510033 0.6918261221 

3.211692261 3.514755792 
3.186284024 3.62584667 

2.465206333 0.5422331472 
2.394510033 0.6918261221 

1.672767788 6.370602824 
1.32472267 6.587343496 

1.626202196 6.652068251 
1.8331513 6.734278145 

1.872909547 7.438874392 
1.725711943 7.343360407 

5.14376354 7.605135452 
4.975777245 7.656531936 

7.234418858 5.728343428 
7.303889201 5.622867131 

3.650589583 7.876564078 
3.737808096 8.223498263 

1.637751506 2.198484743 
1.644558192 2.289056919 

5.900313084 5.525730384 
5.72090147 5.638138153 

3.331683086 2.217263324 
3.433264655 2.064708329 

7.477680051 6.237574418 
7.531169223 6.216267949 

2.735630387 2.101351178 
2.706870407 2.259244071 

2.867517562 2.456909588 
2.706870407 2.259244071 

5.920981001 6.767451899 
5.730558883 6.670254084 

5.595694715 6.494054596 
5.730558883 6.670254084 

4.160952414 5.862741358 
4.81865184 5.968117887 

5.538029169 6.019819086 
4.81865184 5.968117887 

2.418589692 7.031585277 
2.398535602 7.218033223 

2.313525597 7.349601508 
2.398535602 7.218033223 

3.355685294 7.002629016 
3.368383623 7.224745385 

4.770782194 5.635288376 
4.81865184 5.968117887 

6.314748795 7.985512319 
6.227671243 8.013913152 

2.216852226 3.630701053 
1.997606979 3.454694164 

4.018719687 3.823722315 
4.252619005 3.606296516 

3.639466153 3.037331433 
3.632363055 3.233726944 

4.849887091 5.830150199 
4.81865184 5.968117887 

6.93553055 7.046312456 
7.060968081 6.929486392 

5.744523534 6.521397445 
5.730558883 6.670254084 

1.352841353 9.070800564 
1.367972537 9.178303406 

1.524171542 2.465746337 
1.506454803 2.606118734 

3.531799062 2.277958651 
3.707763133 2.330912155 

6.482830839 5.265105317 
6.734242067 5.122690887 

2.732716539 7.97783887 
2.520589422 7.943516717 

2.355041946 7.875747778 
2.520589422 7.943516717 

6.071569583 6.593154662 
5.970430827 6.608066494 

4.163589902 1.930417356 
3.981812118 1.875964931 

7.483253024 5.435940471 
7.359557807 5.577958319 

7.303889201 5.622867131 
7.359557807 5.577958319 

7.000342073 8.049416529 
7.059095207 7.884700991 

3.422885298 1.601186837 
3.318984985 1.450292548 

3.138218538 1.310023849 
3.318984985 1.450292548 

2.762397452 8.84101819 
2.866213146 8.693300035 

5.182803723 8.069301431 
5.255447194 8.149987744 

4.550231403 6.959618366 
4.30110139 6.973420226 

6.196014181 7.345893045 
6.403256607 7.26329326 

2.79322273 8.482533539 
2.866213146 8.693300035 

7.61835698 6.713419951 
7.650906965 6.868018523 

1.378105763 8.684734156 
1.511921607 8.403566915 

3.41872177 1.860219071 
3.433264655 2.064708329 

2.010089869 8.228298941 
1.89783516 8.457048252 

2.786113606 7.569358214 
2.793596393 7.458534311 

5.711010956 7.328630091 
5.688869992 7.579062515 

5.594332039 7.704377067 
5.688869992 7.579062515 

4.387297593 6.643006003 
4.136210527 6.74595837 

2.761697484 0.8364835402 
2.790779841 0.972868143 

1.378105763 8.684734156 
1.315034925 8.427844503 

2.191235863 9.186507052 
2.405542186 9.332881786 

2.636329649 9.483297169 
2.405542186 9.332881786 

2.357439583 1.338934893 
2.664401108 1.57230572 

2.966178701 1.737817979 
2.664401108 1.57230572 

6.229941225 6.742739021 
6.383955638 6.682364907 

5.037536307 6.576767052 
5.127425332 6.725378292 

5.37049241 6.720114503 
5.127425332 6.725378292 

5.262526254 7.70578808 
5.14376354 7.605135452 

2.2553357 0.6533683446 
2.074408061 0.7115969941 

1.947553888 6.870786735 
1.8331513 6.734278145 

0.5207996612 7.673962617 
0.5351939256 7.553928608 

0.3685138425 7.506307243 
0.5351939256 7.553928608 

1.623775175 3.270670205 
1.866628034 3.403363456 

1.997606979 3.454694164 
1.866628034 3.403363456 

3.368383623 7.224745385 
3.447525919 7.309643696 

3.223511421 2.919785654 
3.34292949 2.684795385 

3.509933039 2.635954029 
3.34292949 2.684795385 

3.536489951 8.335222621 
3.737808096 8.223498263 

3.09130681 6.321217663 
3.11781941 6.409891318 

2.383386311 2.901298945 
2.575645645 2.893419637 

2.733783541 2.849305665 
2.575645645 2.893419637 

4.786243798 7.507857436 
4.75762416 7.321193476 

1.659055113 7.005577308 
1.731652302 7.234634233 

1.872909547 7.438874392 
1.731652302 7.234634233 

4.849887091 5.830150199 
5.009361867 5.685610251 

5.164074029 5.421042304 
5.009361867 5.685610251 

2.887432551 2.271848837 
2.706870407 2.259244071 

1.322600968 7.722621616 
0.8475814612 7.987290185 

1.376698221 7.22390996 
1.150546843 7.150377193 

4.559610081 3.136773117 
4.670938595 3.120078723 

2.790779841 0.972868143 
2.87046345 0.886147134 

3.006174193 0.7907769665 
2.87046345 0.886147134 

3.401950633 0.3343088435 
3.272418701 0.3496978698 

0.9793806205 7.000090279 
0.9995730696 6.773097646 

1.91395888 1.697554214 
1.714527404 1.795531609 

1.527961971 1.755921822 
1.714527404 1.795531609 

6.886706976 5.385441986 
7.025393864 5.514726223 

3.956143203 2.555520292 
3.755207693 2.788002992 

3.639466153 3.037331433 
3.755207693 2.788002992 

5.730558883 6.670254084 
5.626817159 6.742615834 

1.657660403 7.886854752 
1.869318795 7.906734602 

0.5881913129 7.309030421 
0.7105133299 7.27790732 

0.8226422517 7.163256227 
0.7105133299 7.27790732 

1.613978566 1.403419446 
1.797199077 1.410586211 

1.930064486 1.502175345 
1.797199077 1.410586211 

1.725711943 7.343360407 
1.731652302 7.234634233 

3.183385746 1.897289682 
3.144372536 2.047981656 

3.158536716 2.173145658 
3.144372536 2.047981656 

4.30110139 6.973420226 
4.136210527 6.74595837 

1.045650799 6.377626169 
1.154171094 6.297791289 

1.112232102 8.046714286 
0.8475814612 7.987290185 

6.364646694 8.313882568 
6.287686205 8.117411553 

2.811972845 3.547913183 
2.733134122 3.60922735 

5.455603784 7.662090289 
5.262526254 7.70578808 

5.510385672 4.776822783 
5.60879655 4.598924187 

7.564904552 6.498217089 
7.477680051 6.237574418 

7.198844657 7.056210011 
6.93553055 7.046312456 

2.747823231 9.145573413 
2.650839374 9.145300287 

6.611423976 5.699216292 
6.929291295 5.668439896 

2.854859394 6.654371388 
2.644814085 6.640811065 

2.675739847 2.646921958 
2.575645645 2.893419637 

7.422756621 6.647217932 
7.564904552 6.498217089 

2.11344965 7.572789435 
2.275720735 7.507327315 

2.123954874 2.110064368 
1.930945432 1.989183463 

6.728272423 6.491805529 
6.861084781 6.720946071 

5.164074029 5.421042304 
5.062125364 5.173426818 

7.198844657 7.056210011 
7.083503753 7.180735494 

5.920981001 6.767451899 
5.970430827 6.608066494 

5.443252299 8.157071803 
5.354163876 8.145455259 

5.255447194 8.149987744 
5.354163876 8.145455259 

7.398151574 7.320786428 
7.244385393 7.455833252 

1.931402795 3.46847404 
1.997606979 3.454694164 

2.675739847 2.646921958 
2.461292322 2.536150969 

3.778554029 8.534522561 
3.622800004 8.49023264 

2.488733927 8.586946207 
2.630612297 8.720148631 

2.762397452 8.84101819 
2.630612297 8.720148631 

4.359380921 1.186288757 
4.351690228 1.04485026 

5.920981001 6.767451899 
5.768249679 6.877433708 

3.11781941 6.409891318 
3.197772202 6.428014128 

6.659798139 7.959725275 
6.882318565 7.978892791 

7.000342073 8.049416529 
6.882318565 7.978892791 

1.496178262 9.379375696 
1.367972537 9.178303406 

3.264095829 3.926101971 
3.462582352 3.609053689 

6.91235372 6.344104529 
6.95187058 6.61798984 

4.177770997 2.341784678 
4.560871999 2.049810623 

4.957207667 1.713866877 
4.560871999 2.049810623 

4.555442269 1.822072984 
4.672665284 1.692368511 

4.56072375 1.621249669 
4.672665284 1.692368511 

6.684347037 6.135539284 
6.626277364 6.279192672 

6.56878145 6.460467533 
6.626277364 6.279192672 

3.509933039 2.635954029 
3.720748894 2.612382564 

3.422885298 1.601186837 
3.627371079 1.606842518 

2.98480815 2.713008208 
3.070999083 2.661547858 

3.074737564 2.501507392 
3.070999083 2.661547858 

2.715348911 1.827991637 
2.664401108 1.57230572 

2.191235863 9.186507052 
2.070752949 9.082231757 

2.265932799 7.085569878 
2.398535602 7.218033223 

1.3586166 2.662944246 
1.56229874 2.681781098 

1.715719265 2.742937247 
1.56229874 2.681781098 

3.21988728 2.129217973 
3.28445542 2.120389031 

3.433264655 2.064708329 
3.28445542 2.120389031 

6.382928972 6.392805862 
6.56878145 6.460467533 

2.521955398 1.975740888 
2.155772528 1.698331934 

3.409945611 6.450186321 
3.256342102 6.43935002 

3.197772202 6.428014128 
3.256342102 6.43935002 

6.684347037 6.135539284 
6.976740626 5.899599911 

5.768249679 6.877433708 
5.685515851 6.891091152 

3.830464905 7.142489038 
3.980880602 7.446440828 

6.071569583 6.593154662 
6.176288031 6.524670669 

6.336235844 6.141527236 
6.382928972 6.392805862 

1.613978566 1.403419446 
1.868762157 1.500116883 

2.155772528 1.698331934 
1.868762157 1.500116883 

6.287686205 8.117411553 
6.189785406 8.108140318 

3.144372536 2.047981656 
3.21988728 2.129217973 

3.308693494 8.926616501 
3.171984623 8.626132481 

3.118419374 8.291449252 
3.171984623 8.626132481 

4.570839938 6.105111134 
4.81865184 5.968117887 

3.462582352 3.609053689 
3.376877399 3.710323714 

2.216852226 3.630701053 
2.355643684 3.401118135 

6.336235844 6.141527236 
6.233894194 6.069870251 

6.103994126 5.995331281 
6.233894194 6.069870251 

1.931402795 3.46847404 
1.866628034 3.403363456 

6.068888333 8.167859419 
6.144282144 8.07215155 

6.227671243 8.013913152 
6.144282144 8.07215155 

3.542243718 0.4420227404 
3.401950633 0.3343088435 

3.542243718 0.4420227404 
3.444518786 0.5786849333 

3.345517787 0.7074087242 
3.444518786 0.5786849333 

6.364646694 8.313882568 
6.549370114 8.239536757 

5.460509792 5.693995702 
5.253067453 6.019126459 

2.488733927 8.586946207 
2.31644888 8.526761644 

2.031332747 8.51612421 
2.31644888 8.526761644 

3.183385746 1.897289682 
3.035323306 1.558583903 

6.310889931 5.447681378 
6.313630576 5.649915342 

5.892120382 6.434055069 
5.701407776 6.246754157 

7.483253024 5.435940471 
7.223675521 5.654779509 

6.976740626 5.899599911 
7.223675521 5.654779509 

6.070110961 7.852550841 
6.227671243 8.013913152 

2.890324479 6.827614335 
2.921937206 7.014676261 

3.720748894 2.612382564 
3.613305281 2.51670449 

6.314748795 7.985512319 
6.287686205 8.117411553 

4.570839938 6.105111134 
4.604081075 6.309630204 

4.631531687 6.477111402 
4.604081075 6.309630204 

6.383955638 6.682364907 
6.418807332 6.840629943 

0.6943312252 7.590583753 
0.5364913319 7.896165017 

3.720748894 2.612382564 
3.755207693 2.788002992 

4.080059904 7.63218575 
4.201671662 7.435179032 

4.299258663 7.295943698 
4.201671662 7.435179032 

0.5364913319 7.896165017 
0.6440234645 7.988231996 

5.900313084 5.525730384 
5.954910172 5.7171557 

6.034677283 5.866150796 
5.954910172 5.7171557 

1.63482382 8.581668536 
1.378105763 8.684734156 

1.872909547 7.438874392 
2.11344965 7.572789435 

1.527961971 1.755921822 
1.744933085 1.89776935 

1.930945432 1.989183463 
1.744933085 1.89776935 

3.41872177 1.860219071 
3.569999807 1.761241461 

7.198844657 7.056210011 
7.334251567 7.024092266 

7.538068397 6.978365778 
7.334251567 7.024092266 

5.164074029 5.421042304 
5.285240654 5.547236711 

6.070110961 7.852550841 
6.144282144 8.07215155 

1.376698221 7.22390996 
1.283603387 7.35126534 

1.255832954 7.450563168 
1.283603387 7.35126534 

3.920915087 2.177323049 
3.707763133 2.330912155 

2.388859855 8.832459104 
2.600244411 8.899658044 

1.496178262 9.379375696 
1.364510164 9.267119988 

3.339385302 7.575102454 
3.55620894 7.50640679 

3.732042702 7.538742831 
3.55620894 7.50640679 

4.373328362 7.625109417 
4.201671662 7.435179032 

4.772089352 2.42821359 
4.867046993 2.476761933 

5.050927603 2.551599308 
4.867046993 2.476761933 

2.357439583 1.338934893 
2.307342782 1.472102598 

1.930064486 1.502175345 
1.868762157 1.500116883 

3.272418701 0.3496978698 
3.249539841 0.2265039034 

4.672665284 1.692368511 
4.727424507 1.819556781 

5.701407776 6.246754157 
5.803076107 6.186283837 

5.833353344 6.079942569 
5.803076107 6.186283837 

6.166724309 5.028016711 
6.02555854 4.815478996 

6.166724309 5.028016711 
6.112144867 5.186672759 

6.138512166 5.338598134 
6.112144867 5.186672759 

3.244260326 6.29102762 
3.170325561 6.205737414 

3.920915087 2.177323049 
3.897300143 2.03014914 

3.981812118 1.875964931 
3.897300143 2.03014914 

1.869864373 1.054839907 
1.742023345 1.158860947 

3.093870385 8.720977258 
3.171984623 8.626132481 

6.070110961 7.852550841 
6.210751724 7.582243437 

1.623775175 3.270670205 
1.774670062 3.06929188 

1.938550355 2.905375892 
1.774670062 3.06929188 

2.943829353 2.04118378 
3.144372536 2.047981656 

2.302048428 2.443113926 
2.353288708 2.352338888 

2.484992101 2.347798163 
2.353288708 2.352338888 

4.604081075 6.309630204 
4.732375183 6.308392323 

2.732716539 7.97783887 
2.564899324 7.826751924 

2.417328286 7.714052446 
2.564899324 7.826751924 

5.062125364 5.173426818 
4.830032665 5.1507857 

2.337806299 6.409735587 
2.291796373 6.278798168 

3.28445542 2.120389031 
3.331683086 2.217263324 

2.943829353 2.04118378 
3.022047491 2.22786672 

3.096071671 2.330078083 
3.022047491 2.22786672 

6.93553055 7.046312456 
7.021100261 7.084180421 

7.083503753 7.180735494 
7.021100261 7.084180421 

4.861078076 5.420684313 
4.756606101 5.367544003 

2.021733721 8.841106218 
2.070752949 9.082231757 

7.531169223 6.216267949 
7.576093004 6.254125682 

1.301053086 7.973201697 
1.444870217 7.916854994 

1.469538323 7.998190744 
1.444870217 7.916854994 

1.469740796 5.886926044 
1.646530473 6.056735794 

1.712066019 6.173088054 
1.646530473 6.056735794 

5.538029169 6.019819086 
5.354530312 6.201125841 

4.451507188 1.345367551 
4.308942223 1.565647122 

1.977260181 3.332905184 
1.866628034 3.403363456 

3.223511421 2.919785654 
3.070999083 2.661547858 

2.451077844 0.7260915936 
2.394510033 0.6918261221 

1.680310204 8.159622367 
1.858697259 8.194150968 

2.010089869 8.228298941 
1.858697259 8.194150968 

6.911937633 5.986509532 
6.976740626 5.899599911 

5.253067453 6.019126459 
5.354530312 6.201125841 

3.622800004 8.49023264 
3.56804139 8.427187956 

3.536489951 8.335222621 
3.56804139 8.427187956 

2.363504044 0.9069374829 
2.354229597 1.196534321 

2.357439583 1.338934893 
2.354229597 1.196534321 

3.004982386 9.089884645 
3.162603663 8.980328023 

3.747064878 0.87668621 
3.930848544 0.7694023413 

1.087060281 6.594666741 
1.045650799 6.377626169 

5.354530312 6.201125841 
5.182447243 6.226791796 

2.465206333 0.5422331472 
2.555825588 0.5167896751 

2.179936835 6.71280427 
2.019180921 6.794109828 

1.947553888 6.870786735 
2.019180921 6.794109828 

3.376877399 3.710323714 
3.52310141 3.846770383 

6.229941225 6.742739021 
6.176288031 6.524670669 

2.421290047 2.190300751 
2.449411519 2.0669181 

2.521955398 1.975740888 
2.449411519 2.0669181 

2.420034186 6.247566878 
2.327894019 6.249737849 

2.291796373 6.278798168 
2.327894019 6.249737849 

3.65004827 2.073618707 
3.897300143 2.03014914 

6.053911484 7.112704693 
5.966686575 7.126116405 

5.841645422 7.098887955 
5.966686575 7.126116405 

6.336235844 6.141527236 
6.429428904 5.989638138 

3.325154414 0.5207889408 
3.444518786 0.5786849333 

2.265932799 7.085569878 
2.18528284 7.144548793 

2.093114354 7.26985131 
2.18528284 7.144548793 

2.450656276 8.070162334 
2.520589422 7.943516717 

2.488733927 8.586946207 
2.654941961 8.502606359 

5.460509792 5.693995702 
5.72090147 5.638138153 

1.659055113 7.005577308 
1.683794468 7.459289101 

1.657660403 7.886854752 
1.683794468 7.459289101 

6.238810884 5.865877287 
6.034677283 5.866150796 

1.315034925 8.427844503 
1.386847164 8.275618473 

1.431427083 8.117760996 
1.386847164 8.275618473 

1.657660403 7.886854752 
1.759969796 7.61158787 

6.91235372 6.344104529 
6.626277364 6.279192672 

1.100375333 9.289417402 
1.276082898 9.23496122 

1.367972537 9.178303406 
1.276082898 9.23496122 

0.7415325176 8.830337493 
0.9312013336 8.733937715 

1.052963448 8.700453181 
0.9312013336 8.733937715 

1.543876959 2.058937601 
1.637751506 2.198484743 

6.684347037 6.135539284 
6.536414875 6.126620383 

1.742023345 1.158860947 
1.915255726 1.318813916 

2.733134122 3.60922735 
2.653586383 3.659686426 

7.060968081 6.929486392 
7.021100261 7.084180421 

3.339385302 7.575102454 
3.141056253 7.650604718 

2.904996507 7.762310795 
3.141056253 7.650604718 

1.89783516 8.457048252 
2.000537863 8.402214545 

2.031332747 8.51612421 
2.000537863 8.402214545 

3.103101715 7.034822559 
2.921937206 7.014676261 

4.756606101 5.367544003 
4.687912018 5.336559785 

3.422885298 1.601186837 
3.409894122 1.722276852 

3.41872177 1.860219071 
3.409894122 1.722276852 

5.009361867 5.685610251 
5.206632376 5.684220888 

5.25553694 7.209816635 
5.211065092 7.424025199 

5.14376354 7.605135452 
5.211065092 7.424025199 

6.313630576 5.649915342 
6.066920562 5.648472092 

5.083811103 2.128961621 
5.104159532 2.333866078 

1.586664416 7.517657295 
1.683794468 7.459289101 

3.035323306 1.558583903 
2.868660338 1.459615086 

4.770782194 5.635288376 
4.933529381 5.415074537 

3.757411218 3.98176067 
3.90976146 3.841745511 

4.018719687 3.823722315 
3.90976146 3.841745511 

5.920981001 6.767451899 
5.966686575 7.126116405 

3.918118743 1.586085503 
3.856787619 1.708662608 

1.626202196 6.652068251 
1.60120912 6.874562044 

1.659055113 7.005577308 
1.60120912 6.874562044 

1.301053086 7.973201697 
1.469538323 7.998190744 

1.872909547 7.438874392 
1.683794468 7.459289101 

1.872909547 7.438874392 
1.956523309 7.583648338 

4.687912018 5.336559785 
4.630948535 5.318534193 

1.255832954 7.450563168 
1.322600968 7.722621616 

1.804197297 6.028374287 
1.681512031 5.995179817 

1.469740796 5.886926044 
1.681512031 5.995179817 

4.933529381 5.415074537 
4.861078076 5.420684313 

6.042898519 6.269657168 
6.176288031 6.524670669 

2.155772528 1.698331934 
2.342254046 1.750474083 

6.613235923 6.679450834 
6.383955638 6.682364907 

1.040608639 7.636117145 
1.043181292 7.847025707 

1.112232102 8.046714286 
1.043181292 7.847025707 

2.52316959 9.108496147 
2.590936114 9.202872877 

2.650839374 9.145300287 
2.590936114 9.202872877 

5.726262172 7.026109527 
5.768249679 6.877433708 

2.785631747 6.467971497 
2.751394435 6.540427525 

6.91235372 6.344104529 
6.921811676 6.156973968 

6.911937633 5.986509532 
6.921811676 6.156973968 

5.08960791 5.931543128 
4.81865184 5.968117887 

6.923899317 7.824308825 
6.882318565 7.978892791 

2.051271261 8.05941675 
2.005887556 7.959385828 

2.601690532 5.867428129 
2.495915309 5.939600357 

2.467661493 6.01147906 
2.495915309 5.939600357 

2.887432551 2.271848837 
3.022047491 2.22786672 

3.830464905 7.142489038 
4.092205209 7.17917619 

4.299258663 7.295943698 
4.092205209 7.17917619 

1.956523309 7.583648338 
1.887179744 7.68394508 

2.654941961 8.502606359 
2.744156482 8.241433548 

0.8475814612 7.987290185 
0.8464045355 7.857425761 

4.451507188 1.345367551 
4.288951606 1.383810449 

4.115862768 1.449485013 
4.288951606 1.383810449 

5.910502393 6.559207706 
5.853819068 6.495072729 

5.744523534 6.521397445 
5.853819068 6.495072729 

3.974346627 3.087293059 
4.167673136 3.077382244 

4.344632894 3.142381076 
4.167673136 3.077382244 

2.179936835 6.71280427 
1.973449974 6.729513916 

1.8331513 6.734278145 
1.973449974 6.729513916 

1.725711943 7.343360407 
1.683794468 7.459289101 

1.586664416 7.517657295 
1.641706297 7.374204587 

1.725711943 7.343360407 
1.641706297 7.374204587 

2.216852226 3.630701053 
2.098314953 3.492143583 

2.490261132 3.844901439 
2.42374721 3.678419476 

2.11344965 7.572789435 
1.956523309 7.583648338 

6.403256607 7.26329326 
6.508284696 7.367525183 

6.601452421 7.456826849 
6.508284696 7.367525183 

1.543876959 2.058937601 
1.586588991 1.91165288 

5.618183629 4.972498904 
5.662275274 4.836731395 

3.158536716 2.173145658 
3.022047491 2.22786672 

6.279581735 4.699303679 
6.326868209 4.856951243 

7.173279098 5.93037733 
6.976740626 5.899599911 

6.734242067 5.122690887 
6.935258173 5.155414929 

5.803076107 6.186283837 
5.892120382 6.434055069 

7.398151574 7.320786428 
7.440700922 6.897407991 

7.564904552 6.498217089 
7.440700922 6.897407991 

0.6943312252 7.590583753 
0.5351939256 7.553928608 

6.042898519 6.269657168 
6.233894194 6.069870251 

2.645561706 7.312668606 
2.717264479 7.393492743 

2.793596393 7.458534311 
2.717264479 7.393492743 

2.831752067 1.567499626 
2.750376929 1.6136066 

4.957207667 1.713866877 
4.801551262 1.753675296 

4.672665284 1.692368511 
4.801551262 1.753675296 

1.100375333 9.289417402 
1.253170717 9.335177358 

1.364510164 9.267119988 
1.253170717 9.335177358 

3.65004827 2.073618707 
3.920915087 2.177323049 

2.675739847 2.646921958 
2.539100736 2.792533785 

2.383386311 2.901298945 
2.539100736 2.792533785 

2.966178701 1.737817979 
2.750376929 1.6136066 

3.355685294 7.002629016 
3.376317266 6.735601695 

7.688870351 6.108365293 
7.604930416 6.181008889 

7.576093004 6.254125682 
7.604930416 6.181008889 

7.422756621 6.647217932 
7.61835698 6.713419951 

3.778554029 8.534522561 
3.582713789 8.303600893 

3.355058174 7.937158671 
3.582713789 8.303600893 

1.714527404 1.795531609 
1.744933085 1.89776935 

4.631531687 6.477111402 
4.827824688 6.428845011 

4.982994571 6.351595955 
4.827824688 6.428845011 

2.019648188 2.579347513 
2.078297303 2.440363809 

2.156381178 2.30871652 
2.078297303 2.440363809 

5.892120382 6.434055069 
5.853819068 6.495072729 

2.363504044 0.9069374829 
2.563843679 0.9516152451 

5.25553694 7.209816635 
5.056997564 7.286027443 

3.569999807 1.761241461 
3.409894122 1.722276852 

7.173279098 5.93037733 
7.070889722 5.762613224 

6.929291295 5.668439896 
7.070889722 5.762613224 

6.886706976 5.385441986 
6.999894238 5.2681378 

1.742023345 1.158860947 
1.719040742 1.283896761 

1.613978566 1.403419446 
1.719040742 1.283896761 

5.576152799 5.384242081 
5.655000036 5.570323472 

5.72090147 5.638138153 
5.655000036 5.570323472 

1.241784493 8.761051165 
1.192690172 9.001338994 

6.042898519 6.269657168 
6.035780811 6.498414262 

5.970430827 6.608066494 
6.035780811 6.498414262 

4.462404129 5.284650229 
4.563870036 5.297923466 

4.630948535 5.318534193 
4.563870036 5.297923466 

2.380832833 8.315612339 
2.31644888 8.526761644 

2.074408061 0.7115969941 
2.02774489 0.8067527595 

5.595694715 6.494054596 
5.490269027 6.576326276 

5.37049241 6.720114503 
5.490269027 6.576326276 

4.373328362 7.625109417 
4.67546638 7.822738529 

5.001647495 8.021459089 
4.67546638 7.822738529 

1.759969796 7.61158787 
1.956523309 7.583648338 

2.591164207 7.605958395 
2.730462523 7.682396609 

2.904996507 7.762310795 
2.730462523 7.682396609 

1.796586323 2.186753973 
1.930945432 1.989183463 

2.914305934 7.220180425 
2.716374387 7.133599805 

4.90000693 1.988398451 
4.727424507 1.819556781 

2.17555144 3.331190036 
1.977260181 3.332905184 

0.3326647504 8.148317101 
0.4449508059 8.031534863 

0.5364913319 7.896165017 
0.4449508059 8.031534863 

2.337806299 6.409735587 
2.327894019 6.249737849 

4.90000693 1.988398451 
4.923792166 1.855003822 

4.957207667 1.713866877 
4.923792166 1.855003822 

2.337806299 6.409735587 
2.144213747 6.377397482 

1.992583986 6.338058544 
2.144213747 6.377397482 

4.975777245 7.656531936 
5.142749738 7.898589313 

6.229941225 6.742739021 
6.280573738 6.602629238 

6.382928972 6.392805862 
6.280573738 6.602629238 

4.388958517 2.864250079 
4.274493329 2.794130669 

4.126733651 2.859607884 
4.274493329 2.794130669 

6.035780811 6.498414262 
6.071569583 6.593154662 

6.999894238 5.2681378 
7.094157812 5.370573135 

3.183385746 1.897289682 
3.299124671 1.992341232 

3.433264655 2.064708329 
3.299124671 1.992341232 

6.238810884 5.865877287 
6.1505039 5.86596476 

6.103994126 5.995331281 
6.1505039 5.86596476 

3.582713789 8.303600893 
3.536489951 8.335222621 

2.200245357 7.700745925 
2.275720735 7.507327315 

2.147560011 8.39800943 
2.219350629 8.191849748 

2.244683808 8.077542156 
2.219350629 8.191849748 

5.285240654 5.547236711 
5.206632376 5.684220888 

2.555825588 0.5167896751 
2.570146531 0.4108246382 

3.074737564 2.501507392 
3.136930748 2.671359426 

6.066920562 5.648472092 
5.954910172 5.7171557 

2.191235863 9.186507052 
1.981398606 9.224817464 

2.716374387 7.133599805 
2.615936808 7.062621803 

7.440700922 6.897407991 
7.334251567 7.024092266 

2.216852226 3.630701053 
2.327844459 3.643122812 

2.42374721 3.678419476 
2.327844459 3.643122812 

4.351690228 1.04485026 
4.371136859 0.9648546511 

3.650589583 7.876564078 
3.508543639 7.967438016 

3.355058174 7.937158671 
3.508543639 7.967438016 

6.068888333 8.167859419 
6.130628328 8.145027865 

6.189785406 8.108140318 
6.130628328 8.145027865 

7.538068397 6.978365778 
7.456836946 6.800648287 

7.422756621 6.647217932 
7.456836946 6.800648287 

2.051161705 7.667790488 
2.200245357 7.700745925 

2.653586383 3.659686426 
2.608430936 3.730279897 

0.7751492898 8.131430965 
0.5578416912 8.150020497 

6.210751724 7.582243437 
6.179894548 7.48596111 

6.196014181 7.345893045 
6.179894548 7.48596111 

2.307342782 1.472102598 
2.358908535 1.590847405 

2.342254046 1.750474083 
2.358908535 1.590847405 

1.624659572 8.293891128 
1.647344084 8.462367226 

1.63482382 8.581668536 
1.647344084 8.462367226 

5.595694715 6.494054596 
5.701407776 6.246754157 

5.595694715 6.494054596 
5.728770163 6.404872238 

5.892120382 6.434055069 
5.728770163 6.404872238 

3.447525919 7.309643696 
3.398050485 7.415656664 

3.339385302 7.575102454 
3.398050485 7.415656664 

1.527961971 1.755921822 
1.690705515 1.968326644 

5.285240654 5.547236711 
5.383016935 5.60272968 

5.460509792 5.693995702 
5.383016935 5.60272968 

3.981812118 1.875964931 
3.856787619 1.708662608 

3.006174193 0.7907769665 
3.120427203 0.823674699 

3.230554858 0.923722689 
3.120427203 0.823674699 

6.91235372 6.344104529 
7.040698572 6.300013895 

7.199418817 6.309084819 
7.040698572 6.300013895 

2.490261132 3.844901439 
2.555562895 3.77826227 

2.608430936 3.730279897 
2.555562895 3.77826227 

3.956143203 2.555520292 
3.814408322 2.588146137 

3.720748894 2.612382564 
3.814408322 2.588146137 

1.659055113 7.005577308 
1.796619201 6.929902239 

1.947553888 6.870786735 
1.796619201 6.929902239 

3.747064878 0.87668621 
3.597061779 0.9649823791 

0.5578416912 8.150020497 
0.4191019234 8.23810017 

3.486931104 3.222802729 
3.49034521 3.437664105 

3.462582352 3.609053689 
3.49034521 3.437664105 

2.418589692 7.031585277 
2.593698096 7.16548295 

2.645561706 7.312668606 
2.593698096 7.16548295 

4.570839938 6.105111134 
4.45200137 6.095142787 

4.361534961 6.0848255 
4.45200137 6.095142787 

2.950533204 2.901483482 
3.046052393 3.07967338 

3.131022075 3.281482402 
3.046052393 3.07967338 

3.308693494 8.926616501 
3.188728489 8.827552157 

3.093870385 8.720977258 
3.188728489 8.827552157 

0.9902939216 7.445066032 
1.192003016 7.585515419 

1.322600968 7.722621616 
1.192003016 7.585515419 

2.337806299 6.409735587 
2.232601798 6.523111175 

2.675739847 2.646921958 
2.678296613 2.900598681 

2.380832833 8.315612339 
2.219350629 8.191849748 

2.987898943 1.312605548 
2.969039649 1.386758983 

4.50534388 2.40104001 
4.587713712 2.59478419 

2.615936808 7.062621803 
2.542472045 7.062893338 

2.418589692 7.031585277 
2.542472045 7.062893338 

1.040608639 7.636117145 
1.192003016 7.585515419 

1.315034925 8.427844503 
1.419696251 8.407587243 

1.511921607 8.403566915 
1.419696251 8.407587243 

3.223511421 2.919785654 
3.046052393 3.07967338 

3.136930748 2.671359426 
3.18696993 2.748135125 

7.209028276 5.199434842 
7.049019824 5.137317949 

6.935258173 5.155414929 
7.049019824 5.137317949 

0.9902939216 7.445066032 
0.8506312707 7.519545793 

0.6943312252 7.590583753 
0.8506312707 7.519545793 

3.31386463 2.387732023 
3.34292949 2.684795385 

5.744523534 6.521397445 
5.728770163 6.404872238 

4.801551262 1.753675296 
4.727424507 1.819556781 

2.035491382 5.918272872 
2.162527089 5.963589954 

2.195263376 6.031028633 
2.162527089 5.963589954 

7.538068397 6.978365778 
7.440700922 6.897407991 

1.91395888 1.697554214 
2.030160168 1.738772151 

2.155772528 1.698331934 
2.030160168 1.738772151 

3.981812118 1.875964931 
3.862823436 1.852969577 

3.754226143 1.833885305 
3.862823436 1.852969577 

2.191235863 9.186507052 
2.175582093 9.008786206 

2.021733721 8.841106218 
2.175582093 9.008786206 

2.337806299 6.409735587 
2.420034186 6.247566878 

1.623775175 3.270670205 
1.790659331 3.368433341 

1.931402795 3.46847404 
1.790659331 3.368433341 

2.678296613 2.900598681 
2.733783541 2.849305665 

6.95187058 6.61798984 
7.119254874 6.586641637 

7.254251212 6.511417559 
7.119254874 6.586641637 

4.556024832 7.307906165 
4.641777307 7.30233224 

4.75762416 7.321193476 
4.641777307 7.30233224 

6.429428904 5.989638138 
6.526452147 6.039976439 

6.536414875 6.126620383 
6.526452147 6.039976439 

2.019714691 7.030899134 
2.18528284 7.144548793 

1.245291366 6.218793498 
1.163025739 6.408941429 

1.087060281 6.594666741 
1.163025739 6.408941429 

0.7829332553 6.562382942 
0.7975114339 6.482094276 

2.019714691 7.030899134 
2.038146462 7.137890132 

2.093114354 7.26985131 
2.038146462 7.137890132 

3.103101715 7.034822559 
3.028195785 6.907664324 

5.60879655 4.598924187 
5.780211921 4.66282769 

5.889948345 4.734515309 
5.780211921 4.66282769 

4.198301524 6.241554311 
4.361534961 6.0848255 

4.371136859 0.9648546511 
4.407777879 0.9102176999 

1.657660403 7.886854752 
1.444870217 7.916854994 

0.3326647504 8.148317101 
0.5688434221 8.074975394 

0.8475814612 7.987290185 
0.5688434221 8.074975394 

2.147560011 8.39800943 
2.000537863 8.402214545 

6.071569583 6.593154662 
6.164156388 6.6562306 

6.229941225 6.742739021 
6.164156388 6.6562306 

2.461292322 2.536150969 
2.484992101 2.347798163 

2.654941961 8.502606359 
2.709364219 8.472345617 

2.79322273 8.482533539 
2.709364219 8.472345617 

1.245291366 6.218793498 
1.115037204 6.117916679 

2.450656276 8.070162334 
2.577167718 8.025311116 

2.732716539 7.97783887 
2.577167718 8.025311116 

4.670938595 3.120078723 
4.388958517 2.864250079 

4.882503258 2.931080305 
4.755299688 2.966739604 

2.564899324 7.826751924 
2.591164207 7.605958395 

6.066920562 5.648472092 
5.984340328 5.590095078 

1.376698221 7.22390996 
1.478794369 7.383617294 

1.586664416 7.517657295 
1.478794369 7.383617294 

4.982994571 6.351595955 
5.182447243 6.226791796 

2.761697484 0.8364835402 
2.87046345 0.886147134 

7.564904552 6.498217089 
7.516661403 6.013562195 

2.115342078 7.436960868 
2.086749635 7.514492787 

2.11344965 7.572789435 
2.086749635 7.514492787 

5.954910172 5.7171557 
5.984340328 5.590095078 

4.555442269 1.822072984 
4.356817925 1.875184263 

4.163589902 1.930417356 
4.356817925 1.875184263 

5.192933354 6.426208303 
5.193455683 6.316013614 

5.182447243 6.226791796 
5.193455683 6.316013614 

4.136197455 0.5713277556 
4.014892622 0.6802393653 

3.930848544 0.7694023413 
4.014892622 0.6802393653 

1.527961971 1.755921822 
1.548097614 1.832519289 

1.586588991 1.91165288 
1.548097614 1.832519289 

1.859935616 8.840154129 
1.759583187 8.709072207 

1.63482382 8.581668536 
1.759583187 8.709072207 

1.32472267 6.587343496 
1.442689274 6.642865622 

5.711010956 7.328630091 
5.745905824 7.476230887 

2.175582093 9.008786206 
2.388859855 8.832459104 

6.553955067 6.94599525 
6.676106432 6.838472022 

6.762744401 6.76543867 
6.676106432 6.838472022 

4.755299688 2.966739604 
4.66478372 2.956341204 

2.070752949 9.082231757 
2.175582093 9.008786206 

1.626202196 6.652068251 
1.661653606 6.536407506 

1.672767788 6.370602824 
1.661653606 6.536407506 

6.499053467 5.002910371 
6.444179036 4.911718235 

6.326868209 4.856951243 
6.444179036 4.911718235 

5.062125364 5.173426818 
4.979135499 5.299883297 

4.933529381 5.415074537 
4.979135499 5.299883297 

5.688869992 7.579062515 
5.745905824 7.476230887 

0.4215231659 6.739933826 
0.5568023245 6.80912287 

0.7306770005 6.943814147 
0.5568023245 6.80912287 

7.059095207 7.884700991 
6.923899317 7.824308825 

7.059095207 7.884700991 
7.197182313 7.843792952 

7.314825188 7.781073267 
7.197182313 7.843792952 

1.245291366 6.218793498 
1.395593119 6.100130725 

5.192933354 6.426208303 
5.197704383 6.562019376 

1.253170717 9.335177358 
1.276082898 9.23496122 

1.872909547 7.438874392 
1.88554758 7.55538759 

1.887179744 7.68394508 
1.88554758 7.55538759 

2.421290047 2.190300751 
2.353288708 2.352338888 

5.001647495 8.021459089 
5.06827287 8.104392361 

1.956523309 7.583648338 
1.88554758 7.55538759 

2.418589692 7.031585277 
2.653883105 6.927064944 

2.890324479 6.827614335 
2.653883105 6.927064944 

6.280573738 6.602629238 
6.176288031 6.524670669 

2.380832833 8.315612339 
2.408959468 8.448509841 

2.488733927 8.586946207 
2.408959468 8.448509841 

3.223511421 2.919785654 
2.950533204 2.901483482 

3.223511421 2.919785654 
3.223763648 2.809900916 

3.18696993 2.748135125 
3.223763648 2.809900916 

5.711010956 7.328630091 
5.56210524 7.512064847 

5.455603784 7.662090289 
5.56210524 7.512064847 

1.646530473 6.056735794 
1.681512031 5.995179817 

3.249539841 0.2265039034 
3.318907951 0.3081838144 

3.401950633 0.3343088435 
3.318907951 0.3081838144 

2.421290047 2.190300751 
2.290318837 2.16902645 

2.123954874 2.110064368 
2.290318837 2.16902645 

4.849887091 5.830150199 
4.957566591 5.85490873 

5.08960791 5.931543128 
4.957566591 5.85490873 

1.154171094 6.297791289 
1.130650422 6.251217412 

1.637751506 2.198484743 
1.506203917 2.256028654 

4.482116353 0.8282195016 
4.446415288 0.8739296949 

4.407777879 0.9102176999 
4.446415288 0.8739296949 

0.7975114339 6.482094276 
0.7860573224 6.43238627 

2.992075522 3.417639756 
3.211692261 3.514755792 

4.361534961 6.0848255 
4.291230177 5.989959522 

1.130650422 6.251217412 
1.136941775 6.227677768 

3.41872177 1.860219071 
3.299124671 1.992341232 

5.60879655 4.598924187 
5.647113581 4.733365873 

5.662275274 4.836731395 
5.647113581 4.733365873 

3.409945611 6.450186321 
3.308151511 6.382865035 

3.244260326 6.29102762 
3.308151511 6.382865035 

6.999894238 5.2681378 
7.049019824 5.137317949 

1.040608639 7.636117145 
0.8506312707 7.519545793 

2.265487835 5.831965649 
2.412265672 5.875682661 

0.7751492898 8.131430965 
0.8475814612 7.987290185 

1.657660403 7.886854752 
1.55181736 7.996776353 

1.431427083 8.117760996 
1.55181736 7.996776353 

6.549370114 8.239536757 
6.62226574 8.207583574 

6.667520189 8.250443209 
6.62226574 8.207583574 

4.732375183 6.308392323 
4.827824688 6.428845011 

1.30683085 2.3012555 
1.426470299 2.284790577 

1.506203917 2.256028654 
1.426470299 2.284790577 

5.768249679 6.877433708 
5.624191874 6.925836997 

5.493987095 7.013439052 
5.624191874 6.925836997 

1.442689274 6.642865622 
1.60120912 6.874562044 

4.299258663 7.295943698 
4.310286853 7.159299882 

2.914305934 7.220180425 
2.922414579 7.096178511 

2.921937206 7.014676261 
2.922414579 7.096178511 

3.136930748 2.671359426 
3.070999083 2.661547858 

1.442689274 6.642865622 
1.528641625 6.646146172 

1.626202196 6.652068251 
1.528641625 6.646146172 

6.035780811 6.498414262 
6.176288031 6.524670669 

5.127425332 6.725378292 
5.166896489 6.658408684 

5.197704383 6.562019376 
5.166896489 6.658408684 

4.631531687 6.477111402 
4.707228299 6.643987671 

6.164156388 6.6562306 
6.280573738 6.602629238 

3.006174193 0.7907769665 
2.831964289 0.6128167866 

1.866628034 3.403363456 
1.790659331 3.368433341 

1.469740796 5.886926044 
1.485030257 6.006878311 

1.395593119 6.100130725 
1.485030257 6.006878311 

6.238810884 5.865877287 
6.245792242 5.751775107 

6.313630576 5.649915342 
6.245792242 5.751775107 

5.182803723 8.069301431 
5.134159874 8.085482778 

7.538068397 6.978365778 
7.575046912 6.908125749 

3.050367939 6.088174772 
3.125600398 6.15492066 

3.170325561 6.205737414 
3.125600398 6.15492066 

1.982364281 6.114743345 
2.035491382 5.918272872 

2.412265672 5.875682661 
2.483457849 5.863487957 

7.205973372 7.550851272 
7.169732626 7.505292929 

7.244385393 7.455833252 
7.169732626 7.505292929 

4.30110139 6.973420226 
4.284029439 7.090707204 

4.310286853 7.159299882 
4.284029439 7.090707204 

5.037536307 6.576767052 
5.197704383 6.562019376 

4.004031899 1.419484004 
3.957121617 1.509679427 

3.918118743 1.586085503 
3.957121617 1.509679427 

6.280573738 6.602629238 
6.383955638 6.682364907 

5.910502393 6.559207706 
5.940167293 6.495645217 

6.035780811 6.498414262 
5.940167293 6.495645217 

2.636257743 3.18322213 
2.68914643 3.023283373 

2.678296613 2.900598681 
2.68914643 3.023283373 

2.449411519 2.0669181 
2.290318837 2.16902645 

2.051161705 7.667790488 
2.104763239 7.68038565 

2.132904721 7.780189075 
2.104763239 7.68038565 

7.564904552 6.498217089 
7.576093004 6.254125682 

5.460509792 5.693995702 
5.335032546 5.709373665 

5.206632376 5.684220888 
5.335032546 5.709373665 

2.750376929 1.6136066 
2.664401108 1.57230572 

2.051271261 8.05941675 
2.193569164 7.966714328 

2.355041946 7.875747778 
2.193569164 7.966714328 

3.577676029 0.7959052076 
3.597061779 0.9649823791 

4.982994571 6.351595955 
5.011595001 6.481193057 

5.037536307 6.576767052 
5.011595001 6.481193057 

2.831964289 0.6128167866 
2.760873913 0.5235375906 

2.675652482 0.4489099127 
2.760873913 0.5235375906 

0.5881913129 7.309030421 
0.5146852994 7.384339782 

0.3685138425 7.506307243 
0.5146852994 7.384339782 

4.160952414 5.862741358 
4.245898445 5.936756676 

4.291230177 5.989959522 
4.245898445 5.936756676 

3.035323306 1.558583903 
2.969039649 1.386758983 

2.358908535 1.590847405 
2.591682649 1.641306634 

6.659798139 7.959725275 
6.809280347 7.881774959 

6.923899317 7.824308825 
6.809280347 7.881774959 

6.882318565 7.978892791 
6.809280347 7.881774959 

3.223511421 2.919785654 
3.10003753 2.852817549 

2.98480815 2.713008208 
3.10003753 2.852817549 

4.66478372 2.956341204 
4.672013607 3.018528769 

3.531799062 2.277958651 
3.433264655 2.064708329 

6.911937633 5.986509532 
7.035507165 5.955756284 

5.576152799 5.384242081 
5.422608247 5.461140286 

5.285240654 5.547236711 
5.422608247 5.461140286 

4.30110139 6.973420226 
4.445457596 7.140686863 

3.531799062 2.277958651 
3.440999414 2.214616055 

3.331683086 2.217263324 
3.440999414 2.214616055 

4.388958517 2.864250079 
4.360124737 2.967002178 

3.778554029 8.534522561 
3.44187993 8.436655758 

3.118419374 8.291449252 
3.44187993 8.436655758 

5.894045016 7.552692965 
6.179894548 7.48596111 

5.894045016 7.552692965 
5.767151912 7.571615267 

5.688869992 7.579062515 
5.767151912 7.571615267 

1.3586166 2.662944246 
1.44410433 2.650042819 

1.506454803 2.606118734 
1.44410433 2.650042819 

2.751394435 6.540427525 
2.715343797 6.569263872 

6.034677283 5.866150796 
6.1505039 5.86596476 

1.749476952 9.30613097 
1.852367729 9.247659024 

1.981398606 9.224817464 
1.852367729 9.247659024 

2.664401108 1.57230572 
2.591682649 1.641306634 

1.352841353 9.070800564 
1.192690172 9.001338994 

7.083503753 7.180735494 
7.081788792 7.063516882 

7.060968081 6.929486392 
7.081788792 7.063516882 

4.548875129 3.376691543 
4.400907489 3.451530351 

4.252619005 3.606296516 
4.400907489 3.451530351 

2.887432551 2.271848837 
2.828689833 2.173100722 

2.735630387 2.101351178 
2.828689833 2.173100722 

6.921811676 6.156973968 
7.040698572 6.300013895 

6.921811676 6.156973968 
6.798544394 6.126725968 

6.684347037 6.135539284 
6.798544394 6.126725968 

6.976740626 5.899599911 
7.035507165 5.955756284 

6.999894238 5.2681378 
7.080646453 5.2120943 

2.636329649 9.483297169 
2.61158508 9.342745891 

2.590936114 9.202872877 
2.61158508 9.342745891 

4.526698696 5.756538584 
4.245898445 5.936756676 

3.141056253 7.650604718 
2.99855416 7.920931332 

3.081013411 0.3068529607 
3.154585798 0.2355065637 

3.249539841 0.2265039034 
3.154585798 0.2355065637 

4.482116353 0.8282195016 
4.294540834 0.8938370467 

2.680739691 3.398020581 
2.653586383 3.659686426 

3.773255965 1.367317276 
4.004031899 1.419484004 

4.079563985 0.9699632506 
4.18585241 0.9324835731 

4.294540834 0.8938370467 
4.18585241 0.9324835731 

3.773255965 1.367317276 
3.699938818 1.497644729 

3.627371079 1.606842518 
3.699938818 1.497644729 

7.564904552 6.498217089 
7.607101699 6.318443419 

7.607101699 6.318443419 
7.657682498 6.218413108 

7.688870351 6.108365293 
7.657682498 6.218413108 

3.10003753 2.852817549 
2.950533204 2.901483482 

2.653883105 6.927064944 
2.615936808 7.062621803 

3.409945611 6.450186321 
3.421296555 6.615993451 

3.542243718 0.4420227404 
3.423520238 0.4767718473 

3.325154414 0.5207889408 
3.423520238 0.4767718473 

3.632363055 3.233726944 
3.566670056 3.257051535 

2.675652482 0.4489099127 
2.626487889 0.4387542517 

6.95187058 6.61798984 
6.86904485 6.558561166 

6.728272423 6.491805529 
6.86904485 6.558561166 

7.538068397 6.978365778 
7.464997948 7.145635276 

4.827824688 6.428845011 
5.011595001 6.481193057 

1.136941775 6.227677768 
1.140362431 6.198593418 

5.940167293 6.495645217 
5.892120382 6.434055069 

3.486931104 3.222802729 
3.52352388 3.261333506 

3.566670056 3.257051535 
3.52352388 3.261333506 

2.943829353 2.04118378 
2.828689833 2.173100722 

6.611423976 5.699216292 
6.53861963 5.816284992 

6.429428904 5.989638138 
6.53861963 5.816284992 

3.788979627 8.418204256 
3.75394888 8.319083621 

3.737808096 8.223498263 
3.75394888 8.319083621 

1.915255726 1.318813916 
1.797199077 1.410586211 

3.385138263 8.382061759 
3.44187993 8.436655758 

1.759969796 7.61158787 
1.815520864 7.509749721 

1.872909547 7.438874392 
1.815520864 7.509749721 

5.009361867 5.685610251 
4.957566591 5.85490873 

1.938550355 2.905375892 
1.97018195 2.729928851 

2.019648188 2.579347513 
1.97018195 2.729928851 

4.556024832 7.307906165 
4.518366996 7.208758796 

4.445457596 7.140686863 
4.518366996 7.208758796 

1.444870217 7.916854994 
1.55181736 7.996776353 

5.25553694 7.209816635 
5.372850339 7.11626284 

5.493987095 7.013439052 
5.372850339 7.11626284 

2.790779841 0.972868143 
2.683935201 0.9699564824 

2.563843679 0.9516152451 
2.683935201 0.9699564824 

2.337806299 6.409735587 
2.148675014 6.271744283 

1.982364281 6.114743345 
2.148675014 6.271744283 

4.136210527 6.74595837 
4.017143809 6.777672398 

3.162603663 8.980328023 
3.230392169 8.960965894 

1.100375333 9.289417402 
1.155556481 9.14063932 

1.192690172 9.001338994 
1.155556481 9.14063932 

2.601690532 5.867428129 
2.527990232 5.835282008 

2.483457849 5.863487957 
2.527990232 5.835282008 

3.299124671 1.992341232 
3.21988728 2.129217973 

1.680310204 8.159622367 
1.55181736 7.996776353 

4.308942223 1.565647122 
4.289221678 1.479789053 

4.288951606 1.383810449 
4.289221678 1.479789053 

1.140362431 6.198593418 
1.140968496 6.169695758 

2.732716539 7.97783887 
2.807687292 7.861926474 

2.904996507 7.762310795 
2.807687292 7.861926474 

5.104159532 2.333866078 
5.077789008 2.442828243 

5.050927603 2.551599308 
5.077789008 2.442828243 

1.977260181 3.332905184 
1.997606979 3.454694164 

2.490261132 3.844901439 
2.544450245 3.746682499 

2.586405844 3.622538978 
2.544450245 3.746682499 

3.004982386 9.089884645 
2.877805208 9.104896334 

2.747823231 9.145573413 
2.877805208 9.104896334 

0.9793806205 7.000090279 
1.150546843 7.150377193 

2.380832833 8.315612339 
2.257419198 8.337917717 

2.147560011 8.39800943 
2.257419198 8.337917717 

2.706870407 2.259244071 
2.828689833 2.173100722 

2.890324479 6.827614335 
2.95603111 6.870755011 

3.028195785 6.907664324 
2.95603111 6.870755011 

7.607101699 6.318443419 
7.576093004 6.254125682 

6.382928972 6.392805862 
6.286096135 6.481165994 

6.176288031 6.524670669 
6.286096135 6.481165994 

4.526698696 5.756538584 
4.347572875 5.808627492 

4.160952414 5.862741358 
4.347572875 5.808627492 

3.732042702 7.538742831 
3.784817975 7.354621393 

3.830464905 7.142489038 
3.784817975 7.354621393 

2.593698096 7.16548295 
2.615936808 7.062621803 

7.080646453 5.2120943 
7.135542925 5.191972874 

3.639466153 3.037331433 
3.486931104 3.222802729 

3.299124671 1.992341232 
3.28445542 2.120389031 

3.974346627 3.087293059 
3.846150453 3.058777225 

6.553955067 6.94599525 
6.574638013 6.807779967 

6.613235923 6.679450834 
6.574638013 6.807779967 

4.550231403 6.959618366 
4.445457596 7.140686863 

5.894045016 7.552692965 
5.810944685 7.520236673 

5.745905824 7.476230887 
5.810944685 7.520236673 

1.859935616 8.840154129 
1.954554668 8.960622526 

2.070752949 9.082231757 
1.954554668 8.960622526 

1.56229874 2.681781098 
1.506454803 2.606118734 

3.639466153 3.037331433 
3.74964 3.053514625 

3.846150453 3.058777225 
3.74964 3.053514625 

1.88554758 7.55538759 
1.815520864 7.509749721 

5.354530312 6.201125841 
5.193455683 6.316013614 

6.659798139 7.959725275 
6.501426931 7.970908766 

6.314748795 7.985512319 
6.501426931 7.970908766 

5.056997564 7.286027443 
5.211065092 7.424025199 

6.499053467 5.002910371 
6.490310064 5.132452352 

6.482830839 5.265105317 
6.490310064 5.132452352 

2.570146531 0.4108246382 
2.59831721 0.424789445 

2.626487889 0.4387542517 
2.59831721 0.424789445 

2.461292322 2.536150969 
2.37063779 2.459674394 

2.302048428 2.443113926 
2.37063779 2.459674394 

2.02774489 0.8067527595 
1.966267334 0.7620391008 

3.422885298 1.601186837 
3.515688731 1.677339572 

3.569999807 1.761241461 
3.515688731 1.677339572 

7.049019824 5.137317949 
7.080646453 5.2120943 

6.86904485 6.558561166 
6.839393541 6.630649404 

6.861084781 6.720946071 
6.839393541 6.630649404 

1.322600968 7.722621616 
1.444870217 7.916854994 

1.040608639 7.636117145 
0.9382977725 7.699492193 

0.8464045355 7.857425761 
0.9382977725 7.699492193 

3.88330086 6.787783369 
3.991459224 6.99167748 

1.749476952 9.30613097 
1.620072181 9.321835754 

4.092205209 7.17917619 
4.310286853 7.159299882 

3.131022075 3.281482402 
3.057815734 3.344318032 

1.485030257 6.006878311 
1.646530473 6.056735794 

3.65004827 2.073618707 
3.57113715 2.148475354 

2.868660338 1.459615086 
2.664401108 1.57230572 

2.969039649 1.386758983 
2.90638793 1.409427585 

2.408959468 8.448509841 
2.31644888 8.526761644 

6.574638013 6.807779967 
6.418807332 6.840629943 

7.516661403 6.013562195 
7.495391575 5.757097014 

7.398151574 7.320786428 
7.456043545 7.240639214 

7.464997948 7.145635276 
7.456043545 7.240639214 

2.357439583 1.338934893 
2.254823786 1.516001532 

2.155772528 1.698331934 
2.254823786 1.516001532 

1.620072181 9.321835754 
1.555312566 9.330678286 

5.062125364 5.173426818 
5.10444387 4.993695523 

5.14997696 4.788531857 
5.10444387 4.993695523 

0.3326647504 8.148317101 
0.3753242143 8.177300962 

2.488733927 8.586946207 
2.441584784 8.713485382 

2.388859855 8.832459104 
2.441584784 8.713485382 

4.092205209 7.17917619 
4.03715159 7.083433191 

3.991459224 6.99167748 
4.03715159 7.083433191 

1.796586323 2.186753973 
1.747930038 2.068063141 

1.690705515 1.968326644 
1.747930038 2.068063141 

3.081013411 0.3068529607 
3.15638052 0.6060224731 

3.230554858 0.923722689 
3.15638052 0.6060224731 

3.747064878 0.87668621 
3.767846008 1.143806872 

6.071569583 6.593154662 
6.057444285 6.450695072 

2.200245357 7.700745925 
2.104763239 7.68038565 

0.9902939216 7.445066032 
0.7262798037 7.435671928 

0.3685138425 7.506307243 
0.7262798037 7.435671928 

2.398535602 7.218033223 
2.593698096 7.16548295 

1.192003016 7.585515419 
1.255832954 7.450563168 

2.715348911 1.827991637 
2.735630387 2.101351178 

2.715348911 1.827991637 
2.735284912 1.727031626 

2.750376929 1.6136066 
2.735284912 1.727031626 

2.010089869 8.228298941 
2.219350629 8.191849748 

6.057444285 6.450695072 
6.066006808 6.355655314 

6.035780811 6.498414262 
6.057444285 6.450695072 

4.975777245 7.656531936 
4.987891739 7.842789805 

5.001647495 8.021459089 
4.987891739 7.842789805 

3.754226143 1.833885305 
3.627371079 1.606842518 

3.754226143 1.833885305 
3.803662184 1.759591302 

3.856787619 1.708662608 
3.803662184 1.759591302 

7.209028276 5.199434842 
7.17301338 5.184779271 

7.135542925 5.191972874 
7.17301338 5.184779271 

2.37063779 2.459674394 
2.353288708 2.352338888 

2.943829353 2.04118378 
3.060982462 2.103409985 

3.158536716 2.173145658 
3.060982462 2.103409985 

3.141056253 7.650604718 
3.243614622 7.814404597 

3.355058174 7.937158671 
3.243614622 7.814404597 

1.744933085 1.89776935 
1.690705515 1.968326644 

6.042898519 6.269657168 
6.04723687 6.313725694 

6.066006808 6.355655314 
6.04723687 6.313725694 

1.852367729 9.247659024 
1.704604056 9.172016004 

7.495391575 5.757097014 
7.501203159 5.615685662 

0.7306770005 6.943814147 
0.8226422517 7.163256227 

5.853819068 6.495072729 
5.940167293 6.495645217 

2.021733721 8.841106218 
1.954554668 8.960622526 

7.501203159 5.615685662 
7.483898199 5.542329125 

7.483253024 5.435940471 
7.483898199 5.542329125 

2.051161705 7.667790488 
1.99856513 7.633294831 

1.956523309 7.583648338 
1.99856513 7.633294831 

2.031332747 8.51612421 
1.89783516 8.457048252 

5.920981001 6.767451899 
5.994238036 6.918861362 

6.053911484 7.112704693 
5.994238036 6.918861362 

2.680739691 3.398020581 
2.629951257 3.515932762 

2.586405844 3.622538978 
2.629951257 3.515932762 

3.597061779 0.9649823791 
3.532834495 0.9954213434 

3.144372536 2.047981656 
3.060982462 2.103409985 

3.183385746 1.897289682 
3.055294554 1.819299664 

0.7262798037 7.435671928 
0.8506312707 7.519545793 

4.975777245 7.656531936 
4.885739062 7.563306495 

1.527961971 1.755921822 
1.570936576 1.579444409 

6.02555854 4.815478996 
6.157177437 4.77863124 

7.483253024 5.435940471 
7.345875468 5.312206134 

7.209028276 5.199434842 
7.345875468 5.312206134 

5.490269027 6.576326276 
5.626817159 6.742615834 

1.115037204 6.117916679 
1.12800285 6.143806218 

1.140968496 6.169695758 
1.12800285 6.143806218 

4.770782194 5.635288376 
5.009361867 5.685610251 

7.650906965 6.868018523 
7.613175547 6.887942369 

7.575046912 6.908125749 
7.613175547 6.887942369 

1.570936576 1.579444409 
1.592457571 1.491431927 

1.613978566 1.403419446 
1.592457571 1.491431927 

5.940167293 6.495645217 
5.970430827 6.608066494 

7.173279098 5.93037733 
7.105466826 5.943345633 

7.035507165 5.955756284 
7.105466826 5.943345633 

6.93553055 7.046312456 
6.854381828 6.910765284 

6.762744401 6.76543867 
6.854381828 6.910765284 

0.7487656663 6.360780036 
0.7674114944 6.396583153 

0.7860573224 6.43238627 
0.7674114944 6.396583153 

3.34292949 2.684795385 
3.223763648 2.809900916 

3.444518786 0.5786849333 
3.423520238 0.4767718473 

3.434385014 1.041171937 
3.480835152 1.030100441 

3.532834495 0.9954213434 
3.480835152 1.030100441 

4.387297593 6.643006003 
4.707228299 6.643987671 

6.364646694 8.313882568 
6.130628328 8.145027865 

6.314748795 7.985512319 
6.375092548 8.119970636 

5.538029169 6.019819086 
5.701407776 6.246754157 

5.197704383 6.562019376 
5.37049241 6.720114503 

4.670938595 3.120078723 
4.672447016 3.070477776 

4.672013607 3.018528769 
4.672447016 3.070477776 

6.375092548 8.119970636 
6.399287427 8.18722167 

2.010089869 8.228298941 
2.079764614 8.313039022 

2.147560011 8.39800943 
2.079764614 8.313039022 

5.900313084 5.525730384 
5.942616928 5.556517118 

5.984340328 5.590095078 
5.942616928 5.556517118 

2.307342782 1.472102598 
2.254823786 1.516001532 

4.770782194 5.635288376 
4.639377993 5.699404486 

4.526698696 5.756538584 
4.639377993 5.699404486 

2.644814085 6.640811065 
2.682772955 6.59853033 

2.715343797 6.569263872 
2.682772955 6.59853033 

1.647344084 8.462367226 
1.511921607 8.403566915 

6.157177437 4.77863124 
6.225166776 4.756055867 

3.055294554 1.819299664 
3.007504578 1.78274579 

2.966178701 1.737817979 
3.007504578 1.78274579 

2.542472045 7.062893338 
2.593698096 7.16548295 

3.767846008 1.143806872 
3.770550986 1.255562074 

3.773255965 1.367317276 
3.770550986 1.255562074 

2.987898943 1.312605548 
3.006876521 1.429281179 

3.035323306 1.558583903 
3.006876521 1.429281179 

2.744156482 8.241433548 
2.709364219 8.472345617 

3.88330086 6.787783369 
3.949507869 6.78353798 

4.017143809 6.777672398 
3.949507869 6.78353798 

6.279581735 4.699303679 
6.252095615 4.725156459 

6.225166776 4.756055867 
6.252095615 4.725156459 

5.460509792 5.693995702 
5.655000036 5.570323472 

3.074737564 2.501507392 
3.208321152 2.592702191 

3.34292949 2.684795385 
3.208321152 2.592702191 

3.421296555 6.615993451 
3.398622182 6.676443452 

3.376317266 6.735601695 
3.398622182 6.676443452 

1.894745159 0.7755668939 
1.930093892 0.7680614906 

1.966267334 0.7620391008 
1.930093892 0.7680614906 

5.841645422 7.098887955 
5.776618381 7.080389049 

5.726262172 7.026109527 
5.776618381 7.080389049 

0.4191019234 8.23810017 
0.3972130688 8.207700566 

0.3753242143 8.177300962 
0.3972130688 8.207700566 

5.728770163 6.404872238 
5.701407776 6.246754157 

4.344632894 3.142381076 
4.349643374 3.048342089 

4.360124737 2.967002178 
4.349643374 3.048342089 

2.380832833 8.315612339 
2.417764217 8.196537443 

2.450656276 8.070162334 
2.417764217 8.196537443 

2.035491382 5.918272872 
2.15612087 5.888065806 

0.7306770005 6.943814147 
0.848583345 6.965044977 

0.9793806205 7.000090279 
0.848583345 6.965044977 

2.313525597 7.349601508 
2.195298643 7.391273612 

2.115342078 7.436960868 
2.195298643 7.391273612 

1.496178262 9.379375696 
1.525745414 9.355026991 

1.555312566 9.330678286 
1.525745414 9.355026991 

2.591164207 7.605958395 
2.689608716 7.587041528 

2.786113606 7.569358214 
2.689608716 7.587041528 

5.711010956 7.328630091 
5.773736238 7.21312781 

5.841645422 7.098887955 
5.773736238 7.21312781 

6.326868209 4.856951243 
6.225166776 4.756055867 

2.275720735 7.507327315 
2.195298643 7.391273612 

6.229063528 6.952967653 
6.143427086 7.031671613 

6.053911484 7.112704693 
6.143427086 7.031671613 

2.179936835 6.71280427 
2.206269317 6.617957722 

2.232601798 6.523111175 
2.206269317 6.617957722 

0.6943312252 7.590583753 
0.7262798037 7.435671928 

3.531799062 2.277958651 
3.552449712 2.203578822 

3.57113715 2.148475354 
3.552449712 2.203578822 

6.999894238 5.2681378 
6.935258173 5.155414929 

2.355041946 7.875747778 
2.38275589 7.792204535 

2.417328286 7.714052446 
2.38275589 7.792204535 

6.176288031 6.524670669 
6.057444285 6.450695072 

3.440999414 2.214616055 
3.552449712 2.203578822 

2.051271261 8.05941675 
2.029029041 8.141409517 

2.010089869 8.228298941 
2.029029041 8.141409517 

1.837581316 6.322638175 
1.712066019 6.173088054 

4.786243798 7.507857436 
4.83695215 7.5286047 

4.885739062 7.563306495 
4.83695215 7.5286047 

0.7262798037 7.435671928 
0.7105133299 7.27790732 

7.564904552 6.498217089 
7.242849959 6.767628833 

6.93553055 7.046312456 
7.242849959 6.767628833 

4.772089352 2.42821359 
4.654524698 2.435832256 

4.50534388 2.40104001 
4.654524698 2.435832256 

3.308693494 8.926616501 
3.270006771 8.942184378 

3.230392169 8.960965894 
3.270006771 8.942184378 

3.433264655 2.064708329 
3.57113715 2.148475354 

0.7338589645 8.299540191 
0.7487488828 8.215387044 

0.7751492898 8.131430965 
0.7487488828 8.215387044 

2.418589692 7.031585277 
2.342261245 7.058577577 

2.265932799 7.085569878 
2.342261245 7.058577577 

2.636329649 9.483297169 
2.579470277 9.296494858 

2.52316959 9.108496147 
2.579470277 9.296494858 

2.868660338 1.459615086 
2.888012045 1.434193606 

2.90638793 1.409427585 
2.888012045 1.434193606 

2.265487835 5.831965649 
2.210804353 5.860015728 

2.15612087 5.888065806 
2.210804353 5.860015728 

3.345517787 0.7074087242 
3.15638052 0.6060224731 

5.776618381 7.080389049 
5.775177309 7.14675843 

5.773736238 7.21312781 
5.775177309 7.14675843 

6.399287427 8.18722167 
6.395423374 8.236713112 

5.538029169 6.019819086 
5.499269481 5.856907394 

5.460509792 5.693995702 
5.499269481 5.856907394 

6.395423374 8.236713112 
6.392672377 8.262437647 

2.000537863 8.402214545 
2.079764614 8.313039022 

4.781296806 6.780770943 
4.744921194 6.714111754 

4.707228299 6.643987671 
4.744921194 6.714111754 

3.778554029 8.534522561 
3.784247939 8.476987143 

3.788979627 8.418204256 
3.784247939 8.476987143 

3.325154414 0.5207889408 
3.15638052 0.6060224731 

5.056997564 7.286027443 
5.006870908 7.208314922 

4.944079974 7.127032645 
5.006870908 7.208314922 

6.734242067 5.122690887 
6.499053467 5.002910371 

6.364646694 8.313882568 
6.378659536 8.288160107 

6.392672377 8.262437647 
6.378659536 8.288160107 

3.830464905 7.142489038 
3.991459224 6.99167748 

3.401950633 0.3343088435 
3.411184881 0.4058552343 

3.423520238 0.4767718473 
3.411184881 0.4058552343 

2.555562895 3.77826227 
2.544450245 3.746682499 

3.509933039 2.635954029 
3.41424452 2.513826383 

3.31386463 2.387732023 
3.41424452 2.513826383 

5.910502393 6.559207706 
5.94046661 6.5836371 

5.970430827 6.608066494 
5.94046661 6.5836371 

5.255447194 8.149987744 
5.134159874 8.085482778 

1.869318795 7.906734602 
1.937426593 7.932683587 

2.005887556 7.959385828 
1.937426593 7.932683587 

1.837581316 6.322638175 
1.909972798 6.21869076 

1.982364281 6.114743345 
1.909972798 6.21869076 

1.55181736 7.996776353 
1.469538323 7.998190744 

3.542243718 0.4420227404 
3.4767143 0.4239389874 

3.411184881 0.4058552343 
3.4767143 0.4239389874 

4.177770997 2.341784678 
4.0669571 2.448652485 

3.956143203 2.555520292 
4.0669571 2.448652485 

5.06827287 8.104392361 
5.101216372 8.09493757 

5.134159874 8.085482778 
5.101216372 8.09493757 

6.166724309 5.028016711 
6.326868209 4.856951243 

2.992075522 3.417639756 
3.024945628 3.380978894 

3.057815734 3.344318032 
3.024945628 3.380978894 

0.3685138425 7.506307243 
0.5207996612 7.673962617 

0.6943312252 7.590583753 
0.5314225339 7.548445498 

0.5314225339 7.548445498 
0.4499681882 7.52737637 

0.3685138425 7.506307243 
0.4499681882 7.52737637 

