3.230449344 0.9174609162 
2.965272531 1.726147925 

3.730860701 7.542557394 
2.904212491 7.766283896 

4.458491445 2.714080914 
4.547219519 3.377004045 

2.051271261 8.05941675 
2.133623875 7.782068174 

2.762397452 8.84101819 
3.308693494 8.926616501 

4.756533412 4.763167563 
4.471534652 4.504793822 

6.382928972 6.392805862 
6.685799276 6.134822431 

5.921637726 6.765110006 
6.063695026 6.612616433 

2.868285482 2.456172106 
3.076020603 2.33006416 

6.91455817 5.993307928 
6.685799276 6.134822431 

0.8226422517 7.163256227 
0.4215231659 6.739933826 

1.659055113 7.005577308 
1.375976502 7.224766004 

1.659310018 7.883787829 
1.893794903 7.678444539 

6.482830839 5.265105317 
6.613313753 5.701117377 

4.458491445 2.714080914 
5.050927603 2.551599308 

7.562246996 6.499159507 
6.912014595 6.343068401 

6.685799276 6.134822431 
6.912014595 6.343068401 

3.329666013 2.21796372 
3.076020603 2.33006416 

3.751560879 1.83333919 
3.574712741 1.757109236 

4.1912423 4.140439214 
4.018719687 3.823722315 

7.397220806 7.321641108 
6.824369709 7.363745185 

5.547791483 6.03640232 
5.831874269 6.080079325 

4.471534652 4.504793822 
4.340947333 4.341108605 

4.1912423 4.140439214 
4.340947333 4.341108605 

2.408986003 7.69100786 
2.600988105 7.617623142 

6.91455817 5.993307928 
7.303686927 6.138197194 

5.257758003 7.213126186 
4.786243798 7.507857436 

1.938550355 2.905375892 
2.43598294 3.249254471 

2.542298088 1.981772295 
2.734330866 2.093891063 

1.628835845 8.5782101 
1.508117892 8.893582756 

2.734796259 8.244751941 
2.904212491 7.766283896 

2.734330866 2.093891063 
2.159863299 2.307279727 

2.159863299 2.307279727 
2.302048428 2.443113926 

5.71321253 7.330646802 
5.731168858 7.024501755 

0.6960774951 7.586374499 
1.038596118 7.635643917 

1.323967265 7.72363776 
1.038596118 7.635643917 

6.824369709 7.363745185 
6.93511947 7.045224998 

4.186658344 2.353668852 
4.50341352 2.401906118 

1.659055113 7.005577308 
1.195026778 6.927311888 

2.102685461 7.284539428 
2.115603507 7.436300532 

1.530128522 1.75673783 
2.159863299 2.307279727 

6.55307716 6.945347518 
7.152349941 6.674622215 

1.195026778 6.927311888 
0.8226422517 7.163256227 

6.824369709 7.363745185 
6.924510353 7.824678799 

5.039913709 6.595448966 
5.199704727 6.423991929 

5.58758587 7.691801968 
5.760347805 7.766438087 

6.064592729 7.877638636 
5.760347805 7.766438087 

7.152349941 6.674622215 
6.93511947 7.045224998 

2.489571954 8.586100334 
2.734796259 8.244751941 

1.659310018 7.883787829 
1.112232102 8.046714286 

3.663926367 2.068154676 
3.751560879 1.83333919 

2.489876574 3.842506399 
2.43598294 3.249254471 

6.613313753 5.701117377 
6.91455817 5.993307928 

3.185393957 1.900364142 
3.421591816 1.861114873 

2.734796259 8.244751941 
3.1138567 8.292025967 

3.050367939 6.088174772 
2.739963479 6.293372089 

1.241784493 8.761051165 
1.508117892 8.893582756 

1.461295625 8.121718597 
1.624258616 8.292594826 

3.230449344 0.9174609162 
3.431869445 1.039592645 

4.458491445 2.714080914 
4.50341352 2.401906118 

4.956842663 1.714502264 
4.157877701 1.931970053 

3.663926367 2.068154676 
4.157877701 1.931970053 

6.314748795 7.985512319 
6.193897062 7.344859476 

6.045307194 7.138866355 
6.193897062 7.344859476 

2.43598294 3.249254471 
2.369748543 3.410040143 

7.152349941 6.674622215 
6.95187058 6.61798984 

5.595858347 6.495742869 
5.74786899 6.519677125 

0.8226422517 7.163256227 
0.9920183202 7.444892507 

2.965272531 1.726147925 
2.834044994 1.600354423 

1.195026778 6.927311888 
1.280560104 6.215602263 

3.1138567 8.292025967 
3.068748321 8.057171226 

4.152163332 5.875159319 
4.198692671 6.23931773 

3.88330086 6.787783369 
4.198692671 6.23931773 

3.773255965 1.367317276 
3.918118743 1.586085503 

5.575401118 5.386111076 
5.454812752 5.696764921 

7.483253024 5.435940471 
6.929273868 5.670525639 

1.838142158 8.854466638 
1.595105359 9.060641376 

1.100375333 9.289417402 
1.595105359 9.060641376 

5.831874269 6.080079325 
6.103994126 5.995331281 

3.230449344 0.9174609162 
3.141965425 1.307818959 

3.574712741 1.757109236 
3.141965425 1.307818959 

6.312128341 5.65000413 
6.138512166 5.338598134 

0.4215231659 6.739933826 
0.9995730696 6.773097646 

1.195026778 6.927311888 
0.9995730696 6.773097646 

5.257758003 7.213126186 
5.731168858 7.024501755 

4.781943337 6.776021645 
4.908409885 6.867050642 

3.308693494 8.926616501 
3.234058824 8.577340442 

6.912014595 6.343068401 
6.728272423 6.491805529 

2.542298088 1.981772295 
2.351368282 1.767259921 

2.159863299 2.307279727 
2.127631554 2.109819488 

1.308032457 2.299639807 
1.644558192 2.289056919 

5.921637726 6.765110006 
6.23013497 6.952278088 

2.028752008 8.515791397 
2.021714298 8.8439362 

2.408986003 7.69100786 
2.44901042 8.067527828 

7.314825188 7.781073267 
6.924510353 7.824678799 

3.746039383 0.8597460938 
3.578661598 0.7958816901 

4.771693604 5.637526225 
4.850635937 5.827673573 

2.3642794 0.9099990182 
2.2553357 0.6533683446 

7.303686927 6.138197194 
7.19961283 6.310194863 

4.370473326 7.620199484 
4.29961743 7.297771394 

4.29961743 7.297771394 
4.556024832 7.307906165 

1.838142158 8.854466638 
2.021714298 8.8439362 

6.314748795 7.985512319 
5.568458994 7.983765697 

7.208722906 5.198552832 
7.093714028 5.370396358 

5.568458994 7.983765697 
5.58758587 7.691801968 

1.112232102 8.046714286 
1.323967265 7.72363776 

0.3141667675 8.174022764 
0.6386553134 7.988668469 

2.904212491 7.766283896 
2.44901042 8.067527828 

4.450841133 1.344584152 
3.918118743 1.586085503 

5.624381239 4.974786954 
5.511218389 4.778065481 

5.14860955 4.789778052 
5.511218389 4.778065481 

5.731168858 7.024501755 
5.495527946 7.013466842 

3.1138567 8.292025967 
3.234058824 8.577340442 

5.831874269 6.080079325 
6.041695736 6.272564849 

2.489571954 8.586100334 
2.600244411 8.899658044 

3.081013411 0.3068529607 
3.344065426 0.7098225758 

3.431869445 1.039592645 
3.344065426 0.7098225758 

3.649698011 3.026308164 
3.762653568 3.284362475 

2.489876574 3.842506399 
2.369748543 3.410040143 

2.127631554 2.109819488 
2.734330866 2.093891063 

4.152163332 5.875159319 
4.73232745 6.308247279 

5.039913709 6.595448966 
4.73232745 6.308247279 

1.837581316 6.322638175 
1.626202196 6.652068251 

6.193897062 7.344859476 
5.71321253 7.330646802 

3.234058824 8.577340442 
3.385138263 8.382061759 

2.734330866 2.093891063 
2.423182716 2.189574453 

2.127631554 2.109819488 
1.794849397 2.185825289 

3.956143203 2.555520292 
3.611680844 2.51415001 

3.533683721 2.298281048 
3.611680844 2.51415001 

2.115603507 7.436300532 
2.267069682 7.507421323 

2.854859394 6.654371388 
3.410417651 6.451408665 

7.562246996 6.499159507 
7.250712853 6.508667521 

6.824369709 7.363745185 
6.601452421 7.456826849 

1.659310018 7.883787829 
1.469866323 7.998614434 

7.152349941 6.674622215 
7.427914474 6.648916721 

3.751560879 1.83333919 
4.118283965 1.445592109 

6.041695736 6.272564849 
6.103994126 5.995331281 

1.469866323 7.998614434 
1.461295625 8.121718597 

2.467661493 6.01147906 
2.699934787 6.124889522 

2.739963479 6.293372089 
2.699934787 6.124889522 

2.734796259 8.244751941 
2.382711363 8.315268484 

2.868285482 2.456172106 
2.88881202 2.27218296 

2.945431353 2.042798683 
2.88881202 2.27218296 

1.195026778 6.927311888 
1.375976502 7.224766004 

2.369748543 3.410040143 
2.177055139 3.331877265 

2.314916152 7.347893383 
2.267069682 7.507421323 

0.9920183202 7.444892507 
1.150546843 7.150377193 

1.195026778 6.927311888 
1.150546843 7.150377193 

4.73232745 6.308247279 
4.629680956 6.478098059 

3.88330086 6.787783369 
3.830464905 7.142489038 

2.624973943 3.176084451 
2.43598294 3.249254471 

2.019493683 7.030079107 
1.954619114 6.875474964 

3.131022075 3.281482402 
3.211692261 3.514755792 

5.14860955 4.789778052 
4.922867528 4.963969917 

4.756533412 4.763167563 
4.922867528 4.963969917 

5.624381239 4.974786954 
5.888503685 4.736011852 

1.038596118 7.635643917 
0.9920183202 7.444892507 

2.357859153 1.337737191 
2.071467338 1.352578053 

2.762397452 8.84101819 
2.600244411 8.899658044 

5.595858347 6.495742869 
5.626047073 6.749179351 

0.7302092624 8.297601899 
0.6386553134 7.988668469 

4.29961743 7.297771394 
3.88330086 6.787783369 

6.667520189 8.250443209 
6.659798139 7.959725275 

1.644558192 2.289056919 
1.601828183 2.419520598 

2.734796259 8.244751941 
3.068748321 8.057171226 

1.930064486 1.502175345 
1.912510712 1.697877863 

5.626047073 6.749179351 
5.921637726 6.765110006 

2.965272531 1.726147925 
2.945431353 2.042798683 

4.450841133 1.344584152 
4.56072375 1.621249669 

3.578661598 0.7958816901 
3.542243718 0.4420227404 

4.781943337 6.776021645 
4.550265827 6.956501711 

0.8226422517 7.163256227 
1.150546843 7.150377193 

3.611680844 2.51415001 
3.498916127 2.639216794 

1.308032457 2.299639807 
1.601828183 2.419520598 

1.624258616 8.292594826 
1.692793397 8.167515867 

2.675652482 0.4489099127 
2.761697484 0.8364835402 

3.076020603 2.33006416 
2.88881202 2.27218296 

4.458491445 2.714080914 
4.395331082 2.863051756 

2.904212491 7.766283896 
3.355058174 7.937158671 

1.794849397 2.185825289 
1.644558192 2.289056919 

2.854859394 6.654371388 
2.890777993 6.827642596 

2.940726445 2.90054525 
2.979411231 2.70127679 

5.58758587 7.691801968 
5.239995494 7.713142744 

0.8226422517 7.163256227 
0.9995730696 6.773097646 

4.547219519 3.377004045 
4.557878908 3.136826605 

4.329922575 3.143042413 
4.557878908 3.136826605 

2.636329649 9.483297169 
2.747823231 9.145573413 

2.762397452 8.84101819 
2.747823231 9.145573413 

6.763370038 6.766036454 
6.728272423 6.491805529 

3.730860701 7.542557394 
4.081733863 7.631995994 

1.930064486 1.502175345 
2.071467338 1.352578053 

3.431869445 1.039592645 
3.578661598 0.7958816901 

6.138512166 5.338598134 
6.310889931 5.447681378 

6.482830839 5.265105317 
6.310889931 5.447681378 

0.7415325176 8.830337493 
0.5288157223 8.62663468 

2.965272531 1.726147925 
3.032990768 1.559761457 

5.002203479 8.019249403 
5.454454651 7.662457687 

7.19961283 6.310194863 
7.250712853 6.508667521 

6.91455817 5.993307928 
6.929273868 5.670525639 

1.375976502 7.224766004 
0.9793806205 7.000090279 

3.385138263 8.382061759 
3.537647543 8.329508099 

2.408986003 7.69100786 
2.267069682 7.507421323 

5.900313084 5.525730384 
6.138512166 5.338598134 

1.461295625 8.121718597 
1.513357359 8.401839583 

1.628835845 8.5782101 
1.513357359 8.401839583 

2.734796259 8.244751941 
2.791334735 8.469916965 

5.257758003 7.213126186 
5.239995494 7.713142744 

6.728272423 6.491805529 
6.613235923 6.679450834 

5.454812752 5.696764921 
5.080313368 5.937329833 

2.734330866 2.093891063 
2.945431353 2.042798683 

0.6386553134 7.988668469 
0.6960774951 7.586374499 

6.667520189 8.250443209 
7.000494452 8.048435857 

0.6386553134 7.988668469 
0.8450799575 7.858243038 

0.9793806205 7.000090279 
1.195026778 6.927311888 

4.56072375 1.621249669 
4.308942223 1.565647122 

4.118283965 1.445592109 
4.308942223 1.565647122 

4.157877701 1.931970053 
3.917636053 2.175214713 

1.601828183 2.419520598 
1.524171542 2.465746337 

3.265314294 3.924381304 
3.186284024 3.62584667 

2.992075522 3.417639756 
3.186284024 3.62584667 

5.199704727 6.423991929 
4.993593971 6.341549625 

4.73232745 6.308247279 
4.993593971 6.341549625 

4.771693604 5.637526225 
5.164074029 5.421042304 

1.672767788 6.370602824 
1.837581316 6.322638175 

3.032990768 1.559761457 
2.834044994 1.600354423 

2.912926183 7.220832857 
2.653318855 7.315918697 

2.739963479 6.293372089 
2.785631747 6.467971497 

0.9995730696 6.773097646 
1.087060281 6.594666741 

1.626202196 6.652068251 
1.195026778 6.927311888 

3.141965425 1.307818959 
2.987898943 1.312605548 

1.280560104 6.215602263 
1.324944452 6.582828108 

0.6960774951 7.586374499 
0.521103777 7.671657023 

7.427914474 6.648916721 
7.250712853 6.508667521 

4.547219519 3.377004045 
4.882503258 2.931080305 

5.050927603 2.551599308 
4.882503258 2.931080305 

2.336125958 6.41015509 
2.739963479 6.293372089 

5.888503685 4.736011852 
6.02555854 4.815478996 

3.230449344 0.9174609162 
3.344065426 0.7098225758 

1.894745159 0.7755668939 
1.869864373 1.054839907 

6.763370038 6.766036454 
6.613235923 6.679450834 

1.112232102 8.046714286 
0.7742522433 8.130604211 

5.495527946 7.013466842 
5.685534487 6.891163247 

5.626047073 6.749179351 
5.685534487 6.891163247 

4.555978453 1.821314593 
4.72538473 1.819561681 

4.956842663 1.714502264 
4.72538473 1.819561681 

1.508117892 8.893582756 
1.352841353 9.070800564 

4.908409885 6.867050642 
4.932273997 7.116489492 

2.600244411 8.899658044 
2.747823231 9.145573413 

4.922867528 4.963969917 
4.828074667 5.150670313 

6.613313753 5.701117377 
6.887507897 5.385175996 

4.828074667 5.150670313 
4.452365159 5.284756568 

1.241784493 8.761051165 
1.513357359 8.401839583 

6.929273868 5.670525639 
6.887507897 5.385175996 

4.079563985 0.9699632506 
4.122492914 0.8308195365 

2.834044994 1.600354423 
2.593179369 1.646735163 

2.351368282 1.767259921 
2.593179369 1.646735163 

3.730860701 7.542557394 
3.355058174 7.937158671 

3.730860701 7.542557394 
3.645085593 7.869790331 

4.556024832 7.307906165 
4.550265827 6.956501711 

2.542298088 1.981772295 
2.593179369 1.646735163 

3.762653568 3.284362475 
3.633771714 3.232872551 

1.585333762 7.524240766 
1.864554583 7.445903104 

2.44901042 8.067527828 
2.246299773 8.080708156 

3.355685294 7.002629016 
3.103101715 7.034822559 

2.912926183 7.220832857 
3.103101715 7.034822559 

1.893794903 7.678444539 
2.048804487 7.678385869 

3.050367939 6.088174772 
2.699934787 6.124889522 

5.083811103 2.128961621 
4.89998513 1.987386649 

4.73232745 6.308247279 
4.570839938 6.105111134 

2.190822798 9.184795522 
2.388812274 8.831716037 

1.659055113 7.005577308 
1.726396559 7.344065064 

4.118283965 1.445592109 
4.489572194 0.8227091271 

7.397220806 7.321641108 
7.197534176 7.057305562 

3.1138567 8.292025967 
2.791334735 8.469916965 

2.791334735 8.469916965 
3.019703274 8.645681526 

1.375976502 7.224766004 
1.726396559 7.344065064 

2.624973943 3.176084451 
2.681057467 3.39168208 

6.887507897 5.385175996 
7.093714028 5.370396358 

4.784075974 2.417686607 
4.564400801 2.583802045 

4.458491445 2.714080914 
4.564400801 2.583802045 

3.164761602 2.183339738 
3.230105304 2.125968169 

4.771693604 5.637526225 
4.861078076 5.420684313 

4.489572194 0.8227091271 
4.122492914 0.8308195365 

1.461295625 8.121718597 
1.692793397 8.167515867 

3.663926367 2.068154676 
3.436089506 2.067386938 

6.23013497 6.952278088 
6.229439828 6.741191828 

3.076020603 2.33006416 
3.164761602 2.183339738 

3.068748321 8.057171226 
3.355058174 7.937158671 

3.019703274 8.645681526 
3.093623237 8.720617645 

5.454454651 7.662457687 
5.58758587 7.691801968 

2.647081699 2.638907497 
2.732712695 2.845589889 

2.940726445 2.90054525 
2.732712695 2.845589889 

7.562246996 6.499159507 
7.617373636 6.713101739 

3.076020603 2.33006416 
3.074282546 2.501662415 

2.675652482 0.4489099127 
2.39475442 0.6922314353 

2.2553357 0.6533683446 
2.39475442 0.6922314353 

1.672767788 6.370602824 
1.711707273 6.172382849 

3.050367939 6.088174772 
3.09130681 6.321217663 

3.074282546 2.501662415 
2.868285482 2.456172106 

5.002203479 8.019249403 
5.142772126 7.897670155 

5.239995494 7.713142744 
5.142772126 7.897670155 

2.3642794 0.9099990182 
2.447910537 0.7327489381 

2.600244411 8.899658044 
2.52316959 9.108496147 

3.431869445 1.039592645 
3.26660165 1.113620331 

3.141965425 1.307818959 
3.26660165 1.113620331 

2.177055139 3.331877265 
2.098314953 3.492143583 

4.118283965 1.445592109 
4.004031899 1.419484004 

1.308032457 2.299639807 
1.524171542 2.465746337 

1.308032457 2.299639807 
1.53652131 2.053544752 

0.7742522433 8.130604211 
0.6386553134 7.988668469 

7.303686927 6.138197194 
7.40643528 6.161291886 

4.186658344 2.353668852 
4.458491445 2.714080914 

4.157877701 1.931970053 
4.270186153 2.127646849 

2.447910537 0.7327489381 
2.465026543 0.5435360182 

0.9920183202 7.444892507 
1.26020788 7.44327645 

5.039913709 6.595448966 
4.908409885 6.867050642 

1.100375333 9.289417402 
1.379461449 8.684023859 

4.550265827 6.956501711 
4.374453379 6.642715637 

0.9793806205 7.000090279 
0.8226422517 7.163256227 

7.19961283 6.310194863 
7.40643528 6.161291886 

2.028752008 8.515791397 
2.146845481 8.398080116 

7.000494452 8.048435857 
6.924510353 7.824678799 

0.4215231659 6.739933826 
0.7150136298 6.623700595 

0.7302092624 8.297601899 
0.7477747695 8.53227442 

6.312128341 5.65000413 
6.613313753 5.701117377 

7.314825188 7.781073267 
7.205973372 7.550851272 

1.241784493 8.761051165 
1.379461449 8.684023859 

3.265314294 3.924381304 
3.52310141 3.846770383 

3.757411218 3.98176067 
3.52310141 3.846770383 

5.760347805 7.766438087 
5.895705705 7.55237183 

1.112232102 8.046714286 
0.8450799575 7.858243038 

1.241784493 8.761051165 
1.052963448 8.700453181 

2.133623875 7.782068174 
2.246299773 8.080708156 

4.29961743 7.297771394 
3.980880602 7.446440828 

3.730860701 7.542557394 
3.980880602 7.446440828 

2.542298088 1.981772295 
2.713829323 1.831397718 

2.133623875 7.782068174 
2.200561117 7.699190707 

2.408986003 7.69100786 
2.200561117 7.699190707 

3.230449344 0.9174609162 
3.26660165 1.113620331 

6.279581735 4.699303679 
6.166724309 5.028016711 

2.904212491 7.766283896 
2.995027722 7.923163226 

3.068748321 8.057171226 
2.995027722 7.923163226 

2.355041946 7.875747778 
2.200561117 7.699190707 

6.728272423 6.491805529 
6.56878145 6.460467533 

4.081733863 7.631995994 
3.980880602 7.446440828 

6.56878145 6.460467533 
6.613235923 6.679450834 

6.312128341 5.65000413 
6.034677283 5.866150796 

5.831874269 6.080079325 
6.034677283 5.866150796 

0.7487656663 6.360780036 
1.046467548 6.377170508 

2.423182716 2.189574453 
2.484992101 2.347798163 

5.370644992 6.720406078 
5.626047073 6.749179351 

2.786113606 7.569358214 
2.904212491 7.766283896 

2.75348708 7.983806018 
2.995027722 7.923163226 

4.198692671 6.23931773 
4.570839938 6.105111134 

6.763370038 6.766036454 
6.861084781 6.720946071 

6.95187058 6.61798984 
6.861084781 6.720946071 

4.198692671 6.23931773 
4.252787807 6.479387514 

4.374453379 6.642715637 
4.252787807 6.479387514 

5.731168858 7.024501755 
5.685534487 6.891163247 

5.921637726 6.765110006 
5.685534487 6.891163247 

7.40643528 6.161291886 
7.477680051 6.237574418 

7.093714028 5.370396358 
7.483253024 5.435940471 

2.43598294 3.249254471 
2.383386311 2.901298945 

3.344065426 0.7098225758 
3.578661598 0.7958816901 

4.861078076 5.420684313 
5.164074029 5.421042304 

5.002203479 8.019249403 
5.134433621 7.614627978 

4.186658344 2.353668852 
4.290086196 2.214956277 

4.270186153 2.127646849 
4.290086196 2.214956277 

2.314916152 7.347893383 
2.102685461 7.284539428 

5.547791483 6.03640232 
5.253949572 6.019145789 

5.080313368 5.937329833 
5.253949572 6.019145789 

7.093714028 5.370396358 
7.025393864 5.514726223 

6.929273868 5.670525639 
7.025393864 5.514726223 

3.996030808 3.096270216 
4.126604551 2.862637497 

6.55307716 6.945347518 
6.229439828 6.741191828 

7.250712853 6.508667521 
7.152349941 6.674622215 

6.041695736 6.272564849 
5.892111722 6.428136784 

5.74786899 6.519677125 
5.892111722 6.428136784 

6.103994126 5.995331281 
6.034677283 5.866150796 

1.982364281 6.114743345 
1.804197297 6.028374287 

2.355041946 7.875747778 
2.44901042 8.067527828 

1.323967265 7.72363776 
1.301940544 7.972227079 

4.450841133 1.344584152 
4.355604315 1.19199119 

5.909634403 6.55558686 
5.892111722 6.428136784 

1.794849397 2.185825289 
1.53652131 2.053544752 

6.912014595 6.343068401 
6.56878145 6.460467533 

0.5288157223 8.62663468 
0.6575404017 8.556905918 

0.7477747695 8.53227442 
0.6575404017 8.556905918 

1.749476952 9.30613097 
1.704604056 9.172016004 

1.595105359 9.060641376 
1.704604056 9.172016004 

3.645085593 7.869790331 
3.537647543 8.329508099 

1.585333762 7.524240766 
1.759870879 7.610653658 

1.893794903 7.678444539 
1.759870879 7.610653658 

1.976088324 3.33450982 
1.925361185 3.476481149 

1.324944452 6.582828108 
1.087060281 6.594666741 

1.513357359 8.401839583 
1.624258616 8.292594826 

2.420034186 6.247566878 
2.195194095 6.03061169 

4.861078076 5.420684313 
5.062125364 5.173426818 

3.325154414 0.5207889408 
3.402005515 0.3353833348 

1.613978566 1.403419446 
1.915255726 1.318813916 

2.071467338 1.352578053 
1.915255726 1.318813916 

2.028752008 8.515791397 
1.628835845 8.5782101 

1.112232102 8.046714286 
1.301940544 7.972227079 

1.837581316 6.322638175 
1.992974979 6.338908108 

1.930064486 1.502175345 
1.915255726 1.318813916 

1.794849397 2.185825289 
1.636967589 2.197485675 

4.136197455 0.5713277556 
4.096665193 0.7399396445 

4.122492914 0.8308195365 
4.096665193 0.7399396445 

3.265314294 3.924381304 
3.377419174 3.709897717 

3.211692261 3.514755792 
3.377419174 3.709897717 

0.7150136298 6.623700595 
0.7829332553 6.562382942 

2.965272531 1.726147925 
2.713829323 1.831397718 

7.173279098 5.93037733 
7.234418858 5.728343428 

2.098314953 3.492143583 
2.045371226 3.454967242 

1.976088324 3.33450982 
2.045371226 3.454967242 

2.992075522 3.417639756 
2.811903265 3.548501615 

5.199704727 6.423991929 
5.253949572 6.019145789 

3.344065426 0.7098225758 
3.325154414 0.5207889408 

6.55307716 6.945347518 
6.384097727 6.683298958 

6.382928972 6.392805862 
6.384097727 6.683298958 

3.329666013 2.21796372 
3.31386463 2.387732023 

3.308693494 8.926616501 
2.865695415 8.691663329 

2.489571954 8.586100334 
2.865695415 8.691663329 

3.574712741 1.757109236 
3.644767355 1.606867169 

5.182803723 8.069301431 
5.142772126 7.897670155 

2.048804487 7.678385869 
2.114621934 7.574706699 

1.938550355 2.905375892 
1.715719265 2.742937247 

2.834044994 1.600354423 
2.868321756 1.461976703 

6.55307716 6.945347518 
6.416573309 6.840111958 

6.23013497 6.952278088 
6.416573309 6.840111958 

3.956143203 2.555520292 
3.704457191 2.327413403 

3.663926367 2.068154676 
3.704457191 2.327413403 

2.3642794 0.9099990182 
2.39475442 0.6922314353 

3.211692261 3.514755792 
3.186284024 3.62584667 

2.465026543 0.5435360182 
2.39475442 0.6922314353 

1.672767788 6.370602824 
1.324944452 6.582828108 

1.626202196 6.652068251 
1.834049672 6.735237843 

1.864554583 7.445903104 
1.726396559 7.344065064 

5.134433621 7.614627978 
4.976488452 7.656511813 

7.234418858 5.728343428 
7.303889201 5.622867131 

3.645085593 7.869790331 
3.736557118 8.219120412 

1.636967589 2.197485675 
1.644558192 2.289056919 

5.900313084 5.525730384 
5.719281297 5.638483771 

3.329666013 2.21796372 
3.436089506 2.067386938 

7.477680051 6.237574418 
7.531169223 6.216267949 

2.734330866 2.093891063 
2.707049593 2.258104113 

2.868285482 2.456172106 
2.707049593 2.258104113 

5.921637726 6.765110006 
5.72991333 6.67088516 

5.595858347 6.495742869 
5.72991333 6.67088516 

4.152163332 5.875159319 
4.822448299 5.966705277 

5.547791483 6.03640232 
4.822448299 5.966705277 

2.418589692 7.031585277 
2.396998412 7.218909412 

2.314916152 7.347893383 
2.396998412 7.218909412 

3.355685294 7.002629016 
3.368840115 7.225242827 

4.771693604 5.637526225 
4.822448299 5.966705277 

6.314748795 7.985512319 
6.22653558 8.013670341 

2.21810812 3.629591215 
1.996191693 3.454841717 

4.018719687 3.823722315 
4.252740932 3.605231388 

3.649698011 3.026308164 
3.633771714 3.232872551 

4.850635937 5.827673573 
4.822448299 5.966705277 

6.93511947 7.045224998 
7.060968081 6.929486392 

5.74786899 6.519677125 
5.72991333 6.67088516 

1.352841353 9.070800564 
1.367972537 9.178303406 

1.524171542 2.465746337 
1.506454803 2.606118734 

3.533683721 2.298281048 
3.704457191 2.327413403 

6.482830839 5.265105317 
6.734242067 5.122690887 

2.75348708 7.983806018 
2.522448845 7.943908625 

2.355041946 7.875747778 
2.522448845 7.943908625 

6.063695026 6.612616433 
5.971577162 6.606837947 

4.157877701 1.931970053 
3.980959688 1.877057619 

7.483253024 5.435940471 
7.359557807 5.577958319 

7.303889201 5.622867131 
7.359557807 5.577958319 

7.000494452 8.048435857 
7.052423897 7.884955022 

3.425666295 1.602050993 
3.318984985 1.450292548 

3.141965425 1.307818959 
3.318984985 1.450292548 

2.762397452 8.84101819 
2.865695415 8.691663329 

5.182803723 8.069301431 
5.255447194 8.149987744 

4.550265827 6.956501711 
4.30110139 6.973420226 

6.193897062 7.344859476 
6.403256607 7.26329326 

2.791334735 8.469916965 
2.865695415 8.691663329 

7.617373636 6.713101739 
7.650906965 6.868018523 

1.379461449 8.684023859 
1.513357359 8.401839583 

3.421591816 1.861114873 
3.436089506 2.067386938 

1.998490655 8.229165741 
1.898962715 8.455443072 

2.786113606 7.569358214 
2.793596393 7.458534311 

5.71321253 7.330646802 
5.688180257 7.579427444 

5.58758587 7.691801968 
5.688180257 7.579427444 

4.374453379 6.642715637 
4.137331723 6.745331945 

2.761697484 0.8364835402 
2.790779841 0.972868143 

1.379461449 8.684023859 
1.315034925 8.427844503 

2.190822798 9.184795522 
2.405542186 9.332881786 

2.636329649 9.483297169 
2.405542186 9.332881786 

2.357859153 1.337737191 
2.665578358 1.573248757 

2.965272531 1.726147925 
2.665578358 1.573248757 

6.229439828 6.741191828 
6.384097727 6.683298958 

5.039913709 6.595448966 
5.130512117 6.722805002 

5.370644992 6.720406078 
5.130512117 6.722805002 

5.239995494 7.713142744 
5.134433621 7.614627978 

2.2553357 0.6533683446 
2.074408061 0.7115969941 

1.954619114 6.875474964 
1.834049672 6.735237843 

0.521103777 7.671657023 
0.5353258284 7.553059101 

0.3731630698 7.485450022 
0.5353258284 7.553059101 

1.625165301 3.27159154 
1.864626722 3.408148196 

1.996191693 3.454841717 
1.864626722 3.408148196 

3.368840115 7.225242827 
3.446666185 7.309684066 

3.220713409 2.918341202 
3.343558298 2.684614986 

3.498916127 2.639216794 
3.343558298 2.684614986 

3.537647543 8.329508099 
3.736557118 8.219120412 

3.09130681 6.321217663 
3.11781941 6.409891318 

2.383386311 2.901298945 
2.576401779 2.888577163 

2.732712695 2.845589889 
2.576401779 2.888577163 

1.659055113 7.005577308 
1.732301275 7.235991248 

1.864554583 7.445903104 
1.732301275 7.235991248 

4.850635937 5.827673573 
5.007869394 5.688078369 

5.164074029 5.421042304 
5.007869394 5.688078369 

2.88881202 2.27218296 
2.707049593 2.258104113 

1.323967265 7.72363776 
0.8475814612 7.987290185 

1.375976502 7.224766004 
1.150546843 7.150377193 

4.557878908 3.136826605 
4.669456501 3.118506782 

2.790779841 0.972868143 
2.871484592 0.8856394609 

3.013070088 0.7929285631 
2.871484592 0.8856394609 

3.402005515 0.3353833348 
3.272436452 0.3486666482 

0.9793806205 7.000090279 
0.9995730696 6.773097646 

1.912510712 1.697877863 
1.706291158 1.787212433 

1.530128522 1.75673783 
1.706291158 1.787212433 

6.887507897 5.385175996 
7.025393864 5.514726223 

3.956143203 2.555520292 
3.754670151 2.787720863 

3.649698011 3.026308164 
3.754670151 2.787720863 

5.72991333 6.67088516 
5.626047073 6.749179351 

1.659310018 7.883787829 
1.869318795 7.906734602 

0.5877624407 7.309290993 
0.7105133299 7.27790732 

0.8226422517 7.163256227 
0.7105133299 7.27790732 

1.613978566 1.403419446 
1.797199077 1.410586211 

1.930064486 1.502175345 
1.797199077 1.410586211 

1.726396559 7.344065064 
1.732301275 7.235991248 

3.185393957 1.900364142 
3.145470937 2.050627332 

3.164761602 2.183339738 
3.145470937 2.050627332 

4.30110139 6.973420226 
4.137331723 6.745331945 

1.046467548 6.377170508 
1.159692009 6.298569557 

1.112232102 8.046714286 
0.8475814612 7.987290185 

6.364646694 8.313882568 
6.287686205 8.117411553 

2.811903265 3.548501615 
2.746582516 3.616578897 

5.454454651 7.662457687 
5.239995494 7.713142744 

5.511218389 4.778065481 
5.60879655 4.598924187 

7.562246996 6.499159507 
7.477680051 6.237574418 

7.197534176 7.057305562 
6.93511947 7.045224998 

2.747823231 9.145573413 
2.650839374 9.145300287 

6.613313753 5.701117377 
6.929273868 5.670525639 

2.854859394 6.654371388 
2.644814085 6.640811065 

2.647081699 2.638907497 
2.576401779 2.888577163 

7.427914474 6.648916721 
7.562246996 6.499159507 

2.114621934 7.574706699 
2.267069682 7.507421323 

2.127631554 2.109819488 
1.929834109 1.988631544 

6.728272423 6.491805529 
6.861084781 6.720946071 

5.164074029 5.421042304 
5.062125364 5.173426818 

7.197534176 7.057305562 
7.085593755 7.168871738 

5.921637726 6.765110006 
5.971577162 6.606837947 

5.458924543 8.19178503 
5.355168573 8.146566355 

5.255447194 8.149987744 
5.355168573 8.146566355 

7.397220806 7.321641108 
7.244113048 7.457313225 

1.925361185 3.476481149 
1.996191693 3.454841717 

2.647081699 2.638907497 
2.464094491 2.537700823 

3.778554029 8.534522561 
3.622800004 8.49023264 

2.489571954 8.586100334 
2.630612297 8.720148631 

2.762397452 8.84101819 
2.630612297 8.720148631 

4.355604315 1.19199119 
4.351623074 1.045869964 

5.921637726 6.765110006 
5.768144954 6.878277529 

3.11781941 6.409891318 
3.197772202 6.428014128 

6.659798139 7.959725275 
6.882318565 7.978892791 

7.000494452 8.048435857 
6.882318565 7.978892791 

1.496178262 9.379375696 
1.367972537 9.178303406 

3.265314294 3.924381304 
3.46350053 3.615107804 

6.912014595 6.343068401 
6.95187058 6.61798984 

4.186658344 2.353668852 
4.558840013 2.051918993 

4.956842663 1.714502264 
4.558840013 2.051918993 

4.555978453 1.821314593 
4.671280647 1.693895092 

4.56072375 1.621249669 
4.671280647 1.693895092 

6.685799276 6.134822431 
6.626277364 6.279192672 

6.56878145 6.460467533 
6.626277364 6.279192672 

3.498916127 2.639216794 
3.722237839 2.601644812 

3.425666295 1.602050993 
3.644767355 1.606867169 

2.979411231 2.70127679 
3.072032882 2.668412366 

3.074282546 2.501662415 
3.072032882 2.668412366 

2.713829323 1.831397718 
2.665578358 1.573248757 

2.190822798 9.184795522 
2.071072967 9.08037354 

2.270315294 7.09114117 
2.396998412 7.218909412 

1.715719265 2.742937247 
1.561113271 2.682756434 

3.230105304 2.125968169 
3.283766288 2.119227646 

3.436089506 2.067386938 
3.283766288 2.119227646 

6.382928972 6.392805862 
6.56878145 6.460467533 

2.542298088 1.981772295 
2.162104203 1.702579281 

3.410417651 6.451408665 
3.256342102 6.43935002 

3.197772202 6.428014128 
3.256342102 6.43935002 

6.685799276 6.134822431 
6.976438503 5.900298694 

5.768144954 6.878277529 
5.685534487 6.891163247 

3.830464905 7.142489038 
3.980880602 7.446440828 

6.063695026 6.612616433 
6.168257286 6.518808593 

6.336235844 6.141527236 
6.382928972 6.392805862 

1.613978566 1.403419446 
1.868762157 1.500116883 

2.162104203 1.702579281 
1.868762157 1.500116883 

6.287686205 8.117411553 
6.189785406 8.108140318 

3.145470937 2.050627332 
3.230105304 2.125968169 

3.308693494 8.926616501 
3.171984623 8.626132481 

3.1138567 8.292025967 
3.171984623 8.626132481 

4.570839938 6.105111134 
4.822448299 5.966705277 

3.46350053 3.615107804 
3.377419174 3.709897717 

2.21810812 3.629591215 
2.369748543 3.410040143 

6.336235844 6.141527236 
6.233894194 6.069870251 

6.103994126 5.995331281 
6.233894194 6.069870251 

1.925361185 3.476481149 
1.864626722 3.408148196 

6.058254152 8.199300072 
6.14288363 8.073108324 

6.22653558 8.013670341 
6.14288363 8.073108324 

3.542243718 0.4420227404 
3.402005515 0.3353833348 

3.542243718 0.4420227404 
3.444518786 0.5786849333 

3.344065426 0.7098225758 
3.444518786 0.5786849333 

6.364646694 8.313882568 
6.549370114 8.239536757 

5.454812752 5.696764921 
5.253949572 6.019145789 

2.489571954 8.586100334 
2.31644888 8.526761644 

2.028752008 8.515791397 
2.31644888 8.526761644 

3.185393957 1.900364142 
3.032990768 1.559761457 

6.310889931 5.447681378 
6.312128341 5.65000413 

5.892111722 6.428136784 
5.702976138 6.247784453 

7.483253024 5.435940471 
7.223675521 5.654779509 

6.976438503 5.900298694 
7.223675521 5.654779509 

6.064592729 7.877638636 
6.22653558 8.013670341 

2.890777993 6.827642596 
2.921937206 7.014676261 

3.722237839 2.601644812 
3.611680844 2.51415001 

6.314748795 7.985512319 
6.287686205 8.117411553 

4.570839938 6.105111134 
4.604081075 6.309630204 

4.629680956 6.478098059 
4.604081075 6.309630204 

6.384097727 6.683298958 
6.416573309 6.840111958 

0.6960774951 7.586374499 
0.5380323425 7.894728544 

3.722237839 2.601644812 
3.754670151 2.787720863 

4.081733863 7.631995994 
4.202615951 7.436171316 

4.29961743 7.297771394 
4.202615951 7.436171316 

0.5380323425 7.894728544 
0.6386553134 7.988668469 

5.900313084 5.525730384 
5.955560259 5.716841045 

6.034677283 5.866150796 
5.955560259 5.716841045 

1.628835845 8.5782101 
1.379461449 8.684023859 

1.864554583 7.445903104 
2.114621934 7.574706699 

1.530128522 1.75673783 
1.744656475 1.89677792 

1.929834109 1.988631544 
1.744656475 1.89677792 

3.421591816 1.861114873 
3.574712741 1.757109236 

7.197534176 7.057305562 
7.334251567 7.024092266 

7.538068397 6.978365778 
7.334251567 7.024092266 

5.164074029 5.421042304 
5.28448352 5.548167558 

6.064592729 7.877638636 
6.14288363 8.073108324 

1.375976502 7.224766004 
1.278162237 7.354699982 

1.26020788 7.44327645 
1.278162237 7.354699982 

3.917636053 2.175214713 
3.704457191 2.327413403 

2.388812274 8.831716037 
2.600244411 8.899658044 

1.496178262 9.379375696 
1.364510164 9.267119988 

3.344188213 7.582824971 
3.555040958 7.507086942 

3.730860701 7.542557394 
3.555040958 7.507086942 

4.370473326 7.620199484 
4.202615951 7.436171316 

4.784075974 2.417686607 
4.866894616 2.476131738 

5.050927603 2.551599308 
4.866894616 2.476131738 

2.357859153 1.337737191 
2.307342782 1.472102598 

1.930064486 1.502175345 
1.868762157 1.500116883 

3.272436452 0.3486666482 
3.2547073 0.2167686431 

4.671280647 1.693895092 
4.72538473 1.819561681 

5.702976138 6.247784453 
5.804129128 6.188913149 

5.831874269 6.080079325 
5.804129128 6.188913149 

6.166724309 5.028016711 
6.02555854 4.815478996 

6.166724309 5.028016711 
6.112144867 5.186672759 

6.138512166 5.338598134 
6.112144867 5.186672759 

3.244260326 6.29102762 
3.170325561 6.205737414 

3.917636053 2.175214713 
3.883767186 2.036022836 

3.980959688 1.877057619 
3.883767186 2.036022836 

1.869864373 1.054839907 
1.742023345 1.158860947 

3.093623237 8.720617645 
3.171984623 8.626132481 

6.064592729 7.877638636 
6.217248685 7.582867445 

1.625165301 3.27159154 
1.774670062 3.06929188 

1.938550355 2.905375892 
1.774670062 3.06929188 

2.945431353 2.042798683 
3.145470937 2.050627332 

2.302048428 2.443113926 
2.353288708 2.352338888 

2.484992101 2.347798163 
2.353288708 2.352338888 

4.604081075 6.309630204 
4.73232745 6.308247279 

2.75348708 7.983806018 
2.565833929 7.825549041 

2.408986003 7.69100786 
2.565833929 7.825549041 

5.062125364 5.173426818 
4.828074667 5.150670313 

2.336125958 6.41015509 
2.291796373 6.278798168 

3.283766288 2.119227646 
3.329666013 2.21796372 

2.945431353 2.042798683 
3.020323469 2.235956076 

3.076020603 2.33006416 
3.020323469 2.235956076 

6.93511947 7.045224998 
7.021916314 7.084941334 

7.085593755 7.168871738 
7.021916314 7.084941334 

4.861078076 5.420684313 
4.756606101 5.367544003 

2.021714298 8.8439362 
2.071072967 9.08037354 

7.531169223 6.216267949 
7.576093004 6.254125682 

1.301940544 7.972227079 
1.445688711 7.895637073 

1.469866323 7.998614434 
1.445688711 7.895637073 

1.470836001 5.887937811 
1.647679396 6.056499413 

1.711707273 6.172382849 
1.647679396 6.056499413 

5.547791483 6.03640232 
5.355924174 6.200535497 

4.450841133 1.344584152 
4.308942223 1.565647122 

1.976088324 3.33450982 
1.864626722 3.408148196 

3.220713409 2.918341202 
3.072032882 2.668412366 

2.447910537 0.7327489381 
2.39475442 0.6922314353 

1.692793397 8.167515867 
1.864212344 8.182746452 

1.998490655 8.229165741 
1.864212344 8.182746452 

6.91455817 5.993307928 
6.976438503 5.900298694 

5.253949572 6.019145789 
5.355924174 6.200535497 

3.622800004 8.49023264 
3.56804139 8.427187956 

3.537647543 8.329508099 
3.56804139 8.427187956 

2.3642794 0.9099990182 
2.368010166 1.211759337 

2.357859153 1.337737191 
2.368010166 1.211759337 

3.004982386 9.089884645 
3.162603663 8.980328023 

3.746039383 0.8597460938 
3.929715078 0.769537841 

1.087060281 6.594666741 
1.046467548 6.377170508 

5.355924174 6.200535497 
5.181513415 6.227210717 

2.465026543 0.5435360182 
2.555825588 0.5167896751 

2.179936835 6.71280427 
2.018963116 6.794710536 

1.954619114 6.875474964 
2.018963116 6.794710536 

3.377419174 3.709897717 
3.52310141 3.846770383 

6.229439828 6.741191828 
6.168257286 6.518808593 

2.423182716 2.189574453 
2.450935343 2.066029929 

2.542298088 1.981772295 
2.450935343 2.066029929 

2.420034186 6.247566878 
2.327894019 6.249737849 

2.291796373 6.278798168 
2.327894019 6.249737849 

3.663926367 2.068154676 
3.883767186 2.036022836 

6.045307194 7.138866355 
5.96745783 7.126791306 

5.841645422 7.098887955 
5.96745783 7.126791306 

6.336235844 6.141527236 
6.429428904 5.989638138 

3.325154414 0.5207889408 
3.444518786 0.5786849333 

2.270315294 7.09114117 
2.185047191 7.146332554 

2.102685461 7.284539428 
2.185047191 7.146332554 

2.44901042 8.067527828 
2.522448845 7.943908625 

2.489571954 8.586100334 
2.655175837 8.501140539 

5.454812752 5.696764921 
5.719281297 5.638483771 

1.659055113 7.005577308 
1.683480796 7.46022244 

1.659310018 7.883787829 
1.683480796 7.46022244 

6.238810884 5.865877287 
6.034677283 5.866150796 

1.315034925 8.427844503 
1.388286457 8.273834115 

1.461295625 8.121718597 
1.388286457 8.273834115 

1.659310018 7.883787829 
1.759870879 7.610653658 

6.912014595 6.343068401 
6.626277364 6.279192672 

1.100375333 9.289417402 
1.276082898 9.23496122 

1.367972537 9.178303406 
1.276082898 9.23496122 

0.7415325176 8.830337493 
0.9312013336 8.733937715 

1.052963448 8.700453181 
0.9312013336 8.733937715 

1.53652131 2.053544752 
1.636967589 2.197485675 

6.685799276 6.134822431 
6.536414875 6.126620383 

1.742023345 1.158860947 
1.915255726 1.318813916 

2.746582516 3.616578897 
2.65464908 3.657881485 

7.060968081 6.929486392 
7.021916314 7.084941334 

3.344188213 7.582824971 
3.141453763 7.652083045 

2.904212491 7.766283896 
3.141453763 7.652083045 

1.898962715 8.455443072 
2.006124637 8.403729707 

2.028752008 8.515791397 
2.006124637 8.403729707 

3.103101715 7.034822559 
2.921937206 7.014676261 

4.756606101 5.367544003 
4.687912018 5.336559785 

3.425666295 1.602050993 
3.405794107 1.726129956 

3.421591816 1.861114873 
3.405794107 1.726129956 

5.007869394 5.688078369 
5.19711622 5.687852298 

5.257758003 7.213126186 
5.217185516 7.42390826 

5.134433621 7.614627978 
5.217185516 7.42390826 

6.312128341 5.65000413 
6.066188055 5.651720314 

5.083811103 2.128961621 
5.104159532 2.333866078 

1.585333762 7.524240766 
1.683480796 7.46022244 

3.032990768 1.559761457 
2.868321756 1.461976703 

4.771693604 5.637526225 
4.933529381 5.415074537 

3.757411218 3.98176067 
3.90976146 3.841745511 

4.018719687 3.823722315 
3.90976146 3.841745511 

5.921637726 6.765110006 
5.96745783 7.126791306 

3.918118743 1.586085503 
3.856787619 1.708662608 

1.626202196 6.652068251 
1.60120912 6.874562044 

1.659055113 7.005577308 
1.60120912 6.874562044 

1.301940544 7.972227079 
1.469866323 7.998614434 

1.864554583 7.445903104 
1.683480796 7.46022244 

1.864554583 7.445903104 
1.956285173 7.584585886 

4.687912018 5.336559785 
4.630948535 5.318534193 

1.26020788 7.44327645 
1.323967265 7.72363776 

1.804197297 6.028374287 
1.681336609 5.995542062 

1.470836001 5.887937811 
1.681336609 5.995542062 

4.933529381 5.415074537 
4.861078076 5.420684313 

6.041695736 6.272564849 
6.168257286 6.518808593 

2.162104203 1.702579281 
2.351368282 1.767259921 

6.613235923 6.679450834 
6.384097727 6.683298958 

1.038596118 7.635643917 
1.043181292 7.847025707 

1.112232102 8.046714286 
1.043181292 7.847025707 

2.52316959 9.108496147 
2.590936114 9.202872877 

2.650839374 9.145300287 
2.590936114 9.202872877 

5.731168858 7.024501755 
5.768144954 6.878277529 

2.785631747 6.467971497 
2.751394435 6.540427525 

6.912014595 6.343068401 
6.908722553 6.158999687 

6.91455817 5.993307928 
6.908722553 6.158999687 

5.080313368 5.937329833 
4.822448299 5.966705277 

6.924510353 7.824678799 
6.882318565 7.978892791 

2.051271261 8.05941675 
2.005887556 7.959385828 

2.601690532 5.867428129 
2.495915309 5.939600357 

2.467661493 6.01147906 
2.495915309 5.939600357 

2.88881202 2.27218296 
3.020323469 2.235956076 

3.830464905 7.142489038 
4.092205209 7.17917619 

4.29961743 7.297771394 
4.092205209 7.17917619 

1.956285173 7.584585886 
1.893794903 7.678444539 

2.655175837 8.501140539 
2.734796259 8.244751941 

0.8475814612 7.987290185 
0.8450799575 7.858243038 

4.450841133 1.344584152 
4.288951606 1.383810449 

4.118283965 1.445592109 
4.288951606 1.383810449 

5.909634403 6.55558686 
5.844679497 6.497051806 

5.74786899 6.519677125 
5.844679497 6.497051806 

3.996030808 3.096270216 
4.166682633 3.078177445 

4.329922575 3.143042413 
4.166682633 3.078177445 

2.179936835 6.71280427 
1.973449974 6.729513916 

1.834049672 6.735237843 
1.973449974 6.729513916 

1.726396559 7.344065064 
1.683480796 7.46022244 

1.585333762 7.524240766 
1.640952505 7.376152372 

1.726396559 7.344065064 
1.640952505 7.376152372 

2.21810812 3.629591215 
2.098314953 3.492143583 

2.489876574 3.842506399 
2.42374721 3.678419476 

2.114621934 7.574706699 
1.956285173 7.584585886 

6.403256607 7.26329326 
6.508284696 7.367525183 

6.601452421 7.456826849 
6.508284696 7.367525183 

1.53652131 2.053544752 
1.586112049 1.912374802 

5.624381239 4.974786954 
5.662196652 4.837614641 

3.164761602 2.183339738 
3.020323469 2.235956076 

6.279581735 4.699303679 
6.326868209 4.856951243 

7.173279098 5.93037733 
6.976438503 5.900298694 

6.734242067 5.122690887 
6.935767787 5.156529101 

5.804129128 6.188913149 
5.892111722 6.428136784 

7.397220806 7.321641108 
7.440700922 6.897407991 

7.562246996 6.499159507 
7.440700922 6.897407991 

0.6960774951 7.586374499 
0.5353258284 7.553059101 

6.041695736 6.272564849 
6.233894194 6.069870251 

2.653318855 7.315918697 
2.717066977 7.393105301 

2.793596393 7.458534311 
2.717066977 7.393105301 

2.834044994 1.600354423 
2.75439487 1.627768839 

4.956842663 1.714502264 
4.801551262 1.753675296 

4.671280647 1.693895092 
4.801551262 1.753675296 

1.100375333 9.289417402 
1.253170717 9.335177358 

1.364510164 9.267119988 
1.253170717 9.335177358 

3.663926367 2.068154676 
3.917636053 2.175214713 

2.647081699 2.638907497 
2.54051074 2.789496382 

2.383386311 2.901298945 
2.54051074 2.789496382 

2.965272531 1.726147925 
2.75439487 1.627768839 

3.355685294 7.002629016 
3.376317266 6.735601695 

7.688870351 6.108365293 
7.604930416 6.181008889 

7.576093004 6.254125682 
7.604930416 6.181008889 

7.427914474 6.648916721 
7.617373636 6.713101739 

3.778554029 8.534522561 
3.582713789 8.303600893 

3.355058174 7.937158671 
3.582713789 8.303600893 

1.706291158 1.787212433 
1.744656475 1.89677792 

4.629680956 6.478098059 
4.830620239 6.428192251 

4.993593971 6.341549625 
4.830620239 6.428192251 

2.019648188 2.579347513 
2.078297303 2.440363809 

2.159863299 2.307279727 
2.078297303 2.440363809 

5.892111722 6.428136784 
5.844679497 6.497051806 

2.3642794 0.9099990182 
2.563843679 0.9516152451 

5.257758003 7.213126186 
5.058127833 7.286810403 

3.574712741 1.757109236 
3.405794107 1.726129956 

7.173279098 5.93037733 
7.070889722 5.762613224 

6.929273868 5.670525639 
7.070889722 5.762613224 

6.887507897 5.385175996 
7.003954166 5.282732305 

1.742023345 1.158860947 
1.719040742 1.283896761 

1.613978566 1.403419446 
1.719040742 1.283896761 

5.575401118 5.386111076 
5.653775271 5.571075979 

5.719281297 5.638483771 
5.653775271 5.571075979 

1.241784493 8.761051165 
1.192690172 9.001338994 

6.041695736 6.272564849 
6.035909518 6.500563642 

5.971577162 6.606837947 
6.035909518 6.500563642 

4.452365159 5.284756568 
4.562960071 5.297847017 

4.630948535 5.318534193 
4.562960071 5.297847017 

2.382711363 8.315268484 
2.31644888 8.526761644 

2.074408061 0.7115969941 
2.027247146 0.8063410264 

5.595858347 6.495742869 
5.491065213 6.577520919 

5.370644992 6.720406078 
5.491065213 6.577520919 

4.370473326 7.620199484 
4.673567901 7.821405456 

5.002203479 8.019249403 
4.673567901 7.821405456 

1.759870879 7.610653658 
1.956285173 7.584585886 

2.600988105 7.617623142 
2.729952753 7.682288049 

2.904212491 7.766283896 
2.729952753 7.682288049 

1.794849397 2.185825289 
1.929834109 1.988631544 

2.912926183 7.220832857 
2.716374387 7.133599805 

4.89998513 1.987386649 
4.72538473 1.819561681 

2.177055139 3.331877265 
1.976088324 3.33450982 

0.3141667675 8.174022764 
0.4436657462 8.033039391 

0.5380323425 7.894728544 
0.4436657462 8.033039391 

2.336125958 6.41015509 
2.327894019 6.249737849 

4.89998513 1.987386649 
4.918308463 1.847955987 

4.956842663 1.714502264 
4.918308463 1.847955987 

2.336125958 6.41015509 
2.126920891 6.397848514 

1.992974979 6.338908108 
2.126920891 6.397848514 

4.976488452 7.656511813 
5.142772126 7.897670155 

6.229439828 6.741191828 
6.279768546 6.601922703 

6.382928972 6.392805862 
6.279768546 6.601922703 

4.395331082 2.863051756 
4.27882503 2.809347276 

6.035909518 6.500563642 
6.063695026 6.612616433 

7.003954166 5.282732305 
7.093714028 5.370396358 

3.185393957 1.900364142 
3.285581488 2.002648507 

3.436089506 2.067386938 
3.285581488 2.002648507 

6.238810884 5.865877287 
6.1505039 5.86596476 

6.103994126 5.995331281 
6.1505039 5.86596476 

3.582713789 8.303600893 
3.537647543 8.329508099 

2.200561117 7.699190707 
2.267069682 7.507421323 

2.146845481 8.398080116 
2.217977325 8.191518893 

2.246299773 8.080708156 
2.217977325 8.191518893 

5.28448352 5.548167558 
5.19711622 5.687852298 

2.555825588 0.5167896751 
2.570146531 0.4108246382 

3.074282546 2.501662415 
3.136578093 2.671507409 

6.066188055 5.651720314 
5.955560259 5.716841045 

2.190822798 9.184795522 
1.981398606 9.224817464 

2.716374387 7.133599805 
2.615936808 7.062621803 

7.440700922 6.897407991 
7.334251567 7.024092266 

2.21810812 3.629591215 
2.327844459 3.643122812 

2.42374721 3.678419476 
2.327844459 3.643122812 

4.351623074 1.045869964 
4.371136859 0.9648546511 

3.645085593 7.869790331 
3.510035581 7.966123669 

3.355058174 7.937158671 
3.510035581 7.966123669 

6.058254152 8.199300072 
6.129943253 8.14613607 

6.189785406 8.108140318 
6.129943253 8.14613607 

7.538068397 6.978365778 
7.456822722 6.799806706 

7.427914474 6.648916721 
7.456822722 6.799806706 

2.048804487 7.678385869 
2.200561117 7.699190707 

2.65464908 3.657881485 
2.608430936 3.730279897 

0.7742522433 8.130604211 
0.5578416912 8.150020497 

6.217248685 7.582867445 
6.178502406 7.489139091 

6.193897062 7.344859476 
6.178502406 7.489139091 

2.307342782 1.472102598 
2.359000151 1.592226852 

2.351368282 1.767259921 
2.359000151 1.592226852 

1.624258616 8.292594826 
1.651474863 8.470349393 

1.628835845 8.5782101 
1.651474863 8.470349393 

5.595858347 6.495742869 
5.702976138 6.247784453 

5.595858347 6.495742869 
5.730712181 6.404886358 

5.892111722 6.428136784 
5.730712181 6.404886358 

3.446666185 7.309684066 
3.39961337 7.409460167 

3.344188213 7.582824971 
3.39961337 7.409460167 

1.530128522 1.75673783 
1.691035631 1.967899866 

5.28448352 5.548167558 
5.383424069 5.60328775 

5.454812752 5.696764921 
5.383424069 5.60328775 

3.980959688 1.877057619 
3.856787619 1.708662608 

3.013070088 0.7929285631 
3.121181741 0.8245585689 

3.230449344 0.9174609162 
3.121181741 0.8245585689 

6.912014595 6.343068401 
7.039589378 6.299242311 

7.19961283 6.310194863 
7.039589378 6.299242311 

2.489876574 3.842506399 
2.555562895 3.77826227 

2.608430936 3.730279897 
2.555562895 3.77826227 

3.956143203 2.555520292 
3.813930348 2.587963326 

3.722237839 2.601644812 
3.813930348 2.587963326 

1.659055113 7.005577308 
1.797736765 6.929688193 

1.954619114 6.875474964 
1.797736765 6.929688193 

3.746039383 0.8597460938 
3.597931033 0.9639443986 

0.5578416912 8.150020497 
0.4191019234 8.23810017 

3.488123489 3.221300392 
3.490206178 3.438874065 

3.46350053 3.615107804 
3.490206178 3.438874065 

2.418589692 7.031585277 
2.594241992 7.166463566 

2.653318855 7.315918697 
2.594241992 7.166463566 

4.570839938 6.105111134 
4.451355159 6.095673613 

4.358087862 6.104583144 
4.451355159 6.095673613 

2.940726445 2.90054525 
3.045179649 3.078611561 

3.131022075 3.281482402 
3.045179649 3.078611561 

3.308693494 8.926616501 
3.188728489 8.827552157 

3.093623237 8.720617645 
3.188728489 8.827552157 

0.9920183202 7.444892507 
1.19251716 7.584499196 

1.323967265 7.72363776 
1.19251716 7.584499196 

2.336125958 6.41015509 
2.232601798 6.523111175 

2.647081699 2.638907497 
2.677216094 2.895627758 

2.382711363 8.315268484 
2.217977325 8.191518893 

2.987898943 1.312605548 
2.969039649 1.386758983 

4.50341352 2.401906118 
4.564400801 2.583802045 

2.615936808 7.062621803 
2.542472045 7.062893338 

2.418589692 7.031585277 
2.542472045 7.062893338 

1.038596118 7.635643917 
1.19251716 7.584499196 

1.315034925 8.427844503 
1.419696251 8.407587243 

1.513357359 8.401839583 
1.419696251 8.407587243 

3.220713409 2.918341202 
3.045179649 3.078611561 

3.136578093 2.671507409 
3.18696993 2.748135125 

7.208722906 5.198552832 
7.048846868 5.138540703 

6.935767787 5.156529101 
7.048846868 5.138540703 

0.9920183202 7.444892507 
0.8497586136 7.519771993 

0.6960774951 7.586374499 
0.8497586136 7.519771993 

3.31386463 2.387732023 
3.343558298 2.684614986 

5.74786899 6.519677125 
5.730712181 6.404886358 

4.801551262 1.753675296 
4.72538473 1.819561681 

2.036380733 5.918532464 
2.166764981 5.963179598 

2.195194095 6.03061169 
2.166764981 5.963179598 

7.538068397 6.978365778 
7.440700922 6.897407991 

1.912510712 1.697877863 
2.030160168 1.738772151 

2.162104203 1.702579281 
2.030160168 1.738772151 

3.980959688 1.877057619 
3.862823436 1.852969577 

3.751560879 1.83333919 
3.862823436 1.852969577 

2.190822798 9.184795522 
2.188897436 9.009837713 

2.021714298 8.8439362 
2.188897436 9.009837713 

2.336125958 6.41015509 
2.420034186 6.247566878 

1.625165301 3.27159154 
1.791719966 3.369612919 

1.925361185 3.476481149 
1.791719966 3.369612919 

2.677216094 2.895627758 
2.732712695 2.845589889 

6.95187058 6.61798984 
7.11992987 6.58608634 

7.250712853 6.508667521 
7.11992987 6.58608634 

4.556024832 7.307906165 
4.641777307 7.30233224 

4.75762416 7.321193476 
4.641777307 7.30233224 

6.429428904 5.989638138 
6.526452147 6.039976439 

6.536414875 6.126620383 
6.526452147 6.039976439 

2.019493683 7.030079107 
2.185047191 7.146332554 

1.280560104 6.215602263 
1.165182063 6.406560443 

1.087060281 6.594666741 
1.165182063 6.406560443 

0.7829332553 6.562382942 
0.7975114339 6.482094276 

2.019493683 7.030079107 
2.03906314 7.139938058 

2.102685461 7.284539428 
2.03906314 7.139938058 

3.103101715 7.034822559 
3.027822071 6.907212285 

5.60879655 4.598924187 
5.780211921 4.66282769 

5.888503685 4.736011852 
5.780211921 4.66282769 

4.198692671 6.23931773 
4.358087862 6.104583144 

4.371136859 0.9648546511 
4.407777879 0.9102176999 

1.659310018 7.883787829 
1.445688711 7.895637073 

0.3141667675 8.174022764 
0.5668150067 8.076219279 

0.8475814612 7.987290185 
0.5668150067 8.076219279 

2.146845481 8.398080116 
2.006124637 8.403729707 

6.063695026 6.612616433 
6.162218259 6.655831671 

6.229439828 6.741191828 
6.162218259 6.655831671 

2.464094491 2.537700823 
2.484992101 2.347798163 

2.655175837 8.501140539 
2.709695481 8.470758088 

2.791334735 8.469916965 
2.709695481 8.470758088 

1.280560104 6.215602263 
1.117767662 6.119017514 

2.44901042 8.067527828 
2.57868767 8.025212257 

2.75348708 7.983806018 
2.57868767 8.025212257 

4.669456501 3.118506782 
4.395331082 2.863051756 

4.882503258 2.931080305 
4.755299688 2.966739604 

2.565833929 7.825549041 
2.600988105 7.617623142 

6.066188055 5.651720314 
5.984813835 5.590542787 

1.375976502 7.224766004 
1.479989654 7.385452465 

1.585333762 7.524240766 
1.479989654 7.385452465 

4.993593971 6.341549625 
5.181513415 6.227210717 

2.761697484 0.8364835402 
2.871484592 0.8856394609 

7.562246996 6.499159507 
7.516661403 6.013562195 

2.115603507 7.436300532 
2.078268432 7.513827197 

2.114621934 7.574706699 
2.078268432 7.513827197 

5.955560259 5.716841045 
5.984813835 5.590542787 

4.555978453 1.821314593 
4.359212086 1.874523635 

4.157877701 1.931970053 
4.359212086 1.874523635 

5.199704727 6.423991929 
5.193716138 6.316585647 

5.181513415 6.227210717 
5.193716138 6.316585647 

4.136197455 0.5713277556 
4.014892622 0.6802393653 

3.929715078 0.769537841 
4.014892622 0.6802393653 

1.530128522 1.75673783 
1.548097614 1.832519289 

1.586112049 1.912374802 
1.548097614 1.832519289 

1.628835845 8.5782101 
1.758598629 8.709424453 

1.324944452 6.582828108 
1.442689274 6.642865622 

5.71321253 7.330646802 
5.745905824 7.476230887 

2.188897436 9.009837713 
2.388812274 8.831716037 

6.55307716 6.945347518 
6.676106432 6.838472022 

6.763370038 6.766036454 
6.676106432 6.838472022 

4.755299688 2.966739604 
4.66478372 2.956341204 

1.626202196 6.652068251 
1.661653606 6.536407506 

1.672767788 6.370602824 
1.661653606 6.536407506 

6.499053467 5.002910371 
6.444179036 4.911718235 

6.326868209 4.856951243 
6.444179036 4.911718235 

5.062125364 5.173426818 
4.979135499 5.299883297 

4.933529381 5.415074537 
4.979135499 5.299883297 

5.688180257 7.579427444 
5.745905824 7.476230887 

0.4215231659 6.739933826 
0.5568023245 6.80912287 

0.7306770005 6.943814147 
0.5568023245 6.80912287 

7.052423897 7.884955022 
6.924510353 7.824678799 

7.052423897 7.884955022 
7.196153651 7.844046021 

7.314825188 7.781073267 
7.196153651 7.844046021 

1.280560104 6.215602263 
1.394967007 6.101444351 

5.199704727 6.423991929 
5.19699026 6.561798084 

1.253170717 9.335177358 
1.276082898 9.23496122 

1.864554583 7.445903104 
1.884600421 7.558439967 

1.893794903 7.678444539 
1.884600421 7.558439967 

2.423182716 2.189574453 
2.353288708 2.352338888 

5.002203479 8.019249403 
5.068619998 8.10513727 

1.956285173 7.584585886 
1.884600421 7.558439967 

2.418589692 7.031585277 
2.653883105 6.927064944 

2.890777993 6.827642596 
2.653883105 6.927064944 

6.279768546 6.601922703 
6.168257286 6.518808593 

2.382711363 8.315268484 
2.408959468 8.448509841 

2.489571954 8.586100334 
2.408959468 8.448509841 

3.220713409 2.918341202 
2.940726445 2.90054525 

3.220713409 2.918341202 
3.223763648 2.809900916 

3.18696993 2.748135125 
3.223763648 2.809900916 

5.71321253 7.330646802 
5.56210524 7.512064847 

5.454454651 7.662457687 
5.56210524 7.512064847 

1.647679396 6.056499413 
1.681336609 5.995542062 

3.2547073 0.2167686431 
3.318646766 0.3074016771 

3.402005515 0.3353833348 
3.318646766 0.3074016771 

2.423182716 2.189574453 
2.290318837 2.16902645 

2.127631554 2.109819488 
2.290318837 2.16902645 

4.850635937 5.827673573 
4.952731597 5.84652538 

1.159692009 6.298569557 
1.130957173 6.251520204 

1.636967589 2.197485675 
1.506203917 2.256028654 

4.489572194 0.8227091271 
4.44685317 0.8734901225 

4.407777879 0.9102176999 
4.44685317 0.8734901225 

0.7975114339 6.482094276 
0.7860573224 6.43238627 

2.992075522 3.417639756 
3.211692261 3.514755792 

4.358087862 6.104583144 
4.291548592 5.991121447 

1.130957173 6.251520204 
1.136941775 6.227677768 

3.421591816 1.861114873 
3.285581488 2.002648507 

5.60879655 4.598924187 
5.647113581 4.733365873 

5.662196652 4.837614641 
5.647113581 4.733365873 

3.410417651 6.451408665 
3.308151511 6.382865035 

3.244260326 6.29102762 
3.308151511 6.382865035 

7.003954166 5.282732305 
7.048846868 5.138540703 

1.038596118 7.635643917 
0.8497586136 7.519771993 

2.265487835 5.831965649 
2.412265672 5.875682661 

0.7742522433 8.130604211 
0.8475814612 7.987290185 

1.659310018 7.883787829 
1.551830324 7.998437857 

1.461295625 8.121718597 
1.551830324 7.998437857 

6.549370114 8.239536757 
6.62226574 8.207583574 

6.667520189 8.250443209 
6.62226574 8.207583574 

4.73232745 6.308247279 
4.830620239 6.428192251 

1.308032457 2.299639807 
1.426470299 2.284790577 

1.506203917 2.256028654 
1.426470299 2.284790577 

5.768144954 6.878277529 
5.624191874 6.925836997 

5.495527946 7.013466842 
5.624191874 6.925836997 

1.442689274 6.642865622 
1.60120912 6.874562044 

4.29961743 7.297771394 
4.310286853 7.159299882 

2.912926183 7.220832857 
2.922414579 7.096178511 

2.921937206 7.014676261 
2.922414579 7.096178511 

3.136578093 2.671507409 
3.072032882 2.668412366 

1.442689274 6.642865622 
1.528641625 6.646146172 

1.626202196 6.652068251 
1.528641625 6.646146172 

6.035909518 6.500563642 
6.168257286 6.518808593 

5.130512117 6.722805002 
5.166764889 6.658740572 

5.19699026 6.561798084 
5.166764889 6.658740572 

4.629680956 6.478098059 
4.704923388 6.64397307 

6.162218259 6.655831671 
6.279768546 6.601922703 

3.013070088 0.7929285631 
2.833216426 0.6139490956 

1.864626722 3.408148196 
1.791719966 3.369612919 

1.470836001 5.887937811 
1.486033726 6.007170364 

1.394967007 6.101444351 
1.486033726 6.007170364 

6.238810884 5.865877287 
6.245792242 5.751775107 

6.312128341 5.65000413 
6.245792242 5.751775107 

5.182803723 8.069301431 
5.13411168 8.086341144 

7.538068397 6.978365778 
7.575046912 6.908125749 

3.050367939 6.088174772 
3.125600398 6.15492066 

3.170325561 6.205737414 
3.125600398 6.15492066 

1.982364281 6.114743345 
2.036380733 5.918532464 

2.412265672 5.875682661 
2.483457849 5.863487957 

7.205973372 7.550851272 
7.170172372 7.50504057 

7.244113048 7.457313225 
7.170172372 7.50504057 

4.30110139 6.973420226 
4.284029439 7.090707204 

4.310286853 7.159299882 
4.284029439 7.090707204 

5.039913709 6.595448966 
5.19699026 6.561798084 

4.004031899 1.419484004 
3.957121617 1.509679427 

3.918118743 1.586085503 
3.957121617 1.509679427 

6.279768546 6.601922703 
6.384097727 6.683298958 

5.909634403 6.55558686 
5.94497959 6.489455448 

6.035909518 6.500563642 
5.94497959 6.489455448 

2.624973943 3.176084451 
2.688479751 3.02399331 

2.677216094 2.895627758 
2.688479751 3.02399331 

2.450935343 2.066029929 
2.290318837 2.16902645 

2.048804487 7.678385869 
2.10442741 7.680660022 

2.133623875 7.782068174 
2.10442741 7.680660022 

7.562246996 6.499159507 
7.576093004 6.254125682 

5.454812752 5.696764921 
5.334678035 5.709250148 

5.19711622 5.687852298 
5.334678035 5.709250148 

2.75439487 1.627768839 
2.665578358 1.573248757 

2.051271261 8.05941675 
2.193569164 7.966714328 

2.355041946 7.875747778 
2.193569164 7.966714328 

3.578661598 0.7958816901 
3.597931033 0.9639443986 

4.993593971 6.341549625 
5.028675604 6.475301812 

5.039913709 6.595448966 
5.028675604 6.475301812 

2.833216426 0.6139490956 
2.760873913 0.5235375906 

2.675652482 0.4489099127 
2.760873913 0.5235375906 

0.5877624407 7.309290993 
0.5143294375 7.378130138 

0.3731630698 7.485450022 
0.5143294375 7.378130138 

4.152163332 5.875159319 
4.245125097 5.936685123 

4.291548592 5.991121447 
4.245125097 5.936685123 

3.032990768 1.559761457 
2.969039649 1.386758983 

2.359000151 1.592226852 
2.593179369 1.646735163 

6.659798139 7.959725275 
6.809280347 7.881774959 

6.924510353 7.824678799 
6.809280347 7.881774959 

6.882318565 7.978892791 
6.809280347 7.881774959 

3.220713409 2.918341202 
3.098173945 2.851938156 

2.979411231 2.70127679 
3.098173945 2.851938156 

4.66478372 2.956341204 
4.672013607 3.018528769 

6.91455817 5.993307928 
7.034852443 5.956118129 

5.575401118 5.386111076 
5.422608247 5.461140286 

5.28448352 5.548167558 
5.422608247 5.461140286 

4.30110139 6.973420226 
4.445457596 7.140686863 

3.533683721 2.298281048 
3.44270493 2.216407872 

3.329666013 2.21796372 
3.44270493 2.216407872 

4.395331082 2.863051756 
4.360507526 2.966348697 

3.778554029 8.534522561 
3.44187993 8.436655758 

3.1138567 8.292025967 
3.44187993 8.436655758 

5.895705705 7.55237183 
6.178502406 7.489139091 

5.895705705 7.55237183 
5.767151912 7.571615267 

5.688180257 7.579427444 
5.767151912 7.571615267 

1.359837416 2.699222821 
1.443628028 2.651208584 

1.506454803 2.606118734 
1.443628028 2.651208584 

2.751394435 6.540427525 
2.715343797 6.569263872 

6.034677283 5.866150796 
6.1505039 5.86596476 

1.749476952 9.30613097 
1.852367729 9.247659024 

1.981398606 9.224817464 
1.852367729 9.247659024 

2.665578358 1.573248757 
2.593179369 1.646735163 

1.352841353 9.070800564 
1.192690172 9.001338994 

7.085593755 7.168871738 
7.081878768 7.064525013 

7.060968081 6.929486392 
7.081878768 7.064525013 

4.252740932 3.605231388 
4.37531401 3.446979327 

2.88881202 2.27218296 
2.828138103 2.172477624 

2.734330866 2.093891063 
2.828138103 2.172477624 

6.908722553 6.158999687 
7.039589378 6.299242311 

6.908722553 6.158999687 
6.798888125 6.126994111 

6.685799276 6.134822431 
6.798888125 6.126994111 

6.976438503 5.900298694 
7.034852443 5.956118129 

7.003954166 5.282732305 
7.080283737 5.212868397 

2.636329649 9.483297169 
2.61158508 9.342745891 

2.590936114 9.202872877 
2.61158508 9.342745891 

4.526698696 5.756538584 
4.245125097 5.936685123 

3.141453763 7.652083045 
2.995027722 7.923163226 

3.081013411 0.3068529607 
3.155310546 0.2351604899 

3.2547073 0.2167686431 
3.155310546 0.2351604899 

4.489572194 0.8227091271 
4.295889962 0.8932780302 

2.681057467 3.39168208 
2.65464908 3.657881485 

3.773255965 1.367317276 
4.004031899 1.419484004 

4.079563985 0.9699632506 
4.18585241 0.9324835731 

4.295889962 0.8932780302 
4.18585241 0.9324835731 

3.773255965 1.367317276 
3.699655175 1.498929563 

3.644767355 1.606867169 
3.699655175 1.498929563 

7.562246996 6.499159507 
7.607101699 6.318443419 

7.607101699 6.318443419 
7.657682498 6.218413108 

7.688870351 6.108365293 
7.657682498 6.218413108 

3.098173945 2.851938156 
2.940726445 2.90054525 

2.653883105 6.927064944 
2.615936808 7.062621803 

3.410417651 6.451408665 
3.434761056 6.623576823 

3.542243718 0.4420227404 
3.423317062 0.4761419111 

3.325154414 0.5207889408 
3.423317062 0.4761419111 

3.633771714 3.232872551 
3.566670056 3.257051535 

2.675652482 0.4489099127 
2.626487889 0.4387542517 

6.95187058 6.61798984 
6.86904485 6.558561166 

6.728272423 6.491805529 
6.86904485 6.558561166 

7.538068397 6.978365778 
7.464997948 7.145635276 

4.830620239 6.428192251 
5.028675604 6.475301812 

1.136941775 6.227677768 
1.140362431 6.198593418 

5.94497959 6.489455448 
5.892111722 6.428136784 

3.488123489 3.221300392 
3.52352388 3.261333506 

3.566670056 3.257051535 
3.52352388 3.261333506 

2.945431353 2.042798683 
2.828138103 2.172477624 

6.613313753 5.701117377 
6.53861963 5.816284992 

6.429428904 5.989638138 
6.53861963 5.816284992 

3.788979627 8.418204256 
3.75394888 8.319083621 

3.736557118 8.219120412 
3.75394888 8.319083621 

1.915255726 1.318813916 
1.797199077 1.410586211 

3.385138263 8.382061759 
3.44187993 8.436655758 

1.759870879 7.610653658 
1.816896718 7.505839466 

1.864554583 7.445903104 
1.816896718 7.505839466 

5.007869394 5.688078369 
4.952731597 5.84652538 

1.938550355 2.905375892 
1.97018195 2.729928851 

2.019648188 2.579347513 
1.97018195 2.729928851 

4.556024832 7.307906165 
4.518366996 7.208758796 

4.445457596 7.140686863 
4.518366996 7.208758796 

1.445688711 7.895637073 
1.551830324 7.998437857 

5.257758003 7.213126186 
5.372850339 7.11626284 

5.495527946 7.013466842 
5.372850339 7.11626284 

2.790779841 0.972868143 
2.683935201 0.9699564824 

2.563843679 0.9516152451 
2.683935201 0.9699564824 

2.336125958 6.41015509 
2.148675014 6.271744283 

1.982364281 6.114743345 
2.148675014 6.271744283 

4.137331723 6.745331945 
4.017143809 6.777672398 

3.162603663 8.980328023 
3.230392169 8.960965894 

1.100375333 9.289417402 
1.155556481 9.14063932 

1.192690172 9.001338994 
1.155556481 9.14063932 

2.601690532 5.867428129 
2.527990232 5.835282008 

2.483457849 5.863487957 
2.527990232 5.835282008 

3.285581488 2.002648507 
3.230105304 2.125968169 

1.692793397 8.167515867 
1.551830324 7.998437857 

4.308942223 1.565647122 
4.289221678 1.479789053 

4.288951606 1.383810449 
4.289221678 1.479789053 

1.140362431 6.198593418 
1.140968496 6.169695758 

2.75348708 7.983806018 
2.807824127 7.862807923 

2.904212491 7.766283896 
2.807824127 7.862807923 

5.104159532 2.333866078 
5.077789008 2.442828243 

5.050927603 2.551599308 
5.077789008 2.442828243 

1.976088324 3.33450982 
1.996191693 3.454841717 

2.489876574 3.842506399 
2.544820987 3.746041916 

2.590372807 3.626014923 
2.544820987 3.746041916 

3.004982386 9.089884645 
2.877805208 9.104896334 

2.747823231 9.145573413 
2.877805208 9.104896334 

0.9793806205 7.000090279 
1.150546843 7.150377193 

2.382711363 8.315268484 
2.257419198 8.337917717 

2.146845481 8.398080116 
2.257419198 8.337917717 

2.707049593 2.258104113 
2.828138103 2.172477624 

2.890777993 6.827642596 
2.958006914 6.863068909 

3.027822071 6.907212285 
2.958006914 6.863068909 

7.607101699 6.318443419 
7.576093004 6.254125682 

6.382928972 6.392805862 
6.285257809 6.481188238 

6.168257286 6.518808593 
6.285257809 6.481188238 

4.526698696 5.756538584 
4.346189479 5.809324714 

3.730860701 7.542557394 
3.784817975 7.354621393 

3.830464905 7.142489038 
3.784817975 7.354621393 

2.594241992 7.166463566 
2.615936808 7.062621803 

7.080283737 5.212868397 
7.135678466 5.191135636 

3.285581488 2.002648507 
3.283766288 2.119227646 

3.996030808 3.096270216 
3.848376474 3.05938751 

6.55307716 6.945347518 
6.573636008 6.807961527 

6.613235923 6.679450834 
6.573636008 6.807961527 

4.550265827 6.956501711 
4.445457596 7.140686863 

5.895705705 7.55237183 
5.810944685 7.520236673 

5.745905824 7.476230887 
5.810944685 7.520236673 

1.838142158 8.854466638 
1.954010644 8.961008996 

2.071072967 9.08037354 
1.954010644 8.961008996 

1.561113271 2.682756434 
1.506454803 2.606118734 

3.649698011 3.026308164 
3.74925613 3.053028017 

3.848376474 3.05938751 
3.74925613 3.053028017 

1.884600421 7.558439967 
1.816896718 7.505839466 

5.355924174 6.200535497 
5.193716138 6.316585647 

6.659798139 7.959725275 
6.501426931 7.970908766 

6.314748795 7.985512319 
6.501426931 7.970908766 

5.058127833 7.286810403 
5.217185516 7.42390826 

6.499053467 5.002910371 
6.490310064 5.132452352 

6.482830839 5.265105317 
6.490310064 5.132452352 

2.570146531 0.4108246382 
2.59831721 0.424789445 

2.626487889 0.4387542517 
2.59831721 0.424789445 

2.464094491 2.537700823 
2.37063779 2.459674394 

2.302048428 2.443113926 
2.37063779 2.459674394 

2.027247146 0.8063410264 
1.961971401 0.7572573946 

3.425666295 1.602050993 
3.516175955 1.677757997 

3.574712741 1.757109236 
3.516175955 1.677757997 

7.048846868 5.138540703 
7.080283737 5.212868397 

6.86904485 6.558561166 
6.839393541 6.630649404 

6.861084781 6.720946071 
6.839393541 6.630649404 

1.323967265 7.72363776 
1.445688711 7.895637073 

1.038596118 7.635643917 
0.9382977725 7.699492193 

0.8450799575 7.858243038 
0.9382977725 7.699492193 

3.88330086 6.787783369 
3.991459224 6.99167748 

1.749476952 9.30613097 
1.620072181 9.321835754 

4.092205209 7.17917619 
4.310286853 7.159299882 

3.131022075 3.281482402 
3.057815734 3.344318032 

1.486033726 6.007170364 
1.647679396 6.056499413 

3.663926367 2.068154676 
3.572513054 2.147419205 

2.868321756 1.461976703 
2.665578358 1.573248757 

2.969039649 1.386758983 
2.90638793 1.409427585 

2.408959468 8.448509841 
2.31644888 8.526761644 

6.573636008 6.807961527 
6.416573309 6.840111958 

7.516661403 6.013562195 
7.495391575 5.757097014 

7.397220806 7.321641108 
7.456043545 7.240639214 

7.464997948 7.145635276 
7.456043545 7.240639214 

2.357859153 1.337737191 
2.254823786 1.516001532 

2.162104203 1.702579281 
2.254823786 1.516001532 

1.620072181 9.321835754 
1.555312566 9.330678286 

5.062125364 5.173426818 
5.10444387 4.993695523 

5.14860955 4.789778052 
5.10444387 4.993695523 

0.3141667675 8.174022764 
0.3744569141 8.177930894 

2.489571954 8.586100334 
2.446917538 8.701557057 

2.388812274 8.831716037 
2.446917538 8.701557057 

4.092205209 7.17917619 
4.03715159 7.083433191 

3.991459224 6.99167748 
4.03715159 7.083433191 

1.794849397 2.185825289 
1.747930038 2.068063141 

1.691035631 1.967899866 
1.747930038 2.068063141 

3.081013411 0.3068529607 
3.157190997 0.6096493098 

3.230449344 0.9174609162 
3.157190997 0.6096493098 

3.746039383 0.8597460938 
3.767690556 1.141695944 

6.063695026 6.612616433 
6.05793951 6.454175029 

2.200561117 7.699190707 
2.10442741 7.680660022 

0.9920183202 7.444892507 
0.724125555 7.436217244 

0.3731630698 7.485450022 
0.724125555 7.436217244 

2.396998412 7.218909412 
2.594241992 7.166463566 

1.19251716 7.584499196 
1.26020788 7.44327645 

2.713829323 1.831397718 
2.734330866 2.093891063 

2.713829323 1.831397718 
2.735614108 1.726123522 

2.75439487 1.627768839 
2.735614108 1.726123522 

1.998490655 8.229165741 
2.217977325 8.191518893 

6.05793951 6.454175029 
6.066006808 6.355655314 

6.035909518 6.500563642 
6.05793951 6.454175029 

4.976488452 7.656511813 
4.987891739 7.842789805 

5.002203479 8.019249403 
4.987891739 7.842789805 

3.751560879 1.83333919 
3.644767355 1.606867169 

3.751560879 1.83333919 
3.803662184 1.759591302 

3.856787619 1.708662608 
3.803662184 1.759591302 

7.208722906 5.198552832 
7.170037351 5.158310063 

7.135678466 5.191135636 
7.170037351 5.158310063 

2.37063779 2.459674394 
2.353288708 2.352338888 

2.945431353 2.042798683 
3.062842619 2.103523408 

3.164761602 2.183339738 
3.062842619 2.103523408 

3.141453763 7.652083045 
3.243614622 7.814404597 

3.355058174 7.937158671 
3.243614622 7.814404597 

1.744656475 1.89677792 
1.691035631 1.967899866 

6.041695736 6.272564849 
6.04723687 6.313725694 

6.066006808 6.355655314 
6.04723687 6.313725694 

1.852367729 9.247659024 
1.704604056 9.172016004 

7.495391575 5.757097014 
7.501203159 5.615685662 

0.7306770005 6.943814147 
0.8226422517 7.163256227 

5.844679497 6.497051806 
5.94497959 6.489455448 

2.021714298 8.8439362 
1.954010644 8.961008996 

7.501203159 5.615685662 
7.483898199 5.542329125 

7.483253024 5.435940471 
7.483898199 5.542329125 

2.048804487 7.678385869 
2.000317641 7.638973801 

1.956285173 7.584585886 
2.000317641 7.638973801 

2.028752008 8.515791397 
1.898962715 8.455443072 

5.921637726 6.765110006 
5.994679665 6.922015863 

6.045307194 7.138866355 
5.994679665 6.922015863 

2.681057467 3.39168208 
2.630138901 3.51581151 

2.590372807 3.626014923 
2.630138901 3.51581151 

3.597931033 0.9639443986 
3.532834495 0.9954213434 

3.145470937 2.050627332 
3.062842619 2.103523408 

3.185393957 1.900364142 
3.055294554 1.819299664 

0.724125555 7.436217244 
0.8497586136 7.519771993 

4.976488452 7.656511813 
4.885739062 7.563306495 

1.530128522 1.75673783 
1.570936576 1.579444409 

6.02555854 4.815478996 
6.157177437 4.77863124 

7.483253024 5.435940471 
7.345875468 5.312206134 

7.208722906 5.198552832 
7.345875468 5.312206134 

5.491065213 6.577520919 
5.626047073 6.749179351 

1.117767662 6.119017514 
1.12800285 6.143806218 

1.140968496 6.169695758 
1.12800285 6.143806218 

4.771693604 5.637526225 
5.007869394 5.688078369 

7.650906965 6.868018523 
7.613175547 6.887942369 

7.575046912 6.908125749 
7.613175547 6.887942369 

1.570936576 1.579444409 
1.592457571 1.491431927 

1.613978566 1.403419446 
1.592457571 1.491431927 

5.94497959 6.489455448 
5.971577162 6.606837947 

7.173279098 5.93037733 
7.105466826 5.943345633 

7.034852443 5.956118129 
7.105466826 5.943345633 

6.93511947 7.045224998 
6.856908911 6.901626101 

6.763370038 6.766036454 
6.856908911 6.901626101 

0.7487656663 6.360780036 
0.7674114944 6.396583153 

0.7860573224 6.43238627 
0.7674114944 6.396583153 

3.343558298 2.684614986 
3.223763648 2.809900916 

3.444518786 0.5786849333 
3.423317062 0.4761419111 

3.431869445 1.039592645 
3.480835152 1.030100441 

3.532834495 0.9954213434 
3.480835152 1.030100441 

4.374453379 6.642715637 
4.704923388 6.64397307 

6.364646694 8.313882568 
6.129943253 8.14613607 

6.314748795 7.985512319 
6.375092548 8.119970636 

5.547791483 6.03640232 
5.702976138 6.247784453 

5.19699026 6.561798084 
5.370644992 6.720406078 

4.669456501 3.118506782 
4.672447016 3.070477776 

4.672013607 3.018528769 
4.672447016 3.070477776 

6.375092548 8.119970636 
6.399287427 8.18722167 

1.998490655 8.229165741 
2.078715565 8.313156768 

2.146845481 8.398080116 
2.078715565 8.313156768 

5.900313084 5.525730384 
5.942616928 5.556517118 

5.984813835 5.590542787 
5.942616928 5.556517118 

2.307342782 1.472102598 
2.254823786 1.516001532 

4.771693604 5.637526225 
4.639377993 5.699404486 

4.526698696 5.756538584 
4.639377993 5.699404486 

2.644814085 6.640811065 
2.682772955 6.59853033 

2.715343797 6.569263872 
2.682772955 6.59853033 

1.651474863 8.470349393 
1.513357359 8.401839583 

6.157177437 4.77863124 
6.225166776 4.756055867 

3.055294554 1.819299664 
3.007504578 1.78274579 

2.965272531 1.726147925 
3.007504578 1.78274579 

2.542472045 7.062893338 
2.594241992 7.166463566 

3.767690556 1.141695944 
3.770550986 1.255562074 

3.773255965 1.367317276 
3.770550986 1.255562074 

2.987898943 1.312605548 
3.006876521 1.429281179 

3.032990768 1.559761457 
3.006876521 1.429281179 

2.734796259 8.244751941 
2.709695481 8.470758088 

3.88330086 6.787783369 
3.949507869 6.78353798 

4.017143809 6.777672398 
3.949507869 6.78353798 

6.279581735 4.699303679 
6.252095615 4.725156459 

6.225166776 4.756055867 
6.252095615 4.725156459 

5.454812752 5.696764921 
5.653775271 5.571075979 

3.074282546 2.501662415 
3.208321152 2.592702191 

3.343558298 2.684614986 
3.208321152 2.592702191 

3.434761056 6.623576823 
3.399162164 6.676308253 

3.376317266 6.735601695 
3.399162164 6.676308253 

1.894745159 0.7755668939 
1.930182055 0.7678819051 

1.961971401 0.7572573946 
1.930182055 0.7678819051 

5.841645422 7.098887955 
5.776001005 7.08064847 

5.731168858 7.024501755 
5.776001005 7.08064847 

0.4191019234 8.23810017 
0.3972130688 8.207700566 

0.3744569141 8.177930894 
0.3972130688 8.207700566 

5.730712181 6.404886358 
5.702976138 6.247784453 

4.329922575 3.143042413 
4.349172001 3.048926163 

4.360507526 2.966348697 
4.349172001 3.048926163 

2.382711363 8.315268484 
2.417764217 8.196537443 

2.44901042 8.067527828 
2.417764217 8.196537443 

2.036380733 5.918532464 
2.15612087 5.888065806 

0.7306770005 6.943814147 
0.848583345 6.965044977 

0.9793806205 7.000090279 
0.848583345 6.965044977 

2.314916152 7.347893383 
2.196568723 7.390940468 

2.115603507 7.436300532 
2.196568723 7.390940468 

1.496178262 9.379375696 
1.525745414 9.355026991 

1.555312566 9.330678286 
1.525745414 9.355026991 

2.600988105 7.617623142 
2.68934407 7.587505099 

2.786113606 7.569358214 
2.68934407 7.587505099 

5.71321253 7.330646802 
5.773306427 7.212168581 

5.841645422 7.098887955 
5.773306427 7.212168581 

6.326868209 4.856951243 
6.225166776 4.756055867 

2.267069682 7.507421323 
2.196568723 7.390940468 

6.23013497 6.952278088 
6.142083818 7.033476452 

6.045307194 7.138866355 
6.142083818 7.033476452 

2.179936835 6.71280427 
2.206269317 6.617957722 

2.232601798 6.523111175 
2.206269317 6.617957722 

0.6960774951 7.586374499 
0.724125555 7.436217244 

3.533683721 2.298281048 
3.552161134 2.205568119 

3.572513054 2.147419205 
3.552161134 2.205568119 

7.003954166 5.282732305 
6.935767787 5.156529101 

2.355041946 7.875747778 
2.382702024 7.791081774 

2.408986003 7.69100786 
2.382702024 7.791081774 

6.168257286 6.518808593 
6.05793951 6.454175029 

3.44270493 2.216407872 
3.552161134 2.205568119 

2.051271261 8.05941675 
2.028587689 8.14197374 

1.998490655 8.229165741 
2.028587689 8.14197374 

1.837581316 6.322638175 
1.711707273 6.172382849 

4.786243798 7.507857436 
4.83695215 7.5286047 

4.885739062 7.563306495 
4.83695215 7.5286047 

0.724125555 7.436217244 
0.7105133299 7.27790732 

7.562246996 6.499159507 
7.242849959 6.767628833 

6.93511947 7.045224998 
7.242849959 6.767628833 

4.784075974 2.417686607 
4.655647455 2.435447639 

4.50341352 2.401906118 
4.655647455 2.435447639 

3.308693494 8.926616501 
3.270006771 8.942184378 

3.230392169 8.960965894 
3.270006771 8.942184378 

3.436089506 2.067386938 
3.572513054 2.147419205 

0.7302092624 8.297601899 
0.7487488828 8.215387044 

0.7742522433 8.130604211 
0.7487488828 8.215387044 

2.418589692 7.031585277 
2.34193475 7.05890667 

2.270315294 7.09114117 
2.34193475 7.05890667 

2.636329649 9.483297169 
2.579470277 9.296494858 

2.52316959 9.108496147 
2.579470277 9.296494858 

2.868321756 1.461976703 
2.888012045 1.434193606 

2.90638793 1.409427585 
2.888012045 1.434193606 

2.265487835 5.831965649 
2.210804353 5.860015728 

2.15612087 5.888065806 
2.210804353 5.860015728 

3.344065426 0.7098225758 
3.157190997 0.6096493098 

5.776001005 7.08064847 
5.761725396 7.141787932 

5.773306427 7.212168581 
5.761725396 7.141787932 

6.399287427 8.18722167 
6.395423374 8.236713112 

5.547791483 6.03640232 
5.499501374 5.857406515 

5.454812752 5.696764921 
5.499501374 5.857406515 

6.395423374 8.236713112 
6.392672377 8.262437647 

2.006124637 8.403729707 
2.078715565 8.313156768 

4.781943337 6.776021645 
4.745158844 6.71436923 

4.704923388 6.64397307 
4.745158844 6.71436923 

3.778554029 8.534522561 
3.784247939 8.476987143 

3.788979627 8.418204256 
3.784247939 8.476987143 

3.325154414 0.5207889408 
3.157190997 0.6096493098 

5.058127833 7.286810403 
5.006139983 7.207510934 

4.932273997 7.116489492 
5.006139983 7.207510934 

6.734242067 5.122690887 
6.499053467 5.002910371 

6.364646694 8.313882568 
6.378659536 8.288160107 

6.392672377 8.262437647 
6.378659536 8.288160107 

3.830464905 7.142489038 
3.991459224 6.99167748 

3.402005515 0.3353833348 
3.40994721 0.4128027642 

3.423317062 0.4761419111 
3.40994721 0.4128027642 

2.555562895 3.77826227 
2.544820987 3.746041916 

3.498916127 2.639216794 
3.414445438 2.514671798 

3.31386463 2.387732023 
3.414445438 2.514671798 

5.909634403 6.55558686 
5.93740595 6.581525944 

5.971577162 6.606837947 
5.93740595 6.581525944 

5.255447194 8.149987744 
5.13411168 8.086341144 

1.869318795 7.906734602 
1.937426593 7.932683587 

2.005887556 7.959385828 
1.937426593 7.932683587 

1.837581316 6.322638175 
1.909972798 6.21869076 

1.982364281 6.114743345 
1.909972798 6.21869076 

1.551830324 7.998437857 
1.469866323 7.998614434 

3.542243718 0.4420227404 
3.47587471 0.4239411436 

3.40994721 0.4128027642 
3.47587471 0.4239411436 

4.186658344 2.353668852 
4.067888603 2.448367804 

3.956143203 2.555520292 
4.067888603 2.448367804 

5.068619998 8.10513727 
5.10619862 8.121658814 

5.13411168 8.086341144 
5.10619862 8.121658814 

6.166724309 5.028016711 
6.326868209 4.856951243 

2.992075522 3.417639756 
3.024945628 3.380978894 

3.057815734 3.344318032 
3.024945628 3.380978894 

0.3731630698 7.485450022 
0.521103777 7.671657023 

0.6960774951 7.586374499 
0.5324651291 7.5484983 

0.4499681882 7.52737637 
0.4095567172 7.515716261 

0.3731630698 7.485450022 
0.4095567172 7.515716261 

0.5324651291 7.5484983 
0.4912166586 7.537937335 

0.4499681882 7.52737637 
0.4912166586 7.537937335 

4.370473326 7.620199484 
4.226103595 7.626097739 

4.081733863 7.631995994 
4.226103595 7.626097739 

1.359837416 2.699222821 
1.460475344 2.690989627 

1.561113271 2.682756434 
1.460475344 2.690989627 

5.080313368 5.937329833 
5.017309378 5.896682292 

4.952731597 5.84652538 
5.017309378 5.896682292 

4.75762416 7.321193476 
4.771933979 7.414525456 

4.786243798 7.507857436 
4.771933979 7.414525456 

4.152163332 5.875159319 
4.249176406 5.842242016 

4.346189479 5.809324714 
4.249176406 5.842242016 

2.590372807 3.626014923 
2.65464908 3.657881485 

2.102685461 7.284539428 
2.196568723 7.390940468 

0.3141667675 8.174022764 
0.521563547 8.237274145 

0.7302092624 8.297601899 
0.521563547 8.237274145 

0.6386553134 7.988668469 
0.5668150067 8.076219279 

6.064592729 7.877638636 
5.888490059 7.603688195 

5.71321253 7.330646802 
5.888490059 7.603688195 

4.993593971 6.341549625 
5.193716138 6.316585647 

4.37531401 3.446979327 
4.461266764 3.411991686 

4.547219519 3.377004045 
4.461266764 3.411991686 

1.864212344 8.182746452 
2.028587689 8.14197374 

2.75348708 7.983806018 
2.748749834 8.112800273 

2.734796259 8.244751941 
2.748749834 8.112800273 

5.028675604 6.475301812 
5.199704727 6.423991929 

2.188897436 9.009837713 
2.129985201 9.045105626 

2.071072967 9.08037354 
2.129985201 9.045105626 

4.918308463 1.847955987 
4.801551262 1.753675296 

3.649698011 3.026308164 
3.568414384 3.122824099 

3.488123489 3.221300392 
3.568414384 3.122824099 

1.838142158 8.854466638 
1.798836828 8.782377356 

1.758598629 8.709424453 
1.798836828 8.782377356 

4.374453379 6.642715637 
4.502067167 6.560406848 

4.629680956 6.478098059 
4.502067167 6.560406848 

4.27882503 2.809347276 
4.20271479 2.835992387 

4.126604551 2.862637497 
4.20271479 2.835992387 

7.170037351 5.158310063 
7.048846868 5.138540703 

6.058254152 8.199300072 
6.060868915 8.039373828 

6.064592729 7.877638636 
6.060868915 8.039373828 

5.458924543 8.19178503 
5.513691769 8.087775364 

5.568458994 7.983765697 
5.513691769 8.087775364 

1.893794903 7.678444539 
2.000317641 7.638973801 

3.533683721 2.298281048 
3.484886614 2.182833993 

3.436089506 2.067386938 
3.484886614 2.182833993 

2.647081699 2.638907497 
2.813246465 2.670092144 

2.979411231 2.70127679 
2.813246465 2.670092144 

