3.231028083 0.9172165401 
2.964796639 1.725355663 

3.745567349 7.547269801 
2.90961358 7.765082909 

4.458284034 2.714944961 
4.547415714 3.3755142 

2.051742065 8.05580195 
2.146748102 7.777631002 

2.762397452 8.84101819 
3.308693494 8.926616501 

4.756533412 4.763167563 
4.471534652 4.504793822 

6.384624797 6.391441637 
6.680912647 6.140837051 

5.923300727 6.753522898 
6.063392373 6.611592609 

2.869082277 2.456003343 
3.075570987 2.330652045 

6.913304186 5.99238805 
6.680912647 6.140837051 

0.8237153985 7.162363971 
0.4215231659 6.739933826 

1.659055113 7.005577308 
1.373729643 7.22350469 

1.660508426 7.88370705 
1.894724884 7.678730558 

6.482830839 5.265105317 
6.615352222 5.700924075 

4.458284034 2.714944961 
5.050927603 2.551599308 

7.562246996 6.499159507 
6.910535906 6.342002601 

6.680912647 6.140837051 
6.910535906 6.342002601 

3.330255986 2.217971793 
3.075570987 2.330652045 

3.752325585 1.8331849 
3.574712741 1.757109236 

4.1912423 4.140439214 
4.018719687 3.823722315 

7.397220806 7.321641108 
6.824369709 7.363745185 

5.556987339 6.049966735 
5.832332373 6.083488896 

4.471534652 4.504793822 
4.340947333 4.341108605 

4.1912423 4.140439214 
4.340947333 4.341108605 

2.402940385 7.674154224 
2.599434678 7.618217909 

6.913304186 5.99238805 
7.303686927 6.138197194 

5.257758003 7.213126186 
4.786243798 7.507857436 

1.938550355 2.905375892 
2.43598294 3.249254471 

2.541289367 1.980806193 
2.734330866 2.093891063 

1.628856788 8.577392637 
1.508117892 8.893582756 

2.732407589 8.245419777 
2.90961358 7.765082909 

2.734330866 2.093891063 
2.160580702 2.307908622 

2.160580702 2.307908622 
2.297776829 2.436851536 

5.71321253 7.330646802 
5.731429525 7.022756951 

0.6978996777 7.580548761 
1.036595672 7.635173528 

1.323967265 7.72363776 
1.036595672 7.635173528 

6.824369709 7.363745185 
6.93511947 7.045224998 

4.186658344 2.353668852 
4.50341352 2.401906118 

1.659055113 7.005577308 
1.193865617 6.927835298 

2.106069743 7.289485047 
2.115288988 7.436157808 

1.532442908 1.75737802 
2.160580702 2.307908622 

6.55181327 6.944481999 
7.152349941 6.674622215 

1.193865617 6.927835298 
0.8237153985 7.162363971 

6.824369709 7.363745185 
6.927213539 7.826250854 

5.040801672 6.594996936 
5.199633944 6.424568641 

5.584851539 7.681418381 
5.759229204 7.765678762 

6.064592729 7.877638636 
5.759229204 7.765678762 

7.152349941 6.674622215 
6.93511947 7.045224998 

2.489630974 8.586804942 
2.732407589 8.245419777 

1.660508426 7.88370705 
1.109864894 8.04681299 

3.664265093 2.067711477 
3.752325585 1.8331849 

2.489876574 3.842506399 
2.43598294 3.249254471 

6.615352222 5.700924075 
6.913304186 5.99238805 

3.185393957 1.900364142 
3.421956156 1.862394771 

2.732407589 8.245419777 
3.1138567 8.292025967 

3.050367939 6.088174772 
2.739963479 6.293372089 

1.241784493 8.761051165 
1.508117892 8.893582756 

3.231028083 0.9172165401 
3.424990333 1.031336172 

4.458284034 2.714944961 
4.50341352 2.401906118 

4.956842663 1.714502264 
4.157877701 1.931970053 

3.664265093 2.067711477 
4.157877701 1.931970053 

6.314748795 7.985512319 
6.192965724 7.343572969 

6.043980574 7.137181408 
6.192965724 7.343572969 

2.43598294 3.249254471 
2.369748543 3.410040143 

7.152349941 6.674622215 
6.951387136 6.618786972 

5.595560976 6.496658602 
5.74786899 6.519677125 

0.8237153985 7.162363971 
0.9920183202 7.444892507 

2.964796639 1.725355663 
2.844427422 1.599104402 

1.193865617 6.927835298 
1.280560104 6.215602263 

3.1138567 8.292025967 
3.068748321 8.057171226 

4.145132066 5.885093687 
4.195702076 6.240133459 

3.865683069 6.771770914 
4.195702076 6.240133459 

3.773255965 1.367317276 
3.921377042 1.584266527 

5.575401118 5.386111076 
5.452572831 5.698373758 

7.480071857 5.437338231 
6.934030807 5.670200613 

1.838142158 8.854466638 
1.595105359 9.060641376 

1.100375333 9.289417402 
1.595105359 9.060641376 

5.832332373 6.083488896 
6.089969522 5.997030548 

3.231028083 0.9172165401 
3.141965425 1.307818959 

3.574712741 1.757109236 
3.141965425 1.307818959 

6.312128341 5.65000413 
6.138512166 5.338598134 

0.4215231659 6.739933826 
0.9995846315 6.774546341 

1.193865617 6.927835298 
0.9995846315 6.774546341 

5.257758003 7.213126186 
5.731429525 7.022756951 

4.781943337 6.776021645 
4.908409885 6.867050642 

3.308693494 8.926616501 
3.234058824 8.577340442 

6.910535906 6.342002601 
6.729130568 6.493359766 

2.541289367 1.980806193 
2.355930202 1.777958993 

2.160580702 2.307908622 
2.128712578 2.110431142 

1.308032457 2.299639807 
1.644558192 2.289056919 

5.923300727 6.753522898 
6.229068103 6.949901796 

2.029263989 8.515439937 
2.021714298 8.8439362 

2.402940385 7.674154224 
2.448559027 8.064753128 

7.31332839 7.794565386 
6.927213539 7.826250854 

3.746039383 0.8597460938 
3.577574471 0.7970962616 

4.771693604 5.637526225 
4.850635937 5.827673573 

2.3642794 0.9099990182 
2.2553357 0.6533683446 

7.303686927 6.138197194 
7.19961283 6.310194863 

4.370581979 7.618139214 
4.31491347 7.290675952 

4.31491347 7.290675952 
4.555020176 7.307719655 

1.838142158 8.854466638 
2.021714298 8.8439362 

6.314748795 7.985512319 
5.568491726 7.981702407 

7.208419368 5.197676114 
7.093714028 5.370396358 

5.568491726 7.981702407 
5.584851539 7.681418381 

1.109864894 8.04681299 
1.323967265 7.72363776 

0.3141667675 8.174022764 
0.6395263699 7.986542444 

2.90961358 7.765082909 
2.448559027 8.064753128 

4.449134917 1.353608134 
3.921377042 1.584266527 

5.624381239 4.974786954 
5.511218389 4.778065481 

5.14860955 4.789778052 
5.511218389 4.778065481 

5.731429525 7.022756951 
5.496696136 7.012634073 

3.1138567 8.292025967 
3.234058824 8.577340442 

5.832332373 6.083488896 
6.041264709 6.271451909 

2.489630974 8.586804942 
2.600244411 8.899658044 

3.081337244 0.3062214476 
3.344385877 0.711553502 

3.424990333 1.031336172 
3.344385877 0.711553502 

3.648676498 3.026760023 
3.762653568 3.284362475 

2.489876574 3.842506399 
2.369748543 3.410040143 

2.128712578 2.110431142 
2.734330866 2.093891063 

4.145132066 5.885093687 
4.728362641 6.307041517 

5.040801672 6.594996936 
4.728362641 6.307041517 

1.837581316 6.322638175 
1.626202196 6.652068251 

6.192965724 7.343572969 
5.71321253 7.330646802 

3.234058824 8.577340442 
3.385138263 8.382061759 

2.734330866 2.093891063 
2.422490433 2.189707577 

2.128712578 2.110431142 
1.794849397 2.185825289 

3.956143203 2.555520292 
3.612419235 2.514411175 

3.533683721 2.298281048 
3.612419235 2.514411175 

2.115288988 7.436157808 
2.266850509 7.507188988 

2.855247935 6.655067348 
3.410417651 6.451408665 

7.562246996 6.499159507 
7.250712853 6.508667521 

6.824369709 7.363745185 
6.601452421 7.456826849 

1.660508426 7.88370705 
1.46931271 7.999400371 

7.152349941 6.674622215 
7.427914474 6.648916721 

3.752325585 1.8331849 
4.118992947 1.446519701 

6.041264709 6.271451909 
6.089969522 5.997030548 

1.46931271 7.999400371 
1.444556021 8.123295677 

2.467661493 6.01147906 
2.699934787 6.124889522 

2.739963479 6.293372089 
2.699934787 6.124889522 

2.732407589 8.245419777 
2.373505991 8.323426362 

2.869082277 2.456003343 
2.88881202 2.27218296 

2.945431353 2.042798683 
2.88881202 2.27218296 

1.193865617 6.927835298 
1.373729643 7.22350469 

2.369748543 3.410040143 
2.175649711 3.33193536 

2.311621423 7.336750152 
2.266850509 7.507188988 

0.9920183202 7.444892507 
1.149652562 7.149562211 

1.193865617 6.927835298 
1.149652562 7.149562211 

4.728362641 6.307041517 
4.641059149 6.480839342 

3.865683069 6.771770914 
3.830158697 7.139788973 

2.624973943 3.176084451 
2.43598294 3.249254471 

2.019493683 7.030079107 
1.954619114 6.875474964 

3.141978722 3.288578397 
3.211536939 3.513569032 

5.14860955 4.789778052 
4.922867528 4.963969917 

4.756533412 4.763167563 
4.922867528 4.963969917 

5.624381239 4.974786954 
5.889177973 4.736767464 

1.036595672 7.635173528 
0.9920183202 7.444892507 

2.357559295 1.338746988 
2.071467338 1.352578053 

2.762397452 8.84101819 
2.600244411 8.899658044 

5.595560976 6.496658602 
5.62782152 6.749076749 

0.7302092624 8.297601899 
0.6395263699 7.986542444 

4.31491347 7.290675952 
3.865683069 6.771770914 

6.669470783 8.249326172 
6.659798139 7.959725275 

1.644558192 2.289056919 
1.601828183 2.419520598 

2.732407589 8.245419777 
3.068748321 8.057171226 

1.929845301 1.503050574 
1.90728056 1.68983094 

5.62782152 6.749076749 
5.923300727 6.753522898 

2.964796639 1.725355663 
2.945431353 2.042798683 

4.449134917 1.353608134 
4.558110159 1.619697993 

3.577574471 0.7970962616 
3.542243718 0.4420227404 

4.781943337 6.776021645 
4.550265827 6.956501711 

0.8237153985 7.162363971 
1.149652562 7.149562211 

3.612419235 2.514411175 
3.500331106 2.638727558 

1.308032457 2.299639807 
1.601828183 2.419520598 

1.622835935 8.292518977 
1.690902223 8.167288396 

2.675652482 0.4489099127 
2.761697484 0.8364835402 

3.075570987 2.330652045 
2.88881202 2.27218296 

4.458284034 2.714944961 
4.402824259 2.864427219 

2.90961358 7.765082909 
3.357754189 7.934932436 

1.794849397 2.185825289 
1.644558192 2.289056919 

2.855247935 6.655067348 
2.896545631 6.81618703 

2.940726445 2.90054525 
2.980003693 2.701245269 

5.584851539 7.681418381 
5.241999006 7.712703192 

0.8237153985 7.162363971 
0.9995846315 6.774546341 

4.547415714 3.3755142 
4.563094253 3.135929824 

4.331422551 3.142956338 
4.563094253 3.135929824 

2.636329649 9.483297169 
2.747823231 9.145573413 

2.762397452 8.84101819 
2.747823231 9.145573413 

6.764017597 6.765945306 
6.729130568 6.493359766 

3.745567349 7.547269801 
4.080069824 7.631600734 

1.929845301 1.503050574 
2.071467338 1.352578053 

3.424990333 1.031336172 
3.577574471 0.7970962616 

6.138512166 5.338598134 
6.310889931 5.447681378 

6.482830839 5.265105317 
6.310889931 5.447681378 

0.7415325176 8.830337493 
0.5288157223 8.62663468 

2.964796639 1.725355663 
3.032108567 1.559967515 

5.002203479 8.019249403 
5.455171409 7.662322245 

7.19961283 6.310194863 
7.250712853 6.508667521 

6.913304186 5.99238805 
6.934030807 5.670200613 

1.373729643 7.22350469 
0.9838045065 7.002981598 

3.385138263 8.382061759 
3.537647543 8.329508099 

5.900313084 5.525730384 
6.138512166 5.338598134 

1.444556021 8.123295677 
1.513261501 8.40045673 

1.628856788 8.577392637 
1.513261501 8.40045673 

2.732407589 8.245419777 
2.791334735 8.469916965 

5.257758003 7.213126186 
5.241999006 7.712703192 

6.729130568 6.493359766 
6.613235923 6.679450834 

5.452572831 5.698373758 
5.080549234 5.942844746 

2.734330866 2.093891063 
2.945431353 2.042798683 

0.6395263699 7.986542444 
0.6978996777 7.580548761 

6.669470783 8.249326172 
6.998919394 8.051602777 

0.6395263699 7.986542444 
0.8450799575 7.858243038 

0.9838045065 7.002981598 
1.193865617 6.927835298 

4.558110159 1.619697993 
4.295361406 1.571421936 

4.118992947 1.446519701 
4.295361406 1.571421936 

4.157877701 1.931970053 
3.917535651 2.17409172 

1.601828183 2.419520598 
1.524171542 2.465746337 

3.265314294 3.924381304 
3.186284024 3.62584667 

2.992075522 3.417639756 
3.186284024 3.62584667 

5.199633944 6.424568641 
4.993593971 6.341549625 

4.728362641 6.307041517 
4.993593971 6.341549625 

4.771693604 5.637526225 
5.164074029 5.421042304 

1.672767788 6.370602824 
1.837581316 6.322638175 

3.032108567 1.559967515 
2.844427422 1.599104402 

2.912926183 7.220832857 
2.653318855 7.315918697 

2.739963479 6.293372089 
2.785631747 6.467971497 

0.9995846315 6.774546341 
1.087060281 6.594666741 

1.626202196 6.652068251 
1.193865617 6.927835298 

3.141965425 1.307818959 
2.987898943 1.312605548 

1.280560104 6.215602263 
1.324944452 6.582828108 

0.6978996777 7.580548761 
0.5222082848 7.670970556 

7.427914474 6.648916721 
7.250712853 6.508667521 

4.547415714 3.3755142 
4.882503258 2.931080305 

5.050927603 2.551599308 
4.882503258 2.931080305 

2.336125958 6.41015509 
2.739963479 6.293372089 

5.889177973 4.736767464 
6.020623842 4.824772624 

3.231028083 0.9172165401 
3.344385877 0.711553502 

1.894745159 0.7755668939 
1.869864373 1.054839907 

6.764017597 6.765945306 
6.613235923 6.679450834 

1.109864894 8.04681299 
0.7629412952 8.11711638 

5.496696136 7.012634073 
5.688451762 6.88694984 

5.62782152 6.749076749 
5.688451762 6.88694984 

4.555978453 1.821314593 
4.72538473 1.819561681 

4.956842663 1.714502264 
4.72538473 1.819561681 

1.508117892 8.893582756 
1.352841353 9.070800564 

4.908409885 6.867050642 
4.932273997 7.116489492 

2.600244411 8.899658044 
2.747823231 9.145573413 

4.922867528 4.963969917 
4.828074667 5.150670313 

6.615352222 5.700924075 
6.887901201 5.386878343 

4.828074667 5.150670313 
4.452365159 5.284756568 

1.241784493 8.761051165 
1.513261501 8.40045673 

6.934030807 5.670200613 
6.887901201 5.386878343 

4.079563985 0.9699632506 
4.122492914 0.8308195365 

2.844427422 1.599104402 
2.593629911 1.647457234 

2.355930202 1.777958993 
2.593629911 1.647457234 

3.745567349 7.547269801 
3.357754189 7.934932436 

3.745567349 7.547269801 
3.646041443 7.867968305 

4.555020176 7.307719655 
4.550265827 6.956501711 

2.541289367 1.980806193 
2.593629911 1.647457234 

3.762653568 3.284362475 
3.633771714 3.232872551 

1.585333762 7.524240766 
1.865892884 7.446728515 

2.448559027 8.064753128 
2.24537731 8.076972737 

3.370971293 6.994034511 
3.105075797 7.034371563 

2.912926183 7.220832857 
3.105075797 7.034371563 

1.894724884 7.678730558 
2.049600139 7.686969945 

3.050367939 6.088174772 
2.699934787 6.124889522 

5.083811103 2.128961621 
4.89998513 1.987386649 

4.728362641 6.307041517 
4.570839938 6.105111134 

2.181892652 9.260571968 
2.386775099 8.837610292 

1.659055113 7.005577308 
1.726396559 7.344065064 

4.118992947 1.446519701 
4.489572194 0.8227091271 

7.397220806 7.321641108 
7.198328314 7.057226995 

3.1138567 8.292025967 
2.791334735 8.469916965 

2.791334735 8.469916965 
3.019703274 8.645681526 

1.373729643 7.22350469 
1.726396559 7.344065064 

2.624973943 3.176084451 
2.681057467 3.39168208 

6.887901201 5.386878343 
7.093714028 5.370396358 

4.784075974 2.417686607 
4.564400801 2.583802045 

4.458284034 2.714944961 
4.564400801 2.583802045 

3.165017964 2.182855623 
3.225581972 2.121305312 

4.771693604 5.637526225 
4.861078076 5.420684313 

4.489572194 0.8227091271 
4.122492914 0.8308195365 

1.444556021 8.123295677 
1.690902223 8.167288396 

3.664265093 2.067711477 
3.445334632 2.068795788 

6.229068103 6.949901796 
6.229106914 6.739916827 

3.075570987 2.330652045 
3.165017964 2.182855623 

3.068748321 8.057171226 
3.357754189 7.934932436 

3.019703274 8.645681526 
3.093623237 8.720617645 

5.455171409 7.662322245 
5.584851539 7.681418381 

2.644664513 2.637610088 
2.732712695 2.845589889 

2.940726445 2.90054525 
2.732712695 2.845589889 

7.562246996 6.499159507 
7.617373636 6.713101739 

3.075570987 2.330652045 
3.059754023 2.48819344 

2.675652482 0.4489099127 
2.39475442 0.6922314353 

2.2553357 0.6533683446 
2.39475442 0.6922314353 

1.672767788 6.370602824 
1.711707273 6.172382849 

3.050367939 6.088174772 
3.09130681 6.321217663 

3.059754023 2.48819344 
2.869082277 2.456003343 

5.002203479 8.019249403 
5.142772126 7.897670155 

5.241999006 7.712703192 
5.142772126 7.897670155 

2.3642794 0.9099990182 
2.447910537 0.7327489381 

2.600244411 8.899658044 
2.52316959 9.108496147 

3.424990333 1.031336172 
3.267386883 1.11292847 

3.141965425 1.307818959 
3.267386883 1.11292847 

2.175649711 3.33193536 
2.098314953 3.492143583 

4.118992947 1.446519701 
4.003599195 1.419876089 

1.308032457 2.299639807 
1.524171542 2.465746337 

1.308032457 2.299639807 
1.53652131 2.053544752 

0.7629412952 8.11711638 
0.6395263699 7.986542444 

7.303686927 6.138197194 
7.40643528 6.161291886 

4.186658344 2.353668852 
4.458284034 2.714944961 

4.157877701 1.931970053 
4.270186153 2.127646849 

2.447910537 0.7327489381 
2.465026543 0.5435360182 

0.9920183202 7.444892507 
1.26020788 7.44327645 

5.040801672 6.594996936 
4.908409885 6.867050642 

1.100375333 9.289417402 
1.379461449 8.684023859 

4.550265827 6.956501711 
4.374453379 6.642715637 

0.9838045065 7.002981598 
0.8237153985 7.162363971 

7.19961283 6.310194863 
7.40643528 6.161291886 

2.029263989 8.515439937 
2.140292809 8.409907031 

6.998919394 8.051602777 
6.927213539 7.826250854 

0.4215231659 6.739933826 
0.7150136298 6.623700595 

0.7302092624 8.297601899 
0.7477747695 8.53227442 

6.312128341 5.65000413 
6.615352222 5.700924075 

7.31332839 7.794565386 
7.206581579 7.552637368 

1.241784493 8.761051165 
1.379461449 8.684023859 

3.265314294 3.924381304 
3.52310141 3.846770383 

3.757411218 3.98176067 
3.52310141 3.846770383 

5.759229204 7.765678762 
5.895705705 7.55237183 

1.109864894 8.04681299 
0.8450799575 7.858243038 

1.241784493 8.761051165 
1.052963448 8.700453181 

4.31491347 7.290675952 
3.982274244 7.446136874 

3.745567349 7.547269801 
3.982274244 7.446136874 

2.541289367 1.980806193 
2.713829323 1.831397718 

2.146748102 7.777631002 
2.199153763 7.699066051 

2.402940385 7.674154224 
2.199153763 7.699066051 

3.231028083 0.9172165401 
3.267386883 1.11292847 

6.279581735 4.699303679 
6.165729273 5.027020294 

2.90961358 7.765082909 
2.994040514 7.923677254 

3.068748321 8.057171226 
2.994040514 7.923677254 

2.355041946 7.875747778 
2.199153763 7.699066051 

6.729130568 6.493359766 
6.56878145 6.460467533 

4.080069824 7.631600734 
3.982274244 7.446136874 

6.56878145 6.460467533 
6.613235923 6.679450834 

6.312128341 5.65000413 
6.034540096 5.868830819 

5.832332373 6.083488896 
6.034540096 5.868830819 

0.7487656663 6.360780036 
1.046467548 6.377170508 

2.422490433 2.189707577 
2.484514155 2.349983587 

5.370596153 6.718774652 
5.62782152 6.749076749 

2.786113606 7.569358214 
2.90961358 7.765082909 

2.767997618 7.987589732 
2.994040514 7.923677254 

4.195702076 6.240133459 
4.570839938 6.105111134 

6.764017597 6.765945306 
6.863127137 6.726925881 

6.951387136 6.618786972 
6.863127137 6.726925881 

4.195702076 6.240133459 
4.252787807 6.479387514 

4.374453379 6.642715637 
4.252787807 6.479387514 

5.731429525 7.022756951 
5.688451762 6.88694984 

5.923300727 6.753522898 
5.688451762 6.88694984 

7.40643528 6.161291886 
7.477680051 6.237574418 

7.093714028 5.370396358 
7.480071857 5.437338231 

2.43598294 3.249254471 
2.383386311 2.901298945 

3.344385877 0.711553502 
3.577574471 0.7970962616 

4.861078076 5.420684313 
5.164074029 5.421042304 

5.002203479 8.019249403 
5.134433621 7.614627978 

4.186658344 2.353668852 
4.290086196 2.214956277 

4.270186153 2.127646849 
4.290086196 2.214956277 

2.311621423 7.336750152 
2.106069743 7.289485047 

5.556987339 6.049966735 
5.254918386 6.019323831 

5.080549234 5.942844746 
5.254918386 6.019323831 

7.093714028 5.370396358 
7.024959852 5.515651269 

6.934030807 5.670200613 
7.024959852 5.515651269 

3.996838634 3.094601893 
4.127417343 2.853753283 

6.55181327 6.944481999 
6.229106914 6.739916827 

7.250712853 6.508667521 
7.152349941 6.674622215 

6.041264709 6.271451909 
5.892394537 6.428638439 

5.74786899 6.519677125 
5.892394537 6.428638439 

6.089969522 5.997030548 
6.034540096 5.868830819 

1.982364281 6.114743345 
1.804197297 6.028374287 

2.355041946 7.875747778 
2.448559027 8.064753128 

1.323967265 7.72363776 
1.301940544 7.972227079 

4.449134917 1.353608134 
4.356155422 1.19314066 

5.910140716 6.555729115 
5.892394537 6.428638439 

1.794849397 2.185825289 
1.53652131 2.053544752 

6.910535906 6.342002601 
6.56878145 6.460467533 

0.5288157223 8.62663468 
0.6575404017 8.556905918 

0.7477747695 8.53227442 
0.6575404017 8.556905918 

1.749476952 9.30613097 
1.704604056 9.172016004 

1.595105359 9.060641376 
1.704604056 9.172016004 

3.646041443 7.867968305 
3.537647543 8.329508099 

1.585333762 7.524240766 
1.759870879 7.610653658 

1.894724884 7.678730558 
1.759870879 7.610653658 

1.96943407 3.335919828 
1.925465921 3.475671621 

1.324944452 6.582828108 
1.087060281 6.594666741 

1.513261501 8.40045673 
1.622835935 8.292518977 

2.418442321 6.246369816 
2.187099956 6.034100649 

4.861078076 5.420684313 
5.062125364 5.173426818 

3.325154414 0.5207889408 
3.402005515 0.3353833348 

1.613978566 1.403419446 
1.915255726 1.318813916 

2.071467338 1.352578053 
1.915255726 1.318813916 

2.029263989 8.515439937 
1.628856788 8.577392637 

1.109864894 8.04681299 
1.301940544 7.972227079 

1.837581316 6.322638175 
1.992974979 6.338908108 

1.929845301 1.503050574 
1.915255726 1.318813916 

1.794849397 2.185825289 
1.636967589 2.197485675 

4.136197455 0.5713277556 
4.096665193 0.7399396445 

4.122492914 0.8308195365 
4.096665193 0.7399396445 

3.265314294 3.924381304 
3.377419174 3.709897717 

3.211536939 3.513569032 
3.377419174 3.709897717 

0.7150136298 6.623700595 
0.7829332553 6.562382942 

2.964796639 1.725355663 
2.713829323 1.831397718 

7.173279098 5.93037733 
7.234418858 5.728343428 

2.098314953 3.492143583 
2.044755901 3.454286798 

1.96943407 3.335919828 
2.044755901 3.454286798 

2.992075522 3.417639756 
2.811903265 3.548501615 

5.199633944 6.424568641 
5.254918386 6.019323831 

3.344385877 0.711553502 
3.325154414 0.5207889408 

6.55181327 6.944481999 
6.383847714 6.684005731 

6.384624797 6.391441637 
6.383847714 6.684005731 

3.330255986 2.217971793 
3.30634403 2.382581742 

3.308693494 8.926616501 
2.865695415 8.691663329 

2.489630974 8.586804942 
2.865695415 8.691663329 

3.574712741 1.757109236 
3.644767355 1.606867169 

5.182803723 8.069301431 
5.142772126 7.897670155 

2.049600139 7.686969945 
2.108661483 7.577010643 

1.938550355 2.905375892 
1.715719265 2.742937247 

2.844427422 1.599104402 
2.868427568 1.462769469 

6.55181327 6.944481999 
6.401744423 6.832308448 

6.229068103 6.949901796 
6.401744423 6.832308448 

3.956143203 2.555520292 
3.704457191 2.327413403 

3.664265093 2.067711477 
3.704457191 2.327413403 

2.3642794 0.9099990182 
2.39475442 0.6922314353 

3.211536939 3.513569032 
3.186284024 3.62584667 

2.465026543 0.5435360182 
2.39475442 0.6922314353 

1.672767788 6.370602824 
1.324944452 6.582828108 

1.626202196 6.652068251 
1.834049672 6.735237843 

1.865892884 7.446728515 
1.726396559 7.344065064 

5.134433621 7.614627978 
4.976488452 7.656511813 

7.234418858 5.728343428 
7.303889201 5.622867131 

3.646041443 7.867968305 
3.736557118 8.219120412 

1.636967589 2.197485675 
1.644558192 2.289056919 

5.900313084 5.525730384 
5.719281297 5.638483771 

3.330255986 2.217971793 
3.445334632 2.068795788 

7.477680051 6.237574418 
7.531169223 6.216267949 

2.734330866 2.093891063 
2.707049593 2.258104113 

2.869082277 2.456003343 
2.707049593 2.258104113 

5.923300727 6.753522898 
5.731163522 6.67109546 

5.595560976 6.496658602 
5.731163522 6.67109546 

4.145132066 5.885093687 
4.824397586 5.967262477 

5.556987339 6.049966735 
4.824397586 5.967262477 

2.419247627 7.032082439 
2.396442724 7.219354033 

2.311621423 7.336750152 
2.396442724 7.219354033 

3.370971293 6.994034511 
3.369219766 7.223649309 

4.771693604 5.637526225 
4.824397586 5.967262477 

6.314748795 7.985512319 
6.22653558 8.013670341 

2.21810812 3.629591215 
1.995871445 3.454162026 

4.018719687 3.823722315 
4.252740932 3.605231388 

3.648676498 3.026760023 
3.633771714 3.232872551 

4.850635937 5.827673573 
4.824397586 5.967262477 

6.93511947 7.045224998 
7.060968081 6.929486392 

5.74786899 6.519677125 
5.731163522 6.67109546 

1.352841353 9.070800564 
1.367972537 9.178303406 

1.524171542 2.465746337 
1.506454803 2.606118734 

3.533683721 2.298281048 
3.704457191 2.327413403 

6.482830839 5.265105317 
6.734242067 5.122690887 

2.767997618 7.987589732 
2.52429711 7.944298181 

2.355041946 7.875747778 
2.52429711 7.944298181 

6.063392373 6.611592609 
5.974295679 6.594533435 

4.157877701 1.931970053 
3.979891395 1.877708507 

7.480071857 5.437338231 
7.359557807 5.577958319 

7.303889201 5.622867131 
7.359557807 5.577958319 

6.998919394 8.051602777 
7.052065069 7.886030914 

3.425666295 1.602050993 
3.318984985 1.450292548 

3.141965425 1.307818959 
3.318984985 1.450292548 

2.762397452 8.84101819 
2.865695415 8.691663329 

5.182803723 8.069301431 
5.255447194 8.149987744 

4.550265827 6.956501711 
4.30110139 6.973420226 

6.192965724 7.343572969 
6.403256607 7.26329326 

2.791334735 8.469916965 
2.865695415 8.691663329 

7.617373636 6.713101739 
7.650906965 6.868018523 

1.379461449 8.684023859 
1.513261501 8.40045673 

3.421956156 1.862394771 
3.445334632 2.068795788 

1.998356373 8.22836474 
1.898962715 8.455443072 

2.786113606 7.569358214 
2.793596393 7.458534311 

5.71321253 7.330646802 
5.687494661 7.579790184 

5.584851539 7.681418381 
5.687494661 7.579790184 

4.374453379 6.642715637 
4.137331723 6.745331945 

2.761697484 0.8364835402 
2.790779841 0.972868143 

1.379461449 8.684023859 
1.315034925 8.427844503 

2.181892652 9.260571968 
2.402649215 9.333539979 

2.636329649 9.483297169 
2.402649215 9.333539979 

2.357559295 1.338746988 
2.665578358 1.573248757 

2.964796639 1.725355663 
2.665578358 1.573248757 

6.229106914 6.739916827 
6.383847714 6.684005731 

5.040801672 6.594996936 
5.130512117 6.722805002 

5.370596153 6.718774652 
5.130512117 6.722805002 

5.241999006 7.712703192 
5.134433621 7.614627978 

2.2553357 0.6533683446 
2.074408061 0.7115969941 

1.954619114 6.875474964 
1.834049672 6.735237843 

0.5222082848 7.670970556 
0.5363450039 7.553084221 

0.3731630698 7.485450022 
0.5363450039 7.553084221 

1.625165301 3.27159154 
1.865095864 3.407748666 

1.995871445 3.454162026 
1.865095864 3.407748666 

3.369219766 7.223649309 
3.446666185 7.309684066 

3.219939989 2.916544586 
3.342503801 2.683610414 

3.500331106 2.638727558 
3.342503801 2.683610414 

3.537647543 8.329508099 
3.736557118 8.219120412 

3.09130681 6.321217663 
3.11781941 6.409891318 

2.383386311 2.901298945 
2.576401779 2.888577163 

2.732712695 2.845589889 
2.576401779 2.888577163 

1.659055113 7.005577308 
1.732301275 7.235991248 

1.865892884 7.446728515 
1.732301275 7.235991248 

4.850635937 5.827673573 
5.007869394 5.688078369 

5.164074029 5.421042304 
5.007869394 5.688078369 

2.88881202 2.27218296 
2.707049593 2.258104113 

1.323967265 7.72363776 
0.8468021575 7.987745434 

1.373729643 7.22350469 
1.149652562 7.149562211 

4.563094253 3.135929824 
4.673329627 3.144952135 

2.790779841 0.972868143 
2.871484592 0.8856394609 

3.0139484 0.7929418816 
2.871484592 0.8856394609 

3.402005515 0.3353833348 
3.272436452 0.3486666482 

0.9838045065 7.002981598 
0.9995846315 6.774546341 

1.90728056 1.68983094 
1.713662465 1.795201759 

1.532442908 1.75737802 
1.713662465 1.795201759 

6.887901201 5.386878343 
7.024959852 5.515651269 

3.956143203 2.555520292 
3.754550607 2.786340602 

3.648676498 3.026760023 
3.754550607 2.786340602 

5.731163522 6.67109546 
5.62782152 6.749076749 

1.660508426 7.88370705 
1.867263957 7.89945262 

0.5877624407 7.309290993 
0.7105133299 7.27790732 

0.8237153985 7.162363971 
0.7105133299 7.27790732 

1.613978566 1.403419446 
1.797199077 1.410586211 

1.929845301 1.503050574 
1.797199077 1.410586211 

1.726396559 7.344065064 
1.732301275 7.235991248 

3.185393957 1.900364142 
3.145843043 2.050939491 

3.165017964 2.182855623 
3.145843043 2.050939491 

4.30110139 6.973420226 
4.137331723 6.745331945 

1.046467548 6.377170508 
1.159692009 6.298569557 

1.109864894 8.04681299 
0.8468021575 7.987745434 

6.364646694 8.313882568 
6.287686205 8.117411553 

2.811903265 3.548501615 
2.746582516 3.616578897 

5.455171409 7.662322245 
5.241999006 7.712703192 

5.511218389 4.778065481 
5.60879655 4.598924187 

7.562246996 6.499159507 
7.477680051 6.237574418 

7.198328314 7.057226995 
6.93511947 7.045224998 

2.747823231 9.145573413 
2.650839374 9.145300287 

6.615352222 5.700924075 
6.934030807 5.670200613 

2.855247935 6.655067348 
2.644814085 6.640811065 

2.644664513 2.637610088 
2.576401779 2.888577163 

7.427914474 6.648916721 
7.562246996 6.499159507 

2.108661483 7.577010643 
2.266850509 7.507188988 

2.128712578 2.110431142 
1.929834109 1.988631544 

6.729130568 6.493359766 
6.863127137 6.726925881 

5.164074029 5.421042304 
5.062125364 5.173426818 

7.198328314 7.057226995 
7.085593755 7.168871738 

5.923300727 6.753522898 
5.974295679 6.594533435 

5.458924543 8.19178503 
5.355168573 8.146566355 

5.255447194 8.149987744 
5.355168573 8.146566355 

7.397220806 7.321641108 
7.244113048 7.457313225 

1.925465921 3.475671621 
1.995871445 3.454162026 

2.644664513 2.637610088 
2.459069686 2.533365439 

3.778554029 8.534522561 
3.622800004 8.49023264 

2.489630974 8.586804942 
2.630612297 8.720148631 

2.762397452 8.84101819 
2.630612297 8.720148631 

4.356155422 1.19314066 
4.351623074 1.045869964 

5.923300727 6.753522898 
5.778015739 6.8783088 

3.11781941 6.409891318 
3.197772202 6.428014128 

6.659798139 7.959725275 
6.882980368 7.979405057 

6.998919394 8.051602777 
6.882980368 7.979405057 

1.496178262 9.379375696 
1.367972537 9.178303406 

3.265314294 3.924381304 
3.46350053 3.615107804 

6.910535906 6.342002601 
6.951387136 6.618786972 

4.186658344 2.353668852 
4.558840013 2.051918993 

4.956842663 1.714502264 
4.558840013 2.051918993 

4.555978453 1.821314593 
4.671280647 1.693895092 

4.558110159 1.619697993 
4.671280647 1.693895092 

6.680912647 6.140837051 
6.626513099 6.278510126 

6.56878145 6.460467533 
6.626513099 6.278510126 

3.500331106 2.638727558 
3.724739481 2.592851349 

3.425666295 1.602050993 
3.644767355 1.606867169 

2.980003693 2.701245269 
3.07291675 2.672780773 

3.059754023 2.48819344 
3.07291675 2.672780773 

2.713829323 1.831397718 
2.665578358 1.573248757 

2.181892652 9.260571968 
2.072181586 9.084052742 

2.270315294 7.09114117 
2.396442724 7.219354033 

1.715719265 2.742937247 
1.561113271 2.682756434 

3.225581972 2.121305312 
3.284492768 2.118861038 

3.445334632 2.068795788 
3.284492768 2.118861038 

6.384624797 6.391441637 
6.56878145 6.460467533 

2.541289367 1.980806193 
2.162638415 1.70365725 

3.410417651 6.451408665 
3.256342102 6.43935002 

3.197772202 6.428014128 
3.256342102 6.43935002 

6.680912647 6.140837051 
6.974573271 5.901889513 

5.778015739 6.8783088 
5.688451762 6.88694984 

3.830158697 7.139788973 
3.982274244 7.446136874 

6.063392373 6.611592609 
6.169072966 6.520691719 

6.336235844 6.141527236 
6.384624797 6.391441637 

1.613978566 1.403419446 
1.868762157 1.500116883 

2.162638415 1.70365725 
1.868762157 1.500116883 

6.287686205 8.117411553 
6.189785406 8.108140318 

3.145843043 2.050939491 
3.225581972 2.121305312 

3.308693494 8.926616501 
3.171984623 8.626132481 

3.1138567 8.292025967 
3.171984623 8.626132481 

4.570839938 6.105111134 
4.824397586 5.967262477 

3.46350053 3.615107804 
3.377419174 3.709897717 

2.21810812 3.629591215 
2.369748543 3.410040143 

6.336235844 6.141527236 
6.232739948 6.069455629 

6.089969522 5.997030548 
6.232739948 6.069455629 

1.925465921 3.475671621 
1.865095864 3.407748666 

6.058254152 8.199300072 
6.14288363 8.073108324 

6.22653558 8.013670341 
6.14288363 8.073108324 

3.542243718 0.4420227404 
3.402005515 0.3353833348 

3.542243718 0.4420227404 
3.444518786 0.5786849333 

3.344385877 0.711553502 
3.444518786 0.5786849333 

6.364646694 8.313882568 
6.549370114 8.239536757 

5.452572831 5.698373758 
5.254918386 6.019323831 

2.489630974 8.586804942 
2.316570294 8.525737421 

2.029263989 8.515439937 
2.316570294 8.525737421 

3.185393957 1.900364142 
3.032108567 1.559967515 

6.310889931 5.447681378 
6.312128341 5.65000413 

5.892394537 6.428638439 
5.702279326 6.246914157 

7.480071857 5.437338231 
7.223675521 5.654779509 

6.974573271 5.901889513 
7.223675521 5.654779509 

6.064592729 7.877638636 
6.22653558 8.013670341 

2.896545631 6.81618703 
2.921923279 7.013210392 

3.724739481 2.592851349 
3.612419235 2.514411175 

6.314748795 7.985512319 
6.287686205 8.117411553 

4.570839938 6.105111134 
4.60457602 6.310723249 

4.641059149 6.480839342 
4.60457602 6.310723249 

6.383847714 6.684005731 
6.401744423 6.832308448 

0.6978996777 7.580548761 
0.5390352789 7.892703647 

3.724739481 2.592851349 
3.754550607 2.786340602 

4.080069824 7.631600734 
4.203731748 7.435215216 

4.31491347 7.290675952 
4.203731748 7.435215216 

0.5390352789 7.892703647 
0.6395263699 7.986542444 

5.900313084 5.525730384 
5.955560259 5.716841045 

6.034540096 5.868830819 
5.955560259 5.716841045 

1.628856788 8.577392637 
1.379461449 8.684023859 

1.865892884 7.446728515 
2.108661483 7.577010643 

1.532442908 1.75737802 
1.744404249 1.89574267 

1.929834109 1.988631544 
1.744404249 1.89574267 

3.421956156 1.862394771 
3.574712741 1.757109236 

7.198328314 7.057226995 
7.334773189 7.028244638 

7.554029225 6.993178107 
7.334773189 7.028244638 

5.164074029 5.421042304 
5.28448352 5.548167558 

6.064592729 7.877638636 
6.14288363 8.073108324 

1.373729643 7.22350469 
1.278162237 7.354699982 

1.26020788 7.44327645 
1.278162237 7.354699982 

3.917535651 2.17409172 
3.704457191 2.327413403 

2.386775099 8.837610292 
2.600244411 8.899658044 

1.496178262 9.379375696 
1.364510164 9.267119988 

3.344188213 7.582824971 
3.556537076 7.507441137 

3.745567349 7.547269801 
3.556537076 7.507441137 

4.370581979 7.618139214 
4.203731748 7.435215216 

4.784075974 2.417686607 
4.866894616 2.476131738 

5.050927603 2.551599308 
4.866894616 2.476131738 

2.357559295 1.338746988 
2.307450771 1.478889406 

1.929845301 1.503050574 
1.868762157 1.500116883 

3.272436452 0.3486666482 
3.25398897 0.2166776359 

4.671280647 1.693895092 
4.72538473 1.819561681 

5.702279326 6.246914157 
5.804323608 6.188370369 

5.832332373 6.083488896 
5.804323608 6.188370369 

6.165729273 5.027020294 
6.020623842 4.824772624 

6.165729273 5.027020294 
6.112144867 5.186672759 

6.138512166 5.338598134 
6.112144867 5.186672759 

3.244260326 6.29102762 
3.170325561 6.205737414 

3.917535651 2.17409172 
3.88719422 2.026428112 

3.979891395 1.877708507 
3.88719422 2.026428112 

1.869864373 1.054839907 
1.742023345 1.158860947 

3.093623237 8.720617645 
3.171984623 8.626132481 

6.064592729 7.877638636 
6.217248685 7.582867445 

1.625165301 3.27159154 
1.774670062 3.06929188 

1.938550355 2.905375892 
1.774670062 3.06929188 

2.945431353 2.042798683 
3.145843043 2.050939491 

2.297776829 2.436851536 
2.352853099 2.353165861 

2.484514155 2.349983587 
2.352853099 2.353165861 

4.60457602 6.310723249 
4.728362641 6.307041517 

2.767997618 7.987589732 
2.566922262 7.806446844 

2.402940385 7.674154224 
2.566922262 7.806446844 

5.062125364 5.173426818 
4.828074667 5.150670313 

2.336125958 6.41015509 
2.291796373 6.278798168 

3.284492768 2.118861038 
3.330255986 2.217971793 

2.945431353 2.042798683 
3.020323469 2.235956076 

3.075570987 2.330652045 
3.020323469 2.235956076 

6.93511947 7.045224998 
7.021916314 7.084941334 

7.085593755 7.168871738 
7.021916314 7.084941334 

4.861078076 5.420684313 
4.756606101 5.367544003 

2.021714298 8.8439362 
2.072181586 9.084052742 

7.531169223 6.216267949 
7.576093004 6.254125682 

1.301940544 7.972227079 
1.445688711 7.895637073 

1.46931271 7.999400371 
1.445688711 7.895637073 

1.470836001 5.887937811 
1.647679396 6.056499413 

1.711707273 6.172382849 
1.647679396 6.056499413 

5.556987339 6.049966735 
5.357309674 6.199948696 

4.449134917 1.353608134 
4.295361406 1.571421936 

1.96943407 3.335919828 
1.865095864 3.407748666 

3.219939989 2.916544586 
3.07291675 2.672780773 

2.447910537 0.7327489381 
2.39475442 0.6922314353 

1.690902223 8.167288396 
1.864883731 8.182223967 

1.998356373 8.22836474 
1.864883731 8.182223967 

6.913304186 5.99238805 
6.974573271 5.901889513 

5.254918386 6.019323831 
5.357309674 6.199948696 

3.622800004 8.49023264 
3.56804139 8.427187956 

3.537647543 8.329508099 
3.56804139 8.427187956 

2.3642794 0.9099990182 
2.368010166 1.211759337 

2.357559295 1.338746988 
2.368010166 1.211759337 

3.004982386 9.089884645 
3.162974934 8.980298609 

3.746039383 0.8597460938 
3.929715078 0.769537841 

1.087060281 6.594666741 
1.046467548 6.377170508 

5.357309674 6.199948696 
5.181513415 6.227210717 

2.465026543 0.5435360182 
2.555825588 0.5167896751 

2.179936835 6.71280427 
2.018963116 6.794710536 

1.954619114 6.875474964 
2.018963116 6.794710536 

3.377419174 3.709897717 
3.52310141 3.846770383 

6.229106914 6.739916827 
6.169072966 6.520691719 

2.422490433 2.189707577 
2.450076545 2.06690432 

2.541289367 1.980806193 
2.450076545 2.06690432 

2.418442321 6.246369816 
2.327894019 6.249737849 

2.291796373 6.278798168 
2.327894019 6.249737849 

3.664265093 2.067711477 
3.88719422 2.026428112 

6.043980574 7.137181408 
5.967711104 7.124303221 

5.841645422 7.098887955 
5.967711104 7.124303221 

6.336235844 6.141527236 
6.429428904 5.989638138 

3.325154414 0.5207889408 
3.444518786 0.5786849333 

2.270315294 7.09114117 
2.184625504 7.147308944 

2.106069743 7.289485047 
2.184625504 7.147308944 

2.448559027 8.064753128 
2.52429711 7.944298181 

2.489630974 8.586804942 
2.655175837 8.501140539 

5.452572831 5.698373758 
5.719281297 5.638483771 

1.659055113 7.005577308 
1.683480796 7.46022244 

1.660508426 7.88370705 
1.683480796 7.46022244 

6.231889514 5.882303458 
6.034540096 5.868830819 

1.315034925 8.427844503 
1.388222324 8.272968734 

1.444556021 8.123295677 
1.388222324 8.272968734 

1.660508426 7.88370705 
1.759870879 7.610653658 

6.910535906 6.342002601 
6.626513099 6.278510126 

1.100375333 9.289417402 
1.276082898 9.23496122 

1.367972537 9.178303406 
1.276082898 9.23496122 

0.7415325176 8.830337493 
0.9312013336 8.733937715 

1.052963448 8.700453181 
0.9312013336 8.733937715 

1.53652131 2.053544752 
1.636967589 2.197485675 

6.680912647 6.140837051 
6.527728525 6.139465473 

1.742023345 1.158860947 
1.915255726 1.318813916 

2.746582516 3.616578897 
2.65464908 3.657881485 

7.060968081 6.929486392 
7.021916314 7.084941334 

3.344188213 7.582824971 
3.141453763 7.652083045 

2.90961358 7.765082909 
3.141453763 7.652083045 

1.898962715 8.455443072 
2.006772382 8.404050617 

2.029263989 8.515439937 
2.006772382 8.404050617 

3.105075797 7.034371563 
2.921923279 7.013210392 

4.756606101 5.367544003 
4.687912018 5.336559785 

3.425666295 1.602050993 
3.405794107 1.726129956 

3.421956156 1.862394771 
3.405794107 1.726129956 

5.007869394 5.688078369 
5.19711622 5.687852298 

5.257758003 7.213126186 
5.217185516 7.42390826 

5.134433621 7.614627978 
5.217185516 7.42390826 

6.312128341 5.65000413 
6.066188055 5.651720314 

5.083811103 2.128961621 
5.104159532 2.333866078 

1.585333762 7.524240766 
1.683480796 7.46022244 

3.032108567 1.559967515 
2.868427568 1.462769469 

4.771693604 5.637526225 
4.933529381 5.415074537 

3.757411218 3.98176067 
3.90976146 3.841745511 

4.018719687 3.823722315 
3.90976146 3.841745511 

5.923300727 6.753522898 
5.967711104 7.124303221 

3.921377042 1.584266527 
3.85614078 1.709010702 

1.626202196 6.652068251 
1.60120912 6.874562044 

1.659055113 7.005577308 
1.60120912 6.874562044 

1.301940544 7.972227079 
1.46931271 7.999400371 

1.865892884 7.446728515 
1.683480796 7.46022244 

1.865892884 7.446728515 
1.95707309 7.584579201 

4.687912018 5.336559785 
4.630948535 5.318534193 

1.26020788 7.44327645 
1.323967265 7.72363776 

1.804197297 6.028374287 
1.681336609 5.995542062 

1.470836001 5.887937811 
1.681336609 5.995542062 

4.933529381 5.415074537 
4.861078076 5.420684313 

6.041264709 6.271451909 
6.169072966 6.520691719 

2.162638415 1.70365725 
2.355930202 1.777958993 

6.613235923 6.679450834 
6.383847714 6.684005731 

1.036595672 7.635173528 
1.043181292 7.847025707 

1.109864894 8.04681299 
1.043181292 7.847025707 

2.52316959 9.108496147 
2.590936114 9.202872877 

2.650839374 9.145300287 
2.590936114 9.202872877 

5.731429525 7.022756951 
5.778015739 6.8783088 

2.785631747 6.467971497 
2.751394435 6.540427525 

6.910535906 6.342002601 
6.907673755 6.158487211 

6.913304186 5.99238805 
6.907673755 6.158487211 

5.080549234 5.942844746 
4.824397586 5.967262477 

6.927213539 7.826250854 
6.882980368 7.979405057 

2.051742065 8.05580195 
1.998651692 7.966749552 

2.601690532 5.867428129 
2.495915309 5.939600357 

2.467661493 6.01147906 
2.495915309 5.939600357 

2.88881202 2.27218296 
3.020323469 2.235956076 

3.830158697 7.139788973 
4.09398347 7.17976206 

4.31491347 7.290675952 
4.09398347 7.17976206 

1.95707309 7.584579201 
1.894724884 7.678730558 

2.655175837 8.501140539 
2.732407589 8.245419777 

0.8468021575 7.987745434 
0.8450799575 7.858243038 

4.449134917 1.353608134 
4.28990263 1.383809003 

4.118992947 1.446519701 
4.28990263 1.383809003 

5.910140716 6.555729115 
5.845246906 6.49713997 

5.74786899 6.519677125 
5.845246906 6.49713997 

3.996838634 3.094601893 
4.166682633 3.078177445 

4.331422551 3.142956338 
4.166682633 3.078177445 

2.179936835 6.71280427 
1.973449974 6.729513916 

1.834049672 6.735237843 
1.973449974 6.729513916 

1.726396559 7.344065064 
1.683480796 7.46022244 

1.585333762 7.524240766 
1.640952505 7.376152372 

1.726396559 7.344065064 
1.640952505 7.376152372 

2.21810812 3.629591215 
2.098314953 3.492143583 

2.489876574 3.842506399 
2.42374721 3.678419476 

2.108661483 7.577010643 
1.95707309 7.584579201 

6.403256607 7.26329326 
6.508284696 7.367525183 

6.601452421 7.456826849 
6.508284696 7.367525183 

1.53652131 2.053544752 
1.586112049 1.912374802 

5.624381239 4.974786954 
5.662196652 4.837614641 

3.165017964 2.182855623 
3.020323469 2.235956076 

6.279581735 4.699303679 
6.326868209 4.856951243 

7.173279098 5.93037733 
6.974573271 5.901889513 

6.734242067 5.122690887 
6.935767787 5.156529101 

5.804323608 6.188370369 
5.892394537 6.428638439 

7.397220806 7.321641108 
7.441133055 6.899204159 

7.562246996 6.499159507 
7.441133055 6.899204159 

0.6978996777 7.580548761 
0.5363450039 7.553084221 

6.041264709 6.271451909 
6.232739948 6.069455629 

2.653318855 7.315918697 
2.717066977 7.393105301 

2.793596393 7.458534311 
2.717066977 7.393105301 

2.844427422 1.599104402 
2.755184243 1.627566852 

4.956842663 1.714502264 
4.801551262 1.753675296 

4.671280647 1.693895092 
4.801551262 1.753675296 

1.100375333 9.289417402 
1.253170717 9.335177358 

1.364510164 9.267119988 
1.253170717 9.335177358 

3.664265093 2.067711477 
3.917535651 2.17409172 

2.644664513 2.637610088 
2.54051074 2.789496382 

2.383386311 2.901298945 
2.54051074 2.789496382 

2.964796639 1.725355663 
2.755184243 1.627566852 

3.370971293 6.994034511 
3.376652054 6.736946024 

7.688870351 6.108365293 
7.604930416 6.181008889 

7.576093004 6.254125682 
7.604930416 6.181008889 

7.427914474 6.648916721 
7.617373636 6.713101739 

3.778554029 8.534522561 
3.582713789 8.303600893 

3.357754189 7.934932436 
3.582713789 8.303600893 

1.713662465 1.795201759 
1.744404249 1.89574267 

4.641059149 6.480839342 
4.829755949 6.428573924 

4.993593971 6.341549625 
4.829755949 6.428573924 

2.019648188 2.579347513 
2.078297303 2.440363809 

2.160580702 2.307908622 
2.078297303 2.440363809 

5.892394537 6.428638439 
5.845246906 6.49713997 

2.3642794 0.9099990182 
2.563843679 0.9516152451 

5.257758003 7.213126186 
5.058127833 7.286810403 

3.574712741 1.757109236 
3.405794107 1.726129956 

7.173279098 5.93037733 
7.070182735 5.762050948 

6.934030807 5.670200613 
7.070182735 5.762050948 

6.887901201 5.386878343 
7.003954166 5.282732305 

1.742023345 1.158860947 
1.719040742 1.283896761 

1.613978566 1.403419446 
1.719040742 1.283896761 

5.575401118 5.386111076 
5.653775271 5.571075979 

5.719281297 5.638483771 
5.653775271 5.571075979 

1.241784493 8.761051165 
1.192690172 9.001338994 

6.041264709 6.271451909 
6.036273448 6.50106069 

5.974295679 6.594533435 
6.036273448 6.50106069 

4.452365159 5.284756568 
4.562960071 5.297847017 

4.630948535 5.318534193 
4.562960071 5.297847017 

2.373505991 8.323426362 
2.316570294 8.525737421 

2.074408061 0.7115969941 
2.027247146 0.8063410264 

5.595560976 6.496658602 
5.50211148 6.591689735 

5.370596153 6.718774652 
5.50211148 6.591689735 

4.370581979 7.618139214 
4.673567901 7.821405456 

5.002203479 8.019249403 
4.673567901 7.821405456 

1.759870879 7.610653658 
1.95707309 7.584579201 

2.599434678 7.618217909 
2.729952753 7.682288049 

2.90961358 7.765082909 
2.729952753 7.682288049 

1.794849397 2.185825289 
1.929834109 1.988631544 

2.912926183 7.220832857 
2.716374387 7.133599805 

4.89998513 1.987386649 
4.72538473 1.819561681 

2.175649711 3.33193536 
1.96943407 3.335919828 

0.3141667675 8.174022764 
0.4436657462 8.033039391 

0.5390352789 7.892703647 
0.4436657462 8.033039391 

2.336125958 6.41015509 
2.327894019 6.249737849 

4.89998513 1.987386649 
4.918308463 1.847955987 

4.956842663 1.714502264 
4.918308463 1.847955987 

2.336125958 6.41015509 
2.126920891 6.397848514 

1.992974979 6.338908108 
2.126920891 6.397848514 

4.976488452 7.656511813 
5.142772126 7.897670155 

6.229106914 6.739916827 
6.279133659 6.601483317 

6.384624797 6.391441637 
6.279133659 6.601483317 

4.402824259 2.864427219 
4.279695617 2.809639724 

6.036273448 6.50106069 
6.063392373 6.611592609 

7.003954166 5.282732305 
7.093714028 5.370396358 

3.185393957 1.900364142 
3.286286251 2.003676651 

3.445334632 2.068795788 
3.286286251 2.003676651 

6.231889514 5.882303458 
6.15017612 5.867260978 

6.089969522 5.997030548 
6.15017612 5.867260978 

3.582713789 8.303600893 
3.537647543 8.329508099 

2.199153763 7.699066051 
2.266850509 7.507188988 

2.140292809 8.409907031 
2.218061923 8.194094379 

2.24537731 8.076972737 
2.218061923 8.194094379 

5.28448352 5.548167558 
5.19711622 5.687852298 

2.555825588 0.5167896751 
2.570146531 0.4108246382 

3.059754023 2.48819344 
3.135419471 2.670202494 

6.066188055 5.651720314 
5.955560259 5.716841045 

2.181892652 9.260571968 
1.983580088 9.226768538 

2.716374387 7.133599805 
2.615410661 7.062932746 

7.441133055 6.899204159 
7.334773189 7.028244638 

2.21810812 3.629591215 
2.327844459 3.643122812 

2.42374721 3.678419476 
2.327844459 3.643122812 

4.351623074 1.045869964 
4.371136859 0.9648546511 

3.646041443 7.867968305 
3.510035581 7.966123669 

3.357754189 7.934932436 
3.510035581 7.966123669 

6.058254152 8.199300072 
6.129943253 8.14613607 

6.189785406 8.108140318 
6.129943253 8.14613607 

7.554029225 6.993178107 
7.457829609 6.801313188 

7.427914474 6.648916721 
7.457829609 6.801313188 

2.049600139 7.686969945 
2.199153763 7.699066051 

2.65464908 3.657881485 
2.608430936 3.730279897 

0.7629412952 8.11711638 
0.5588008261 8.149499364 

6.217248685 7.582867445 
6.178502406 7.489139091 

6.192965724 7.343572969 
6.178502406 7.489139091 

2.307450771 1.478889406 
2.358783966 1.593072655 

1.622835935 8.292518977 
1.647645151 8.464672757 

1.628856788 8.577392637 
1.647645151 8.464672757 

5.595560976 6.496658602 
5.702279326 6.246914157 

5.595560976 6.496658602 
5.730712181 6.404886358 

5.892394537 6.428638439 
5.730712181 6.404886358 

3.446666185 7.309684066 
3.39961337 7.409460167 

3.344188213 7.582824971 
3.39961337 7.409460167 

1.532442908 1.75737802 
1.691035631 1.967899866 

5.28448352 5.548167558 
5.383424069 5.60328775 

5.452572831 5.698373758 
5.383424069 5.60328775 

3.979891395 1.877708507 
3.85614078 1.709010702 

3.0139484 0.7929418816 
3.128836468 0.8186765183 

3.231028083 0.9172165401 
3.128836468 0.8186765183 

6.910535906 6.342002601 
7.039589378 6.299242311 

7.19961283 6.310194863 
7.039589378 6.299242311 

2.489876574 3.842506399 
2.555562895 3.77826227 

2.608430936 3.730279897 
2.555562895 3.77826227 

3.956143203 2.555520292 
3.813455243 2.587781611 

3.724739481 2.592851349 
3.813455243 2.587781611 

1.659055113 7.005577308 
1.797736765 6.929688193 

1.954619114 6.875474964 
1.797736765 6.929688193 

3.746039383 0.8597460938 
3.597931033 0.9639443986 

0.5588008261 8.149499364 
0.4191019234 8.23810017 

3.488071423 3.220582297 
3.490206178 3.438874065 

3.46350053 3.615107804 
3.490206178 3.438874065 

2.419247627 7.032082439 
2.593846014 7.166151458 

2.653318855 7.315918697 
2.593846014 7.166151458 

4.570839938 6.105111134 
4.451355159 6.095673613 

4.358087862 6.104583144 
4.451355159 6.095673613 

2.940726445 2.90054525 
3.046023403 3.080041666 

3.141978722 3.288578397 
3.046023403 3.080041666 

3.308693494 8.926616501 
3.188728489 8.827552157 

3.093623237 8.720617645 
3.188728489 8.827552157 

0.9920183202 7.444892507 
1.19251716 7.584499196 

1.323967265 7.72363776 
1.19251716 7.584499196 

2.336125958 6.41015509 
2.232601798 6.523111175 

2.644664513 2.637610088 
2.677216094 2.895627758 

2.373505991 8.323426362 
2.218061923 8.194094379 

2.987898943 1.312605548 
2.969039649 1.386758983 

4.50341352 2.401906118 
4.564400801 2.583802045 

2.615410661 7.062932746 
2.539626763 7.073203792 

2.419247627 7.032082439 
2.539626763 7.073203792 

1.036595672 7.635173528 
1.19251716 7.584499196 

1.315034925 8.427844503 
1.419696251 8.407587243 

1.513261501 8.40045673 
1.419696251 8.407587243 

3.219939989 2.916544586 
3.046023403 3.080041666 

3.135419471 2.670202494 
3.187254815 2.74869086 

7.208419368 5.197676114 
7.049502587 5.138024059 

6.935767787 5.156529101 
7.049502587 5.138024059 

0.9920183202 7.444892507 
0.8488911923 7.519996836 

0.6978996777 7.580548761 
0.8488911923 7.519996836 

3.30634403 2.382581742 
3.342503801 2.683610414 

5.74786899 6.519677125 
5.730712181 6.404886358 

4.801551262 1.753675296 
4.72538473 1.819561681 

2.036380733 5.918532464 
2.166692732 5.963688859 

2.187099956 6.034100649 
2.166692732 5.963688859 

7.554029225 6.993178107 
7.441133055 6.899204159 

1.90728056 1.68983094 
2.031539998 1.743537019 

2.162638415 1.70365725 
2.031539998 1.743537019 

3.979891395 1.877708507 
3.866734062 1.857282093 

3.752325585 1.8331849 
3.866734062 1.857282093 

2.021714298 8.8439362 
2.188619484 9.011694696 

2.336125958 6.41015509 
2.418442321 6.246369816 

1.625165301 3.27159154 
1.791719966 3.369612919 

1.925465921 3.475671621 
1.791719966 3.369612919 

2.677216094 2.895627758 
2.732712695 2.845589889 

6.951387136 6.618786972 
7.11992987 6.58608634 

7.250712853 6.508667521 
7.11992987 6.58608634 

4.555020176 7.307719655 
4.641777307 7.30233224 

4.75762416 7.321193476 
4.641777307 7.30233224 

6.429428904 5.989638138 
6.526232735 6.040876066 

6.527728525 6.139465473 
6.526232735 6.040876066 

2.019493683 7.030079107 
2.184625504 7.147308944 

1.280560104 6.215602263 
1.165182063 6.406560443 

1.087060281 6.594666741 
1.165182063 6.406560443 

0.7829332553 6.562382942 
0.7975114339 6.482094276 

2.019493683 7.030079107 
2.039517358 7.140952815 

2.106069743 7.289485047 
2.039517358 7.140952815 

3.105075797 7.034371563 
3.027822071 6.907212285 

5.60879655 4.598924187 
5.780211921 4.66282769 

5.889177973 4.736767464 
5.780211921 4.66282769 

4.195702076 6.240133459 
4.358087862 6.104583144 

4.371136859 0.9648546511 
4.407777879 0.9102176999 

1.660508426 7.88370705 
1.445688711 7.895637073 

0.3141667675 8.174022764 
0.5668150067 8.076219279 

0.8468021575 7.987745434 
0.5668150067 8.076219279 

2.140292809 8.409907031 
2.006772382 8.404050617 

6.063392373 6.611592609 
6.162218259 6.655831671 

6.229106914 6.739916827 
6.162218259 6.655831671 

2.459069686 2.533365439 
2.484514155 2.349983587 

2.655175837 8.501140539 
2.709695481 8.470758088 

2.791334735 8.469916965 
2.709695481 8.470758088 

1.280560104 6.215602263 
1.117767662 6.119017514 

2.448559027 8.064753128 
2.580198503 8.025113991 

2.767997618 7.987589732 
2.580198503 8.025113991 

4.673329627 3.144952135 
4.402824259 2.864427219 

4.882503258 2.931080305 
4.755299688 2.966739604 

2.566922262 7.806446844 
2.599434678 7.618217909 

6.066188055 5.651720314 
5.984813835 5.590542787 

1.373729643 7.22350469 
1.479989654 7.385452465 

1.585333762 7.524240766 
1.479989654 7.385452465 

4.993593971 6.341549625 
5.181513415 6.227210717 

2.761697484 0.8364835402 
2.871484592 0.8856394609 

7.562246996 6.499159507 
7.516661403 6.013562195 

2.115288988 7.436157808 
2.075491051 7.519246645 

2.108661483 7.577010643 
2.075491051 7.519246645 

5.955560259 5.716841045 
5.984813835 5.590542787 

4.555978453 1.821314593 
4.359212086 1.874523635 

4.157877701 1.931970053 
4.359212086 1.874523635 

5.199633944 6.424568641 
5.193716138 6.316585647 

5.181513415 6.227210717 
5.193716138 6.316585647 

4.136197455 0.5713277556 
4.014892622 0.6802393653 

3.929715078 0.769537841 
4.014892622 0.6802393653 

1.532442908 1.75737802 
1.548097614 1.832519289 

1.586112049 1.912374802 
1.548097614 1.832519289 

1.628856788 8.577392637 
1.758598629 8.709424453 

1.324944452 6.582828108 
1.442689274 6.642865622 

5.71321253 7.330646802 
5.745905824 7.476230887 

2.188619484 9.011694696 
2.386775099 8.837610292 

6.55181327 6.944481999 
6.676106432 6.838472022 

6.764017597 6.765945306 
6.676106432 6.838472022 

4.755299688 2.966739604 
4.66478372 2.956341204 

1.626202196 6.652068251 
1.661653606 6.536407506 

1.672767788 6.370602824 
1.661653606 6.536407506 

6.499053467 5.002910371 
6.444179036 4.911718235 

6.326868209 4.856951243 
6.444179036 4.911718235 

5.062125364 5.173426818 
4.979135499 5.299883297 

4.933529381 5.415074537 
4.979135499 5.299883297 

5.687494661 7.579790184 
5.745905824 7.476230887 

0.4215231659 6.739933826 
0.5568023245 6.80912287 

0.7306770005 6.943814147 
0.5568023245 6.80912287 

7.052065069 7.886030914 
6.927213539 7.826250854 

7.052065069 7.886030914 
7.196820777 7.844072948 

7.31332839 7.794565386 
7.196820777 7.844072948 

1.280560104 6.215602263 
1.394967007 6.101444351 

5.199633944 6.424568641 
5.195173722 6.553460593 

1.253170717 9.335177358 
1.276082898 9.23496122 

1.865892884 7.446728515 
1.884600421 7.558439967 

1.894724884 7.678730558 
1.884600421 7.558439967 

2.422490433 2.189707577 
2.352853099 2.353165861 

5.002203479 8.019249403 
5.068619998 8.10513727 

1.95707309 7.584579201 
1.884600421 7.558439967 

2.419247627 7.032082439 
2.655477504 6.926124743 

2.896545631 6.81618703 
2.655477504 6.926124743 

6.279133659 6.601483317 
6.169072966 6.520691719 

2.373505991 8.323426362 
2.408525818 8.44795513 

2.489630974 8.586804942 
2.408525818 8.44795513 

3.219939989 2.916544586 
2.940726445 2.90054525 

3.219939989 2.916544586 
3.225901081 2.816072251 

3.187254815 2.74869086 
3.225901081 2.816072251 

5.71321253 7.330646802 
5.56210524 7.512064847 

5.455171409 7.662322245 
5.56210524 7.512064847 

1.647679396 6.056499413 
1.681336609 5.995542062 

3.25398897 0.2166776359 
3.318646766 0.3074016771 

3.402005515 0.3353833348 
3.318646766 0.3074016771 

2.422490433 2.189707577 
2.293815525 2.177573508 

2.128712578 2.110431142 
2.293815525 2.177573508 

4.850635937 5.827673573 
4.952731597 5.84652538 

1.159692009 6.298569557 
1.130957173 6.251520204 

1.636967589 2.197485675 
1.506203917 2.256028654 

4.489572194 0.8227091271 
4.44685317 0.8734901225 

4.407777879 0.9102176999 
4.44685317 0.8734901225 

0.7975114339 6.482094276 
0.7860573224 6.43238627 

2.992075522 3.417639756 
3.211536939 3.513569032 

4.358087862 6.104583144 
4.291548592 5.991121447 

1.130957173 6.251520204 
1.136941775 6.227677768 

3.421956156 1.862394771 
3.286286251 2.003676651 

5.60879655 4.598924187 
5.647113581 4.733365873 

5.662196652 4.837614641 
5.647113581 4.733365873 

3.410417651 6.451408665 
3.308151511 6.382865035 

3.244260326 6.29102762 
3.308151511 6.382865035 

7.003954166 5.282732305 
7.049502587 5.138024059 

1.036595672 7.635173528 
0.8488911923 7.519996836 

2.265487835 5.831965649 
2.412265672 5.875682661 

0.7629412952 8.11711638 
0.8468021575 7.987745434 

1.660508426 7.88370705 
1.550784928 7.999224854 

1.444556021 8.123295677 
1.550784928 7.999224854 

6.549370114 8.239536757 
6.62226574 8.207583574 

6.669470783 8.249326172 
6.62226574 8.207583574 

4.728362641 6.307041517 
4.829755949 6.428573924 

1.308032457 2.299639807 
1.426470299 2.284790577 

1.506203917 2.256028654 
1.426470299 2.284790577 

5.778015739 6.8783088 
5.625338584 6.925577766 

5.496696136 7.012634073 
5.625338584 6.925577766 

1.442689274 6.642865622 
1.60120912 6.874562044 

4.31491347 7.290675952 
4.310756624 7.16000501 

2.912926183 7.220832857 
2.922414579 7.096178511 

2.921923279 7.013210392 
2.922414579 7.096178511 

3.135419471 2.670202494 
3.07291675 2.672780773 

1.442689274 6.642865622 
1.528641625 6.646146172 

1.626202196 6.652068251 
1.528641625 6.646146172 

6.036273448 6.50106069 
6.169072966 6.520691719 

5.130512117 6.722805002 
5.166891745 6.657908792 

5.195173722 6.553460593 
5.166891745 6.657908792 

4.641059149 6.480839342 
4.704813279 6.643060059 

6.162218259 6.655831671 
6.279133659 6.601483317 

3.0139484 0.7929418816 
2.833216426 0.6139490956 

1.865095864 3.407748666 
1.791719966 3.369612919 

1.470836001 5.887937811 
1.486033726 6.007170364 

1.394967007 6.101444351 
1.486033726 6.007170364 

6.231889514 5.882303458 
6.245542713 5.752952506 

6.312128341 5.65000413 
6.245542713 5.752952506 

5.182803723 8.069301431 
5.13411168 8.086341144 

7.554029225 6.993178107 
7.575344454 6.908982318 

3.050367939 6.088174772 
3.125600398 6.15492066 

3.170325561 6.205737414 
3.125600398 6.15492066 

1.982364281 6.114743345 
2.036380733 5.918532464 

2.412265672 5.875682661 
2.483457849 5.863487957 

7.206581579 7.552637368 
7.170172372 7.50504057 

7.244113048 7.457313225 
7.170172372 7.50504057 

4.30110139 6.973420226 
4.284029439 7.090707204 

4.310756624 7.16000501 
4.284029439 7.090707204 

5.040801672 6.594996936 
5.195173722 6.553460593 

4.003599195 1.419876089 
3.952080212 1.50470983 

3.921377042 1.584266527 
3.952080212 1.50470983 

6.279133659 6.601483317 
6.383847714 6.684005731 

5.910140716 6.555729115 
5.944100345 6.494226444 

6.036273448 6.50106069 
5.944100345 6.494226444 

2.624973943 3.176084451 
2.688479751 3.02399331 

2.677216094 2.895627758 
2.688479751 3.02399331 

2.450076545 2.06690432 
2.293815525 2.177573508 

2.049600139 7.686969945 
2.10386723 7.671822934 

2.146748102 7.777631002 
2.10386723 7.671822934 

7.562246996 6.499159507 
7.576093004 6.254125682 

5.452572831 5.698373758 
5.334678035 5.709250148 

5.19711622 5.687852298 
5.334678035 5.709250148 

2.755184243 1.627566852 
2.665578358 1.573248757 

2.051742065 8.05580195 
2.193569164 7.966714328 

2.355041946 7.875747778 
2.193569164 7.966714328 

3.577574471 0.7970962616 
3.597931033 0.9639443986 

4.993593971 6.341549625 
5.028675604 6.475301812 

5.040801672 6.594996936 
5.028675604 6.475301812 

2.833216426 0.6139490956 
2.760873913 0.5235375906 

2.675652482 0.4489099127 
2.760873913 0.5235375906 

0.5877624407 7.309290993 
0.5143294375 7.378130138 

0.3731630698 7.485450022 
0.5143294375 7.378130138 

4.145132066 5.885093687 
4.244356388 5.936614 

4.291548592 5.991121447 
4.244356388 5.936614 

3.032108567 1.559967515 
2.969039649 1.386758983 

2.358783966 1.593072655 
2.593629911 1.647457234 

6.659798139 7.959725275 
6.809280347 7.881774959 

6.927213539 7.826250854 
6.809280347 7.881774959 

6.882980368 7.979405057 
6.809280347 7.881774959 

3.219939989 2.916544586 
3.098173945 2.851938156 

2.980003693 2.701245269 
3.098173945 2.851938156 

4.66478372 2.956341204 
4.672013607 3.018528769 

6.913304186 5.99238805 
7.034852443 5.956118129 

5.575401118 5.386111076 
5.422608247 5.461140286 

5.28448352 5.548167558 
5.422608247 5.461140286 

4.30110139 6.973420226 
4.445457596 7.140686863 

3.533683721 2.298281048 
3.44270493 2.216407872 

3.330255986 2.217971793 
3.44270493 2.216407872 

4.402824259 2.864427219 
4.360888019 2.965699137 

3.778554029 8.534522561 
3.44187993 8.436655758 

3.1138567 8.292025967 
3.44187993 8.436655758 

5.895705705 7.55237183 
6.178502406 7.489139091 

5.895705705 7.55237183 
5.767151912 7.571615267 

5.687494661 7.579790184 
5.767151912 7.571615267 

1.359837416 2.699222821 
1.443628028 2.651208584 

1.506454803 2.606118734 
1.443628028 2.651208584 

2.751394435 6.540427525 
2.715343797 6.569263872 

6.034540096 5.868830819 
6.15017612 5.867260978 

1.749476952 9.30613097 
1.852367729 9.247659024 

1.983580088 9.226768538 
1.852367729 9.247659024 

2.665578358 1.573248757 
2.593629911 1.647457234 

1.352841353 9.070800564 
1.192690172 9.001338994 

7.085593755 7.168871738 
7.081878768 7.064525013 

7.060968081 6.929486392 
7.081878768 7.064525013 

4.252740932 3.605231388 
4.37531401 3.446979327 

2.88881202 2.27218296 
2.828138103 2.172477624 

2.734330866 2.093891063 
2.828138103 2.172477624 

6.907673755 6.158487211 
7.039589378 6.299242311 

6.907673755 6.158487211 
6.785255146 6.116497204 

6.680912647 6.140837051 
6.785255146 6.116497204 

6.974573271 5.901889513 
7.034852443 5.956118129 

7.003954166 5.282732305 
7.080283737 5.212868397 

2.636329649 9.483297169 
2.61158508 9.342745891 

2.590936114 9.202872877 
2.61158508 9.342745891 

4.526698696 5.756538584 
4.244356388 5.936614 

3.141453763 7.652083045 
2.994040514 7.923677254 

3.081337244 0.3062214476 
3.151245541 0.2284485475 

3.25398897 0.2166776359 
3.151245541 0.2284485475 

4.489572194 0.8227091271 
4.295889962 0.8932780302 

2.681057467 3.39168208 
2.65464908 3.657881485 

3.773255965 1.367317276 
4.003599195 1.419876089 

4.079563985 0.9699632506 
4.18585241 0.9324835731 

4.295889962 0.8932780302 
4.18585241 0.9324835731 

3.773255965 1.367317276 
3.699655175 1.498929563 

3.644767355 1.606867169 
3.699655175 1.498929563 

7.562246996 6.499159507 
7.607101699 6.318443419 

7.607101699 6.318443419 
7.657682498 6.218413108 

7.688870351 6.108365293 
7.657682498 6.218413108 

2.655477504 6.926124743 
2.615410661 7.062932746 

3.410417651 6.451408665 
3.434761056 6.623576823 

3.542243718 0.4420227404 
3.423317062 0.4761419111 

3.325154414 0.5207889408 
3.423317062 0.4761419111 

3.633771714 3.232872551 
3.566670056 3.257051535 

2.675652482 0.4489099127 
2.626487889 0.4387542517 

6.951387136 6.618786972 
6.86904485 6.558561166 

6.729130568 6.493359766 
6.86904485 6.558561166 

7.554029225 6.993178107 
7.465955785 7.145066788 

4.829755949 6.428573924 
5.028675604 6.475301812 

1.136941775 6.227677768 
1.140362431 6.198593418 

5.944100345 6.494226444 
5.892394537 6.428638439 

3.488071423 3.220582297 
3.52352388 3.261333506 

3.566670056 3.257051535 
3.52352388 3.261333506 

2.945431353 2.042798683 
2.828138103 2.172477624 

6.615352222 5.700924075 
6.53861963 5.816284992 

6.429428904 5.989638138 
6.53861963 5.816284992 

3.788979627 8.418204256 
3.75394888 8.319083621 

3.736557118 8.219120412 
3.75394888 8.319083621 

1.915255726 1.318813916 
1.797199077 1.410586211 

3.385138263 8.382061759 
3.44187993 8.436655758 

1.759870879 7.610653658 
1.816896718 7.505839466 

1.865892884 7.446728515 
1.816896718 7.505839466 

5.007869394 5.688078369 
4.952731597 5.84652538 

1.938550355 2.905375892 
1.97018195 2.729928851 

2.019648188 2.579347513 
1.97018195 2.729928851 

4.555020176 7.307719655 
4.518366996 7.208758796 

4.445457596 7.140686863 
4.518366996 7.208758796 

1.445688711 7.895637073 
1.550784928 7.999224854 

5.257758003 7.213126186 
5.372850339 7.11626284 

5.496696136 7.012634073 
5.372850339 7.11626284 

2.790779841 0.972868143 
2.683935201 0.9699564824 

2.563843679 0.9516152451 
2.683935201 0.9699564824 

2.336125958 6.41015509 
2.148675014 6.271744283 

1.982364281 6.114743345 
2.148675014 6.271744283 

4.137331723 6.745331945 
4.017143809 6.777672398 

3.162974934 8.980298609 
3.229210193 8.963857848 

1.100375333 9.289417402 
1.155556481 9.14063932 

1.192690172 9.001338994 
1.155556481 9.14063932 

2.601690532 5.867428129 
2.527990232 5.835282008 

2.483457849 5.863487957 
2.527990232 5.835282008 

3.286286251 2.003676651 
3.225581972 2.121305312 

1.690902223 8.167288396 
1.550784928 7.999224854 

4.295361406 1.571421936 
4.288905035 1.480511463 

4.28990263 1.383809003 
4.288905035 1.480511463 

1.140362431 6.198593418 
1.140968496 6.169695758 

2.767997618 7.987589732 
2.807960141 7.863684083 

2.90961358 7.765082909 
2.807960141 7.863684083 

5.104159532 2.333866078 
5.077789008 2.442828243 

5.050927603 2.551599308 
5.077789008 2.442828243 

1.96943407 3.335919828 
1.995871445 3.454162026 

2.489876574 3.842506399 
2.544820987 3.746041916 

2.590372807 3.626014923 
2.544820987 3.746041916 

3.004982386 9.089884645 
2.877805208 9.104896334 

2.747823231 9.145573413 
2.877805208 9.104896334 

0.9838045065 7.002981598 
1.149652562 7.149562211 

2.373505991 8.323426362 
2.257031914 8.338741686 

2.140292809 8.409907031 
2.257031914 8.338741686 

2.707049593 2.258104113 
2.828138103 2.172477624 

2.896545631 6.81618703 
2.95777657 6.862512684 

3.027822071 6.907212285 
2.95777657 6.862512684 

7.607101699 6.318443419 
7.576093004 6.254125682 

6.384624797 6.391441637 
6.284589987 6.481473259 

6.169072966 6.520691719 
6.284589987 6.481473259 

4.526698696 5.756538584 
4.346189479 5.809324714 

3.745567349 7.547269801 
3.78493543 7.355890381 

3.830158697 7.139788973 
3.78493543 7.355890381 

2.593846014 7.166151458 
2.615410661 7.062932746 

7.080283737 5.212868397 
7.135813195 5.190303422 

3.286286251 2.003676651 
3.284492768 2.118861038 

3.996838634 3.094601893 
3.848376474 3.05938751 

6.55181327 6.944481999 
6.572248765 6.807920325 

6.613235923 6.679450834 
6.572248765 6.807920325 

4.550265827 6.956501711 
4.445457596 7.140686863 

5.895705705 7.55237183 
5.810944685 7.520236673 

5.745905824 7.476230887 
5.810944685 7.520236673 

1.838142158 8.854466638 
1.954010644 8.961008996 

2.072181586 9.084052742 
1.954010644 8.961008996 

1.561113271 2.682756434 
1.506454803 2.606118734 

3.648676498 3.026760023 
3.74925613 3.053028017 

3.848376474 3.05938751 
3.74925613 3.053028017 

1.884600421 7.558439967 
1.816896718 7.505839466 

5.357309674 6.199948696 
5.193716138 6.316585647 

6.659798139 7.959725275 
6.501426931 7.970908766 

6.314748795 7.985512319 
6.501426931 7.970908766 

5.058127833 7.286810403 
5.217185516 7.42390826 

6.499053467 5.002910371 
6.490310064 5.132452352 

6.482830839 5.265105317 
6.490310064 5.132452352 

2.570146531 0.4108246382 
2.59831721 0.424789445 

2.626487889 0.4387542517 
2.59831721 0.424789445 

2.297776829 2.436851536 
2.367816037 2.454575394 

2.027247146 0.8063410264 
1.961971401 0.7572573946 

3.425666295 1.602050993 
3.516175955 1.677757997 

3.574712741 1.757109236 
3.516175955 1.677757997 

7.049502587 5.138024059 
7.080283737 5.212868397 

6.86904485 6.558561166 
6.839584959 6.631370579 

6.863127137 6.726925881 
6.839584959 6.631370579 

1.323967265 7.72363776 
1.445688711 7.895637073 

1.036595672 7.635173528 
0.9382977725 7.699492193 

0.8450799575 7.858243038 
0.9382977725 7.699492193 

3.865683069 6.771770914 
3.99018705 6.989882284 

1.749476952 9.30613097 
1.620072181 9.321835754 

4.09398347 7.17976206 
4.310756624 7.16000501 

3.141978722 3.288578397 
3.058583672 3.344153898 

1.486033726 6.007170364 
1.647679396 6.056499413 

3.664265093 2.067711477 
3.571971866 2.146981277 

2.868427568 1.462769469 
2.665578358 1.573248757 

2.969039649 1.386758983 
2.90638793 1.409427585 

2.408525818 8.44795513 
2.316570294 8.525737421 

6.572248765 6.807920325 
6.401744423 6.832308448 

7.516661403 6.013562195 
7.495391575 5.757097014 

7.397220806 7.321641108 
7.456043545 7.240639214 

7.465955785 7.145066788 
7.456043545 7.240639214 

2.357559295 1.338746988 
2.25514214 1.515941743 

2.162638415 1.70365725 
2.25514214 1.515941743 

1.620072181 9.321835754 
1.555312566 9.330678286 

5.062125364 5.173426818 
5.10444387 4.993695523 

5.14860955 4.789778052 
5.10444387 4.993695523 

0.3141667675 8.174022764 
0.3744569141 8.177930894 

2.489630974 8.586804942 
2.457415773 8.701952657 

2.386775099 8.837610292 
2.457415773 8.701952657 

4.09398347 7.17976206 
4.03715159 7.083433191 

3.99018705 6.989882284 
4.03715159 7.083433191 

1.794849397 2.185825289 
1.747930038 2.068063141 

1.691035631 1.967899866 
1.747930038 2.068063141 

3.081337244 0.3062214476 
3.157190997 0.6096493098 

3.231028083 0.9172165401 
3.157190997 0.6096493098 

3.746039383 0.8597460938 
3.767690556 1.141695944 

6.063392373 6.611592609 
6.06716064 6.46359931 

2.199153763 7.699066051 
2.10386723 7.671822934 

0.9920183202 7.444892507 
0.7240119322 7.436943415 

0.3731630698 7.485450022 
0.7240119322 7.436943415 

2.396442724 7.219354033 
2.593846014 7.166151458 

1.19251716 7.584499196 
1.26020788 7.44327645 

2.713829323 1.831397718 
2.734330866 2.093891063 

2.713829323 1.831397718 
2.735614108 1.726123522 

2.755184243 1.627566852 
2.735614108 1.726123522 

1.998356373 8.22836474 
2.218061923 8.194094379 

6.06716064 6.46359931 
6.066215699 6.356517373 

6.036273448 6.50106069 
6.06716064 6.46359931 

4.976488452 7.656511813 
4.987891739 7.842789805 

5.002203479 8.019249403 
4.987891739 7.842789805 

3.752325585 1.8331849 
3.644767355 1.606867169 

3.752325585 1.8331849 
3.792725964 1.761008703 

3.85614078 1.709010702 
3.792725964 1.761008703 

7.208419368 5.197676114 
7.167656528 5.137134696 

7.135813195 5.190303422 
7.167656528 5.137134696 

2.367816037 2.454575394 
2.352853099 2.353165861 

2.945431353 2.042798683 
3.062842619 2.103523408 

3.165017964 2.182855623 
3.062842619 2.103523408 

3.141453763 7.652083045 
3.243614622 7.814404597 

3.357754189 7.934932436 
3.243614622 7.814404597 

1.744404249 1.89574267 
1.691035631 1.967899866 

6.041264709 6.271451909 
6.04723687 6.313725694 

6.066215699 6.356517373 
6.04723687 6.313725694 

1.852367729 9.247659024 
1.704604056 9.172016004 

7.495391575 5.757097014 
7.501203159 5.615685662 

0.7306770005 6.943814147 
0.8237153985 7.162363971 

5.845246906 6.49713997 
5.944100345 6.494226444 

2.021714298 8.8439362 
1.954010644 8.961008996 

7.501203159 5.615685662 
7.483898199 5.542329125 

7.480071857 5.437338231 
7.483898199 5.542329125 

2.049600139 7.686969945 
2.000608486 7.639496644 

1.95707309 7.584579201 
2.000608486 7.639496644 

2.029263989 8.515439937 
1.898962715 8.455443072 

5.923300727 6.753522898 
5.994607257 6.921977711 

6.043980574 7.137181408 
5.994607257 6.921977711 

2.681057467 3.39168208 
2.630138901 3.51581151 

2.590372807 3.626014923 
2.630138901 3.51581151 

3.597931033 0.9639443986 
3.532834495 0.9954213434 

3.145843043 2.050939491 
3.062842619 2.103523408 

3.185393957 1.900364142 
3.055294554 1.819299664 

0.7240119322 7.436943415 
0.8488911923 7.519996836 

4.976488452 7.656511813 
4.885739062 7.563306495 

1.532442908 1.75737802 
1.570936576 1.579444409 

6.020623842 4.824772624 
6.156239683 4.779131135 

7.480071857 5.437338231 
7.345875468 5.312206134 

7.208419368 5.197676114 
7.345875468 5.312206134 

5.50211148 6.591689735 
5.62782152 6.749076749 

1.117767662 6.119017514 
1.12800285 6.143806218 

1.140968496 6.169695758 
1.12800285 6.143806218 

4.771693604 5.637526225 
5.007869394 5.688078369 

7.650906965 6.868018523 
7.613175547 6.887942369 

7.575344454 6.908982318 
7.613175547 6.887942369 

1.570936576 1.579444409 
1.592457571 1.491431927 

1.613978566 1.403419446 
1.592457571 1.491431927 

5.944100345 6.494226444 
5.974295679 6.594533435 

7.173279098 5.93037733 
7.105466826 5.943345633 

7.034852443 5.956118129 
7.105466826 5.943345633 

6.93511947 7.045224998 
6.856908911 6.901626101 

6.764017597 6.765945306 
6.856908911 6.901626101 

0.7487656663 6.360780036 
0.7674114944 6.396583153 

0.7860573224 6.43238627 
0.7674114944 6.396583153 

3.342503801 2.683610414 
3.225901081 2.816072251 

3.444518786 0.5786849333 
3.423317062 0.4761419111 

3.424990333 1.031336172 
3.480334985 1.0299097 

3.532834495 0.9954213434 
3.480334985 1.0299097 

4.374453379 6.642715637 
4.704813279 6.643060059 

6.364646694 8.313882568 
6.129943253 8.14613607 

6.314748795 7.985512319 
6.375092548 8.119970636 

5.556987339 6.049966735 
5.702279326 6.246914157 

5.195173722 6.553460593 
5.370596153 6.718774652 

4.673329627 3.144952135 
4.67259344 3.071595352 

4.672013607 3.018528769 
4.67259344 3.071595352 

6.375092548 8.119970636 
6.399287427 8.18722167 

1.998356373 8.22836474 
2.078927765 8.314021116 

2.140292809 8.409907031 
2.078927765 8.314021116 

5.900313084 5.525730384 
5.942616928 5.556517118 

5.984813835 5.590542787 
5.942616928 5.556517118 

2.307450771 1.478889406 
2.25514214 1.515941743 

4.771693604 5.637526225 
4.639377993 5.699404486 

4.526698696 5.756538584 
4.639377993 5.699404486 

2.644814085 6.640811065 
2.682772955 6.59853033 

2.715343797 6.569263872 
2.682772955 6.59853033 

1.647645151 8.464672757 
1.513261501 8.40045673 

6.156239683 4.779131135 
6.225166776 4.756055867 

3.055294554 1.819299664 
3.007504578 1.78274579 

2.964796639 1.725355663 
3.007504578 1.78274579 

2.539626763 7.073203792 
2.593846014 7.166151458 

3.767690556 1.141695944 
3.770550986 1.255562074 

3.773255965 1.367317276 
3.770550986 1.255562074 

2.987898943 1.312605548 
3.006876521 1.429281179 

3.032108567 1.559967515 
3.006876521 1.429281179 

2.732407589 8.245419777 
2.709695481 8.470758088 

4.017143809 6.777672398 
3.948487403 6.78299162 

6.279581735 4.699303679 
6.252095615 4.725156459 

6.225166776 4.756055867 
6.252095615 4.725156459 

5.452572831 5.698373758 
5.653775271 5.571075979 

3.059754023 2.48819344 
3.207077733 2.591714248 

3.342503801 2.683610414 
3.207077733 2.591714248 

3.434761056 6.623576823 
3.399162164 6.676308253 

3.376652054 6.736946024 
3.399162164 6.676308253 

1.894745159 0.7755668939 
1.930182055 0.7678819051 

1.961971401 0.7572573946 
1.930182055 0.7678819051 

5.841645422 7.098887955 
5.776001005 7.08064847 

5.731429525 7.022756951 
5.776001005 7.08064847 

0.4191019234 8.23810017 
0.3972130688 8.207700566 

0.3744569141 8.177930894 
0.3972130688 8.207700566 

5.730712181 6.404886358 
5.702279326 6.246914157 

4.331422551 3.142956338 
4.349172001 3.048926163 

4.360888019 2.965699137 
4.349172001 3.048926163 

2.373505991 8.323426362 
2.417277738 8.197494565 

2.448559027 8.064753128 
2.417277738 8.197494565 

2.036380733 5.918532464 
2.15612087 5.888065806 

0.7306770005 6.943814147 
0.8495008452 6.965341988 

0.9838045065 7.002981598 
0.8495008452 6.965341988 

2.311621423 7.336750152 
2.196720916 7.38986517 

2.115288988 7.436157808 
2.196720916 7.38986517 

1.496178262 9.379375696 
1.525745414 9.355026991 

1.555312566 9.330678286 
1.525745414 9.355026991 

2.599434678 7.618217909 
2.68934407 7.587505099 

2.786113606 7.569358214 
2.68934407 7.587505099 

5.71321253 7.330646802 
5.773306427 7.212168581 

5.841645422 7.098887955 
5.773306427 7.212168581 

6.326868209 4.856951243 
6.225166776 4.756055867 

2.266850509 7.507188988 
2.196720916 7.38986517 

6.229068103 6.949901796 
6.14146336 7.034058243 

6.043980574 7.137181408 
6.14146336 7.034058243 

2.179936835 6.71280427 
2.206269317 6.617957722 

2.232601798 6.523111175 
2.206269317 6.617957722 

0.6978996777 7.580548761 
0.7240119322 7.436943415 

3.533683721 2.298281048 
3.552161134 2.205568119 

3.571971866 2.146981277 
3.552161134 2.205568119 

7.003954166 5.282732305 
6.935767787 5.156529101 

2.355041946 7.875747778 
2.382648482 7.78996575 

2.402940385 7.674154224 
2.382648482 7.78996575 

6.169072966 6.520691719 
6.06716064 6.46359931 

3.44270493 2.216407872 
3.552161134 2.205568119 

2.051742065 8.05580195 
2.018092188 8.132712093 

1.998356373 8.22836474 
2.018092188 8.132712093 

1.837581316 6.322638175 
1.711707273 6.172382849 

4.786243798 7.507857436 
4.83695215 7.5286047 

4.885739062 7.563306495 
4.83695215 7.5286047 

0.7240119322 7.436943415 
0.7105133299 7.27790732 

7.562246996 6.499159507 
7.242849959 6.767628833 

6.93511947 7.045224998 
7.242849959 6.767628833 

4.784075974 2.417686607 
4.655647455 2.435447639 

4.50341352 2.401906118 
4.655647455 2.435447639 

3.308693494 8.926616501 
3.269733624 8.942383826 

3.229210193 8.963857848 
3.269733624 8.942383826 

3.445334632 2.068795788 
3.571971866 2.146981277 

0.7302092624 8.297601899 
0.7485625745 8.214473712 

0.7629412952 8.11711638 
0.7485625745 8.214473712 

2.419247627 7.032082439 
2.34193475 7.05890667 

2.270315294 7.09114117 
2.34193475 7.05890667 

2.636329649 9.483297169 
2.579470277 9.296494858 

2.52316959 9.108496147 
2.579470277 9.296494858 

2.868427568 1.462769469 
2.888012045 1.434193606 

2.90638793 1.409427585 
2.888012045 1.434193606 

2.265487835 5.831965649 
2.210804353 5.860015728 

2.15612087 5.888065806 
2.210804353 5.860015728 

3.344385877 0.711553502 
3.157190997 0.6096493098 

5.776001005 7.08064847 
5.761725396 7.141787932 

5.773306427 7.212168581 
5.761725396 7.141787932 

6.399287427 8.18722167 
6.395423374 8.236713112 

5.556987339 6.049966735 
5.50002541 5.858878487 

5.452572831 5.698373758 
5.50002541 5.858878487 

6.395423374 8.236713112 
6.392672377 8.262437647 

2.006772382 8.404050617 
2.078927765 8.314021116 

4.781943337 6.776021645 
4.745158844 6.71436923 

4.704813279 6.643060059 
4.745158844 6.71436923 

3.778554029 8.534522561 
3.784247939 8.476987143 

3.788979627 8.418204256 
3.784247939 8.476987143 

3.325154414 0.5207889408 
3.157190997 0.6096493098 

5.058127833 7.286810403 
5.006139983 7.207510934 

4.932273997 7.116489492 
5.006139983 7.207510934 

6.734242067 5.122690887 
6.499053467 5.002910371 

6.364646694 8.313882568 
6.378659536 8.288160107 

6.392672377 8.262437647 
6.378659536 8.288160107 

3.830158697 7.139788973 
3.99018705 6.989882284 

3.402005515 0.3353833348 
3.40994721 0.4128027642 

3.423317062 0.4761419111 
3.40994721 0.4128027642 

2.555562895 3.77826227 
2.544820987 3.746041916 

3.500331106 2.638727558 
3.413616335 2.513755651 

3.30634403 2.382581742 
3.413616335 2.513755651 

5.910140716 6.555729115 
5.938178795 6.583828609 

5.974295679 6.594533435 
5.938178795 6.583828609 

5.255447194 8.149987744 
5.13411168 8.086341144 

1.867263957 7.89945262 
1.937148828 7.932688272 

1.998651692 7.966749552 
1.937148828 7.932688272 

1.837581316 6.322638175 
1.909972798 6.21869076 

1.982364281 6.114743345 
1.909972798 6.21869076 

1.550784928 7.999224854 
1.46931271 7.999400371 

3.542243718 0.4420227404 
3.47587471 0.4239411436 

3.40994721 0.4128027642 
3.47587471 0.4239411436 

4.186658344 2.353668852 
4.067888603 2.448367804 

3.956143203 2.555520292 
4.067888603 2.448367804 

5.13411168 8.086341144 
5.10619862 8.121658814 

6.165729273 5.027020294 
6.326868209 4.856951243 

2.992075522 3.417639756 
3.024945628 3.380978894 

3.058583672 3.344153898 
3.024945628 3.380978894 

0.3731630698 7.485450022 
0.5222082848 7.670970556 

0.6978996777 7.580548761 
0.5335014688 7.548550785 

0.4499681882 7.52737637 
0.4095567172 7.515716261 

0.3731630698 7.485450022 
0.4095567172 7.515716261 

0.5335014688 7.548550785 
0.4912166586 7.537937335 

0.4499681882 7.52737637 
0.4912166586 7.537937335 

4.370581979 7.618139214 
4.226103595 7.626097739 

4.080069824 7.631600734 
4.226103595 7.626097739 

1.359837416 2.699222821 
1.460475344 2.690989627 

1.561113271 2.682756434 
1.460475344 2.690989627 

5.080549234 5.942844746 
5.017694478 5.897091624 

4.952731597 5.84652538 
5.017694478 5.897091624 

4.75762416 7.321193476 
4.771933979 7.414525456 

4.786243798 7.507857436 
4.771933979 7.414525456 

4.145132066 5.885093687 
4.248383389 5.842737551 

4.346189479 5.809324714 
4.248383389 5.842737551 

2.590372807 3.626014923 
2.65464908 3.657881485 

2.106069743 7.289485047 
2.196720916 7.38986517 

0.3141667675 8.174022764 
0.521563547 8.237274145 

0.7302092624 8.297601899 
0.521563547 8.237274145 

0.6395263699 7.986542444 
0.5668150067 8.076219279 

6.064592729 7.877638636 
5.888490059 7.603688195 

5.71321253 7.330646802 
5.888490059 7.603688195 

4.993593971 6.341549625 
5.193716138 6.316585647 

4.37531401 3.446979327 
4.461266764 3.411991686 

4.547415714 3.3755142 
4.461266764 3.411991686 

1.864883731 8.182223967 
2.018092188 8.132712093 

2.767997618 7.987589732 
2.749240294 8.112176479 

2.732407589 8.245419777 
2.749240294 8.112176479 

5.028675604 6.475301812 
5.199633944 6.424568641 

2.188619484 9.011694696 
2.129985201 9.045105626 

2.072181586 9.084052742 
2.129985201 9.045105626 

4.918308463 1.847955987 
4.801551262 1.753675296 

3.648676498 3.026760023 
3.550620683 3.118582867 

3.488071423 3.220582297 
3.550620683 3.118582867 

1.838142158 8.854466638 
1.798836828 8.782377356 

1.758598629 8.709424453 
1.798836828 8.782377356 

4.374453379 6.642715637 
4.503174196 6.559995234 

4.641059149 6.480839342 
4.503174196 6.559995234 

4.279695617 2.809639724 
4.202282513 2.835885731 

4.127417343 2.853753283 
4.202282513 2.835885731 

6.058254152 8.199300072 
6.060868915 8.039373828 

6.064592729 7.877638636 
6.060868915 8.039373828 

5.458924543 8.19178503 
5.513691769 8.087775364 

5.568491726 7.981702407 
5.513691769 8.087775364 

1.894724884 7.678730558 
2.000608486 7.639496644 

3.533683721 2.298281048 
3.484871185 2.182183576 

3.445334632 2.068795788 
3.484871185 2.182183576 

2.644664513 2.637610088 
2.813246465 2.670092144 

2.980003693 2.701245269 
2.813246465 2.670092144 

3.865683069 6.771770914 
3.90550707 6.775856971 

3.948487403 6.78299162 
3.90550707 6.775856971 

1.444556021 8.123295677 
1.533667335 8.207456279 

1.622835935 8.292518977 
1.533667335 8.207456279 

2.402940385 7.674154224 
2.334938473 7.590275179 

2.266850509 7.507188988 
2.334938473 7.590275179 

1.90728056 1.68983094 
1.868762157 1.500116883 

2.355930202 1.777958993 
2.357510709 1.685778508 

2.358783966 1.593072655 
2.357510709 1.685778508 

5.10619862 8.121658814 
5.087409309 8.113398042 

5.068619998 8.10513727 
5.087409309 8.113398042 

2.188619484 9.011694696 
2.184895328 9.113765139 

2.459069686 2.533365439 
2.413442862 2.493970417 

2.367816037 2.454575394 
2.413442862 2.493970417 

3.098173945 2.851938156 
3.019450195 2.876241703 

2.940726445 2.90054525 
3.019450195 2.876241703 

3.88719422 2.026428112 
3.866734062 1.857282093 

7.167656528 5.137134696 
7.108579557 5.137579377 

7.049502587 5.138024059 
7.108579557 5.137579377 

2.181892652 9.260571968 
2.18339399 9.187168554 

2.184895328 9.113765139 
2.18339399 9.187168554 

