3.231028083 0.9172165401 
2.963819904 1.726566765 

3.745157207 7.549205791 
2.90423758 7.76813604 

4.458077867 2.715803823 
4.547415714 3.3755142 

2.051598047 8.053933309 
2.145868651 7.778530498 

2.761517416 8.841433836 
3.308693494 8.926616501 

4.756533412 4.763167563 
4.471534652 4.504793822 

6.384624797 6.391441637 
6.682385492 6.140088411 

5.925408657 6.754739404 
6.064992465 6.611608242 

2.868054241 2.454369316 
3.076788508 2.32986472 

6.916143543 5.995153853 
6.682385492 6.140088411 

0.8237153985 7.162363971 
0.4215231659 6.739933826 

1.631282356 7.005082868 
1.363087002 7.21373116 

1.656798668 7.885724878 
1.896427808 7.678445742 

6.482830839 5.265105317 
6.61923347 5.702611427 

4.458077867 2.715803823 
5.050927603 2.551599308 

7.562246996 6.499159507 
6.910535906 6.342002601 

6.682385492 6.140088411 
6.910535906 6.342002601 

3.320041417 2.213597828 
3.076788508 2.32986472 

3.754573377 1.830036434 
3.574712741 1.757109236 

4.1912423 4.140439214 
4.020012856 3.822765046 

7.397220806 7.321641108 
6.824369709 7.363745185 

5.557845533 6.051327542 
5.833722036 6.08465827 

4.471534652 4.504793822 
4.340947333 4.341108605 

4.1912423 4.140439214 
4.340947333 4.341108605 

2.388699059 7.680711093 
2.597802474 7.618626881 

6.916143543 5.995153853 
7.301423126 6.137464394 

5.257758003 7.213126186 
4.786243798 7.507857436 

1.938550355 2.905375892 
2.43598294 3.249254471 

2.544142563 1.979816298 
2.734912135 2.088735999 

1.630003327 8.57773917 
1.508117892 8.893582756 

2.730409251 8.246212405 
2.90423758 7.76813604 

2.734912135 2.088735999 
2.159635117 2.303003571 

2.159635117 2.303003571 
2.297776829 2.436851536 

5.71321253 7.330646802 
5.730344587 7.023379202 

0.6948769724 7.571493496 
1.034472814 7.634574122 

1.323082528 7.7257134 
1.034472814 7.634574122 

6.824369709 7.363745185 
6.93511947 7.045224998 

4.186658344 2.353668852 
4.50341352 2.401906118 

1.631282356 7.005082868 
1.196613479 6.929796214 

2.107255832 7.291829487 
2.116310123 7.435877947 

1.512011538 1.751427562 
2.159635117 2.303003571 

6.55181327 6.944481999 
7.152349941 6.674622215 

1.196613479 6.929796214 
0.8237153985 7.162363971 

6.824369709 7.363745185 
6.929494305 7.826384552 

5.040801672 6.594996936 
5.199633944 6.424568641 

5.584851539 7.681418381 
5.759229204 7.765678762 

6.065752158 7.878565808 
5.759229204 7.765678762 

7.152349941 6.674622215 
6.93511947 7.045224998 

2.490387538 8.588745867 
2.730409251 8.246212405 

1.656798668 7.885724878 
1.123194145 8.051365972 

3.662650503 2.068113468 
3.754573377 1.830036434 

2.489876574 3.842506399 
2.43598294 3.249254471 

6.61923347 5.702611427 
6.916143543 5.995153853 

3.185393957 1.900364142 
3.42179542 1.864028662 

2.730409251 8.246212405 
3.1138567 8.292025967 

3.050367939 6.088174772 
2.739963479 6.293372089 

1.241784493 8.761051165 
1.508117892 8.893582756 

3.231028083 0.9172165401 
3.424990333 1.031336172 

4.458077867 2.715803823 
4.50341352 2.401906118 

4.956842663 1.714502264 
4.157877701 1.931970053 

3.662650503 2.068113468 
4.157877701 1.931970053 

6.315673892 7.985700795 
6.192039974 7.342294181 

6.042919279 7.13583345 
6.192039974 7.342294181 

2.43598294 3.249254471 
2.368232775 3.412337615 

7.152349941 6.674622215 
6.951387136 6.618786972 

5.598278715 6.495740439 
5.756182097 6.522987159 

0.8237153985 7.162363971 
0.9920183202 7.444892507 

2.963819904 1.726566765 
2.841980581 1.59874448 

1.196613479 6.929796214 
1.279846593 6.217258744 

3.1138567 8.292025967 
3.068748321 8.057171226 

4.145132066 5.885093687 
4.195702076 6.240133459 

3.865683069 6.771770914 
4.195702076 6.240133459 

3.773255965 1.367317276 
3.921377042 1.584266527 

5.574668191 5.387697118 
5.452707594 5.688789297 

7.476909778 5.438727605 
6.937799666 5.671600735 

1.838142158 8.854466638 
1.595105359 9.060641376 

1.100375333 9.289417402 
1.595105359 9.060641376 

5.833722036 6.08465827 
6.089903687 5.997534592 

3.231028083 0.9172165401 
3.141965425 1.307818959 

3.574712741 1.757109236 
3.141965425 1.307818959 

6.312128341 5.65000413 
6.138406884 5.337455567 

0.4215231659 6.739933826 
0.9995846315 6.774546341 

1.196613479 6.929796214 
0.9995846315 6.774546341 

5.257758003 7.213126186 
5.730344587 7.023379202 

4.782460561 6.772222207 
4.907666602 6.866390484 

3.308693494 8.926616501 
3.234058824 8.577340442 

6.910535906 6.342002601 
6.729130568 6.493359766 

2.544142563 1.979816298 
2.357169478 1.777960643 

2.159635117 2.303003571 
2.133428802 2.110788397 

1.308757988 2.299888367 
1.64451875 2.288687917 

5.925408657 6.754739404 
6.238178955 6.951176221 

2.029263989 8.515439937 
2.023329388 8.846323188 

2.388699059 7.680711093 
2.453608947 8.048730007 

7.312130951 7.805359082 
6.929494305 7.826384552 

3.746039383 0.8597460938 
3.577574471 0.7970962616 

4.771693604 5.637526225 
4.850635937 5.827673573 

2.3642794 0.9099990182 
2.2553357 0.6533683446 

7.301423126 6.137464394 
7.19961283 6.310194863 

4.370581979 7.618139214 
4.31491347 7.290675952 

4.31491347 7.290675952 
4.555020176 7.307719655 

1.838142158 8.854466638 
2.023329388 8.846323188 

6.315673892 7.985700795 
5.568491726 7.981702407 

7.208419368 5.197676114 
7.093714028 5.370396358 

5.568491726 7.981702407 
5.584851539 7.681418381 

1.123194145 8.051365972 
1.323082528 7.7257134 

0.3159449187 8.172584685 
0.6411517532 7.987800442 

2.90423758 7.76813604 
2.453608947 8.048730007 

4.449134917 1.353608134 
3.921377042 1.584266527 

5.629339326 4.976617394 
5.512046108 4.779300723 

5.14860955 4.789778052 
5.512046108 4.779300723 

3.1138567 8.292025967 
3.234058824 8.577340442 

5.833722036 6.08465827 
6.046547897 6.27431232 

2.490387538 8.588745867 
2.603340504 8.901784929 

3.081337244 0.3062214476 
3.344385877 0.711553502 

3.424990333 1.031336172 
3.344385877 0.711553502 

3.648676498 3.026760023 
3.762653568 3.284362475 

2.489876574 3.842506399 
2.368232775 3.412337615 

2.133428802 2.110788397 
2.734912135 2.088735999 

4.145132066 5.885093687 
4.727814062 6.306876074 

5.040801672 6.594996936 
4.727814062 6.306876074 

1.837581316 6.322638175 
1.626073246 6.652893275 

6.192039974 7.342294181 
5.71321253 7.330646802 

3.234058824 8.577340442 
3.385138263 8.382061759 

2.734912135 2.088735999 
2.424140622 2.190239062 

2.133428802 2.110788397 
1.793908207 2.186075677 

3.956143203 2.555520292 
3.612174462 2.515492846 

3.533683721 2.298281048 
3.612174462 2.515492846 

2.116310123 7.435877947 
2.265159873 7.505638222 

2.855247935 6.655067348 
3.411353253 6.453831394 

7.562246996 6.499159507 
7.250712853 6.508667521 

6.824369709 7.363745185 
6.601452421 7.456826849 

1.656798668 7.885724878 
1.469636686 7.999615505 

7.152349941 6.674622215 
7.427914474 6.648916721 

3.754573377 1.830036434 
4.120585864 1.418903892 

6.046547897 6.27431232 
6.089903687 5.997534592 

1.469636686 7.999615505 
1.446839374 8.123240069 

2.465061473 6.013478626 
2.698463146 6.124269047 

2.739963479 6.293372089 
2.698463146 6.124269047 

2.730409251 8.246212405 
2.378675063 8.334245981 

2.868054241 2.454369316 
2.887665606 2.271651856 

2.944179173 2.042957397 
2.887665606 2.271651856 

1.196613479 6.929796214 
1.363087002 7.21373116 

2.368232775 3.412337615 
2.174252715 3.331993107 

2.309129736 7.338248914 
2.265159873 7.505638222 

0.9920183202 7.444892507 
1.1506551 7.149744411 

1.196613479 6.929796214 
1.1506551 7.149744411 

4.727814062 6.306876074 
4.641034391 6.479631112 

3.865683069 6.771770914 
3.830158697 7.139788973 

2.624973943 3.176084451 
2.43598294 3.249254471 

2.020005838 7.016262355 
1.955023726 6.875988086 

3.141978722 3.288578397 
3.211536939 3.513569032 

5.14860955 4.789778052 
4.922867528 4.963969917 

4.756533412 4.763167563 
4.922867528 4.963969917 

5.629339326 4.976617394 
5.887737936 4.738250494 

1.034472814 7.634574122 
0.9920183202 7.444892507 

2.356591647 1.339639239 
2.071467338 1.352578053 

2.761517416 8.841433836 
2.603340504 8.901784929 

5.598278715 6.495740439 
5.62782152 6.749076749 

0.7390219639 8.30510497 
0.6411517532 7.987800442 

4.31491347 7.290675952 
3.865683069 6.771770914 

6.669470783 8.249326172 
6.659002092 7.959787992 

1.64451875 2.288687917 
1.601828183 2.419520598 

2.730409251 8.246212405 
3.068748321 8.057171226 

1.929627431 1.503920551 
1.905346018 1.681973918 

5.62782152 6.749076749 
5.925408657 6.754739404 

2.963819904 1.726566765 
2.944179173 2.042957397 

4.449134917 1.353608134 
4.558110159 1.619697993 

3.577574471 0.7970962616 
3.542243718 0.4420227404 

4.782460561 6.772222207 
4.551671409 6.955304847 

0.8237153985 7.162363971 
1.1506551 7.149744411 

3.612174462 2.515492846 
3.514589626 2.649919967 

1.308757988 2.299888367 
1.601828183 2.419520598 

1.623588023 8.291979119 
1.701284267 8.173504743 

2.675652482 0.4489099127 
2.762653769 0.836962062 

3.076788508 2.32986472 
2.887665606 2.271651856 

4.458077867 2.715803823 
4.407043991 2.863159502 

2.90423758 7.76813604 
3.357754189 7.934932436 

1.793908207 2.186075677 
1.64451875 2.288687917 

2.855247935 6.655067348 
2.896545631 6.81618703 

2.940726445 2.90054525 
2.980003693 2.701245269 

5.584851539 7.681418381 
5.241999006 7.712703192 

0.8237153985 7.162363971 
0.9995846315 6.774546341 

4.547415714 3.3755142 
4.563094253 3.135929824 

4.331422551 3.142956338 
4.563094253 3.135929824 

2.645913462 9.478008284 
2.746651483 9.146018197 

2.761517416 8.841433836 
2.746651483 9.146018197 

6.764017597 6.765945306 
6.729130568 6.493359766 

3.745157207 7.549205791 
4.080069824 7.631600734 

1.929627431 1.503920551 
2.071467338 1.352578053 

3.424990333 1.031336172 
3.577574471 0.7970962616 

6.138406884 5.337455567 
6.310889931 5.447681378 

6.482830839 5.265105317 
6.310889931 5.447681378 

0.7415325176 8.830337493 
0.5288157223 8.62663468 

2.963819904 1.726566765 
3.030217195 1.558774085 

5.002203479 8.019249403 
5.455171409 7.662322245 

7.19961283 6.310194863 
7.250712853 6.508667521 

6.916143543 5.995153853 
6.937799666 5.671600735 

1.363087002 7.21373116 
0.9858021328 7.004043281 

3.385138263 8.382061759 
3.53848492 8.326750659 

5.900313084 5.525730384 
6.138406884 5.337455567 

1.446839374 8.123240069 
1.513261501 8.40045673 

1.630003327 8.57773917 
1.513261501 8.40045673 

2.730409251 8.246212405 
2.791334735 8.469916965 

5.257758003 7.213126186 
5.241999006 7.712703192 

6.729130568 6.493359766 
6.613235923 6.679450834 

5.452707594 5.688789297 
5.082185905 5.94139163 

2.734912135 2.088735999 
2.944179173 2.042957397 

0.6411517532 7.987800442 
0.6948769724 7.571493496 

6.669470783 8.249326172 
6.998919394 8.051602777 

0.6411517532 7.987800442 
0.8470685447 7.859511047 

0.9858021328 7.004043281 
1.196613479 6.929796214 

4.558110159 1.619697993 
4.294350983 1.569844048 

4.120585864 1.418903892 
4.294350983 1.569844048 

4.157877701 1.931970053 
3.917535651 2.17409172 

1.601828183 2.419520598 
1.524171542 2.465746337 

3.265314294 3.924381304 
3.186284024 3.62584667 

2.992075522 3.417639756 
3.186284024 3.62584667 

5.199633944 6.424568641 
4.993593971 6.341549625 

4.727814062 6.306876074 
4.993593971 6.341549625 

4.771693604 5.637526225 
5.164074029 5.421042304 

1.672767788 6.370602824 
1.837581316 6.322638175 

3.030217195 1.558774085 
2.841980581 1.59874448 

2.912926183 7.220832857 
2.653318855 7.315918697 

2.739963479 6.293372089 
2.785631747 6.467971497 

0.9995846315 6.774546341 
1.087507769 6.594048836 

1.626073246 6.652893275 
1.196613479 6.929796214 

3.141965425 1.307818959 
2.987898943 1.312605548 

1.279846593 6.217258744 
1.324944452 6.582828108 

0.6948769724 7.571493496 
0.523171752 7.670156367 

7.427914474 6.648916721 
7.250712853 6.508667521 

4.547415714 3.3755142 
4.882503258 2.931080305 

5.050927603 2.551599308 
4.882503258 2.931080305 

2.336125958 6.41015509 
2.739963479 6.293372089 

5.887737936 4.738250494 
6.020623842 4.824772624 

3.231028083 0.9172165401 
3.344385877 0.711553502 

1.894745159 0.7755668939 
1.869864373 1.054839907 

6.764017597 6.765945306 
6.613235923 6.679450834 

1.123194145 8.051365972 
0.7654227143 8.116831149 

5.507478234 7.035400347 
5.687624691 6.888386933 

5.62782152 6.749076749 
5.687624691 6.888386933 

4.555978453 1.821314593 
4.72538473 1.819561681 

4.956842663 1.714502264 
4.72538473 1.819561681 

1.508117892 8.893582756 
1.352841353 9.070800564 

4.907666602 6.866390484 
4.932273997 7.116489492 

2.603340504 8.901784929 
2.746651483 9.146018197 

4.922867528 4.963969917 
4.828074667 5.150670313 

6.61923347 5.702611427 
6.888292145 5.388570476 

4.828074667 5.150670313 
4.452365159 5.284756568 

1.241784493 8.761051165 
1.513261501 8.40045673 

6.937799666 5.671600735 
6.888292145 5.388570476 

4.079563985 0.9699632506 
4.122492914 0.8308195365 

2.841980581 1.59874448 
2.588686822 1.675134135 

2.357169478 1.777960643 
2.588686822 1.675134135 

3.745157207 7.549205791 
3.357754189 7.934932436 

3.745157207 7.549205791 
3.652275235 7.868361606 

4.555020176 7.307719655 
4.551671409 6.955304847 

2.544142563 1.979816298 
2.588686822 1.675134135 

3.762653568 3.284362475 
3.633771714 3.232872551 

1.576395257 7.527439659 
1.863941374 7.447289556 

2.453608947 8.048730007 
2.247948233 8.076294417 

3.370971293 6.994034511 
3.105075797 7.034371563 

2.912926183 7.220832857 
3.105075797 7.034371563 

1.896427808 7.678445742 
2.052024466 7.681457438 

3.050367939 6.088174772 
2.698463146 6.124269047 

5.084785842 2.131497972 
4.89998513 1.987386649 

4.727814062 6.306876074 
4.571236495 6.106157273 

2.181210207 9.259456281 
2.38730804 8.839086973 

1.631282356 7.005082868 
1.722773221 7.341046207 

4.120585864 1.418903892 
4.487396506 0.8256235163 

7.397220806 7.321641108 
7.198328314 7.057226995 

3.1138567 8.292025967 
2.791334735 8.469916965 

2.791334735 8.469916965 
3.019703274 8.645681526 

1.363087002 7.21373116 
1.722773221 7.341046207 

2.624973943 3.176084451 
2.681057467 3.39168208 

6.888292145 5.388570476 
7.093714028 5.370396358 

4.784075974 2.417686607 
4.564400801 2.583802045 

4.458077867 2.715803823 
4.564400801 2.583802045 

3.165017964 2.182855623 
3.225816183 2.121648251 

4.771693604 5.637526225 
4.861078076 5.420684313 

4.487396506 0.8256235163 
4.122492914 0.8308195365 

1.446839374 8.123240069 
1.701284267 8.173504743 

3.662650503 2.068113468 
3.433637969 2.083128919 

6.238178955 6.951176221 
6.228999784 6.73970445 

3.076788508 2.32986472 
3.165017964 2.182855623 

3.068748321 8.057171226 
3.357754189 7.934932436 

3.019703274 8.645681526 
3.093623237 8.720617645 

5.455171409 7.662322245 
5.584851539 7.681418381 

2.652425101 2.646435388 
2.732417223 2.844606769 

2.940726445 2.90054525 
2.732417223 2.844606769 

7.562246996 6.499159507 
7.617373636 6.713101739 

3.076788508 2.32986472 
3.059754023 2.48819344 

2.675652482 0.4489099127 
2.39475442 0.6922314353 

2.2553357 0.6533683446 
2.39475442 0.6922314353 

1.672767788 6.370602824 
1.711707273 6.172382849 

3.050367939 6.088174772 
3.09146793 6.321943705 

3.059754023 2.48819344 
2.868054241 2.454369316 

5.002203479 8.019249403 
5.141650746 7.895806468 

5.241999006 7.712703192 
5.141650746 7.895806468 

2.3642794 0.9099990182 
2.447910537 0.7327489381 

2.603340504 8.901784929 
2.523724921 9.107306925 

3.424990333 1.031336172 
3.267386883 1.11292847 

3.141965425 1.307818959 
3.267386883 1.11292847 

2.174252715 3.331993107 
2.098427786 3.493948435 

4.120585864 1.418903892 
4.004339345 1.419207476 

1.308757988 2.299888367 
1.524171542 2.465746337 

1.308757988 2.299888367 
1.537130088 2.054588823 

0.7654227143 8.116831149 
0.6411517532 7.987800442 

7.301423126 6.137464394 
7.40643528 6.161291886 

4.186658344 2.353668852 
4.458077867 2.715803823 

4.157877701 1.931970053 
4.270186153 2.127646849 

2.447910537 0.7327489381 
2.465026543 0.5435360182 

0.9920183202 7.444892507 
1.26020788 7.44327645 

5.040801672 6.594996936 
4.907666602 6.866390484 

1.100375333 9.289417402 
1.378836989 8.682881893 

4.551671409 6.955304847 
4.374453379 6.642715637 

0.9858021328 7.004043281 
0.8237153985 7.162363971 

7.19961283 6.310194863 
7.40643528 6.161291886 

2.029263989 8.515439937 
2.140292809 8.409907031 

6.998919394 8.051602777 
6.929494305 7.826384552 

0.4215231659 6.739933826 
0.7153757319 6.623501765 

0.7390219639 8.30510497 
0.7478486157 8.529678507 

6.312128341 5.65000413 
6.61923347 5.702611427 

7.312130951 7.805359082 
7.207039428 7.554191236 

1.241784493 8.761051165 
1.378836989 8.682881893 

3.265314294 3.924381304 
3.523953962 3.847896988 

3.738967676 3.992316101 
3.523953962 3.847896988 

5.759229204 7.765678762 
5.895705705 7.55237183 

1.123194145 8.051365972 
0.8470685447 7.859511047 

1.241784493 8.761051165 
1.052963448 8.700453181 

4.31491347 7.290675952 
3.982274244 7.446136874 

3.745157207 7.549205791 
3.982274244 7.446136874 

2.544142563 1.979816298 
2.731496585 1.851871499 

2.145868651 7.778530498 
2.198482035 7.698505269 

2.388699059 7.680711093 
2.198482035 7.698505269 

3.231028083 0.9172165401 
3.267386883 1.11292847 

6.279799657 4.699775883 
6.166363336 5.026248737 

2.90423758 7.76813604 
2.99305923 7.924188198 

3.068748321 8.057171226 
2.99305923 7.924188198 

2.356300842 7.877476913 
2.198482035 7.698505269 

6.729130568 6.493359766 
6.56878145 6.460467533 

4.080069824 7.631600734 
3.982274244 7.446136874 

6.56878145 6.460467533 
6.613235923 6.679450834 

6.312128341 5.65000413 
6.034963543 5.86840879 

5.833722036 6.08465827 
6.034963543 5.86840879 

0.7487656663 6.360780036 
1.046467548 6.377170508 

2.424140622 2.190239062 
2.487019495 2.355603854 

5.370596153 6.718774652 
5.62782152 6.749076749 

2.786113606 7.569358214 
2.90423758 7.76813604 

2.780496722 7.99183871 
2.99305923 7.924188198 

4.195702076 6.240133459 
4.571236495 6.106157273 

6.764017597 6.765945306 
6.863127137 6.726925881 

6.951387136 6.618786972 
6.863127137 6.726925881 

4.195702076 6.240133459 
4.252787807 6.479387514 

4.374453379 6.642715637 
4.252787807 6.479387514 

5.730344587 7.023379202 
5.687624691 6.888386933 

5.925408657 6.754739404 
5.687624691 6.888386933 

7.40643528 6.161291886 
7.477680051 6.237574418 

7.093714028 5.370396358 
7.476909778 5.438727605 

2.43598294 3.249254471 
2.383386311 2.901298945 

3.344385877 0.711553502 
3.577574471 0.7970962616 

4.861078076 5.420684313 
5.164074029 5.421042304 

5.002203479 8.019249403 
5.133362272 7.614462544 

4.186658344 2.353668852 
4.290086196 2.214956277 

4.270186153 2.127646849 
4.290086196 2.214956277 

2.309129736 7.338248914 
2.107255832 7.291829487 

5.557845533 6.051327542 
5.256108355 6.017110596 

5.082185905 5.94139163 
5.256108355 6.017110596 

7.093714028 5.370396358 
7.024528445 5.516570765 

6.937799666 5.671600735 
7.024528445 5.516570765 

3.996838634 3.094601893 
4.127417343 2.853753283 

6.55181327 6.944481999 
6.228999784 6.73970445 

7.250712853 6.508667521 
7.152349941 6.674622215 

6.046547897 6.27431232 
5.891094268 6.42828508 

5.756182097 6.522987159 
5.891094268 6.42828508 

6.089903687 5.997534592 
6.034963543 5.86840879 

1.982364281 6.114743345 
1.804197297 6.028374287 

2.356300842 7.877476913 
2.453608947 8.048730007 

1.323082528 7.7257134 
1.301187968 7.972811184 

4.449134917 1.353608134 
4.356155422 1.19314066 

5.910367079 6.555303524 
5.891094268 6.42828508 

1.793908207 2.186075677 
1.537130088 2.054588823 

6.910535906 6.342002601 
6.56878145 6.460467533 

0.5288157223 8.62663468 
0.6575404017 8.556905918 

0.7478486157 8.529678507 
0.6575404017 8.556905918 

1.749476952 9.30613097 
1.704604056 9.172016004 

1.595105359 9.060641376 
1.704604056 9.172016004 

3.652275235 7.868361606 
3.53848492 8.326750659 

1.576395257 7.527439659 
1.758555502 7.610231148 

1.896427808 7.678445742 
1.758555502 7.610231148 

1.964110666 3.337047834 
1.925570027 3.474866951 

1.324944452 6.582828108 
1.087507769 6.594048836 

1.513261501 8.40045673 
1.623588023 8.291979119 

2.418442321 6.246369816 
2.187099956 6.034100649 

4.861078076 5.420684313 
5.062125364 5.173426818 

3.325154414 0.5207889408 
3.402005515 0.3353833348 

1.613978566 1.403419446 
1.915255726 1.318813916 

2.071467338 1.352578053 
1.915255726 1.318813916 

2.029263989 8.515439937 
1.630003327 8.57773917 

1.123194145 8.051365972 
1.301187968 7.972811184 

1.837581316 6.322638175 
1.992974979 6.338908108 

1.929627431 1.503920551 
1.915255726 1.318813916 

1.793908207 2.186075677 
1.637170963 2.20349985 

4.136197455 0.5713277556 
4.096665193 0.7399396445 

4.122492914 0.8308195365 
4.096665193 0.7399396445 

3.265314294 3.924381304 
3.377419174 3.709897717 

3.211536939 3.513569032 
3.377419174 3.709897717 

0.7153757319 6.623501765 
0.7814194015 6.568018803 

2.963819904 1.726566765 
2.731496585 1.851871499 

7.173279098 5.93037733 
7.234418858 5.728343428 

2.098427786 3.493948435 
2.044144267 3.453610436 

1.964110666 3.337047834 
2.044144267 3.453610436 

2.992075522 3.417639756 
2.811903265 3.548501615 

5.199633944 6.424568641 
5.256108355 6.017110596 

3.344385877 0.711553502 
3.325154414 0.5207889408 

6.55181327 6.944481999 
6.383847714 6.684005731 

6.384624797 6.391441637 
6.383847714 6.684005731 

3.320041417 2.213597828 
3.306176913 2.381482838 

3.308693494 8.926616501 
2.865695415 8.691663329 

2.490387538 8.588745867 
2.865695415 8.691663329 

3.574712741 1.757109236 
3.644767355 1.606867169 

5.182803723 8.069301431 
5.141650746 7.895806468 

1.938550355 2.905375892 
1.715719265 2.742937247 

6.55181327 6.944481999 
6.400981691 6.833052241 

6.238178955 6.951176221 
6.400981691 6.833052241 

3.956143203 2.555520292 
3.704457191 2.327413403 

3.662650503 2.068113468 
3.704457191 2.327413403 

2.3642794 0.9099990182 
2.39475442 0.6922314353 

3.211536939 3.513569032 
3.186284024 3.62584667 

2.465026543 0.5435360182 
2.39475442 0.6922314353 

1.672767788 6.370602824 
1.324944452 6.582828108 

1.626073246 6.652893275 
1.834049672 6.735237843 

1.863941374 7.447289556 
1.722773221 7.341046207 

5.133362272 7.614462544 
4.972365844 7.642620609 

7.234418858 5.728343428 
7.303889201 5.622867131 

3.652275235 7.868361606 
3.736201037 8.217025298 

1.637170963 2.20349985 
1.64451875 2.288687917 

5.900313084 5.525730384 
5.717685089 5.638555577 

3.320041417 2.213597828 
3.433637969 2.083128919 

7.477680051 6.237574418 
7.531169223 6.216267949 

2.734912135 2.088735999 
2.705330754 2.2423099 

2.868054241 2.454369316 
2.705330754 2.2423099 

5.925408657 6.754739404 
5.731639659 6.669393894 

5.598278715 6.495740439 
5.731639659 6.669393894 

4.145132066 5.885093687 
4.824397586 5.967262477 

5.557845533 6.051327542 
4.824397586 5.967262477 

2.419247627 7.032082439 
2.395791139 7.218718467 

2.309129736 7.338248914 
2.395791139 7.218718467 

3.370971293 6.994034511 
3.369219766 7.223649309 

4.771693604 5.637526225 
4.824397586 5.967262477 

6.315673892 7.985700795 
6.232794658 8.01736972 

2.197910588 3.662263411 
1.996282522 3.455523207 

4.020012856 3.822765046 
4.249042337 3.617020627 

3.648676498 3.026760023 
3.633771714 3.232872551 

4.850635937 5.827673573 
4.824397586 5.967262477 

6.93511947 7.045224998 
7.060968081 6.929486392 

5.756182097 6.522987159 
5.731639659 6.669393894 

1.352841353 9.070800564 
1.367972537 9.178303406 

1.524171542 2.465746337 
1.506454803 2.606118734 

3.533683721 2.298281048 
3.704457191 2.327413403 

6.482830839 5.265105317 
6.734242067 5.122690887 

2.780496722 7.99183871 
2.525346234 7.945589766 

2.356300842 7.877476913 
2.525346234 7.945589766 

6.064992465 6.611608242 
5.973754492 6.593643589 

4.157877701 1.931970053 
3.979891395 1.877708507 

7.476909778 5.438727605 
7.359557807 5.577958319 

7.303889201 5.622867131 
7.359557807 5.577958319 

6.998919394 8.051602777 
7.052065069 7.886030914 

3.425666295 1.602050993 
3.318984985 1.450292548 

3.141965425 1.307818959 
3.318984985 1.450292548 

2.761517416 8.841433836 
2.865695415 8.691663329 

5.182803723 8.069301431 
5.255447194 8.149987744 

4.551671409 6.955304847 
4.30110139 6.973420226 

6.192039974 7.342294181 
6.403256607 7.26329326 

2.791334735 8.469916965 
2.865695415 8.691663329 

7.617373636 6.713101739 
7.650906965 6.868018523 

1.378836989 8.682881893 
1.513261501 8.40045673 

3.42179542 1.864028662 
3.433637969 2.083128919 

1.998356373 8.22836474 
1.898962715 8.455443072 

2.786113606 7.569358214 
2.793596393 7.458534311 

5.71321253 7.330646802 
5.687494661 7.579790184 

5.584851539 7.681418381 
5.687494661 7.579790184 

4.374453379 6.642715637 
4.137331723 6.745331945 

2.762653769 0.836962062 
2.79103493 0.9728568296 

1.378836989 8.682881893 
1.307104905 8.441014857 

2.181210207 9.259456281 
2.404338812 9.334279856 

2.645913462 9.478008284 
2.404338812 9.334279856 

2.356591647 1.339639239 
2.66608862 1.575301837 

2.963819904 1.726566765 
2.66608862 1.575301837 

6.228999784 6.73970445 
6.383847714 6.684005731 

5.040801672 6.594996936 
5.130512117 6.722805002 

5.370596153 6.718774652 
5.130512117 6.722805002 

5.241999006 7.712703192 
5.133362272 7.614462544 

2.2553357 0.6533683446 
2.074408061 0.7115969941 

1.955023726 6.875988086 
1.834049672 6.735237843 

0.523171752 7.670156367 
0.5372236508 7.552977351 

0.3731630698 7.485450022 
0.5372236508 7.552977351 

1.625165301 3.27159154 
1.865562191 3.407351533 

1.996282522 3.455523207 
1.865562191 3.407351533 

3.369219766 7.223649309 
3.446666185 7.309684066 

3.219939989 2.916544586 
3.34387852 2.683676889 

3.514589626 2.649919967 
3.34387852 2.683676889 

3.53848492 8.326750659 
3.736201037 8.217025298 

3.09146793 6.321943705 
3.117887535 6.416357991 

2.383386311 2.901298945 
2.577044173 2.88733612 

2.732417223 2.844606769 
2.577044173 2.88733612 

1.631282356 7.005082868 
1.7310934 7.234593373 

1.863941374 7.447289556 
1.7310934 7.234593373 

4.850635937 5.827673573 
5.007869394 5.688078369 

5.164074029 5.421042304 
5.007869394 5.688078369 

2.887665606 2.271651856 
2.705330754 2.2423099 

1.323082528 7.7257134 
0.8487804114 7.988236429 

1.363087002 7.21373116 
1.1506551 7.149744411 

4.563094253 3.135929824 
4.671833187 3.143230954 

2.79103493 0.9728568296 
2.881403353 0.8917590033 

3.01339118 0.7936816534 
2.881403353 0.8917590033 

3.402005515 0.3353833348 
3.272436452 0.3486666482 

0.9858021328 7.004043281 
0.9995846315 6.774546341 

1.905346018 1.681973918 
1.713034958 1.793918671 

1.512011538 1.751427562 
1.713034958 1.793918671 

6.888292145 5.388570476 
7.024528445 5.516570765 

3.956143203 2.555520292 
3.754550607 2.786340602 

3.648676498 3.026760023 
3.754550607 2.786340602 

5.731639659 6.669393894 
5.62782152 6.749076749 

1.656798668 7.885724878 
1.867263957 7.89945262 

0.5877624407 7.309290993 
0.7105133299 7.27790732 

0.8237153985 7.162363971 
0.7105133299 7.27790732 

1.613978566 1.403419446 
1.797199077 1.410586211 

1.929627431 1.503920551 
1.797199077 1.410586211 

1.722773221 7.341046207 
1.7310934 7.234593373 

3.185393957 1.900364142 
3.145843043 2.050939491 

3.165017964 2.182855623 
3.145843043 2.050939491 

4.30110139 6.973420226 
4.137331723 6.745331945 

1.046467548 6.377170508 
1.159692009 6.298569557 

1.123194145 8.051365972 
0.8487804114 7.988236429 

6.364646694 8.313882568 
6.287686205 8.117411553 

2.811903265 3.548501615 
2.746582516 3.616578897 

5.455171409 7.662322245 
5.241999006 7.712703192 

5.512046108 4.779300723 
5.60879655 4.598924187 

7.562246996 6.499159507 
7.477680051 6.237574418 

7.198328314 7.057226995 
6.93511947 7.045224998 

2.746651483 9.146018197 
2.650839374 9.145300287 

6.61923347 5.702611427 
6.937799666 5.671600735 

2.855247935 6.655067348 
2.644814085 6.640811065 

2.652425101 2.646435388 
2.577044173 2.88733612 

7.427914474 6.648916721 
7.562246996 6.499159507 

2.108379118 7.577515665 
2.265159873 7.505638222 

2.133428802 2.110788397 
1.929834109 1.988631544 

6.729130568 6.493359766 
6.863127137 6.726925881 

5.164074029 5.421042304 
5.062125364 5.173426818 

7.198328314 7.057226995 
7.085593755 7.168871738 

5.925408657 6.754739404 
5.973754492 6.593643589 

5.458924543 8.19178503 
5.355168573 8.146566355 

5.255447194 8.149987744 
5.355168573 8.146566355 

7.397220806 7.321641108 
7.243740265 7.457662321 

1.925570027 3.474866951 
1.996282522 3.455523207 

2.652425101 2.646435388 
2.460635821 2.533318642 

3.777704992 8.534047095 
3.625649602 8.48324175 

2.490387538 8.588745867 
2.630612297 8.720148631 

2.761517416 8.841433836 
2.630612297 8.720148631 

4.356155422 1.19314066 
4.351623074 1.045869964 

5.925408657 6.754739404 
5.778015739 6.8783088 

3.117887535 6.416357991 
3.197294529 6.428099391 

6.659002092 7.959787992 
6.882980368 7.979405057 

6.998919394 8.051602777 
6.882980368 7.979405057 

1.496178262 9.379375696 
1.367972537 9.178303406 

3.265314294 3.924381304 
3.46350053 3.615107804 

6.910535906 6.342002601 
6.951387136 6.618786972 

4.186658344 2.353668852 
4.558840013 2.051918993 

4.956842663 1.714502264 
4.558840013 2.051918993 

4.555978453 1.821314593 
4.671280647 1.693895092 

4.558110159 1.619697993 
4.671280647 1.693895092 

6.682385492 6.140088411 
6.626513099 6.278510126 

6.56878145 6.460467533 
6.626513099 6.278510126 

3.514589626 2.649919967 
3.723820787 2.593462378 

3.425666295 1.602050993 
3.644767355 1.606867169 

2.980003693 2.701245269 
3.07291675 2.672780773 

3.059754023 2.48819344 
3.07291675 2.672780773 

2.731496585 1.851871499 
2.66608862 1.575301837 

2.181210207 9.259456281 
2.071375636 9.082167016 

2.27382129 7.095598204 
2.395791139 7.218718467 

1.715719265 2.742937247 
1.561113271 2.682756434 

3.225816183 2.121648251 
3.281193446 2.131214194 

3.433637969 2.083128919 
3.281193446 2.131214194 

6.384624797 6.391441637 
6.56878145 6.460467533 

2.544142563 1.979816298 
2.162105281 1.702734523 

3.411353253 6.453831394 
3.256342102 6.43935002 

3.197294529 6.428099391 
3.256342102 6.43935002 

6.682385492 6.140088411 
6.974284152 5.902574558 

5.778015739 6.8783088 
5.687624691 6.888386933 

3.830158697 7.139788973 
3.982274244 7.446136874 

6.064992465 6.611608242 
6.173995092 6.530732095 

6.336235844 6.141527236 
6.384624797 6.391441637 

1.613978566 1.403419446 
1.868910785 1.501004463 

2.162105281 1.702734523 
1.868910785 1.501004463 

6.287686205 8.117411553 
6.189785406 8.108140318 

3.145843043 2.050939491 
3.225816183 2.121648251 

3.308693494 8.926616501 
3.171984623 8.626132481 

3.1138567 8.292025967 
3.171984623 8.626132481 

4.571236495 6.106157273 
4.824397586 5.967262477 

3.46350053 3.615107804 
3.377419174 3.709897717 

6.336235844 6.141527236 
6.231727166 6.070709203 

6.089903687 5.997534592 
6.231727166 6.070709203 

1.925570027 3.474866951 
1.865562191 3.407351533 

6.058254152 8.199300072 
6.143573314 8.072862678 

6.232794658 8.01736972 
6.143573314 8.072862678 

3.542243718 0.4420227404 
3.402005515 0.3353833348 

3.542243718 0.4420227404 
3.444518786 0.5786849333 

3.344385877 0.711553502 
3.444518786 0.5786849333 

6.364646694 8.313882568 
6.549370114 8.239536757 

5.452707594 5.688789297 
5.256108355 6.017110596 

2.490387538 8.588745867 
2.31706698 8.524848143 

2.029263989 8.515439937 
2.31706698 8.524848143 

3.185393957 1.900364142 
3.030217195 1.558774085 

6.310889931 5.447681378 
6.312128341 5.65000413 

5.891094268 6.42828508 
5.701827399 6.252884913 

7.476909778 5.438727605 
7.223675521 5.654779509 

6.974284152 5.902574558 
7.223675521 5.654779509 

6.065752158 7.878565808 
6.232794658 8.01736972 

2.896545631 6.81618703 
2.921923279 7.013210392 

3.723820787 2.593462378 
3.612174462 2.515492846 

6.315673892 7.985700795 
6.287686205 8.117411553 

4.571236495 6.106157273 
4.611047378 6.304472134 

4.641034391 6.479631112 
4.611047378 6.304472134 

6.383847714 6.684005731 
6.400981691 6.833052241 

0.6948769724 7.571493496 
0.5397692324 7.891179856 

3.723820787 2.593462378 
3.754550607 2.786340602 

4.080069824 7.631600734 
4.203731748 7.435215216 

4.31491347 7.290675952 
4.203731748 7.435215216 

0.5397692324 7.891179856 
0.6411517532 7.987800442 

5.900313084 5.525730384 
5.955560259 5.716841045 

6.034963543 5.86840879 
5.955560259 5.716841045 

1.630003327 8.57773917 
1.378836989 8.682881893 

1.863941374 7.447289556 
2.108379118 7.577515665 

1.512011538 1.751427562 
1.74251954 1.894733969 

1.929834109 1.988631544 
1.74251954 1.894733969 

3.42179542 1.864028662 
3.574712741 1.757109236 

7.198328314 7.057226995 
7.334773189 7.028244638 

7.554029225 6.993178107 
7.334773189 7.028244638 

5.164074029 5.421042304 
5.28448352 5.548167558 

6.065752158 7.878565808 
6.143573314 8.072862678 

1.363087002 7.21373116 
1.278393717 7.353651355 

1.26020788 7.44327645 
1.278393717 7.353651355 

3.917535651 2.17409172 
3.704457191 2.327413403 

2.38730804 8.839086973 
2.603340504 8.901784929 

1.496178262 9.379375696 
1.364510164 9.267119988 

3.344188213 7.582824971 
3.556537076 7.507441137 

3.745157207 7.549205791 
3.556537076 7.507441137 

4.370581979 7.618139214 
4.203731748 7.435215216 

4.784075974 2.417686607 
4.866894616 2.476131738 

5.050927603 2.551599308 
4.866894616 2.476131738 

2.356591647 1.339639239 
2.306783774 1.478940803 

1.929627431 1.503920551 
1.868910785 1.501004463 

3.272436452 0.3486666482 
3.25398897 0.2166776359 

4.671280647 1.693895092 
4.72538473 1.819561681 

5.701827399 6.252884913 
5.803697785 6.188900754 

5.833722036 6.08465827 
5.803697785 6.188900754 

6.166363336 5.026248737 
6.020623842 4.824772624 

6.166363336 5.026248737 
6.113908911 5.178972261 

6.138406884 5.337455567 
6.113908911 5.178972261 

3.244260326 6.29102762 
3.170325561 6.205737414 

3.917535651 2.17409172 
3.88719422 2.026428112 

3.979891395 1.877708507 
3.88719422 2.026428112 

1.869864373 1.054839907 
1.742023345 1.158860947 

3.093623237 8.720617645 
3.171984623 8.626132481 

6.065752158 7.878565808 
6.217248685 7.582867445 

1.625165301 3.27159154 
1.774670062 3.06929188 

1.938550355 2.905375892 
1.774670062 3.06929188 

2.944179173 2.042957397 
3.145843043 2.050939491 

2.297776829 2.436851536 
2.353718226 2.353315375 

2.487019495 2.355603854 
2.353718226 2.353315375 

4.611047378 6.304472134 
4.727814062 6.306876074 

2.780496722 7.99183871 
2.567057069 7.806933483 

2.388699059 7.680711093 
2.567057069 7.806933483 

5.062125364 5.173426818 
4.828074667 5.150670313 

2.336125958 6.41015509 
2.291796373 6.278798168 

3.281193446 2.131214194 
3.320041417 2.213597828 

2.944179173 2.042957397 
3.020323469 2.235956076 

3.076788508 2.32986472 
3.020323469 2.235956076 

6.93511947 7.045224998 
7.021916314 7.084941334 

7.085593755 7.168871738 
7.021916314 7.084941334 

4.861078076 5.420684313 
4.756606101 5.367544003 

2.023329388 8.846323188 
2.071375636 9.082167016 

7.531169223 6.216267949 
7.576093004 6.254125682 

1.301187968 7.972811184 
1.446154431 7.896474787 

1.469636686 7.999615505 
1.446154431 7.896474787 

1.470836001 5.887937811 
1.647679396 6.056499413 

1.711707273 6.172382849 
1.647679396 6.056499413 

5.557845533 6.051327542 
5.357309674 6.199948696 

4.449134917 1.353608134 
4.294350983 1.569844048 

1.964110666 3.337047834 
1.865562191 3.407351533 

3.219939989 2.916544586 
3.07291675 2.672780773 

2.447910537 0.7327489381 
2.39475442 0.6922314353 

1.701284267 8.173504743 
1.864183532 8.182345879 

1.998356373 8.22836474 
1.864183532 8.182345879 

6.916143543 5.995153853 
6.974284152 5.902574558 

5.256108355 6.017110596 
5.357309674 6.199948696 

3.625649602 8.48324175 
3.568455429 8.427356497 

3.53848492 8.326750659 
3.568455429 8.427356497 

2.3642794 0.9099990182 
2.368010166 1.211759337 

2.356591647 1.339639239 
2.368010166 1.211759337 

3.007823687 9.105239278 
3.162112218 8.981416764 

3.746039383 0.8597460938 
3.929715078 0.769537841 

1.087507769 6.594048836 
1.046467548 6.377170508 

5.357309674 6.199948696 
5.181513415 6.227210717 

2.465026543 0.5435360182 
2.555825588 0.5167896751 

2.179936835 6.71280427 
2.018963116 6.794710536 

1.955023726 6.875988086 
2.018963116 6.794710536 

3.377419174 3.709897717 
3.523953962 3.847896988 

6.228999784 6.73970445 
6.173995092 6.530732095 

2.424140622 2.190239062 
2.449222899 2.067773465 

2.544142563 1.979816298 
2.449222899 2.067773465 

2.418442321 6.246369816 
2.327894019 6.249737849 

2.291796373 6.278798168 
2.327894019 6.249737849 

3.662650503 2.068113468 
3.88719422 2.026428112 

6.042919279 7.13583345 
5.968136882 7.124340052 

5.841645422 7.098887955 
5.968136882 7.124340052 

6.336235844 6.141527236 
6.429428904 5.989638138 

3.325154414 0.5207889408 
3.444518786 0.5786849333 

2.27382129 7.095598204 
2.184265681 7.145988987 

2.107255832 7.291829487 
2.184265681 7.145988987 

2.453608947 8.048730007 
2.525346234 7.945589766 

2.490387538 8.588745867 
2.655175837 8.501140539 

5.452707594 5.688789297 
5.717685089 5.638555577 

1.631282356 7.005082868 
1.681714296 7.457975715 

1.656798668 7.885724878 
1.681714296 7.457975715 

6.231128864 5.881800593 
6.034963543 5.86840879 

1.307104905 8.441014857 
1.387545299 8.274293099 

1.446839374 8.123240069 
1.387545299 8.274293099 

1.656798668 7.885724878 
1.758555502 7.610231148 

6.910535906 6.342002601 
6.626513099 6.278510126 

1.100375333 9.289417402 
1.276082898 9.23496122 

1.367972537 9.178303406 
1.276082898 9.23496122 

0.7415325176 8.830337493 
0.9312013336 8.733937715 

1.052963448 8.700453181 
0.9312013336 8.733937715 

1.537130088 2.054588823 
1.637170963 2.20349985 

6.682385492 6.140088411 
6.527728525 6.139465473 

1.742023345 1.158860947 
1.915255726 1.318813916 

2.746582516 3.616578897 
2.65464908 3.657881485 

7.060968081 6.929486392 
7.021916314 7.084941334 

3.344188213 7.582824971 
3.141453763 7.652083045 

2.90423758 7.76813604 
3.141453763 7.652083045 

1.898962715 8.455443072 
2.006772382 8.404050617 

2.029263989 8.515439937 
2.006772382 8.404050617 

3.105075797 7.034371563 
2.921923279 7.013210392 

4.756606101 5.367544003 
4.687912018 5.336559785 

3.425666295 1.602050993 
3.405794107 1.726129956 

3.42179542 1.864028662 
3.405794107 1.726129956 

5.007869394 5.688078369 
5.19711622 5.687852298 

5.257758003 7.213126186 
5.217185516 7.42390826 

5.133362272 7.614462544 
5.217185516 7.42390826 

6.312128341 5.65000413 
6.066188055 5.651720314 

5.084785842 2.131497972 
5.126164241 2.336419963 

1.576395257 7.527439659 
1.681714296 7.457975715 

3.030217195 1.558774085 
2.838118063 1.442428104 

4.771693604 5.637526225 
4.933529381 5.415074537 

4.020012856 3.822765046 
3.908294052 3.842902265 

5.925408657 6.754739404 
5.968136882 7.124340052 

3.921377042 1.584266527 
3.85614078 1.709010702 

1.626073246 6.652893275 
1.601483857 6.858436746 

1.301187968 7.972811184 
1.469636686 7.999615505 

1.863941374 7.447289556 
1.681714296 7.457975715 

1.863941374 7.447289556 
1.957406678 7.58496396 

4.687912018 5.336559785 
4.630948535 5.318534193 

1.26020788 7.44327645 
1.323082528 7.7257134 

1.804197297 6.028374287 
1.681336609 5.995542062 

1.470836001 5.887937811 
1.681336609 5.995542062 

4.933529381 5.415074537 
4.861078076 5.420684313 

6.046547897 6.27431232 
6.173995092 6.530732095 

2.162105281 1.702734523 
2.357169478 1.777960643 

6.613235923 6.679450834 
6.383847714 6.684005731 

1.034472814 7.634574122 
1.043981271 7.84836102 

1.123194145 8.051365972 
1.043981271 7.84836102 

2.523724921 9.107306925 
2.590936114 9.202872877 

2.650839374 9.145300287 
2.590936114 9.202872877 

5.730344587 7.023379202 
5.778015739 6.8783088 

2.785631747 6.467971497 
2.751394435 6.540427525 

6.910535906 6.342002601 
6.907786034 6.15763267 

6.916143543 5.995153853 
6.907786034 6.15763267 

5.082185905 5.94139163 
4.824397586 5.967262477 

6.929494305 7.826384552 
6.882980368 7.979405057 

2.051598047 8.053933309 
2.011519463 7.953338613 

2.601690532 5.867428129 
2.495667786 5.940091616 

2.465061473 6.013478626 
2.495667786 5.940091616 

2.887665606 2.271651856 
3.020323469 2.235956076 

3.830158697 7.139788973 
4.09398347 7.17976206 

4.31491347 7.290675952 
4.09398347 7.17976206 

1.957406678 7.58496396 
1.896427808 7.678445742 

2.655175837 8.501140539 
2.730409251 8.246212405 

0.8487804114 7.988236429 
0.8470685447 7.859511047 

4.449134917 1.353608134 
4.288924959 1.383356793 

4.120585864 1.418903892 
4.288924959 1.383356793 

5.910367079 6.555303524 
5.844880457 6.497360719 

5.756182097 6.522987159 
5.844880457 6.497360719 

3.996838634 3.094601893 
4.166682633 3.078177445 

4.331422551 3.142956338 
4.166682633 3.078177445 

2.179936835 6.71280427 
1.973449974 6.729513916 

1.834049672 6.735237843 
1.973449974 6.729513916 

1.722773221 7.341046207 
1.681714296 7.457975715 

1.576395257 7.527439659 
1.640350637 7.377136869 

1.722773221 7.341046207 
1.640350637 7.377136869 

2.197910588 3.662263411 
2.098427786 3.493948435 

2.489876574 3.842506399 
2.42374721 3.678419476 

2.108379118 7.577515665 
1.957406678 7.58496396 

6.403256607 7.26329326 
6.508284696 7.367525183 

6.601452421 7.456826849 
6.508284696 7.367525183 

1.537130088 2.054588823 
1.586112049 1.912374802 

5.629339326 4.976617394 
5.662118502 4.838492588 

3.165017964 2.182855623 
3.020323469 2.235956076 

6.279799657 4.699775883 
6.325332267 4.841290377 

7.173279098 5.93037733 
6.974284152 5.902574558 

6.734242067 5.122690887 
6.935767787 5.156529101 

5.803697785 6.188900754 
5.891094268 6.42828508 

7.397220806 7.321641108 
7.441133055 6.899204159 

7.562246996 6.499159507 
7.441133055 6.899204159 

0.6948769724 7.571493496 
0.5372236508 7.552977351 

6.046547897 6.27431232 
6.231727166 6.070709203 

2.653318855 7.315918697 
2.717066977 7.393105301 

2.793596393 7.458534311 
2.717066977 7.393105301 

2.841980581 1.59874448 
2.755184243 1.627566852 

4.956842663 1.714502264 
4.801551262 1.753675296 

4.671280647 1.693895092 
4.801551262 1.753675296 

1.100375333 9.289417402 
1.253170717 9.335177358 

1.364510164 9.267119988 
1.253170717 9.335177358 

3.662650503 2.068113468 
3.917535651 2.17409172 

2.652425101 2.646435388 
2.54136848 2.788849824 

2.383386311 2.901298945 
2.54136848 2.788849824 

2.963819904 1.726566765 
2.755184243 1.627566852 

3.370971293 6.994034511 
3.376652054 6.736946024 

7.686739986 6.094327698 
7.605370144 6.180151899 

7.576093004 6.254125682 
7.605370144 6.180151899 

7.427914474 6.648916721 
7.617373636 6.713101739 

3.777704992 8.534047095 
3.582713789 8.303600893 

3.357754189 7.934932436 
3.582713789 8.303600893 

1.713034958 1.793918671 
1.74251954 1.894733969 

4.641034391 6.479631112 
4.829755949 6.428573924 

4.993593971 6.341549625 
4.829755949 6.428573924 

2.021170871 2.583863806 
2.077991089 2.4413332 

2.159635117 2.303003571 
2.077991089 2.4413332 

5.891094268 6.42828508 
5.844880457 6.497360719 

2.3642794 0.9099990182 
2.564675414 0.9520732177 

5.257758003 7.213126186 
5.058127833 7.286810403 

3.574712741 1.757109236 
3.405794107 1.726129956 

7.173279098 5.93037733 
7.06947999 5.761492045 

6.937799666 5.671600735 
7.06947999 5.761492045 

6.888292145 5.388570476 
7.003954166 5.282732305 

1.742023345 1.158860947 
1.719040742 1.283896761 

1.613978566 1.403419446 
1.719040742 1.283896761 

5.574668191 5.387697118 
5.652572099 5.571552232 

5.717685089 5.638555577 
5.652572099 5.571552232 

1.241784493 8.761051165 
1.192690172 9.001338994 

6.046547897 6.27431232 
6.03678793 6.500004406 

5.973754492 6.593643589 
6.03678793 6.500004406 

4.452365159 5.284756568 
4.562960071 5.297847017 

4.630948535 5.318534193 
4.562960071 5.297847017 

2.378675063 8.334245981 
2.31706698 8.524848143 

2.074408061 0.7115969941 
2.027247146 0.8063410264 

5.598278715 6.495740439 
5.50211148 6.591689735 

5.370596153 6.718774652 
5.50211148 6.591689735 

4.370581979 7.618139214 
4.673567901 7.821405456 

5.002203479 8.019249403 
4.673567901 7.821405456 

1.758555502 7.610231148 
1.957406678 7.58496396 

2.597802474 7.618626881 
2.729952753 7.682288049 

2.90423758 7.76813604 
2.729952753 7.682288049 

1.793908207 2.186075677 
1.929834109 1.988631544 

2.912926183 7.220832857 
2.716374387 7.133599805 

4.89998513 1.987386649 
4.72538473 1.819561681 

2.174252715 3.331993107 
1.964110666 3.337047834 

0.3159449187 8.172584685 
0.4584287282 8.025790355 

0.5397692324 7.891179856 
0.4584287282 8.025790355 

2.336125958 6.41015509 
2.327894019 6.249737849 

4.89998513 1.987386649 
4.918308463 1.847955987 

4.956842663 1.714502264 
4.918308463 1.847955987 

2.336125958 6.41015509 
2.126920891 6.397848514 

1.992974979 6.338908108 
2.126920891 6.397848514 

4.972365844 7.642620609 
5.141650746 7.895806468 

6.228999784 6.73970445 
6.278152622 6.601619898 

6.384624797 6.391441637 
6.278152622 6.601619898 

4.407043991 2.863159502 
4.280560981 2.809930418 

6.03678793 6.500004406 
6.064992465 6.611608242 

7.003954166 5.282732305 
7.093714028 5.370396358 

3.185393957 1.900364142 
3.286810299 2.00550527 

3.433637969 2.083128919 
3.286810299 2.00550527 

6.231128864 5.881800593 
6.141163792 5.853507311 

6.089903687 5.997534592 
6.141163792 5.853507311 

3.582713789 8.303600893 
3.53848492 8.326750659 

2.198482035 7.698505269 
2.265159873 7.505638222 

2.140292809 8.409907031 
2.21914966 8.195194959 

2.247948233 8.076294417 
2.21914966 8.195194959 

5.28448352 5.548167558 
5.19711622 5.687852298 

2.555825588 0.5167896751 
2.570146531 0.4108246382 

3.059754023 2.48819344 
3.135419471 2.670202494 

6.066188055 5.651720314 
5.955560259 5.716841045 

2.181210207 9.259456281 
1.983580088 9.226768538 

2.716374387 7.133599805 
2.615410661 7.062932746 

7.441133055 6.899204159 
7.334773189 7.028244638 

2.197910588 3.662263411 
2.326580115 3.644021788 

2.42374721 3.678419476 
2.326580115 3.644021788 

4.351623074 1.045869964 
4.371136859 0.9648546511 

3.652275235 7.868361606 
3.51103863 7.965546536 

3.357754189 7.934932436 
3.51103863 7.965546536 

6.058254152 8.199300072 
6.129943253 8.14613607 

6.189785406 8.108140318 
6.129943253 8.14613607 

7.554029225 6.993178107 
7.457829609 6.801313188 

7.427914474 6.648916721 
7.457829609 6.801313188 

2.052024466 7.681457438 
2.198482035 7.698505269 

2.65464908 3.657881485 
2.608430936 3.730279897 

0.7654227143 8.116831149 
0.5588008261 8.149499364 

6.217248685 7.582867445 
6.178502406 7.489139091 

6.192039974 7.342294181 
6.178502406 7.489139091 

2.306783774 1.478940803 
2.36000612 1.594183622 

1.623588023 8.291979119 
1.647645151 8.464672757 

1.630003327 8.57773917 
1.647645151 8.464672757 

5.598278715 6.495740439 
5.701827399 6.252884913 

5.598278715 6.495740439 
5.731011765 6.405610204 

5.891094268 6.42828508 
5.731011765 6.405610204 

3.446666185 7.309684066 
3.39961337 7.409460167 

3.344188213 7.582824971 
3.39961337 7.409460167 

1.512011538 1.751427562 
1.689471133 1.966458221 

5.28448352 5.548167558 
5.383843004 5.603570732 

5.452707594 5.688789297 
5.383843004 5.603570732 

3.979891395 1.877708507 
3.85614078 1.709010702 

3.01339118 0.7936816534 
3.128836468 0.8186765183 

3.231028083 0.9172165401 
3.128836468 0.8186765183 

6.910535906 6.342002601 
7.039589378 6.299242311 

7.19961283 6.310194863 
7.039589378 6.299242311 

2.489876574 3.842506399 
2.555562895 3.77826227 

2.608430936 3.730279897 
2.555562895 3.77826227 

3.956143203 2.555520292 
3.813455243 2.587781611 

3.723820787 2.593462378 
3.813455243 2.587781611 

1.631282356 7.005082868 
1.796136277 6.930128137 

1.955023726 6.875988086 
1.796136277 6.930128137 

3.746039383 0.8597460938 
3.597931033 0.9639443986 

0.5588008261 8.149499364 
0.4191019234 8.23810017 

3.488071423 3.220582297 
3.490206178 3.438874065 

3.46350053 3.615107804 
3.490206178 3.438874065 

2.419247627 7.032082439 
2.593846014 7.166151458 

2.653318855 7.315918697 
2.593846014 7.166151458 

4.571236495 6.106157273 
4.451355159 6.095673613 

4.358087862 6.104583144 
4.451355159 6.095673613 

2.940726445 2.90054525 
3.046023403 3.080041666 

3.141978722 3.288578397 
3.046023403 3.080041666 

3.308693494 8.926616501 
3.188728489 8.827552157 

3.093623237 8.720617645 
3.188728489 8.827552157 

0.9920183202 7.444892507 
1.19251716 7.584499196 

1.323082528 7.7257134 
1.19251716 7.584499196 

2.336125958 6.41015509 
2.232601798 6.523111175 

2.652425101 2.646435388 
2.677253602 2.894344411 

2.378675063 8.334245981 
2.21914966 8.195194959 

2.987898943 1.312605548 
2.969039649 1.386758983 

4.50341352 2.401906118 
4.564400801 2.583802045 

2.615410661 7.062932746 
2.539626763 7.073203792 

2.419247627 7.032082439 
2.539626763 7.073203792 

1.034472814 7.634574122 
1.19251716 7.584499196 

1.307104905 8.441014857 
1.418830383 8.408103897 

1.513261501 8.40045673 
1.418830383 8.408103897 

3.219939989 2.916544586 
3.046023403 3.080041666 

3.135419471 2.670202494 
3.187254815 2.74869086 

7.208419368 5.197676114 
7.049502587 5.138024059 

6.935767787 5.156529101 
7.049502587 5.138024059 

0.9920183202 7.444892507 
0.8478945621 7.52008849 

0.6948769724 7.571493496 
0.8478945621 7.52008849 

3.306176913 2.381482838 
3.34387852 2.683676889 

5.756182097 6.522987159 
5.731011765 6.405610204 

4.801551262 1.753675296 
4.72538473 1.819561681 

2.036380733 5.918532464 
2.166692732 5.963688859 

2.187099956 6.034100649 
2.166692732 5.963688859 

7.554029225 6.993178107 
7.441133055 6.899204159 

1.905346018 1.681973918 
2.032637239 1.747326043 

2.162105281 1.702734523 
2.032637239 1.747326043 

3.979891395 1.877708507 
3.866734062 1.857282093 

3.754573377 1.830036434 
3.866734062 1.857282093 

2.023329388 8.846323188 
2.200056194 9.01177344 

2.336125958 6.41015509 
2.418442321 6.246369816 

1.625165301 3.27159154 
1.791719966 3.369612919 

1.925570027 3.474866951 
1.791719966 3.369612919 

2.677253602 2.894344411 
2.732417223 2.844606769 

6.951387136 6.618786972 
7.11992987 6.58608634 

7.250712853 6.508667521 
7.11992987 6.58608634 

4.555020176 7.307719655 
4.641777307 7.30233224 

4.75762416 7.321193476 
4.641777307 7.30233224 

6.429428904 5.989638138 
6.526232735 6.040876066 

6.527728525 6.139465473 
6.526232735 6.040876066 

2.020005838 7.016262355 
2.184265681 7.145988987 

1.279846593 6.217258744 
1.164473978 6.423584858 

1.087507769 6.594048836 
1.164473978 6.423584858 

0.7814194015 6.568018803 
0.7973785492 6.482745084 

2.020005838 7.016262355 
2.03941258 7.13987307 

2.107255832 7.291829487 
2.03941258 7.13987307 

3.105075797 7.034371563 
3.027822071 6.907212285 

5.60879655 4.598924187 
5.780211921 4.66282769 

5.887737936 4.738250494 
5.780211921 4.66282769 

4.195702076 6.240133459 
4.358087862 6.104583144 

4.371136859 0.9648546511 
4.407777879 0.9102176999 

1.656798668 7.885724878 
1.446154431 7.896474787 

0.3159449187 8.172584685 
0.5668150067 8.076219279 

0.8487804114 7.988236429 
0.5668150067 8.076219279 

2.140292809 8.409907031 
2.006772382 8.404050617 

6.064992465 6.611608242 
6.16922758 6.654164641 

6.228999784 6.73970445 
6.16922758 6.654164641 

2.460635821 2.533318642 
2.487019495 2.355603854 

2.655175837 8.501140539 
2.709695481 8.470758088 

2.791334735 8.469916965 
2.709695481 8.470758088 

1.279846593 6.217258744 
1.117767662 6.119017514 

2.453608947 8.048730007 
2.580247426 8.024959602 

2.780496722 7.99183871 
2.580247426 8.024959602 

4.671833187 3.143230954 
4.407043991 2.863159502 

4.882503258 2.931080305 
4.755299688 2.966739604 

2.567057069 7.806933483 
2.597802474 7.618626881 

6.066188055 5.651720314 
5.984813835 5.590542787 

1.363087002 7.21373116 
1.479371896 7.385142448 

1.576395257 7.527439659 
1.479371896 7.385142448 

4.993593971 6.341549625 
5.181513415 6.227210717 

2.762653769 0.836962062 
2.881403353 0.8917590033 

7.562246996 6.499159507 
7.516661403 6.013562195 

2.116310123 7.435877947 
2.075491051 7.519246645 

2.108379118 7.577515665 
2.075491051 7.519246645 

5.955560259 5.716841045 
5.984813835 5.590542787 

4.555978453 1.821314593 
4.359212086 1.874523635 

4.157877701 1.931970053 
4.359212086 1.874523635 

5.199633944 6.424568641 
5.193716138 6.316585647 

5.181513415 6.227210717 
5.193716138 6.316585647 

4.136197455 0.5713277556 
4.014892622 0.6802393653 

3.929715078 0.769537841 
4.014892622 0.6802393653 

1.512011538 1.751427562 
1.547390744 1.831889927 

1.586112049 1.912374802 
1.547390744 1.831889927 

1.630003327 8.57773917 
1.770868253 8.69456921 

1.324944452 6.582828108 
1.443661401 6.643745861 

5.71321253 7.330646802 
5.745905824 7.476230887 

2.200056194 9.01177344 
2.38730804 8.839086973 

6.55181327 6.944481999 
6.676106432 6.838472022 

6.764017597 6.765945306 
6.676106432 6.838472022 

4.755299688 2.966739604 
4.66478372 2.956341204 

1.626073246 6.652893275 
1.661653606 6.536407506 

1.672767788 6.370602824 
1.661653606 6.536407506 

6.498841963 5.002195254 
6.447310552 4.905350722 

6.325332267 4.841290377 
6.447310552 4.905350722 

5.062125364 5.173426818 
4.979135499 5.299883297 

4.933529381 5.415074537 
4.979135499 5.299883297 

5.687494661 7.579790184 
5.745905824 7.476230887 

0.4215231659 6.739933826 
0.5568023245 6.80912287 

0.7306770005 6.943814147 
0.5568023245 6.80912287 

7.052065069 7.886030914 
6.929494305 7.826384552 

7.052065069 7.886030914 
7.197483899 7.844099714 

7.312130951 7.805359082 
7.197483899 7.844099714 

1.279846593 6.217258744 
1.394967007 6.101444351 

5.199633944 6.424568641 
5.195173722 6.553460593 

1.253170717 9.335177358 
1.276082898 9.23496122 

1.863941374 7.447289556 
1.884600421 7.558439967 

1.896427808 7.678445742 
1.884600421 7.558439967 

2.424140622 2.190239062 
2.353718226 2.353315375 

5.002203479 8.019249403 
5.068619998 8.10513727 

1.957406678 7.58496396 
1.884600421 7.558439967 

2.419247627 7.032082439 
2.655477504 6.926124743 

2.896545631 6.81618703 
2.655477504 6.926124743 

6.278152622 6.601619898 
6.173995092 6.530732095 

2.378675063 8.334245981 
2.408470771 8.447532546 

2.490387538 8.588745867 
2.408470771 8.447532546 

3.219939989 2.916544586 
2.940726445 2.90054525 

3.219939989 2.916544586 
3.225901081 2.816072251 

3.187254815 2.74869086 
3.225901081 2.816072251 

5.71321253 7.330646802 
5.56210524 7.512064847 

5.455171409 7.662322245 
5.56210524 7.512064847 

1.647679396 6.056499413 
1.681336609 5.995542062 

3.25398897 0.2166776359 
3.318646766 0.3074016771 

3.402005515 0.3353833348 
3.318646766 0.3074016771 

2.424140622 2.190239062 
2.296612875 2.184411155 

2.133428802 2.110788397 
2.296612875 2.184411155 

4.850635937 5.827673573 
4.952912407 5.847394014 

1.159692009 6.298569557 
1.130957173 6.251520204 

1.637170963 2.20349985 
1.506526358 2.256369073 

4.487396506 0.8256235163 
4.44685317 0.8734901225 

4.407777879 0.9102176999 
4.44685317 0.8734901225 

0.7973785492 6.482745084 
0.7860573224 6.43238627 

2.992075522 3.417639756 
3.211536939 3.513569032 

4.358087862 6.104583144 
4.291548592 5.991121447 

1.130957173 6.251520204 
1.136941775 6.227677768 

3.42179542 1.864028662 
3.286810299 2.00550527 

5.60879655 4.598924187 
5.647113581 4.733365873 

5.662118502 4.838492588 
5.647113581 4.733365873 

3.411353253 6.453831394 
3.308151511 6.382865035 

3.244260326 6.29102762 
3.308151511 6.382865035 

7.003954166 5.282732305 
7.049502587 5.138024059 

1.034472814 7.634574122 
0.8478945621 7.52008849 

2.265487835 5.831965649 
2.412265672 5.875682661 

0.7654227143 8.116831149 
0.8487804114 7.988236429 

1.656798668 7.885724878 
1.546237194 8.00740703 

1.446839374 8.123240069 
1.546237194 8.00740703 

6.549370114 8.239536757 
6.62226574 8.207583574 

6.669470783 8.249326172 
6.62226574 8.207583574 

4.727814062 6.306876074 
4.829755949 6.428573924 

1.308757988 2.299888367 
1.426967094 2.296045757 

1.506526358 2.256369073 
1.426967094 2.296045757 

5.778015739 6.8783088 
5.624890192 6.926783092 

5.507478234 7.035400347 
5.624890192 6.926783092 

1.443661401 6.643745861 
1.601483857 6.858436746 

4.31491347 7.290675952 
4.310756624 7.16000501 

2.912926183 7.220832857 
2.922414579 7.096178511 

2.921923279 7.013210392 
2.922414579 7.096178511 

3.135419471 2.670202494 
3.07291675 2.672780773 

1.443661401 6.643745861 
1.528641625 6.646146172 

1.626073246 6.652893275 
1.528641625 6.646146172 

6.03678793 6.500004406 
6.173995092 6.530732095 

5.130512117 6.722805002 
5.166891745 6.657908792 

5.195173722 6.553460593 
5.166891745 6.657908792 

4.641034391 6.479631112 
4.704813279 6.643060059 

6.16922758 6.654164641 
6.278152622 6.601619898 

3.01339118 0.7936816534 
2.833216426 0.6139490956 

1.865562191 3.407351533 
1.791719966 3.369612919 

1.470836001 5.887937811 
1.486033726 6.007170364 

1.394967007 6.101444351 
1.486033726 6.007170364 

6.231128864 5.881800593 
6.245542713 5.752952506 

6.312128341 5.65000413 
6.245542713 5.752952506 

5.182803723 8.069301431 
5.134063776 8.08719436 

7.554029225 6.993178107 
7.575344454 6.908982318 

3.050367939 6.088174772 
3.125600398 6.15492066 

3.170325561 6.205737414 
3.125600398 6.15492066 

1.982364281 6.114743345 
2.036380733 5.918532464 

2.412265672 5.875682661 
2.483457849 5.863487957 

7.207039428 7.554191236 
7.172534407 7.507131662 

7.243740265 7.457662321 
7.172534407 7.507131662 

4.30110139 6.973420226 
4.284029439 7.090707204 

4.310756624 7.16000501 
4.284029439 7.090707204 

5.040801672 6.594996936 
5.195173722 6.553460593 

4.004339345 1.419207476 
3.952080212 1.50470983 

3.921377042 1.584266527 
3.952080212 1.50470983 

6.278152622 6.601619898 
6.383847714 6.684005731 

5.910367079 6.555303524 
5.941950769 6.489448689 

6.03678793 6.500004406 
5.941950769 6.489448689 

2.624973943 3.176084451 
2.688479751 3.02399331 

2.677253602 2.894344411 
2.688479751 3.02399331 

2.449222899 2.067773465 
2.296612875 2.184411155 

2.052024466 7.681457438 
2.102016723 7.668536136 

2.145868651 7.778530498 
2.102016723 7.668536136 

7.562246996 6.499159507 
7.576093004 6.254125682 

5.452707594 5.688789297 
5.335389447 5.708897356 

5.19711622 5.687852298 
5.335389447 5.708897356 

2.755184243 1.627566852 
2.66608862 1.575301837 

2.051598047 8.053933309 
2.192712044 7.967221092 

2.356300842 7.877476913 
2.192712044 7.967221092 

3.577574471 0.7970962616 
3.597931033 0.9639443986 

4.993593971 6.341549625 
5.028675604 6.475301812 

5.040801672 6.594996936 
5.028675604 6.475301812 

2.833216426 0.6139490956 
2.760873913 0.5235375906 

2.675652482 0.4489099127 
2.760873913 0.5235375906 

0.5877624407 7.309290993 
0.5143294375 7.378130138 

0.3731630698 7.485450022 
0.5143294375 7.378130138 

4.145132066 5.885093687 
4.244356388 5.936614 

4.291548592 5.991121447 
4.244356388 5.936614 

3.030217195 1.558774085 
2.969039649 1.386758983 

2.36000612 1.594183622 
2.588686822 1.675134135 

6.659002092 7.959787992 
6.809280347 7.881774959 

6.929494305 7.826384552 
6.809280347 7.881774959 

6.882980368 7.979405057 
6.809280347 7.881774959 

3.219939989 2.916544586 
3.098173945 2.851938156 

2.980003693 2.701245269 
3.098173945 2.851938156 

4.66478372 2.956341204 
4.672013607 3.018528769 

6.916143543 5.995153853 
7.034201649 5.956477802 

5.574668191 5.387697118 
5.422608247 5.461140286 

5.28448352 5.548167558 
5.422608247 5.461140286 

4.30110139 6.973420226 
4.445457596 7.140686863 

3.533683721 2.298281048 
3.441719647 2.216306012 

3.320041417 2.213597828 
3.441719647 2.216306012 

4.407043991 2.863159502 
4.361266228 2.965053474 

3.777704992 8.534047095 
3.44187993 8.436655758 

3.1138567 8.292025967 
3.44187993 8.436655758 

5.895705705 7.55237183 
6.178502406 7.489139091 

5.895705705 7.55237183 
5.767151912 7.571615267 

5.687494661 7.579790184 
5.767151912 7.571615267 

1.359837416 2.699222821 
1.443628028 2.651208584 

1.506454803 2.606118734 
1.443628028 2.651208584 

2.751394435 6.540427525 
2.715343797 6.569263872 

6.034963543 5.86840879 
6.141163792 5.853507311 

1.749476952 9.30613097 
1.852367729 9.247659024 

1.983580088 9.226768538 
1.852367729 9.247659024 

2.66608862 1.575301837 
2.588686822 1.675134135 

1.352841353 9.070800564 
1.192690172 9.001338994 

7.085593755 7.168871738 
7.081878768 7.064525013 

7.060968081 6.929486392 
7.081878768 7.064525013 

4.249042337 3.617020627 
4.374467614 3.448282516 

2.887665606 2.271651856 
2.826810603 2.171929108 

2.734912135 2.088735999 
2.826810603 2.171929108 

6.907786034 6.15763267 
7.039589378 6.299242311 

6.907786034 6.15763267 
6.785255146 6.116497204 

6.682385492 6.140088411 
6.785255146 6.116497204 

6.974284152 5.902574558 
7.034201649 5.956477802 

7.003954166 5.282732305 
7.080283737 5.212868397 

2.645913462 9.478008284 
2.612021061 9.343430532 

2.590936114 9.202872877 
2.612021061 9.343430532 

4.526698696 5.756538584 
4.244356388 5.936614 

3.141453763 7.652083045 
2.99305923 7.924188198 

3.081337244 0.3062214476 
3.151245541 0.2284485475 

3.25398897 0.2166776359 
3.151245541 0.2284485475 

4.487396506 0.8256235163 
4.295889962 0.8932780302 

2.681057467 3.39168208 
2.65464908 3.657881485 

3.773255965 1.367317276 
4.004339345 1.419207476 

4.079563985 0.9699632506 
4.18585241 0.9324835731 

4.295889962 0.8932780302 
4.18585241 0.9324835731 

3.773255965 1.367317276 
3.699655175 1.498929563 

3.644767355 1.606867169 
3.699655175 1.498929563 

7.562246996 6.499159507 
7.607101699 6.318443419 

7.607101699 6.318443419 
7.657805714 6.217331693 

7.686739986 6.094327698 
7.657805714 6.217331693 

2.655477504 6.926124743 
2.615410661 7.062932746 

3.411353253 6.453831394 
3.454149938 6.634496877 

3.542243718 0.4420227404 
3.423317062 0.4761419111 

3.325154414 0.5207889408 
3.423317062 0.4761419111 

3.633771714 3.232872551 
3.566670056 3.257051535 

2.675652482 0.4489099127 
2.626487889 0.4387542517 

6.951387136 6.618786972 
6.86904485 6.558561166 

6.729130568 6.493359766 
6.86904485 6.558561166 

7.554029225 6.993178107 
7.465955785 7.145066788 

4.829755949 6.428573924 
5.028675604 6.475301812 

1.136941775 6.227677768 
1.140362431 6.198593418 

5.941950769 6.489448689 
5.891094268 6.42828508 

3.488071423 3.220582297 
3.52352388 3.261333506 

3.566670056 3.257051535 
3.52352388 3.261333506 

2.944179173 2.042957397 
2.826810603 2.171929108 

6.61923347 5.702611427 
6.53861963 5.816284992 

6.429428904 5.989638138 
6.53861963 5.816284992 

3.788979627 8.418204256 
3.75394888 8.319083621 

3.736201037 8.217025298 
3.75394888 8.319083621 

1.915255726 1.318813916 
1.797199077 1.410586211 

3.385138263 8.382061759 
3.44187993 8.436655758 

1.758555502 7.610231148 
1.816896718 7.505839466 

1.863941374 7.447289556 
1.816896718 7.505839466 

5.007869394 5.688078369 
4.952912407 5.847394014 

1.938550355 2.905375892 
1.970524428 2.729160852 

2.021170871 2.583863806 
1.970524428 2.729160852 

4.555020176 7.307719655 
4.518366996 7.208758796 

4.445457596 7.140686863 
4.518366996 7.208758796 

1.446154431 7.896474787 
1.546237194 8.00740703 

5.257758003 7.213126186 
5.373916876 7.116324056 

5.507478234 7.035400347 
5.373916876 7.116324056 

2.79103493 0.9728568296 
2.687641389 0.9815539866 

2.564675414 0.9520732177 
2.687641389 0.9815539866 

2.336125958 6.41015509 
2.148675014 6.271744283 

1.982364281 6.114743345 
2.148675014 6.271744283 

4.137331723 6.745331945 
4.017143809 6.777672398 

3.162112218 8.981416764 
3.229210193 8.963857848 

1.100375333 9.289417402 
1.155556481 9.14063932 

1.192690172 9.001338994 
1.155556481 9.14063932 

2.601690532 5.867428129 
2.527990232 5.835282008 

2.483457849 5.863487957 
2.527990232 5.835282008 

3.286810299 2.00550527 
3.225816183 2.121648251 

1.701284267 8.173504743 
1.546237194 8.00740703 

4.294350983 1.569844048 
4.288905035 1.480511463 

4.288924959 1.383356793 
4.288905035 1.480511463 

1.140362431 6.198593418 
1.140968496 6.169695758 

2.780496722 7.99183871 
2.808095339 7.864554986 

2.90423758 7.76813604 
2.808095339 7.864554986 

5.126164241 2.336419963 
5.078835795 2.441609494 

5.050927603 2.551599308 
5.078835795 2.441609494 

1.964110666 3.337047834 
1.996282522 3.455523207 

2.489876574 3.842506399 
2.544820987 3.746041916 

2.590372807 3.626014923 
2.544820987 3.746041916 

3.007823687 9.105239278 
2.87865351 9.105266903 

2.746651483 9.146018197 
2.87865351 9.105266903 

0.9858021328 7.004043281 
1.1506551 7.149744411 

2.378675063 8.334245981 
2.257885831 8.338974383 

2.140292809 8.409907031 
2.257885831 8.338974383 

2.705330754 2.2423099 
2.826810603 2.171929108 

2.896545631 6.81618703 
2.95777657 6.862512684 

3.027822071 6.907212285 
2.95777657 6.862512684 

7.607101699 6.318443419 
7.576093004 6.254125682 

6.384624797 6.391441637 
6.284064478 6.482055478 

6.173995092 6.530732095 
6.284064478 6.482055478 

4.526698696 5.756538584 
4.346189479 5.809324714 

3.745157207 7.549205791 
3.78493543 7.355890381 

3.830158697 7.139788973 
3.78493543 7.355890381 

2.593846014 7.166151458 
2.615410661 7.062932746 

7.080283737 5.212868397 
7.135813195 5.190303422 

3.286810299 2.00550527 
3.281193446 2.131214194 

3.996838634 3.094601893 
3.848376474 3.05938751 

6.55181327 6.944481999 
6.572248765 6.807920325 

6.613235923 6.679450834 
6.572248765 6.807920325 

4.551671409 6.955304847 
4.445457596 7.140686863 

5.895705705 7.55237183 
5.810944685 7.520236673 

5.745905824 7.476230887 
5.810944685 7.520236673 

1.838142158 8.854466638 
1.954695491 8.961690687 

2.071375636 9.082167016 
1.954695491 8.961690687 

1.561113271 2.682756434 
1.506454803 2.606118734 

3.648676498 3.026760023 
3.74925613 3.053028017 

3.848376474 3.05938751 
3.74925613 3.053028017 

1.884600421 7.558439967 
1.816896718 7.505839466 

5.357309674 6.199948696 
5.193716138 6.316585647 

6.659002092 7.959787992 
6.506566279 7.970762635 

6.315673892 7.985700795 
6.506566279 7.970762635 

5.058127833 7.286810403 
5.217185516 7.42390826 

6.498841963 5.002195254 
6.490310064 5.132452352 

6.482830839 5.265105317 
6.490310064 5.132452352 

2.570146531 0.4108246382 
2.59831721 0.424789445 

2.626487889 0.4387542517 
2.59831721 0.424789445 

2.297776829 2.436851536 
2.367816037 2.454575394 

2.027247146 0.8063410264 
1.961971401 0.7572573946 

3.425666295 1.602050993 
3.516175955 1.677757997 

3.574712741 1.757109236 
3.516175955 1.677757997 

7.049502587 5.138024059 
7.080283737 5.212868397 

6.86904485 6.558561166 
6.839584959 6.631370579 

6.863127137 6.726925881 
6.839584959 6.631370579 

1.323082528 7.7257134 
1.446154431 7.896474787 

1.034472814 7.634574122 
0.9382977725 7.699492193 

0.8470685447 7.859511047 
0.9382977725 7.699492193 

3.865683069 6.771770914 
3.99018705 6.989882284 

1.749476952 9.30613097 
1.620072181 9.321835754 

4.09398347 7.17976206 
4.310756624 7.16000501 

3.141978722 3.288578397 
3.058583672 3.344153898 

1.486033726 6.007170364 
1.647679396 6.056499413 

3.662650503 2.068113468 
3.570911035 2.14690765 

2.838118063 1.442428104 
2.66608862 1.575301837 

2.969039649 1.386758983 
2.90638793 1.409427585 

2.408470771 8.447532546 
2.31706698 8.524848143 

6.572248765 6.807920325 
6.400981691 6.833052241 

7.516661403 6.013562195 
7.495391575 5.757097014 

7.397220806 7.321641108 
7.456043545 7.240639214 

7.465955785 7.145066788 
7.456043545 7.240639214 

2.356591647 1.339639239 
2.243370639 1.510244509 

2.162105281 1.702734523 
2.243370639 1.510244509 

1.620072181 9.321835754 
1.555312566 9.330678286 

5.062125364 5.173426818 
5.10444387 4.993695523 

5.14860955 4.789778052 
5.10444387 4.993695523 

0.3159449187 8.172584685 
0.3812517902 8.164446352 

2.490387538 8.588745867 
2.457415773 8.701952657 

2.38730804 8.839086973 
2.457415773 8.701952657 

4.09398347 7.17976206 
4.03715159 7.083433191 

3.99018705 6.989882284 
4.03715159 7.083433191 

1.793908207 2.186075677 
1.747930038 2.068063141 

1.689471133 1.966458221 
1.747930038 2.068063141 

3.081337244 0.3062214476 
3.157190997 0.6096493098 

3.231028083 0.9172165401 
3.157190997 0.6096493098 

3.746039383 0.8597460938 
3.767690556 1.141695944 

6.064992465 6.611608242 
6.067939707 6.464288772 

2.198482035 7.698505269 
2.102016723 7.668536136 

0.9920183202 7.444892507 
0.7237645775 7.437533389 

0.3731630698 7.485450022 
0.7237645775 7.437533389 

2.395791139 7.218718467 
2.593846014 7.166151458 

1.19251716 7.584499196 
1.26020788 7.44327645 

2.731496585 1.851871499 
2.734912135 2.088735999 

2.731496585 1.851871499 
2.736012468 1.727330017 

2.755184243 1.627566852 
2.736012468 1.727330017 

1.998356373 8.22836474 
2.21914966 8.195194959 

6.067939707 6.464288772 
6.066215699 6.356517373 

6.03678793 6.500004406 
6.067939707 6.464288772 

4.972365844 7.642620609 
4.987699641 7.841255401 

5.002203479 8.019249403 
4.987699641 7.841255401 

3.754573377 1.830036434 
3.644767355 1.606867169 

3.754573377 1.830036434 
3.792725964 1.761008703 

3.85614078 1.709010702 
3.792725964 1.761008703 

7.208419368 5.197676114 
7.167656528 5.137134696 

7.135813195 5.190303422 
7.167656528 5.137134696 

2.367816037 2.454575394 
2.353718226 2.353315375 

2.944179173 2.042957397 
3.062842619 2.103523408 

3.165017964 2.182855623 
3.062842619 2.103523408 

3.141453763 7.652083045 
3.243614622 7.814404597 

3.357754189 7.934932436 
3.243614622 7.814404597 

1.74251954 1.894733969 
1.689471133 1.966458221 

6.046547897 6.27431232 
6.047337106 6.313513647 

6.066215699 6.356517373 
6.047337106 6.313513647 

1.852367729 9.247659024 
1.704604056 9.172016004 

7.495391575 5.757097014 
7.501203159 5.615685662 

0.7306770005 6.943814147 
0.8237153985 7.162363971 

5.844880457 6.497360719 
5.941950769 6.489448689 

2.023329388 8.846323188 
1.954695491 8.961690687 

7.501203159 5.615685662 
7.483898199 5.542329125 

7.476909778 5.438727605 
7.483898199 5.542329125 

2.052024466 7.681457438 
2.003313766 7.641442513 

1.957406678 7.58496396 
2.003313766 7.641442513 

2.029263989 8.515439937 
1.898962715 8.455443072 

5.925408657 6.754739404 
5.994871658 6.923228495 

6.042919279 7.13583345 
5.994871658 6.923228495 

2.681057467 3.39168208 
2.630138901 3.51581151 

2.590372807 3.626014923 
2.630138901 3.51581151 

3.597931033 0.9639443986 
3.532834495 0.9954213434 

3.145843043 2.050939491 
3.062842619 2.103523408 

3.185393957 1.900364142 
3.055294554 1.819299664 

0.7237645775 7.437533389 
0.8478945621 7.52008849 

4.972365844 7.642620609 
4.88615988 7.563448991 

1.512011538 1.751427562 
1.570092673 1.580333497 

6.020623842 4.824772624 
6.156239683 4.779131135 

7.476909778 5.438727605 
7.345875468 5.312206134 

7.208419368 5.197676114 
7.345875468 5.312206134 

5.50211148 6.591689735 
5.62782152 6.749076749 

1.117767662 6.119017514 
1.12800285 6.143806218 

1.140968496 6.169695758 
1.12800285 6.143806218 

4.771693604 5.637526225 
5.007869394 5.688078369 

7.650906965 6.868018523 
7.613175547 6.887942369 

7.575344454 6.908982318 
7.613175547 6.887942369 

1.570092673 1.580333497 
1.592457571 1.491431927 

1.613978566 1.403419446 
1.592457571 1.491431927 

5.941950769 6.489448689 
5.973754492 6.593643589 

7.173279098 5.93037733 
7.105466826 5.943345633 

7.034201649 5.956477802 
7.105466826 5.943345633 

6.93511947 7.045224998 
6.856908911 6.901626101 

6.764017597 6.765945306 
6.856908911 6.901626101 

0.7487656663 6.360780036 
0.7674114944 6.396583153 

0.7860573224 6.43238627 
0.7674114944 6.396583153 

3.34387852 2.683676889 
3.225901081 2.816072251 

3.444518786 0.5786849333 
3.423317062 0.4761419111 

3.424990333 1.031336172 
3.480334985 1.0299097 

3.532834495 0.9954213434 
3.480334985 1.0299097 

4.374453379 6.642715637 
4.704813279 6.643060059 

6.364646694 8.313882568 
6.129943253 8.14613607 

6.315673892 7.985700795 
6.375092548 8.119970636 

5.557845533 6.051327542 
5.701827399 6.252884913 

5.195173722 6.553460593 
5.370596153 6.718774652 

4.672013607 3.018528769 
4.67259344 3.071595352 

6.375092548 8.119970636 
6.399287427 8.18722167 

1.998356373 8.22836474 
2.078927765 8.314021116 

2.140292809 8.409907031 
2.078927765 8.314021116 

5.900313084 5.525730384 
5.942616928 5.556517118 

5.984813835 5.590542787 
5.942616928 5.556517118 

2.306783774 1.478940803 
2.243370639 1.510244509 

4.771693604 5.637526225 
4.639377993 5.699404486 

4.526698696 5.756538584 
4.639377993 5.699404486 

2.644814085 6.640811065 
2.682772955 6.59853033 

2.715343797 6.569263872 
2.682772955 6.59853033 

1.647645151 8.464672757 
1.513261501 8.40045673 

6.156239683 4.779131135 
6.225711188 4.756187558 

3.055294554 1.819299664 
3.007504578 1.78274579 

2.963819904 1.726566765 
3.007504578 1.78274579 

2.539626763 7.073203792 
2.593846014 7.166151458 

3.767690556 1.141695944 
3.770550986 1.255562074 

3.773255965 1.367317276 
3.770550986 1.255562074 

2.987898943 1.312605548 
3.006876521 1.429281179 

3.030217195 1.558774085 
3.006876521 1.429281179 

2.730409251 8.246212405 
2.709695481 8.470758088 

4.017143809 6.777672398 
3.948487403 6.78299162 

6.279799657 4.699775883 
6.252095615 4.725156459 

6.225711188 4.756187558 
6.252095615 4.725156459 

5.452707594 5.688789297 
5.652572099 5.571552232 

3.059754023 2.48819344 
3.207077733 2.591714248 

3.34387852 2.683676889 
3.207077733 2.591714248 

3.454149938 6.634496877 
3.400232426 6.676040284 

3.376652054 6.736946024 
3.400232426 6.676040284 

1.894745159 0.7755668939 
1.930182055 0.7678819051 

1.961971401 0.7572573946 
1.930182055 0.7678819051 

5.841645422 7.098887955 
5.776001005 7.08064847 

5.730344587 7.023379202 
5.776001005 7.08064847 

0.4191019234 8.23810017 
0.3972803782 8.207117412 

0.3812517902 8.164446352 
0.3972803782 8.207117412 

5.731011765 6.405610204 
5.701827399 6.252884913 

4.331422551 3.142956338 
4.349172001 3.048926163 

4.361266228 2.965053474 
4.349172001 3.048926163 

2.378675063 8.334245981 
2.417685774 8.196441579 

2.453608947 8.048730007 
2.417685774 8.196441579 

2.036380733 5.918532464 
2.15612087 5.888065806 

0.7306770005 6.943814147 
0.8495008452 6.965341988 

0.9858021328 7.004043281 
0.8495008452 6.965341988 

2.309129736 7.338248914 
2.184930531 7.404967286 

2.116310123 7.435877947 
2.184930531 7.404967286 

1.496178262 9.379375696 
1.525745414 9.355026991 

1.555312566 9.330678286 
1.525745414 9.355026991 

2.597802474 7.618626881 
2.68934407 7.587505099 

2.786113606 7.569358214 
2.68934407 7.587505099 

5.71321253 7.330646802 
5.773306427 7.212168581 

5.841645422 7.098887955 
5.773306427 7.212168581 

6.325332267 4.841290377 
6.225711188 4.756187558 

2.265159873 7.505638222 
2.184930531 7.404967286 

6.238178955 6.951176221 
6.141640784 7.034172637 

6.042919279 7.13583345 
6.141640784 7.034172637 

2.179936835 6.71280427 
2.206269317 6.617957722 

2.232601798 6.523111175 
2.206269317 6.617957722 

0.6948769724 7.571493496 
0.7237645775 7.437533389 

3.533683721 2.298281048 
3.552161134 2.205568119 

3.570911035 2.14690765 
3.552161134 2.205568119 

7.003954166 5.282732305 
6.935767787 5.156529101 

2.356300842 7.877476913 
2.382316996 7.789344234 

2.388699059 7.680711093 
2.382316996 7.789344234 

6.173995092 6.530732095 
6.067939707 6.464288772 

3.441719647 2.216306012 
3.552161134 2.205568119 

2.051598047 8.053933309 
2.01828793 8.13222287 

1.998356373 8.22836474 
2.01828793 8.13222287 

1.837581316 6.322638175 
1.711707273 6.172382849 

4.786243798 7.507857436 
4.83695215 7.5286047 

4.88615988 7.563448991 
4.83695215 7.5286047 

0.7237645775 7.437533389 
0.7105133299 7.27790732 

7.562246996 6.499159507 
7.242849959 6.767628833 

6.93511947 7.045224998 
7.242849959 6.767628833 

4.784075974 2.417686607 
4.655647455 2.435447639 

4.50341352 2.401906118 
4.655647455 2.435447639 

3.308693494 8.926616501 
3.269733624 8.942383826 

3.229210193 8.963857848 
3.269733624 8.942383826 

3.433637969 2.083128919 
3.570911035 2.14690765 

0.7390219639 8.30510497 
0.7486269954 8.215679967 

0.7654227143 8.116831149 
0.7486269954 8.215679967 

2.419247627 7.032082439 
2.341610213 7.059233788 

2.27382129 7.095598204 
2.341610213 7.059233788 

2.645913462 9.478008284 
2.580098948 9.297457006 

2.523724921 9.107306925 
2.580098948 9.297457006 

2.838118063 1.442428104 
2.886985253 1.43375482 

2.90638793 1.409427585 
2.886985253 1.43375482 

2.265487835 5.831965649 
2.210804353 5.860015728 

2.15612087 5.888065806 
2.210804353 5.860015728 

3.344385877 0.711553502 
3.157190997 0.6096493098 

5.776001005 7.08064847 
5.761725396 7.141787932 

5.773306427 7.212168581 
5.761725396 7.141787932 

6.399287427 8.18722167 
6.395423374 8.236713112 

5.452707594 5.688789297 
5.499744738 5.857627925 

6.395423374 8.236713112 
6.392672377 8.262437647 

2.006772382 8.404050617 
2.078927765 8.314021116 

4.782460561 6.772222207 
4.745395068 6.714625162 

4.704813279 6.643060059 
4.745395068 6.714625162 

3.777704992 8.534047095 
3.784247939 8.476987143 

3.788979627 8.418204256 
3.784247939 8.476987143 

3.325154414 0.5207889408 
3.157190997 0.6096493098 

5.058127833 7.286810403 
5.006139983 7.207510934 

4.932273997 7.116489492 
5.006139983 7.207510934 

6.734242067 5.122690887 
6.498841963 5.002195254 

6.364646694 8.313882568 
6.378659536 8.288160107 

6.392672377 8.262437647 
6.378659536 8.288160107 

3.830158697 7.139788973 
3.99018705 6.989882284 

3.402005515 0.3353833348 
3.40994721 0.4128027642 

3.423317062 0.4761419111 
3.40994721 0.4128027642 

2.555562895 3.77826227 
2.544820987 3.746041916 

3.514589626 2.649919967 
3.414564379 2.514841254 

3.306176913 2.381482838 
3.414564379 2.514841254 

5.910367079 6.555303524 
5.935502112 6.580998163 

5.973754492 6.593643589 
5.935502112 6.580998163 

5.255447194 8.149987744 
5.134063776 8.08719436 

1.867263957 7.89945262 
1.937896381 7.932478154 

2.011519463 7.953338613 
1.937896381 7.932478154 

1.837581316 6.322638175 
1.909972798 6.21869076 

1.982364281 6.114743345 
1.909972798 6.21869076 

1.546237194 8.00740703 
1.469636686 7.999615505 

3.542243718 0.4420227404 
3.47587471 0.4239411436 

3.40994721 0.4128027642 
3.47587471 0.4239411436 

4.186658344 2.353668852 
4.067888603 2.448367804 

3.956143203 2.555520292 
4.067888603 2.448367804 

5.134063776 8.08719436 
5.110184419 8.14303581 

6.166363336 5.026248737 
6.325332267 4.841290377 

2.992075522 3.417639756 
3.024945628 3.380978894 

3.058583672 3.344153898 
3.024945628 3.380978894 

0.3731630698 7.485450022 
0.523171752 7.670156367 

0.6948769724 7.571493496 
0.5343971769 7.548471115 

0.4499681882 7.52737637 
0.4095567172 7.515716261 

0.3731630698 7.485450022 
0.4095567172 7.515716261 

0.5343971769 7.548471115 
0.4912166586 7.537937335 

0.4499681882 7.52737637 
0.4912166586 7.537937335 

4.370581979 7.618139214 
4.226103595 7.626097739 

4.080069824 7.631600734 
4.226103595 7.626097739 

1.359837416 2.699222821 
1.460475344 2.690989627 

1.561113271 2.682756434 
1.460475344 2.690989627 

5.082185905 5.94139163 
5.010728908 5.91593284 

4.952912407 5.847394014 
5.010728908 5.91593284 

4.75762416 7.321193476 
4.771933979 7.414525456 

4.786243798 7.507857436 
4.771933979 7.414525456 

4.145132066 5.885093687 
4.248383389 5.842737551 

4.346189479 5.809324714 
4.248383389 5.842737551 

2.590372807 3.626014923 
2.65464908 3.657881485 

2.107255832 7.291829487 
2.184930531 7.404967286 

0.3159449187 8.172584685 
0.5243437842 8.238207615 

0.7390219639 8.30510497 
0.5243437842 8.238207615 

0.6411517532 7.987800442 
0.5668150067 8.076219279 

6.065752158 7.878565808 
5.888490059 7.603688195 

5.71321253 7.330646802 
5.888490059 7.603688195 

4.993593971 6.341549625 
5.193716138 6.316585647 

4.374467614 3.448282516 
4.461266764 3.411991686 

4.547415714 3.3755142 
4.461266764 3.411991686 

1.864183532 8.182345879 
2.01828793 8.13222287 

2.780496722 7.99183871 
2.749727811 8.111556428 

2.730409251 8.246212405 
2.749727811 8.111556428 

5.028675604 6.475301812 
5.199633944 6.424568641 

2.200056194 9.01177344 
2.130304939 9.045085823 

2.071375636 9.082167016 
2.130304939 9.045085823 

4.918308463 1.847955987 
4.801551262 1.753675296 

3.648676498 3.026760023 
3.550620683 3.118582867 

3.488071423 3.220582297 
3.550620683 3.118582867 

1.838142158 8.854466638 
1.798963488 8.781493981 

1.770868253 8.69456921 
1.798963488 8.781493981 

4.374453379 6.642715637 
4.503174196 6.559995234 

4.641034391 6.479631112 
4.503174196 6.559995234 

4.280560981 2.809930418 
4.202282513 2.835885731 

4.127417343 2.853753283 
4.202282513 2.835885731 

6.058254152 8.199300072 
6.060868915 8.039373828 

6.065752158 7.878565808 
6.060868915 8.039373828 

5.458924543 8.19178503 
5.513691769 8.087775364 

5.568491726 7.981702407 
5.513691769 8.087775364 

1.896427808 7.678445742 
2.003313766 7.641442513 

3.533683721 2.298281048 
3.484332958 2.181898735 

3.433637969 2.083128919 
3.484332958 2.181898735 

2.652425101 2.646435388 
2.812467791 2.67016201 

2.980003693 2.701245269 
2.812467791 2.67016201 

3.865683069 6.771770914 
3.90550707 6.775856971 

3.948487403 6.78299162 
3.90550707 6.775856971 

1.446839374 8.123240069 
1.533667335 8.207456279 

1.623588023 8.291979119 
1.533667335 8.207456279 

2.388699059 7.680711093 
2.334893247 7.590851807 

2.265159873 7.505638222 
2.334893247 7.590851807 

1.905346018 1.681973918 
1.868910785 1.501004463 

2.357169478 1.777960643 
2.357510709 1.685778508 

2.36000612 1.594183622 
2.357510709 1.685778508 

5.110184419 8.14303581 
5.087641619 8.114088917 

5.068619998 8.10513727 
5.087641619 8.114088917 

2.200056194 9.01177344 
2.185260774 9.113155079 

2.460635821 2.533318642 
2.413442862 2.493970417 

2.367816037 2.454575394 
2.413442862 2.493970417 

3.098173945 2.851938156 
3.019450195 2.876241703 

2.940726445 2.90054525 
3.019450195 2.876241703 

3.88719422 2.026428112 
3.866734062 1.857282093 

7.167656528 5.137134696 
7.108579557 5.137579377 

7.049502587 5.138024059 
7.108579557 5.137579377 

2.185260774 9.113155079 
2.18339399 9.187168554 

0.4584287282 8.025790355 
0.5668150067 8.076219279 

2.18339399 9.187168554 
2.182643321 9.223870261 

2.181210207 9.259456281 
2.182643321 9.223870261 

6.173995092 6.530732095 
6.16922758 6.654164641 

4.671833187 3.143230954 
4.672961533 3.108273743 

4.67259344 3.071595352 
4.672961533 3.108273743 

5.507478234 7.035400347 
5.61891141 7.029389775 

5.730344587 7.023379202 
5.61891141 7.029389775 

2.731496585 1.851871499 
2.660075894 1.762846742 

2.588686822 1.675134135 
2.660075894 1.762846742 

2.487019495 2.355603854 
2.413442862 2.493970417 

5.557845533 6.051327542 
5.528795136 5.954477734 

5.499744738 5.857627925 
5.528795136 5.954477734 

2.838118063 1.442428104 
2.840049322 1.520586292 

2.841980581 1.59874448 
2.840049322 1.520586292 

1.631282356 7.005082868 
1.617332423 6.931232103 

1.601483857 6.858436746 
1.617332423 6.931232103 

3.433637969 2.083128919 
3.441719647 2.216306012 

3.738967676 3.992316101 
3.823630864 3.917609183 

3.908294052 3.842902265 
3.823630864 3.917609183 

6.325332267 4.841290377 
6.252095615 4.725156459 

2.052024466 7.681457438 
2.080201792 7.629486551 

2.108379118 7.577515665 
2.080201792 7.629486551 

2.197910588 3.662263411 
2.283071681 3.537300513 

2.368232775 3.412337615 
2.283071681 3.537300513 

