3.228997194 0.9209307751 
2.961395976 1.726890547 

3.744371367 7.551046649 
2.90423758 7.76813604 

4.45909639 2.718397415 
4.557255343 3.386240071 

2.051449943 8.054679485 
2.145990283 7.777425656 

2.765096636 8.84142891 
3.318565612 8.909415756 

4.756533412 4.763167563 
4.471534652 4.504793822 

6.383968089 6.3924841 
6.682385492 6.140088411 

2.870297748 2.453619571 
3.075442016 2.328888514 

6.918501503 5.996356788 
6.682385492 6.140088411 

0.8267055071 7.163432211 
0.4215231659 6.739933826 

1.632155144 7.008030061 
1.36321318 7.213985173 

1.669675415 7.860197248 
1.894458752 7.686275795 

6.482830839 5.265105317 
6.61792735 5.702476534 

4.45909639 2.718397415 
5.050927603 2.551599308 

7.54584768 6.489606627 
6.914033567 6.342605539 

6.682385492 6.140088411 
6.914033567 6.342605539 

3.31861403 2.212642336 
3.075442016 2.328888514 

3.754349471 1.83095639 
3.568994307 1.751498642 

4.1912423 4.140439214 
4.019505283 3.822586724 

7.397220806 7.321641108 
6.824369709 7.363745185 

5.557845533 6.051327542 
5.833197643 6.086116226 

4.471534652 4.504793822 
4.340947333 4.341108605 

4.1912423 4.140439214 
4.340947333 4.341108605 

2.388435782 7.680524125 
2.585513083 7.616514292 

6.918501503 5.996356788 
7.302965871 6.149100106 

5.261342395 7.211046755 
4.786243798 7.507857436 

1.945219876 2.913872366 
2.432881889 3.245256705 

2.53059731 1.971737975 
2.733074408 2.086464224 

1.631490836 8.576479922 
1.508117892 8.893582756 

2.731608443 8.248008386 
2.90423758 7.76813604 

2.733074408 2.086464224 
2.160848739 2.305374718 

2.160848739 2.305374718 
2.290714042 2.425603821 

5.713351926 7.328496228 
5.73156469 7.013146955 

0.6878923051 7.585876293 
1.031351131 7.631242076 

1.322181928 7.726533104 
1.031351131 7.631242076 

6.824369709 7.363745185 
6.93604567 7.044494794 

4.187241744 2.354753048 
4.493588947 2.401701814 

1.632155144 7.008030061 
1.195989097 6.925501075 

2.108730037 7.292323955 
2.116915171 7.43666022 

1.513131956 1.75190467 
2.160848739 2.305374718 

6.55181327 6.944481999 
7.156435186 6.673381656 

1.195989097 6.925501075 
0.8267055071 7.163432211 

6.824369709 7.363745185 
6.932335387 7.826872822 

5.041426641 6.595709294 
5.199633944 6.424568641 

5.582199741 7.682715369 
5.759229204 7.765678762 

6.065424846 7.879700937 
5.759229204 7.765678762 

7.156435186 6.673381656 
6.93604567 7.044494794 

2.489654634 8.585783093 
2.731608443 8.248008386 

1.669675415 7.860197248 
1.137413073 8.053226427 

3.653076053 2.042929433 
3.754349471 1.83095639 

2.489876574 3.842506399 
2.432881889 3.245256705 

6.61792735 5.702476534 
6.918501503 5.996356788 

3.178850442 1.909194733 
3.419154907 1.866510465 

3.036945827 6.091375228 
2.741423243 6.292236919 

1.243426742 8.758727283 
1.508117892 8.893582756 

3.228997194 0.9209307751 
3.424990333 1.031336172 

4.45909639 2.718397415 
4.493588947 2.401701814 

4.956479849 1.715133838 
4.15468397 1.932020543 

3.653076053 2.042929433 
4.15468397 1.932020543 

6.311725989 7.98590064 
6.193284928 7.341765181 

6.042919279 7.13583345 
6.193284928 7.341765181 

2.432881889 3.245256705 
2.368232775 3.412337615 

7.156435186 6.673381656 
6.951387136 6.618786972 

5.5995865 6.495243859 
5.758880716 6.523073151 

0.8267055071 7.163432211 
1.015061548 7.442271113 

2.961395976 1.726890547 
2.841656526 1.610397329 

1.195989097 6.925501075 
1.292399454 6.214811461 

3.096282093 8.31463878 
3.068491733 8.059258738 

4.137639422 5.882998126 
4.197539371 6.231820997 

3.867720659 6.768456803 
4.197539371 6.231820997 

3.773430371 1.366512692 
3.924533513 1.583062345 

5.582076834 5.398322888 
5.472431145 5.69449918 

7.476909778 5.438727605 
6.937799666 5.671600735 

1.838142158 8.854466638 
1.595105359 9.060641376 

1.100375333 9.289417402 
1.595105359 9.060641376 

5.833197643 6.086116226 
6.089903687 5.997534592 

3.228997194 0.9209307751 
3.127730708 1.302137187 

3.568994307 1.751498642 
3.127730708 1.302137187 

6.330012018 5.656029151 
6.139985723 5.339511609 

0.4215231659 6.739933826 
0.9992534625 6.77550205 

1.195989097 6.925501075 
0.9992534625 6.77550205 

5.261342395 7.211046755 
5.73156469 7.013146955 

4.782460561 6.772222207 
4.907666602 6.866390484 

3.318565612 8.909415756 
3.233549881 8.577877096 

6.914033567 6.342605539 
6.729236501 6.495230169 

2.53059731 1.971737975 
2.356906012 1.779160962 

2.160848739 2.305374718 
2.133428802 2.110788397 

1.308757988 2.299888367 
1.64451875 2.288687917 

5.929928643 6.742881336 
6.236379554 6.949704774 

2.021760187 8.526480344 
2.023139882 8.8446691 

2.388435782 7.680524125 
2.452602685 8.048715437 

7.311172999 7.813994038 
6.932335387 7.826872822 

3.750050258 0.8420252778 
3.57925449 0.7942941751 

4.774029928 5.63639213 
4.850635937 5.827673573 

2.364193706 0.9118565174 
2.2553357 0.6533683446 

7.302965871 6.149100106 
7.200461665 6.310604315 

4.370581979 7.618139214 
4.31491347 7.290675952 

4.31491347 7.290675952 
4.555020176 7.307719655 

1.838142158 8.854466638 
2.023139882 8.8446691 

6.311725989 7.98590064 
5.54774988 7.978718093 

7.208419368 5.197676114 
7.093714028 5.370396358 

5.54774988 7.978718093 
5.582199741 7.682715369 

1.137413073 8.053226427 
1.322181928 7.726533104 

0.3159449187 8.172584685 
0.6418729086 7.98753153 

2.90423758 7.76813604 
2.452602685 8.048715437 

4.448799032 1.359600408 
3.924533513 1.583062345 

5.629339326 4.976617394 
5.512502431 4.778032906 

5.14860955 4.789778052 
5.512502431 4.778032906 

3.096282093 8.31463878 
3.233549881 8.577877096 

5.833197643 6.086116226 
6.046212207 6.276595562 

2.489654634 8.585783093 
2.603340504 8.901784929 

3.081337244 0.3062214476 
3.344385877 0.711553502 

3.424990333 1.031336172 
3.344385877 0.711553502 

3.648718655 3.027580152 
3.762011862 3.283636989 

2.489876574 3.842506399 
2.368232775 3.412337615 

2.133428802 2.110788397 
2.733074408 2.086464224 

4.137639422 5.882998126 
4.721354049 6.302906376 

5.041426641 6.595709294 
4.721354049 6.302906376 

1.832618489 6.346216259 
1.627818754 6.651139061 

6.193284928 7.341765181 
5.713351926 7.328496228 

3.233549881 8.577877096 
3.385138263 8.382061759 

2.733074408 2.086464224 
2.424626028 2.191162194 

2.133428802 2.110788397 
1.793908207 2.186075677 

3.956691533 2.566061624 
3.613265194 2.516888669 

3.533683721 2.298281048 
3.613265194 2.516888669 

2.116915171 7.43666022 
2.258252181 7.503574823 

2.855247935 6.655067348 
3.411353253 6.453831394 

7.54584768 6.489606627 
7.250867251 6.507219651 

6.824369709 7.363745185 
6.601452421 7.456826849 

1.669675415 7.860197248 
1.471177539 7.998165932 

7.156435186 6.673381656 
7.437013587 6.651452371 

3.754349471 1.83095639 
4.125357224 1.411507314 

6.046212207 6.276595562 
6.089903687 5.997534592 

1.471177539 7.998165932 
1.447619281 8.125085754 

2.465061473 6.013478626 
2.700171912 6.124148495 

2.741423243 6.292236919 
2.700171912 6.124148495 

2.731608443 8.248008386 
2.378828653 8.336169739 

2.870297748 2.453619571 
2.888752339 2.272010852 

2.946022561 2.042861933 
2.888752339 2.272010852 

1.195989097 6.925501075 
1.36321318 7.213985173 

2.368232775 3.412337615 
2.171483819 3.332107564 

2.309640309 7.327692562 
2.258252181 7.503574823 

1.015061548 7.442271113 
1.148210881 7.15198548 

1.195989097 6.925501075 
1.148210881 7.15198548 

4.721354049 6.302906376 
4.642308448 6.479786078 

3.867720659 6.768456803 
3.830158697 7.139788973 

2.62545853 3.177254555 
2.432881889 3.245256705 

2.020005838 7.016262355 
1.955023726 6.875988086 

3.141332686 3.288322912 
3.211536939 3.513569032 

5.14860955 4.789778052 
4.922867528 4.963969917 

4.756533412 4.763167563 
4.922867528 4.963969917 

5.629339326 4.976617394 
5.887325007 4.737416149 

1.031351131 7.631242076 
1.015061548 7.442271113 

2.355472343 1.340497322 
2.071467338 1.352578053 

2.765096636 8.84142891 
2.603340504 8.901784929 

5.5995865 6.495243859 
5.629684263 6.748817898 

0.740630363 8.301304823 
0.6418729086 7.98753153 

4.31491347 7.290675952 
3.867720659 6.768456803 

6.669470783 8.249326172 
6.658210821 7.959850333 

1.64451875 2.288687917 
1.601828183 2.419520598 

2.731608443 8.248008386 
3.068491733 8.059258738 

1.929627431 1.503920551 
1.903949526 1.682391049 

5.629684263 6.748817898 
5.929928643 6.742881336 

2.961395976 1.726890547 
2.946022561 2.042861933 

4.448799032 1.359600408 
4.557446231 1.618281222 

3.57925449 0.7942941751 
3.566773782 0.423555582 

4.782460561 6.772222207 
4.551671409 6.955304847 

0.8267055071 7.163432211 
1.148210881 7.15198548 

3.613265194 2.516888669 
3.501217876 2.650881734 

1.308757988 2.299888367 
1.601828183 2.419520598 

2.675652482 0.4489099127 
2.762653769 0.836962062 

3.075442016 2.328888514 
2.888752339 2.272010852 

4.45909639 2.718397415 
4.399937964 2.866290427 

2.90423758 7.76813604 
3.357754189 7.934932436 

1.793908207 2.186075677 
1.64451875 2.288687917 

2.855247935 6.655067348 
2.896545631 6.81618703 

2.933514502 2.897365089 
2.985245523 2.685975904 

5.582199741 7.682715369 
5.244157852 7.711911208 

0.8267055071 7.163432211 
0.9992534625 6.77550205 

4.557255343 3.386240071 
4.563295371 3.137689106 

4.331422551 3.142956338 
4.563295371 3.137689106 

2.63758699 9.480841824 
2.74579726 9.148095144 

2.765096636 8.84142891 
2.74579726 9.148095144 

6.760571315 6.773774953 
6.729236501 6.495230169 

3.744371367 7.551046649 
4.080069824 7.631600734 

1.929627431 1.503920551 
2.071467338 1.352578053 

3.424990333 1.031336172 
3.57925449 0.7942941751 

6.139985723 5.339511609 
6.311433872 5.449076066 

6.482830839 5.265105317 
6.311433872 5.449076066 

0.7415325176 8.830337493 
0.5288157223 8.62663468 

2.961395976 1.726890547 
3.02794673 1.560458948 

5.007231239 8.014789899 
5.444823619 7.656513048 

7.200461665 6.310604315 
7.250867251 6.507219651 

6.918501503 5.996356788 
6.937799666 5.671600735 

1.36321318 7.213985173 
0.9775196677 6.990000851 

3.385138263 8.382061759 
3.538939113 8.323926248 

5.900889807 5.527392227 
6.139985723 5.339511609 

1.447619281 8.125085754 
1.515381462 8.394278176 

1.631490836 8.576479922 
1.515381462 8.394278176 

2.731608443 8.248008386 
2.792742628 8.469528003 

5.261342395 7.211046755 
5.244157852 7.711911208 

6.729236501 6.495230169 
6.614037225 6.68020469 

5.472431145 5.69449918 
5.087182527 5.938597595 

2.733074408 2.086464224 
2.946022561 2.042861933 

0.6418729086 7.98753153 
0.6878923051 7.585876293 

6.669470783 8.249326172 
6.99908031 8.050608987 

0.6418729086 7.98753153 
0.8490452003 7.860771448 

0.9775196677 6.990000851 
1.195989097 6.925501075 

4.557446231 1.618281222 
4.29526961 1.568726401 

4.125357224 1.411507314 
4.29526961 1.568726401 

4.15468397 1.932020543 
3.915783972 2.17268948 

1.601828183 2.419520598 
1.524171542 2.465746337 

3.266525447 3.922670962 
3.186284024 3.62584667 

2.992075522 3.417639756 
3.186284024 3.62584667 

5.199633944 6.424568641 
4.992752671 6.34253308 

4.721354049 6.302906376 
4.992752671 6.34253308 

4.774029928 5.63639213 
5.162614465 5.424664423 

1.673954642 6.372225933 
1.832618489 6.346216259 

3.02794673 1.560458948 
2.841656526 1.610397329 

2.913316182 7.220306343 
2.653318855 7.315918697 

2.741423243 6.292236919 
2.785631747 6.467971497 

0.9992534625 6.77550205 
1.087507769 6.594048836 

1.627818754 6.651139061 
1.195989097 6.925501075 

3.127730708 1.302137187 
2.98920115 1.312312995 

1.292399454 6.214811461 
1.325619094 6.580887209 

0.6878923051 7.585876293 
0.5239691269 7.670014236 

7.437013587 6.651452371 
7.250867251 6.507219651 

4.557255343 3.386240071 
4.880787922 2.934068684 

5.050927603 2.551599308 
4.880787922 2.934068684 

2.336125958 6.41015509 
2.741423243 6.292236919 

5.887325007 4.737416149 
6.020623842 4.824772624 

3.228997194 0.9209307751 
3.344385877 0.711553502 

1.894745159 0.7755668939 
1.869864373 1.054839907 

6.760571315 6.773774953 
6.614037225 6.68020469 

5.491261096 7.018254205 
5.68788019 6.888138883 

5.629684263 6.748817898 
5.68788019 6.888138883 

4.555978453 1.821314593 
4.72538473 1.819561681 

4.956479849 1.715133838 
4.72538473 1.819561681 

1.508117892 8.893582756 
1.352841353 9.070800564 

4.907666602 6.866390484 
4.932273997 7.116489492 

2.603340504 8.901784929 
2.74579726 9.148095144 

4.922867528 4.963969917 
4.829226122 5.150454003 

6.61792735 5.702476534 
6.888292145 5.388570476 

4.829226122 5.150454003 
4.452365159 5.284756568 

1.243426742 8.758727283 
1.515381462 8.394278176 

6.937799666 5.671600735 
6.888292145 5.388570476 

4.079563985 0.9699632506 
4.127241458 0.830458799 

2.841656526 1.610397329 
2.589545392 1.676654718 

2.356906012 1.779160962 
2.589545392 1.676654718 

3.744371367 7.551046649 
3.357754189 7.934932436 

3.744371367 7.551046649 
3.644656947 7.86589238 

4.555020176 7.307719655 
4.551671409 6.955304847 

2.53059731 1.971737975 
2.589545392 1.676654718 

3.762011862 3.283636989 
3.637831428 3.219595627 

1.575773598 7.527022583 
1.861889083 7.445588298 

2.452602685 8.048715437 
2.255538315 8.070295882 

2.913316182 7.220306343 
3.106241345 7.034357145 

1.894458752 7.686275795 
2.052170558 7.684279677 

3.036945827 6.091375228 
2.700171912 6.124148495 

5.084785842 2.131497972 
4.899963462 1.986380916 

4.721354049 6.302906376 
4.569040765 6.106836843 

2.181210207 9.259456281 
2.38730804 8.839086973 

1.632155144 7.008030061 
1.717228052 7.33071117 

4.125357224 1.411507314 
4.498916166 0.8166393969 

7.397220806 7.321641108 
7.19678772 7.058655163 

3.096282093 8.31463878 
2.792742628 8.469528003 

2.792742628 8.469528003 
3.019703274 8.645681526 

1.36321318 7.213985173 
1.717228052 7.33071117 

2.62545853 3.177254555 
2.685441286 3.388443189 

6.888292145 5.388570476 
7.093714028 5.370396358 

4.795579546 2.416900206 
4.56931735 2.58624119 

4.45909639 2.718397415 
4.56931735 2.58624119 

3.144793959 2.174377524 
3.227506358 2.116411749 

4.774029928 5.63639213 
4.863820727 5.419013874 

4.498916166 0.8166393969 
4.127241458 0.830458799 

1.447619281 8.125085754 
1.701126927 8.175176582 

3.653076053 2.042929433 
3.427453916 2.076526771 

6.236379554 6.949704774 
6.229276827 6.738657336 

3.075442016 2.328888514 
3.144793959 2.174377524 

3.068491733 8.059258738 
3.357754189 7.934932436 

3.019703274 8.645681526 
3.093623237 8.720617645 

5.444823619 7.656513048 
5.582199741 7.682715369 

2.641106727 2.658208802 
2.732565053 2.844581243 

2.933514502 2.897365089 
2.732565053 2.844581243 

7.54584768 6.489606627 
7.614691536 6.710859004 

3.075442016 2.328888514 
3.057071827 2.48429119 

2.675652482 0.4489099127 
2.39475442 0.6922314353 

2.2553357 0.6533683446 
2.39475442 0.6922314353 

1.673954642 6.372225933 
1.712313633 6.173991723 

3.036945827 6.091375228 
3.090818666 6.320637105 

3.057071827 2.48429119 
2.870297748 2.453619571 

5.007231239 8.014789899 
5.141650746 7.895806468 

5.244157852 7.711911208 
5.141650746 7.895806468 

2.364193706 0.9118565174 
2.447910537 0.7327489381 

2.603340504 8.901784929 
2.523724921 9.107306925 

3.424990333 1.031336172 
3.265345296 1.115024855 

3.127730708 1.302137187 
3.265345296 1.115024855 

2.171483819 3.332107564 
2.098427786 3.493948435 

4.125357224 1.411507314 
4.004339345 1.419207476 

1.308757988 2.299888367 
1.524171542 2.465746337 

1.308757988 2.299888367 
1.537130088 2.054588823 

0.7678892449 8.116547629 
0.6418729086 7.98753153 

7.302965871 6.149100106 
7.40585149 6.161497992 

4.187241744 2.354753048 
4.45909639 2.718397415 

4.15468397 1.932020543 
4.270186153 2.127646849 

2.447910537 0.7327489381 
2.465026543 0.5435360182 

1.015061548 7.442271113 
1.269875472 7.458734402 

5.041426641 6.595709294 
4.907666602 6.866390484 

1.100375333 9.289417402 
1.379656923 8.681027028 

4.551671409 6.955304847 
4.374453379 6.642715637 

0.9775196677 6.990000851 
0.8267055071 7.163432211 

7.200461665 6.310604315 
7.40585149 6.161497992 

2.021760187 8.526480344 
2.139401522 8.41087144 

6.99908031 8.050608987 
6.932335387 7.826872822 

0.4215231659 6.739933826 
0.7153757319 6.623501765 

0.740630363 8.301304823 
0.7478439077 8.528217061 

7.311172999 7.813994038 
7.207090668 7.555764616 

1.243426742 8.758727283 
1.379656923 8.681027028 

3.266525447 3.922670962 
3.524801399 3.849016833 

3.724212842 4.000760446 
3.524801399 3.849016833 

5.759229204 7.765678762 
5.895705705 7.55237183 

1.137413073 8.053226427 
0.8490452003 7.860771448 

1.243426742 8.758727283 
1.052963448 8.700453181 

4.31491347 7.290675952 
3.982274244 7.446136874 

3.744371367 7.551046649 
3.982274244 7.446136874 

2.53059731 1.971737975 
2.720077512 1.85223352 

2.145990283 7.777425656 
2.197319355 7.701935293 

2.388435782 7.680524125 
2.197319355 7.701935293 

3.228997194 0.9209307751 
3.265345296 1.115024855 

6.279799657 4.699775883 
6.166363336 5.026248737 

2.90423758 7.76813604 
2.99305923 7.924188198 

3.068491733 8.059258738 
2.99305923 7.924188198 

2.355351332 7.876542618 
2.197319355 7.701935293 

6.729236501 6.495230169 
6.56878145 6.460467533 

4.080069824 7.631600734 
3.982274244 7.446136874 

6.56878145 6.460467533 
6.614037225 6.68020469 

6.330012018 5.656029151 
6.036796114 5.866422372 

5.833197643 6.086116226 
6.036796114 5.866422372 

0.7487656663 6.360780036 
1.046467548 6.377170508 

2.424626028 2.191162194 
2.490422624 2.354455126 

5.369242356 6.718744344 
5.629684263 6.748817898 

2.786113606 7.569358214 
2.90423758 7.76813604 

2.779924208 7.992506882 
2.99305923 7.924188198 

4.197539371 6.231820997 
4.569040765 6.106836843 

6.760571315 6.773774953 
6.862429091 6.727394887 

6.951387136 6.618786972 
6.862429091 6.727394887 

4.197539371 6.231820997 
4.252502769 6.477827703 

4.374453379 6.642715637 
4.252502769 6.477827703 

5.73156469 7.013146955 
5.68788019 6.888138883 

5.929928643 6.742881336 
5.68788019 6.888138883 

7.40585149 6.161497992 
7.477774847 6.238803925 

7.093714028 5.370396358 
7.476909778 5.438727605 

2.432881889 3.245256705 
2.383290572 2.897469907 

3.344385877 0.711553502 
3.57925449 0.7942941751 

4.863820727 5.419013874 
5.162614465 5.424664423 

5.007231239 8.014789899 
5.133362272 7.614462544 

4.187241744 2.354753048 
4.290086196 2.214956277 

4.270186153 2.127646849 
4.290086196 2.214956277 

5.557845533 6.051327542 
5.259024169 6.01341066 

5.087182527 5.938597595 
5.259024169 6.01341066 

7.093714028 5.370396358 
7.024528445 5.516570765 

6.937799666 5.671600735 
7.024528445 5.516570765 

3.996838634 3.094601893 
4.127417343 2.853753283 

6.55181327 6.944481999 
6.229276827 6.738657336 

7.250867251 6.507219651 
7.156435186 6.673381656 

6.046212207 6.276595562 
5.887121138 6.424206354 

5.758880716 6.523073151 
5.887121138 6.424206354 

6.089903687 5.997534592 
6.036796114 5.866422372 

1.982709676 6.11230427 
1.804197297 6.028374287 

2.355351332 7.876542618 
2.452602685 8.048715437 

1.322181928 7.726533104 
1.300439907 7.973391784 

4.448799032 1.359600408 
4.356703222 1.194283233 

5.909982832 6.55482518 
5.887121138 6.424206354 

1.793908207 2.186075677 
1.537130088 2.054588823 

6.914033567 6.342605539 
6.56878145 6.460467533 

0.5288157223 8.62663468 
0.6575404017 8.556905918 

0.7478439077 8.528217061 
0.6575404017 8.556905918 

1.755196162 9.314577335 
1.705044869 9.173074085 

1.595105359 9.060641376 
1.705044869 9.173074085 

3.644656947 7.86589238 
3.538939113 8.323926248 

1.575773598 7.527022583 
1.759439278 7.611032631 

1.894458752 7.686275795 
1.759439278 7.611032631 

1.956210366 3.339334654 
1.921319791 3.480129941 

1.325619094 6.580887209 
1.087507769 6.594048836 

1.515381462 8.394278176 
1.646596579 8.301283502 

2.418442321 6.246369816 
2.187099956 6.034100649 

4.863820727 5.419013874 
5.054172044 5.162985586 

3.325666488 0.5194726048 
3.404988921 0.3286729408 

1.613978566 1.403419446 
1.915255726 1.318813916 

2.071467338 1.352578053 
1.915255726 1.318813916 

2.021760187 8.526480344 
1.631490836 8.576479922 

1.137413073 8.053226427 
1.300439907 7.973391784 

1.832618489 6.346216259 
1.991893732 6.339517831 

1.929627431 1.503920551 
1.915255726 1.318813916 

1.793908207 2.186075677 
1.637170963 2.20349985 

4.136197455 0.5713277556 
4.096665193 0.7399396445 

4.127241458 0.830458799 
4.096665193 0.7399396445 

3.266525447 3.922670962 
3.377957699 3.709474276 

3.211536939 3.513569032 
3.377957699 3.709474276 

0.7153757319 6.623501765 
0.7814194015 6.568018803 

2.961395976 1.726890547 
2.720077512 1.85223352 

7.173279098 5.93037733 
7.234418858 5.728343428 

2.098427786 3.493948435 
2.042931989 3.452269863 

1.956210366 3.339334654 
2.042931989 3.452269863 

2.992075522 3.417639756 
2.811903265 3.548501615 

5.199633944 6.424568641 
5.259024169 6.01341066 

3.344385877 0.711553502 
3.325666488 0.5194726048 

6.55181327 6.944481999 
6.383195669 6.683292809 

6.383968089 6.3924841 
6.383195669 6.683292809 

3.31861403 2.212642336 
3.306176913 2.381482838 

3.318565612 8.909415756 
2.868649567 8.692557025 

2.489654634 8.585783093 
2.868649567 8.692557025 

3.568994307 1.751498642 
3.644767355 1.606867169 

5.182803723 8.069301431 
5.141650746 7.895806468 

1.945219876 2.913872366 
1.717256337 2.744166773 

6.55181327 6.944481999 
6.400981691 6.833052241 

6.236379554 6.949704774 
6.400981691 6.833052241 

3.956691533 2.566061624 
3.705504599 2.326799062 

3.653076053 2.042929433 
3.705504599 2.326799062 

2.364193706 0.9118565174 
2.39475442 0.6922314353 

3.211536939 3.513569032 
3.186284024 3.62584667 

2.465026543 0.5435360182 
2.39475442 0.6922314353 

1.673954642 6.372225933 
1.325619094 6.580887209 

1.627818754 6.651139061 
1.834049672 6.735237843 

1.861889083 7.445588298 
1.717228052 7.33071117 

5.133362272 7.614462544 
4.972365844 7.642620609 

7.234418858 5.728343428 
7.303889201 5.622867131 

3.644656947 7.86589238 
3.735468934 8.214859239 

1.637170963 2.20349985 
1.64451875 2.288687917 

5.900889807 5.527392227 
5.715078598 5.639384674 

3.31861403 2.212642336 
3.427453916 2.076526771 

7.477774847 6.238803925 
7.531169223 6.216267949 

2.733074408 2.086464224 
2.705330754 2.2423099 

2.870297748 2.453619571 
2.705330754 2.2423099 

5.929928643 6.742881336 
5.733114006 6.668775067 

5.5995865 6.495243859 
5.733114006 6.668775067 

4.137639422 5.882998126 
4.816011561 5.966156107 

5.557845533 6.051327542 
4.816011561 5.966156107 

2.42340408 7.039704008 
2.395544153 7.218199588 

2.309640309 7.327692562 
2.395544153 7.218199588 

3.356643806 7.00162134 
3.369249217 7.223000219 

4.774029928 5.63639213 
4.816011561 5.966156107 

6.311725989 7.98590064 
6.232794658 8.01736972 

2.197910588 3.662263411 
1.995089965 3.45448016 

4.019505283 3.822586724 
4.249042337 3.617020627 

3.648718655 3.027580152 
3.637831428 3.219595627 

4.850635937 5.827673573 
4.816011561 5.966156107 

6.93604567 7.044494794 
7.066671714 6.928294009 

5.758880716 6.523073151 
5.733114006 6.668775067 

1.352841353 9.070800564 
1.367972537 9.178303406 

1.524171542 2.465746337 
1.506454803 2.606118734 

3.533683721 2.298281048 
3.705504599 2.326799062 

6.482830839 5.265105317 
6.734242067 5.122690887 

2.779924208 7.992506882 
2.525346234 7.945589766 

2.355351332 7.876542618 
2.525346234 7.945589766 

6.07258726 6.610673553 
5.982794696 6.595146632 

4.15468397 1.932020543 
3.979092806 1.877681895 

7.476909778 5.438727605 
7.359557807 5.577958319 

7.303889201 5.622867131 
7.359557807 5.577958319 

6.99908031 8.050608987 
7.046799787 7.88601896 

3.42454602 1.600105318 
3.323082757 1.446054588 

3.127730708 1.302137187 
3.323082757 1.446054588 

2.765096636 8.84142891 
2.868649567 8.692557025 

5.182803723 8.069301431 
5.255447194 8.149987744 

4.551671409 6.955304847 
4.30110139 6.973420226 

6.193284928 7.341765181 
6.402511747 7.261460106 

2.792742628 8.469528003 
2.868649567 8.692557025 

7.614691536 6.710859004 
7.650906965 6.868018523 

1.379656923 8.681027028 
1.515381462 8.394278176 

3.419154907 1.866510465 
3.427453916 2.076526771 

1.998527719 8.228064327 
1.899519409 8.456134266 

2.786113606 7.569358214 
2.793596393 7.458534311 

5.713351926 7.328496228 
5.687494661 7.579790184 

5.582199741 7.682715369 
5.687494661 7.579790184 

4.374453379 6.642715637 
4.137331723 6.745331945 

2.762653769 0.836962062 
2.79103493 0.9728568296 

1.379656923 8.681027028 
1.307104905 8.441014857 

2.181210207 9.259456281 
2.405538466 9.335227232 

2.63758699 9.480841824 
2.405538466 9.335227232 

2.355472343 1.340497322 
2.666484597 1.575677308 

2.961395976 1.726890547 
2.666484597 1.575677308 

6.229276827 6.738657336 
6.383195669 6.683292809 

5.041426641 6.595709294 
5.133402347 6.720988666 

5.369242356 6.718744344 
5.133402347 6.720988666 

5.244157852 7.711911208 
5.133362272 7.614462544 

2.2553357 0.6533683446 
2.074408061 0.7115969941 

1.955023726 6.875988086 
1.834049672 6.735237843 

0.5239691269 7.670014236 
0.5379367143 7.553538293 

0.3731630698 7.485450022 
0.5379367143 7.553538293 

1.625165301 3.27159154 
1.86670851 3.407170384 

1.995089965 3.45448016 
1.86670851 3.407170384 

3.369249217 7.223000219 
3.446226078 7.309277723 

3.21636062 2.914195755 
3.344501634 2.683503201 

3.501217876 2.650881734 
3.344501634 2.683503201 

3.538939113 8.323926248 
3.735468934 8.214859239 

3.090818666 6.320637105 
3.117887535 6.416357991 

2.383290572 2.897469907 
2.576018823 2.886179931 

2.732565053 2.844581243 
2.576018823 2.886179931 

1.632155144 7.008030061 
1.731314798 7.243187238 

1.861889083 7.445588298 
1.731314798 7.243187238 

4.850635937 5.827673573 
5.008788664 5.686640961 

5.162614465 5.424664423 
5.008788664 5.686640961 

2.888752339 2.272010852 
2.705330754 2.2423099 

1.322181928 7.726533104 
0.8507467959 7.988724478 

1.36321318 7.213985173 
1.148210881 7.15198548 

4.563295371 3.137689106 
4.670036585 3.141625656 

2.79103493 0.9728568296 
2.881403353 0.8917590033 

3.013393127 0.7921472417 
2.881403353 0.8917590033 

3.404988921 0.3286729408 
3.273264833 0.3483830459 

0.9775196677 6.990000851 
0.9992534625 6.77550205 

1.903949526 1.682391049 
1.703952522 1.785706751 

1.513131956 1.75190467 
1.703952522 1.785706751 

6.888292145 5.388570476 
7.024528445 5.516570765 

3.956691533 2.566061624 
3.755767823 2.785280936 

3.648718655 3.027580152 
3.755767823 2.785280936 

5.733114006 6.668775067 
5.629684263 6.748817898 

1.669675415 7.860197248 
1.866964734 7.898361763 

0.5877624407 7.309290993 
0.7105133299 7.27790732 

0.8267055071 7.163432211 
0.7105133299 7.27790732 

1.613978566 1.403419446 
1.797199077 1.410586211 

1.929627431 1.503920551 
1.797199077 1.410586211 

1.717228052 7.33071117 
1.731314798 7.243187238 

3.178850442 1.909194733 
3.139306976 2.039321288 

4.30110139 6.973420226 
4.137331723 6.745331945 

1.046467548 6.377170508 
1.159692009 6.298569557 

1.137413073 8.053226427 
0.8507467959 7.988724478 

6.365197605 8.312358254 
6.289787194 8.104764646 

2.811903265 3.548501615 
2.746582516 3.616578897 

5.444823619 7.656513048 
5.244157852 7.711911208 

5.512502431 4.778032906 
5.605665787 4.592740205 

7.54584768 6.489606627 
7.477774847 6.238803925 

7.19678772 7.058655163 
6.93604567 7.044494794 

2.74579726 9.148095144 
2.650839374 9.145300287 

6.61792735 5.702476534 
6.937799666 5.671600735 

2.855247935 6.655067348 
2.644814085 6.640811065 

2.641106727 2.658208802 
2.576018823 2.886179931 

7.437013587 6.651452371 
7.54584768 6.489606627 

2.108891612 7.576918834 
2.258252181 7.503574823 

2.133428802 2.110788397 
1.929834109 1.988631544 

6.729236501 6.495230169 
6.862429091 6.727394887 

5.162614465 5.424664423 
5.054172044 5.162985586 

7.19678772 7.058655163 
7.080592236 7.170528706 

5.929928643 6.742881336 
5.982794696 6.595146632 

5.471462338 8.219555612 
5.356167243 8.147670785 

5.255447194 8.149987744 
5.356167243 8.147670785 

7.397220806 7.321641108 
7.2429731 7.458059416 

1.921319791 3.480129941 
1.995089965 3.45448016 

2.641106727 2.658208802 
2.45865399 2.545533081 

3.761325975 8.54507153 
3.628284054 8.478170497 

2.489654634 8.585783093 
2.630612297 8.720148631 

2.765096636 8.84142891 
2.630612297 8.720148631 

4.356703222 1.194283233 
4.351623074 1.045869964 

5.929928643 6.742881336 
5.77872939 6.877834632 

3.117887535 6.416357991 
3.197294529 6.428099391 

6.658210821 7.959850333 
6.882980368 7.979405057 

6.99908031 8.050608987 
6.882980368 7.979405057 

1.496178262 9.379375696 
1.367972537 9.178303406 

3.266525447 3.922670962 
3.464235072 3.619951096 

6.914033567 6.342605539 
6.951387136 6.618786972 

4.187241744 2.354753048 
4.558840013 2.051918993 

4.956479849 1.715133838 
4.558840013 2.051918993 

4.555978453 1.821314593 
4.671280647 1.693895092 

4.557446231 1.618281222 
4.671280647 1.693895092 

6.682385492 6.140088411 
6.626513099 6.278510126 

6.56878145 6.460467533 
6.626513099 6.278510126 

3.42454602 1.600105318 
3.644767355 1.606867169 

2.985245523 2.685975904 
3.074459638 2.691937581 

3.057071827 2.48429119 
3.074459638 2.691937581 

2.720077512 1.85223352 
2.666484597 1.575677308 

2.181210207 9.259456281 
2.071375636 9.082167016 

2.27382129 7.095598204 
2.395544153 7.218199588 

1.717256337 2.744166773 
1.561113271 2.682756434 

3.227506358 2.116411749 
3.2806034 2.140342217 

3.427453916 2.076526771 
3.2806034 2.140342217 

6.383968089 6.3924841 
6.56878145 6.460467533 

2.53059731 1.971737975 
2.16929981 1.724071455 

3.411353253 6.453831394 
3.256342102 6.43935002 

3.197294529 6.428099391 
3.256342102 6.43935002 

6.682385492 6.140088411 
6.974284152 5.902574558 

5.77872939 6.877834632 
5.68788019 6.888138883 

3.830158697 7.139788973 
3.982274244 7.446136874 

6.07258726 6.610673553 
6.171721255 6.531122331 

6.336235844 6.141527236 
6.383968089 6.3924841 

1.613978566 1.403419446 
1.87082408 1.502855933 

2.16929981 1.724071455 
1.87082408 1.502855933 

6.289787194 8.104764646 
6.19043584 8.107816539 

3.139306976 2.039321288 
3.227506358 2.116411749 

3.318565612 8.909415756 
3.172218336 8.626085387 

3.096282093 8.31463878 
3.172218336 8.626085387 

4.569040765 6.106836843 
4.816011561 5.966156107 

3.464235072 3.619951096 
3.377957699 3.709474276 

6.336235844 6.141527236 
6.231727166 6.070709203 

6.089903687 5.997534592 
6.231727166 6.070709203 

1.921319791 3.480129941 
1.86670851 3.407170384 

6.058016546 8.196597937 
6.143573314 8.072862678 

6.232794658 8.01736972 
6.143573314 8.072862678 

3.566773782 0.423555582 
3.404988921 0.3286729408 

3.566773782 0.423555582 
3.445869336 0.5773330662 

3.344385877 0.711553502 
3.445869336 0.5773330662 

6.365197605 8.312358254 
6.544000486 8.255224921 

5.472431145 5.69449918 
5.259024169 6.01341066 

2.489654634 8.585783093 
2.316363408 8.523645288 

2.021760187 8.526480344 
2.316363408 8.523645288 

3.178850442 1.909194733 
3.02794673 1.560458948 

6.311433872 5.449076066 
6.330012018 5.656029151 

5.887121138 6.424206354 
5.703319968 6.252089837 

7.476909778 5.438727605 
7.223675521 5.654779509 

6.974284152 5.902574558 
7.223675521 5.654779509 

6.065424846 7.879700937 
6.232794658 8.01736972 

2.896545631 6.81618703 
2.922259296 7.013929613 

3.722164247 2.593829977 
3.613265194 2.516888669 

6.311725989 7.98590064 
6.289787194 8.104764646 

4.569040765 6.106836843 
4.611047378 6.304472134 

4.642308448 6.479786078 
4.611047378 6.304472134 

6.383195669 6.683292809 
6.400981691 6.833052241 

0.6878923051 7.585876293 
0.5404670224 7.889711584 

3.722164247 2.593829977 
3.755767823 2.785280936 

4.080069824 7.631600734 
4.203731748 7.435215216 

4.31491347 7.290675952 
4.203731748 7.435215216 

0.5404670224 7.889711584 
0.6418729086 7.98753153 

5.900889807 5.527392227 
5.959649903 5.718370623 

6.036796114 5.866422372 
5.959649903 5.718370623 

1.631490836 8.576479922 
1.379656923 8.681027028 

1.861889083 7.445588298 
2.108891612 7.576918834 

1.513131956 1.75190467 
1.742100007 1.893874539 

1.929834109 1.988631544 
1.742100007 1.893874539 

3.419154907 1.866510465 
3.568994307 1.751498642 

7.19678772 7.058655163 
7.334773189 7.028244638 

7.554029225 6.993178107 
7.334773189 7.028244638 

5.162614465 5.424664423 
5.283743104 5.547569616 

6.065424846 7.879700937 
6.143573314 8.072862678 

1.36321318 7.213985173 
1.278635401 7.354652622 

1.269875472 7.458734402 
1.278635401 7.354652622 

3.915783972 2.17268948 
3.705504599 2.326799062 

2.38730804 8.839086973 
2.603340504 8.901784929 

1.496178262 9.379375696 
1.364510164 9.267119988 

3.33366591 7.579341779 
3.554947314 7.507788945 

3.744371367 7.551046649 
3.554947314 7.507788945 

4.370581979 7.618139214 
4.203731748 7.435215216 

4.795579546 2.416900206 
4.866771597 2.475730197 

5.050927603 2.551599308 
4.866771597 2.475730197 

2.355472343 1.340497322 
2.311957878 1.473243032 

1.929627431 1.503920551 
1.87082408 1.502855933 

3.273264833 0.3483830459 
3.25398897 0.2166776359 

4.671280647 1.693895092 
4.72538473 1.819561681 

5.703319968 6.252089837 
5.804047102 6.17779533 

5.833197643 6.086116226 
5.804047102 6.17779533 

6.166363336 5.026248737 
6.020623842 4.824772624 

6.166363336 5.026248737 
6.113908911 5.178972261 

6.139985723 5.339511609 
6.113908911 5.178972261 

3.244260326 6.29102762 
3.170325561 6.205737414 

3.915783972 2.17268948 
3.885383638 2.024998438 

3.979092806 1.877681895 
3.885383638 2.024998438 

1.869864373 1.054839907 
1.742023345 1.158860947 

3.093623237 8.720617645 
3.172218336 8.626085387 

6.065424846 7.879700937 
6.217248685 7.582867445 

1.625165301 3.27159154 
1.77585343 3.068563278 

1.945219876 2.913872366 
1.77585343 3.068563278 

2.946022561 2.042861933 
3.139306976 2.039321288 

2.290714042 2.425603821 
2.353703491 2.354313192 

2.490422624 2.354455126 
2.353703491 2.354313192 

4.611047378 6.304472134 
4.721354049 6.302906376 

2.779924208 7.992506882 
2.56687286 7.805740266 

2.388435782 7.680524125 
2.56687286 7.805740266 

5.054172044 5.162985586 
4.829226122 5.150454003 

2.336125958 6.41015509 
2.291796373 6.278798168 

3.2806034 2.140342217 
3.31861403 2.212642336 

2.946022561 2.042861933 
3.021714955 2.235630107 

3.075442016 2.328888514 
3.021714955 2.235630107 

6.93604567 7.044494794 
7.022888313 7.085062848 

7.080592236 7.170528706 
7.022888313 7.085062848 

4.863820727 5.419013874 
4.756606101 5.367544003 

2.023139882 8.8446691 
2.071375636 9.082167016 

7.531169223 6.216267949 
7.575597322 6.255255882 

1.300439907 7.973391784 
1.447836177 7.895644058 

1.471177539 7.998165932 
1.447836177 7.895644058 

1.471157558 5.88874277 
1.646939893 6.056293003 

1.712313633 6.173991723 
1.646939893 6.056293003 

5.557845533 6.051327542 
5.357309674 6.199948696 

4.448799032 1.359600408 
4.29526961 1.568726401 

1.956210366 3.339334654 
1.86670851 3.407170384 

3.21636062 2.914195755 
3.074459638 2.691937581 

2.447910537 0.7327489381 
2.39475442 0.6922314353 

1.701126927 8.175176582 
1.865159915 8.182321579 

1.998527719 8.228064327 
1.865159915 8.182321579 

6.918501503 5.996356788 
6.974284152 5.902574558 

5.259024169 6.01341066 
5.357309674 6.199948696 

3.628284054 8.478170497 
3.568866985 8.427524027 

3.538939113 8.323926248 
3.568866985 8.427524027 

2.364193706 0.9118565174 
2.364407532 1.213323915 

2.355472343 1.340497322 
2.364407532 1.213323915 

3.007823687 9.105239278 
3.162112218 8.981416764 

3.750050258 0.8420252778 
3.92873335 0.7695474661 

1.087507769 6.594048836 
1.046467548 6.377170508 

5.357309674 6.199948696 
5.181513415 6.227210717 

2.465026543 0.5435360182 
2.555825588 0.5167896751 

2.179936835 6.71280427 
2.018963116 6.794710536 

1.955023726 6.875988086 
2.018963116 6.794710536 

3.377957699 3.709474276 
3.524801399 3.849016833 

6.229276827 6.738657336 
6.171721255 6.531122331 

2.424626028 2.191162194 
2.449417272 2.067046312 

2.53059731 1.971737975 
2.449417272 2.067046312 

2.418442321 6.246369816 
2.327894019 6.249737849 

2.291796373 6.278798168 
2.327894019 6.249737849 

3.653076053 2.042929433 
3.885383638 2.024998438 

6.042919279 7.13583345 
5.967284264 7.121434925 

5.844359247 7.090742393 
5.967284264 7.121434925 

6.336235844 6.141527236 
6.429428904 5.989638138 

3.325666488 0.5194726048 
3.445869336 0.5773330662 

2.27382129 7.095598204 
2.184265681 7.145988987 

2.108730037 7.292323955 
2.184265681 7.145988987 

2.452602685 8.048715437 
2.525346234 7.945589766 

2.489654634 8.585783093 
2.659969966 8.507360546 

5.472431145 5.69449918 
5.715078598 5.639384674 

1.632155144 7.008030061 
1.682059349 7.458780232 

1.669675415 7.860197248 
1.682059349 7.458780232 

6.231128864 5.881800593 
6.036796114 5.866422372 

1.307104905 8.441014857 
1.387545299 8.274293099 

1.447619281 8.125085754 
1.387545299 8.274293099 

1.669675415 7.860197248 
1.759439278 7.611032631 

6.914033567 6.342605539 
6.626513099 6.278510126 

1.100375333 9.289417402 
1.276082898 9.23496122 

1.367972537 9.178303406 
1.276082898 9.23496122 

0.7415325176 8.830337493 
0.9312013336 8.733937715 

1.052963448 8.700453181 
0.9312013336 8.733937715 

1.537130088 2.054588823 
1.637170963 2.20349985 

6.682385492 6.140088411 
6.527728525 6.139465473 

1.742023345 1.158860947 
1.915255726 1.318813916 

2.746582516 3.616578897 
2.654955616 3.656160807 

7.066671714 6.928294009 
7.022888313 7.085062848 

3.33366591 7.579341779 
3.142354501 7.651563001 

2.90423758 7.76813604 
3.142354501 7.651563001 

1.899519409 8.456134266 
2.006682218 8.405050165 

2.021760187 8.526480344 
2.006682218 8.405050165 

3.106241345 7.034357145 
2.922259296 7.013929613 

4.756606101 5.367544003 
4.687912018 5.336559785 

3.42454602 1.600105318 
3.405794107 1.726129956 

3.419154907 1.866510465 
3.405794107 1.726129956 

5.008788664 5.686640961 
5.19711622 5.687852298 

5.261342395 7.211046755 
5.217185516 7.42390826 

5.133362272 7.614462544 
5.217185516 7.42390826 

6.330012018 5.656029151 
6.067647057 5.652326356 

5.084785842 2.131497972 
5.126164241 2.336419963 

1.575773598 7.527022583 
1.682059349 7.458780232 

3.02794673 1.560458948 
2.813870459 1.426155012 

4.774029928 5.63639213 
4.933529381 5.415074537 

4.019505283 3.822586724 
3.913718682 3.832930754 

5.929928643 6.742881336 
5.967284264 7.121434925 

3.924533513 1.583062345 
3.85614078 1.709010702 

1.627818754 6.651139061 
1.600464275 6.857592494 

1.300439907 7.973391784 
1.471177539 7.998165932 

1.861889083 7.445588298 
1.682059349 7.458780232 

1.861889083 7.445588298 
1.957599942 7.587764497 

4.687912018 5.336559785 
4.630948535 5.318534193 

1.269875472 7.458734402 
1.322181928 7.726533104 

1.804197297 6.028374287 
1.681336609 5.995542062 

1.471157558 5.88874277 
1.681336609 5.995542062 

4.933529381 5.415074537 
4.863820727 5.419013874 

6.046212207 6.276595562 
6.171721255 6.531122331 

2.16929981 1.724071455 
2.356906012 1.779160962 

6.614037225 6.68020469 
6.383195669 6.683292809 

1.031351131 7.631242076 
1.04477645 7.849688321 

1.137413073 8.053226427 
1.04477645 7.849688321 

2.523724921 9.107306925 
2.590936114 9.202872877 

2.650839374 9.145300287 
2.590936114 9.202872877 

5.73156469 7.013146955 
5.77872939 6.877834632 

2.785631747 6.467971497 
2.751394435 6.540427525 

6.914033567 6.342605539 
6.907786034 6.15763267 

6.918501503 5.996356788 
6.907786034 6.15763267 

5.087182527 5.938597595 
4.816011561 5.966156107 

6.932335387 7.826872822 
6.882980368 7.979405057 

2.051449943 8.054679485 
2.011202912 7.952771573 

2.617567896 5.86965367 
2.496780243 5.939722401 

2.465061473 6.013478626 
2.496780243 5.939722401 

2.888752339 2.272010852 
3.021714955 2.235630107 

3.830158697 7.139788973 
4.09398347 7.17976206 

4.31491347 7.290675952 
4.09398347 7.17976206 

1.957599942 7.587764497 
1.894458752 7.686275795 

2.659969966 8.507360546 
2.731608443 8.248008386 

0.8507467959 7.988724478 
0.8490452003 7.860771448 

4.448799032 1.359600408 
4.289876142 1.383358069 

4.125357224 1.411507314 
4.289876142 1.383358069 

5.909982832 6.55482518 
5.844724305 6.493219656 

5.758880716 6.523073151 
5.844724305 6.493219656 

3.996838634 3.094601893 
4.166682633 3.078177445 

4.331422551 3.142956338 
4.166682633 3.078177445 

2.179936835 6.71280427 
1.973449974 6.729513916 

1.834049672 6.735237843 
1.973449974 6.729513916 

1.717228052 7.33071117 
1.682059349 7.458780232 

1.575773598 7.527022583 
1.640675947 7.376620143 

1.717228052 7.33071117 
1.640675947 7.376620143 

2.197910588 3.662263411 
2.098427786 3.493948435 

2.489876574 3.842506399 
2.42374721 3.678419476 

2.108891612 7.576918834 
1.957599942 7.587764497 

6.402511747 7.261460106 
6.507632181 7.366844797 

6.601452421 7.456826849 
6.507632181 7.366844797 

1.537130088 2.054588823 
1.585830129 1.91188582 

5.629339326 4.976617394 
5.662118502 4.838492588 

3.144793959 2.174377524 
3.021714955 2.235630107 

6.279799657 4.699775883 
6.325332267 4.841290377 

7.173279098 5.93037733 
6.974284152 5.902574558 

6.734242067 5.122690887 
6.935767787 5.156529101 

5.804047102 6.17779533 
5.887121138 6.424206354 

7.397220806 7.321641108 
7.441447133 6.896463888 

7.54584768 6.489606627 
7.441447133 6.896463888 

0.6878923051 7.585876293 
0.5379367143 7.553538293 

6.046212207 6.276595562 
6.231727166 6.070709203 

2.653318855 7.315918697 
2.717066977 7.393105301 

2.793596393 7.458534311 
2.717066977 7.393105301 

2.841656526 1.610397329 
2.7556953 1.627743503 

4.956479849 1.715133838 
4.802120196 1.754071832 

4.671280647 1.693895092 
4.802120196 1.754071832 

1.100375333 9.289417402 
1.253170717 9.335177358 

1.364510164 9.267119988 
1.253170717 9.335177358 

2.641106727 2.658208802 
2.540769954 2.788871925 

2.383290572 2.897469907 
2.540769954 2.788871925 

2.961395976 1.726890547 
2.7556953 1.627743503 

3.356643806 7.00162134 
3.376188145 6.73871616 

7.685035694 6.083097623 
7.605807235 6.179300052 

7.575597322 6.255255882 
7.605807235 6.179300052 

7.437013587 6.651452371 
7.614691536 6.710859004 

3.761325975 8.54507153 
3.583414871 8.305330563 

3.357754189 7.934932436 
3.583414871 8.305330563 

1.703952522 1.785706751 
1.742100007 1.893874539 

4.642308448 6.479786078 
4.834480223 6.443950898 

4.992752671 6.34253308 
4.834480223 6.443950898 

2.021817942 2.583338785 
2.088196092 2.452338603 

2.160848739 2.305374718 
2.088196092 2.452338603 

5.887121138 6.424206354 
5.844724305 6.493219656 

2.364193706 0.9118565174 
2.564675414 0.9520732177 

5.261342395 7.211046755 
5.058127833 7.286810403 

3.568994307 1.751498642 
3.405794107 1.726129956 

7.173279098 5.93037733 
7.06947999 5.761492045 

6.937799666 5.671600735 
7.06947999 5.761492045 

6.888292145 5.388570476 
7.003954166 5.282732305 

1.742023345 1.158860947 
1.719040742 1.283896761 

1.613978566 1.403419446 
1.719040742 1.283896761 

5.582076834 5.398322888 
5.650531911 5.572296885 

5.715078598 5.639384674 
5.650531911 5.572296885 

1.243426742 8.758727283 
1.192690172 9.001338994 

6.046212207 6.276595562 
6.030757999 6.489619364 

5.982794696 6.595146632 
6.030757999 6.489619364 

4.452365159 5.284756568 
4.562960071 5.297847017 

4.630948535 5.318534193 
4.562960071 5.297847017 

2.378828653 8.336169739 
2.316363408 8.523645288 

2.074408061 0.7115969941 
2.027247146 0.8063410264 

5.5995865 6.495243859 
5.50211148 6.591689735 

5.369242356 6.718744344 
5.50211148 6.591689735 

4.370581979 7.618139214 
4.673567901 7.821405456 

5.007231239 8.014789899 
4.673567901 7.821405456 

1.759439278 7.611032631 
1.957599942 7.587764497 

2.585513083 7.616514292 
2.72879117 7.681842704 

2.90423758 7.76813604 
2.72879117 7.681842704 

1.793908207 2.186075677 
1.929834109 1.988631544 

2.913316182 7.220306343 
2.716374387 7.133599805 

4.899963462 1.986380916 
4.72538473 1.819561681 

2.171483819 3.332107564 
1.956210366 3.339334654 

0.3159449187 8.172584685 
0.4584287282 8.025790355 

0.5404670224 7.889711584 
0.4584287282 8.025790355 

2.336125958 6.41015509 
2.327894019 6.249737849 

4.899963462 1.986380916 
4.9139215 1.842317718 

4.956479849 1.715133838 
4.9139215 1.842317718 

2.336125958 6.41015509 
2.126920891 6.397848514 

1.991893732 6.339517831 
2.126920891 6.397848514 

4.972365844 7.642620609 
5.141650746 7.895806468 

6.229276827 6.738657336 
6.2775568 6.594333014 

6.383968089 6.3924841 
6.2775568 6.594333014 

4.399937964 2.866290427 
4.281112012 2.810324923 

6.030757999 6.489619364 
6.07258726 6.610673553 

7.003954166 5.282732305 
7.093714028 5.370396358 

3.178850442 1.909194733 
3.281430018 2.010214607 

3.427453916 2.076526771 
3.281430018 2.010214607 

6.231128864 5.881800593 
6.141163792 5.853507311 

6.089903687 5.997534592 
6.141163792 5.853507311 

3.583414871 8.305330563 
3.538939113 8.323926248 

2.197319355 7.701935293 
2.258252181 7.503574823 

2.139401522 8.41087144 
2.219550154 8.1943016 

2.255538315 8.070295882 
2.219550154 8.1943016 

5.283743104 5.547569616 
5.19711622 5.687852298 

2.555825588 0.5167896751 
2.570146531 0.4108246382 

3.057071827 2.48429119 
3.133775916 2.673430039 

6.067647057 5.652326356 
5.959649903 5.718370623 

2.181210207 9.259456281 
1.983580088 9.226768538 

2.716374387 7.133599805 
2.614824348 7.063139886 

7.441447133 6.896463888 
7.334773189 7.028244638 

2.197910588 3.662263411 
2.326580115 3.644021788 

2.42374721 3.678419476 
2.326580115 3.644021788 

4.351623074 1.045869964 
4.371136859 0.9648546511 

3.644656947 7.86589238 
3.511657501 7.96488935 

3.357754189 7.934932436 
3.511657501 7.96488935 

6.058016546 8.196597937 
6.129943253 8.14613607 

6.19043584 8.107816539 
6.129943253 8.14613607 

7.554029225 6.993178107 
7.45778937 6.799627119 

7.437013587 6.651452371 
7.45778937 6.799627119 

2.052170558 7.684279677 
2.197319355 7.701935293 

2.654955616 3.656160807 
2.608430936 3.730279897 

0.7678892449 8.116547629 
0.5588008261 8.149499364 

6.217248685 7.582867445 
6.178502406 7.489139091 

6.193284928 7.341765181 
6.178502406 7.489139091 

2.311957878 1.473243032 
2.359863032 1.593317329 

1.646596579 8.301283502 
1.647333729 8.462326321 

1.631490836 8.576479922 
1.647333729 8.462326321 

5.5995865 6.495243859 
5.703319968 6.252089837 

5.5995865 6.495243859 
5.713920502 6.401088753 

5.887121138 6.424206354 
5.713920502 6.401088753 

3.446226078 7.309277723 
3.399232648 7.409788679 

3.33366591 7.579341779 
3.399232648 7.409788679 

1.513131956 1.75190467 
1.689471133 1.966458221 

5.283743104 5.547569616 
5.3852306 5.604818387 

5.472431145 5.69449918 
5.3852306 5.604818387 

3.979092806 1.877681895 
3.85614078 1.709010702 

3.013393127 0.7921472417 
3.134960249 0.8139708778 

3.228997194 0.9209307751 
3.134960249 0.8139708778 

6.914033567 6.342605539 
7.039589378 6.299242311 

7.200461665 6.310604315 
7.039589378 6.299242311 

2.489876574 3.842506399 
2.555562895 3.77826227 

2.608430936 3.730279897 
2.555562895 3.77826227 

3.956691533 2.566061624 
3.814319031 2.587913298 

3.722164247 2.593829977 
3.814319031 2.587913298 

1.632155144 7.008030061 
1.796136277 6.930128137 

1.955023726 6.875988086 
1.796136277 6.930128137 

3.750050258 0.8420252778 
3.598940009 0.9627875843 

0.5588008261 8.149499364 
0.4191019234 8.23810017 

3.473180056 3.221027487 
3.489611189 3.43878815 

3.464235072 3.619951096 
3.489611189 3.43878815 

2.42340408 7.039704008 
2.592454757 7.165156578 

2.653318855 7.315918697 
2.592454757 7.165156578 

4.569040765 6.106836843 
4.450712825 6.096201253 

4.35442989 6.120983437 
4.450712825 6.096201253 

2.933514502 2.897365089 
3.045150834 3.078977638 

3.141332686 3.288322912 
3.045150834 3.078977638 

3.318565612 8.909415756 
3.189744443 8.827630521 

3.093623237 8.720617645 
3.189744443 8.827630521 

1.015061548 7.442271113 
1.191562164 7.582445103 

1.322181928 7.726533104 
1.191562164 7.582445103 

2.336125958 6.41015509 
2.232601798 6.523111175 

2.641106727 2.658208802 
2.68589267 2.899952178 

2.378828653 8.336169739 
2.219550154 8.1943016 

2.98920115 1.312312995 
2.969039649 1.386758983 

4.493588947 2.401701814 
4.56931735 2.58624119 

2.614824348 7.063139886 
2.534748043 7.07803141 

2.42340408 7.039704008 
2.534748043 7.07803141 

1.031351131 7.631242076 
1.191562164 7.582445103 

1.307104905 8.441014857 
1.419410356 8.407897699 

1.515381462 8.394278176 
1.419410356 8.407897699 

3.21636062 2.914195755 
3.045150834 3.078977638 

3.133775916 2.673430039 
3.186923616 2.748331838 

7.208419368 5.197676114 
7.049502587 5.138024059 

6.935767787 5.156529101 
7.049502587 5.138024059 

1.015061548 7.442271113 
0.8509066209 7.504978673 

0.6878923051 7.585876293 
0.8509066209 7.504978673 

3.306176913 2.381482838 
3.344501634 2.683503201 

5.758880716 6.523073151 
5.713920502 6.401088753 

4.802120196 1.754071832 
4.72538473 1.819561681 

2.027245022 5.916223454 
2.164832822 5.963057 

2.187099956 6.034100649 
2.164832822 5.963057 

7.554029225 6.993178107 
7.441447133 6.896463888 

1.903949526 1.682391049 
2.033568176 1.747699584 

2.16929981 1.724071455 
2.033568176 1.747699584 

3.979092806 1.877681895 
3.862745898 1.860480332 

3.754349471 1.83095639 
3.862745898 1.860480332 

2.023139882 8.8446691 
2.200056194 9.01177344 

2.336125958 6.41015509 
2.418442321 6.246369816 

1.625165301 3.27159154 
1.79238775 3.37045267 

1.921319791 3.480129941 
1.79238775 3.37045267 

2.68589267 2.899952178 
2.732565053 2.844581243 

6.951387136 6.618786972 
7.120600817 6.585534375 

7.250867251 6.507219651 
7.120600817 6.585534375 

4.555020176 7.307719655 
4.641777307 7.30233224 

4.75762416 7.321193476 
4.641777307 7.30233224 

6.429428904 5.989638138 
6.526232735 6.040876066 

6.527728525 6.139465473 
6.526232735 6.040876066 

2.020005838 7.016262355 
2.184265681 7.145988987 

1.292399454 6.214811461 
1.165546694 6.422302923 

1.087507769 6.594048836 
1.165546694 6.422302923 

0.7814194015 6.568018803 
0.7973785492 6.482745084 

2.020005838 7.016262355 
2.03941258 7.13987307 

2.108730037 7.292323955 
2.03941258 7.13987307 

3.106241345 7.034357145 
3.027822071 6.907212285 

5.887325007 4.737416149 
5.787952841 4.650100746 

4.197539371 6.231820997 
4.35442989 6.120983437 

4.371136859 0.9648546511 
4.407777879 0.9102176999 

0.3159449187 8.172584685 
0.5668150067 8.076219279 

0.8507467959 7.988724478 
0.5668150067 8.076219279 

2.139401522 8.41087144 
2.006682218 8.405050165 

6.07258726 6.610673553 
6.168866225 6.653116923 

6.229276827 6.738657336 
6.168866225 6.653116923 

2.45865399 2.545533081 
2.490422624 2.354455126 

2.659969966 8.507360546 
2.709512187 8.471126983 

2.792742628 8.469528003 
2.709512187 8.471126983 

1.292399454 6.214811461 
1.123770216 6.101219164 

2.452602685 8.048715437 
2.580247426 8.024959602 

2.779924208 7.992506882 
2.580247426 8.024959602 

4.670036585 3.141625656 
4.399937964 2.866290427 

4.880787922 2.934068684 
4.755299688 2.966739604 

2.56687286 7.805740266 
2.585513083 7.616514292 

6.067647057 5.652326356 
5.984379591 5.591429214 

1.36321318 7.213985173 
1.478054614 7.399699372 

1.575773598 7.527022583 
1.478054614 7.399699372 

4.992752671 6.34253308 
5.181513415 6.227210717 

2.762653769 0.836962062 
2.881403353 0.8917590033 

7.54584768 6.489606627 
7.516522311 6.016135776 

2.116915171 7.43666022 
2.074148298 7.526607861 

2.108891612 7.576918834 
2.074148298 7.526607861 

5.959649903 5.718370623 
5.984379591 5.591429214 

4.555978453 1.821314593 
4.359212086 1.874523635 

4.15468397 1.932020543 
4.359212086 1.874523635 

5.199633944 6.424568641 
5.193716138 6.316585647 

5.181513415 6.227210717 
5.193716138 6.316585647 

4.136197455 0.5713277556 
4.014892622 0.6802393653 

3.92873335 0.7695474661 
4.014892622 0.6802393653 

1.513131956 1.75190467 
1.545737677 1.831687495 

1.585830129 1.91188582 
1.545737677 1.831687495 

1.631490836 8.576479922 
1.770868253 8.69456921 

1.325619094 6.580887209 
1.438856568 6.641505173 

5.713351926 7.328496228 
5.745905824 7.476230887 

2.200056194 9.01177344 
2.38730804 8.839086973 

6.55181327 6.944481999 
6.67653051 6.838271751 

6.760571315 6.773774953 
6.67653051 6.838271751 

4.755299688 2.966739604 
4.66478372 2.956341204 

1.627818754 6.651139061 
1.675606382 6.54344897 

1.673954642 6.372225933 
1.675606382 6.54344897 

6.498841963 5.002195254 
6.447310552 4.905350722 

6.325332267 4.841290377 
6.447310552 4.905350722 

5.054172044 5.162985586 
4.979380589 5.298771709 

4.933529381 5.415074537 
4.979380589 5.298771709 

5.687494661 7.579790184 
5.745905824 7.476230887 

0.4215231659 6.739933826 
0.5579808887 6.810278026 

0.7351875384 6.955381102 
0.5579808887 6.810278026 

7.046799787 7.88601896 
6.932335387 7.826872822 

7.046799787 7.88601896 
7.197118754 7.84437604 

7.311172999 7.813994038 
7.197118754 7.84437604 

1.292399454 6.214811461 
1.39441734 6.121744273 

5.199633944 6.424568641 
5.195173722 6.553460593 

1.253170717 9.335177358 
1.276082898 9.23496122 

1.861889083 7.445588298 
1.884169893 7.558975348 

1.894458752 7.686275795 
1.884169893 7.558975348 

2.424626028 2.191162194 
2.353703491 2.354313192 

5.007231239 8.014789899 
5.068619998 8.10513727 

1.957599942 7.587764497 
1.884169893 7.558975348 

2.42340408 7.039704008 
2.654167744 6.926978678 

2.896545631 6.81618703 
2.654167744 6.926978678 

6.2775568 6.594333014 
6.171721255 6.531122331 

2.378828653 8.336169739 
2.398178613 8.44474961 

2.489654634 8.585783093 
2.398178613 8.44474961 

3.21636062 2.914195755 
2.933514502 2.897365089 

3.21636062 2.914195755 
3.225901081 2.816072251 

3.186923616 2.748331838 
3.225901081 2.816072251 

5.713351926 7.328496228 
5.560434335 7.5136733 

5.444823619 7.656513048 
5.560434335 7.5136733 

1.646939893 6.056293003 
1.681336609 5.995542062 

3.25398897 0.2166776359 
3.319197886 0.3073656646 

3.404988921 0.3286729408 
3.319197886 0.3073656646 

2.424626028 2.191162194 
2.296612875 2.184411155 

2.133428802 2.110788397 
2.296612875 2.184411155 

4.850635937 5.827673573 
4.952912407 5.847394014 

1.159692009 6.298569557 
1.130957173 6.251520204 

1.637170963 2.20349985 
1.506526358 2.256369073 

4.498916166 0.8166393969 
4.447721067 0.8726188742 

4.407777879 0.9102176999 
4.447721067 0.8726188742 

0.7973785492 6.482745084 
0.7860573224 6.43238627 

2.992075522 3.417639756 
3.211536939 3.513569032 

4.35442989 6.120983437 
4.291865098 5.9922764 

1.130957173 6.251520204 
1.136941775 6.227677768 

3.419154907 1.866510465 
3.281430018 2.010214607 

5.605665787 4.592740205 
5.646759499 4.732373664 

5.662118502 4.838492588 
5.646759499 4.732373664 

3.411353253 6.453831394 
3.308151511 6.382865035 

3.244260326 6.29102762 
3.308151511 6.382865035 

7.003954166 5.282732305 
7.049502587 5.138024059 

1.031351131 7.631242076 
0.8509066209 7.504978673 

2.265487835 5.831965649 
2.412265672 5.875682661 

0.7678892449 8.116547629 
0.8507467959 7.988724478 

1.669675415 7.860197248 
1.547318443 8.005910707 

1.447619281 8.125085754 
1.547318443 8.005910707 

6.544000486 8.255224921 
6.621667277 8.208245938 

6.669470783 8.249326172 
6.621667277 8.208245938 

4.721354049 6.302906376 
4.834480223 6.443950898 

1.308757988 2.299888367 
1.426967094 2.296045757 

1.506526358 2.256369073 
1.426967094 2.296045757 

5.77872939 6.877834632 
5.623719474 6.926904519 

5.491261096 7.018254205 
5.623719474 6.926904519 

1.438856568 6.641505173 
1.600464275 6.857592494 

4.31491347 7.290675952 
4.310756624 7.16000501 

2.913316182 7.220306343 
2.933516884 7.103558915 

2.922259296 7.013929613 
2.933516884 7.103558915 

3.133775916 2.673430039 
3.074459638 2.691937581 

1.438856568 6.641505173 
1.527987598 6.646064549 

1.627818754 6.651139061 
1.527987598 6.646064549 

6.030757999 6.489619364 
6.171721255 6.531122331 

5.133402347 6.720988666 
5.166760174 6.658243679 

5.195173722 6.553460593 
5.166760174 6.658243679 

4.642308448 6.479786078 
4.704813279 6.643060059 

6.168866225 6.653116923 
6.2775568 6.594333014 

3.013393127 0.7921472417 
2.840278734 0.5984569802 

1.86670851 3.407170384 
1.79238775 3.37045267 

1.471157558 5.88874277 
1.493094399 6.011308006 

1.39441734 6.121744273 
1.493094399 6.011308006 

6.231128864 5.881800593 
6.246478737 5.752515566 

6.330012018 5.656029151 
6.246478737 5.752515566 

5.182803723 8.069301431 
5.134063776 8.08719436 

7.554029225 6.993178107 
7.575344454 6.908982318 

3.170325561 6.205737414 
3.12474634 6.154616198 

1.982709676 6.11230427 
2.027245022 5.916223454 

2.412265672 5.875682661 
2.483457849 5.863487957 

7.207090668 7.555764616 
7.161203424 7.510474266 

7.2429731 7.458059416 
7.161203424 7.510474266 

4.30110139 6.973420226 
4.284029439 7.090707204 

4.310756624 7.16000501 
4.284029439 7.090707204 

5.041426641 6.595709294 
5.195173722 6.553460593 

4.004339345 1.419207476 
3.952080212 1.50470983 

3.924533513 1.583062345 
3.952080212 1.50470983 

6.2775568 6.594333014 
6.383195669 6.683292809 

5.909982832 6.55482518 
5.942717408 6.489759211 

6.030757999 6.489619364 
5.942717408 6.489759211 

2.62545853 3.177254555 
2.688687279 3.023419896 

2.68589267 2.899952178 
2.688687279 3.023419896 

2.449417272 2.067046312 
2.296612875 2.184411155 

2.052170558 7.684279677 
2.104648687 7.665430115 

2.145990283 7.777425656 
2.104648687 7.665430115 

7.54584768 6.489606627 
7.575597322 6.255255882 

5.472431145 5.69449918 
5.337356741 5.708884883 

5.19711622 5.687852298 
5.337356741 5.708884883 

2.7556953 1.627743503 
2.666484597 1.575677308 

2.051449943 8.054679485 
2.192712044 7.967221092 

2.355351332 7.876542618 
2.192712044 7.967221092 

3.57925449 0.7942941751 
3.598940009 0.9627875843 

4.992752671 6.34253308 
5.027623814 6.475482754 

5.041426641 6.595709294 
5.027623814 6.475482754 

2.840278734 0.5984569802 
2.761519837 0.5236152961 

2.675652482 0.4489099127 
2.761519837 0.5236152961 

0.5877624407 7.309290993 
0.5143294375 7.378130138 

0.3731630698 7.485450022 
0.5143294375 7.378130138 

4.137639422 5.882998126 
4.242909976 5.935874308 

4.291865098 5.9922764 
4.242909976 5.935874308 

3.02794673 1.560458948 
2.969039649 1.386758983 

2.359863032 1.593317329 
2.589545392 1.676654718 

6.658210821 7.959850333 
6.809280347 7.881774959 

6.932335387 7.826872822 
6.809280347 7.881774959 

6.882980368 7.979405057 
6.809280347 7.881774959 

3.21636062 2.914195755 
3.096243335 2.84866434 

2.985245523 2.685975904 
3.096243335 2.84866434 

4.66478372 2.956341204 
4.672013607 3.018528769 

6.918501503 5.996356788 
7.034201649 5.956477802 

5.582076834 5.398322888 
5.423764357 5.460926472 

5.283743104 5.547569616 
5.423764357 5.460926472 

4.30110139 6.973420226 
4.445457596 7.140686863 

3.533683721 2.298281048 
3.441519917 2.215305214 

3.31861403 2.212642336 
3.441519917 2.215305214 

4.399937964 2.866290427 
4.363097233 2.97021036 

3.761325975 8.54507153 
3.440921361 8.437392117 

3.096282093 8.31463878 
3.440921361 8.437392117 

5.895705705 7.55237183 
6.178502406 7.489139091 

5.895705705 7.55237183 
5.767151912 7.571615267 

5.687494661 7.579790184 
5.767151912 7.571615267 

1.359837416 2.699222821 
1.443628028 2.651208584 

1.506454803 2.606118734 
1.443628028 2.651208584 

2.751394435 6.540427525 
2.715343797 6.569263872 

6.036796114 5.866422372 
6.141163792 5.853507311 

1.755196162 9.314577335 
1.851921961 9.248263247 

1.983580088 9.226768538 
1.851921961 9.248263247 

2.666484597 1.575677308 
2.589545392 1.676654718 

1.352841353 9.070800564 
1.192690172 9.001338994 

7.080592236 7.170528706 
7.081777905 7.06501182 

7.066671714 6.928294009 
7.081777905 7.06501182 

4.249042337 3.617020627 
4.374467614 3.448282516 

2.888752339 2.272010852 
2.826810603 2.171929108 

2.733074408 2.086464224 
2.826810603 2.171929108 

6.907786034 6.15763267 
7.039589378 6.299242311 

6.907786034 6.15763267 
6.785255146 6.116497204 

6.682385492 6.140088411 
6.785255146 6.116497204 

6.974284152 5.902574558 
7.034201649 5.956477802 

7.003954166 5.282732305 
7.080283737 5.212868397 

2.63758699 9.480841824 
2.611974622 9.344323005 

2.590936114 9.202872877 
2.611974622 9.344323005 

4.526698696 5.756538584 
4.242909976 5.935874308 

3.142354501 7.651563001 
2.99305923 7.924188198 

3.081337244 0.3062214476 
3.151245541 0.2284485475 

3.25398897 0.2166776359 
3.151245541 0.2284485475 

4.498916166 0.8166393969 
4.298563983 0.8921700394 

2.685441286 3.388443189 
2.654955616 3.656160807 

3.773430371 1.366512692 
4.004339345 1.419207476 

4.079563985 0.9699632506 
4.18585241 0.9324835731 

4.298563983 0.8921700394 
4.18585241 0.9324835731 

3.773430371 1.366512692 
3.699655175 1.498929563 

3.644767355 1.606867169 
3.699655175 1.498929563 

7.606419965 6.319187712 
7.657928191 6.216256767 

7.685035694 6.083097623 
7.657928191 6.216256767 

2.654167744 6.926978678 
2.614824348 7.063139886 

3.411353253 6.453831394 
3.454149938 6.634496877 

3.566773782 0.423555582 
3.424794823 0.4754053022 

3.325666488 0.5194726048 
3.424794823 0.4754053022 

3.637831428 3.219595627 
3.570512614 3.269253952 

2.675652482 0.4489099127 
2.626487889 0.4387542517 

6.951387136 6.618786972 
6.86904485 6.558561166 

6.729236501 6.495230169 
6.86904485 6.558561166 

7.554029225 6.993178107 
7.465955785 7.145066788 

4.834480223 6.443950898 
5.027623814 6.475482754 

1.136941775 6.227677768 
1.140362431 6.198593418 

5.942717408 6.489759211 
5.887121138 6.424206354 

3.473180056 3.221027487 
3.523229714 3.261457601 

3.570512614 3.269253952 
3.523229714 3.261457601 

2.946022561 2.042861933 
2.826810603 2.171929108 

6.61792735 5.702476534 
6.53861963 5.816284992 

6.429428904 5.989638138 
6.53861963 5.816284992 

3.788979627 8.418204256 
3.75394888 8.319083621 

3.735468934 8.214859239 
3.75394888 8.319083621 

1.915255726 1.318813916 
1.797199077 1.410586211 

3.385138263 8.382061759 
3.440921361 8.437392117 

1.759439278 7.611032631 
1.817485105 7.502568503 

1.861889083 7.445588298 
1.817485105 7.502568503 

5.008788664 5.686640961 
4.952912407 5.847394014 

1.945219876 2.913872366 
1.970532669 2.730473036 

2.021817942 2.583338785 
1.970532669 2.730473036 

4.555020176 7.307719655 
4.518366996 7.208758796 

4.445457596 7.140686863 
4.518366996 7.208758796 

1.447836177 7.895644058 
1.547318443 8.005910707 

5.261342395 7.211046755 
5.375269934 7.113450025 

5.491261096 7.018254205 
5.375269934 7.113450025 

2.79103493 0.9728568296 
2.687641389 0.9815539866 

2.564675414 0.9520732177 
2.687641389 0.9815539866 

2.336125958 6.41015509 
2.148675014 6.271744283 

1.982709676 6.11230427 
2.148675014 6.271744283 

4.137331723 6.745331945 
4.017143809 6.777672398 

3.162112218 8.981416764 
3.229210193 8.963857848 

1.100375333 9.289417402 
1.155556481 9.14063932 

1.192690172 9.001338994 
1.155556481 9.14063932 

2.617567896 5.86965367 
2.528908755 5.835541651 

2.483457849 5.863487957 
2.528908755 5.835541651 

3.281430018 2.010214607 
3.227506358 2.116411749 

1.701126927 8.175176582 
1.547318443 8.005910707 

4.29526961 1.568726401 
4.288905035 1.480511463 

4.289876142 1.383358069 
4.288905035 1.480511463 

1.140362431 6.198593418 
1.140968496 6.169695758 

2.779924208 7.992506882 
2.808095339 7.864554986 

2.90423758 7.76813604 
2.808095339 7.864554986 

5.126164241 2.336419963 
5.078835795 2.441609494 

5.050927603 2.551599308 
5.078835795 2.441609494 

1.956210366 3.339334654 
1.995089965 3.45448016 

2.489876574 3.842506399 
2.544820987 3.746041916 

2.590394164 3.625461409 
2.544820987 3.746041916 

3.007823687 9.105239278 
2.87865351 9.105266903 

2.74579726 9.148095144 
2.87865351 9.105266903 

0.9775196677 6.990000851 
1.148210881 7.15198548 

2.378828653 8.336169739 
2.257885831 8.338974383 

2.139401522 8.41087144 
2.257885831 8.338974383 

2.705330754 2.2423099 
2.826810603 2.171929108 

2.896545631 6.81618703 
2.95777657 6.862512684 

3.027822071 6.907212285 
2.95777657 6.862512684 

7.606419965 6.319187712 
7.575597322 6.255255882 

6.383968089 6.3924841 
6.284064478 6.482055478 

6.171721255 6.531122331 
6.284064478 6.482055478 

4.526698696 5.756538584 
4.346189479 5.809324714 

3.744371367 7.551046649 
3.78493543 7.355890381 

3.830158697 7.139788973 
3.78493543 7.355890381 

2.592454757 7.165156578 
2.614824348 7.063139886 

7.080283737 5.212868397 
7.135813195 5.190303422 

3.281430018 2.010214607 
3.2806034 2.140342217 

3.996838634 3.094601893 
3.848376474 3.05938751 

6.55181327 6.944481999 
6.572248765 6.807920325 

6.614037225 6.68020469 
6.572248765 6.807920325 

4.551671409 6.955304847 
4.445457596 7.140686863 

5.895705705 7.55237183 
5.810944685 7.520236673 

5.745905824 7.476230887 
5.810944685 7.520236673 

1.838142158 8.854466638 
1.954695491 8.961690687 

2.071375636 9.082167016 
1.954695491 8.961690687 

1.561113271 2.682756434 
1.506454803 2.606118734 

3.648718655 3.027580152 
3.74925613 3.053028017 

3.848376474 3.05938751 
3.74925613 3.053028017 

1.884169893 7.558975348 
1.817485105 7.502568503 

5.357309674 6.199948696 
5.193716138 6.316585647 

6.658210821 7.959850333 
6.510677757 7.97064573 

6.311725989 7.98590064 
6.510677757 7.97064573 

5.058127833 7.286810403 
5.217185516 7.42390826 

6.498841963 5.002195254 
6.490310064 5.132452352 

6.482830839 5.265105317 
6.490310064 5.132452352 

2.570146531 0.4108246382 
2.59831721 0.424789445 

2.626487889 0.4387542517 
2.59831721 0.424789445 

2.290714042 2.425603821 
2.363545095 2.448741062 

2.027247146 0.8063410264 
1.961971401 0.7572573946 

3.42454602 1.600105318 
3.516175955 1.677757997 

3.568994307 1.751498642 
3.516175955 1.677757997 

7.049502587 5.138024059 
7.080283737 5.212868397 

6.86904485 6.558561166 
6.839584959 6.631370579 

6.862429091 6.727394887 
6.839584959 6.631370579 

1.322181928 7.726533104 
1.447836177 7.895644058 

1.031351131 7.631242076 
0.9382977725 7.699492193 

0.8490452003 7.860771448 
0.9382977725 7.699492193 

3.867720659 6.768456803 
3.99018705 6.989882284 

1.755196162 9.314577335 
1.621020186 9.321994916 

4.09398347 7.17976206 
4.310756624 7.16000501 

3.141332686 3.288322912 
3.053728156 3.324522657 

1.493094399 6.011308006 
1.646939893 6.056293003 

3.653076053 2.042929433 
3.560171786 2.14277611 

2.813870459 1.426155012 
2.666484597 1.575677308 

2.969039649 1.386758983 
2.90638793 1.409427585 

2.398178613 8.44474961 
2.316363408 8.523645288 

6.572248765 6.807920325 
6.400981691 6.833052241 

7.516522311 6.016135776 
7.49576129 5.75626757 

7.397220806 7.321641108 
7.456043545 7.240639214 

7.465955785 7.145066788 
7.456043545 7.240639214 

2.355472343 1.340497322 
2.234048785 1.508293042 

2.16929981 1.724071455 
2.234048785 1.508293042 

1.621020186 9.321994916 
1.555312566 9.330678286 

5.054172044 5.162985586 
5.10393711 4.994421062 

5.14860955 4.789778052 
5.10393711 4.994421062 

0.3159449187 8.172584685 
0.3812517902 8.164446352 

2.489654634 8.585783093 
2.457415773 8.701952657 

2.38730804 8.839086973 
2.457415773 8.701952657 

4.09398347 7.17976206 
4.03715159 7.083433191 

3.99018705 6.989882284 
4.03715159 7.083433191 

1.793908207 2.186075677 
1.747930038 2.068063141 

1.689471133 1.966458221 
1.747930038 2.068063141 

3.081337244 0.3062214476 
3.157190997 0.6096493098 

3.228997194 0.9209307751 
3.157190997 0.6096493098 

3.750050258 0.8420252778 
3.767887527 1.140018471 

6.07258726 6.610673553 
6.06756943 6.466052162 

2.197319355 7.701935293 
2.104648687 7.665430115 

0.3731630698 7.485450022 
0.7280330465 7.43888793 

2.395544153 7.218199588 
2.592454757 7.165156578 

1.191562164 7.582445103 
1.269875472 7.458734402 

2.720077512 1.85223352 
2.733074408 2.086464224 

2.720077512 1.85223352 
2.735685983 1.728071041 

2.7556953 1.627743503 
2.735685983 1.728071041 

1.998527719 8.228064327 
2.219550154 8.1943016 

6.06756943 6.466052162 
6.066215699 6.356517373 

6.030757999 6.489619364 
6.06756943 6.466052162 

4.972365844 7.642620609 
4.987699641 7.841255401 

5.007231239 8.014789899 
4.987699641 7.841255401 

3.754349471 1.83095639 
3.644767355 1.606867169 

3.754349471 1.83095639 
3.792725964 1.761008703 

3.85614078 1.709010702 
3.792725964 1.761008703 

7.208419368 5.197676114 
7.167656528 5.137134696 

7.135813195 5.190303422 
7.167656528 5.137134696 

2.363545095 2.448741062 
2.353703491 2.354313192 

2.946022561 2.042861933 
3.068030359 2.098290894 

3.144793959 2.174377524 
3.068030359 2.098290894 

3.142354501 7.651563001 
3.243614622 7.814404597 

3.357754189 7.934932436 
3.243614622 7.814404597 

1.742100007 1.893874539 
1.689471133 1.966458221 

6.046212207 6.276595562 
6.047337106 6.313513647 

6.066215699 6.356517373 
6.047337106 6.313513647 

1.851921961 9.248263247 
1.705044869 9.173074085 

7.49576129 5.75626757 
7.512364677 5.616319815 

0.7351875384 6.955381102 
0.8267055071 7.163432211 

5.844724305 6.493219656 
5.942717408 6.489759211 

2.023139882 8.8446691 
1.954695491 8.961690687 

7.512364677 5.616319815 
7.484336874 5.542788289 

7.476909778 5.438727605 
7.484336874 5.542788289 

2.052170558 7.684279677 
1.99172765 7.657939441 

1.957599942 7.587764497 
1.99172765 7.657939441 

2.021760187 8.526480344 
1.899519409 8.456134266 

5.929928643 6.742881336 
5.994532101 6.921924734 

6.042919279 7.13583345 
5.994532101 6.921924734 

2.685441286 3.388443189 
2.623260441 3.518707133 

2.590394164 3.625461409 
2.623260441 3.518707133 

3.598940009 0.9627875843 
3.532834495 0.9954213434 

3.139306976 2.039321288 
3.068030359 2.098290894 

3.178850442 1.909194733 
3.05587468 1.820017728 

0.7280330465 7.43888793 
0.8509066209 7.504978673 

4.972365844 7.642620609 
4.88615988 7.563448991 

1.513131956 1.75190467 
1.570092673 1.580333497 

6.020623842 4.824772624 
6.156239683 4.779131135 

7.476909778 5.438727605 
7.345875468 5.312206134 

7.208419368 5.197676114 
7.345875468 5.312206134 

5.50211148 6.591689735 
5.629684263 6.748817898 

1.123770216 6.101219164 
1.128081769 6.14310385 

1.140968496 6.169695758 
1.128081769 6.14310385 

4.774029928 5.63639213 
5.008788664 5.686640961 

7.650906965 6.868018523 
7.613175547 6.887942369 

7.575344454 6.908982318 
7.613175547 6.887942369 

1.570092673 1.580333497 
1.592457571 1.491431927 

1.613978566 1.403419446 
1.592457571 1.491431927 

5.942717408 6.489759211 
5.982794696 6.595146632 

7.173279098 5.93037733 
7.105466826 5.943345633 

7.034201649 5.956477802 
7.105466826 5.943345633 

6.93604567 7.044494794 
6.856248174 6.901046906 

6.760571315 6.773774953 
6.856248174 6.901046906 

0.7487656663 6.360780036 
0.7674114944 6.396583153 

0.7860573224 6.43238627 
0.7674114944 6.396583153 

3.344501634 2.683503201 
3.225901081 2.816072251 

3.445869336 0.5773330662 
3.424794823 0.4754053022 

3.424990333 1.031336172 
3.480334985 1.0299097 

3.532834495 0.9954213434 
3.480334985 1.0299097 

4.374453379 6.642715637 
4.704813279 6.643060059 

6.365197605 8.312358254 
6.129943253 8.14613607 

6.311725989 7.98590064 
6.375092548 8.119970636 

5.557845533 6.051327542 
5.703319968 6.252089837 

5.195173722 6.553460593 
5.369242356 6.718744344 

4.672013607 3.018528769 
4.67259344 3.071595352 

6.375092548 8.119970636 
6.399287427 8.18722167 

1.998527719 8.228064327 
2.078927765 8.314021116 

2.139401522 8.41087144 
2.078927765 8.314021116 

5.900889807 5.527392227 
5.938265837 5.566097241 

5.984379591 5.591429214 
5.938265837 5.566097241 

2.311957878 1.473243032 
2.234048785 1.508293042 

4.774029928 5.63639213 
4.639377993 5.699404486 

4.526698696 5.756538584 
4.639377993 5.699404486 

2.644814085 6.640811065 
2.682772955 6.59853033 

2.715343797 6.569263872 
2.682772955 6.59853033 

1.647333729 8.462326321 
1.515381462 8.394278176 

6.156239683 4.779131135 
6.225711188 4.756187558 

3.05587468 1.820017728 
3.007504578 1.78274579 

2.961395976 1.726890547 
3.007504578 1.78274579 

2.534748043 7.07803141 
2.592454757 7.165156578 

3.767887527 1.140018471 
3.776905525 1.251093669 

3.773430371 1.366512692 
3.776905525 1.251093669 

2.98920115 1.312312995 
3.006876521 1.429281179 

3.02794673 1.560458948 
3.006876521 1.429281179 

2.731608443 8.248008386 
2.709512187 8.471126983 

4.017143809 6.777672398 
3.948487403 6.78299162 

6.279799657 4.699775883 
6.252095615 4.725156459 

6.225711188 4.756187558 
6.252095615 4.725156459 

5.472431145 5.69449918 
5.650531911 5.572296885 

3.057071827 2.48429119 
3.206089924 2.590873318 

3.344501634 2.683503201 
3.206089924 2.590873318 

3.454149938 6.634496877 
3.400232426 6.676040284 

3.376188145 6.73871616 
3.400232426 6.676040284 

1.894745159 0.7755668939 
1.930182055 0.7678819051 

1.961971401 0.7572573946 
1.930182055 0.7678819051 

5.844359247 7.090742393 
5.776240375 7.07986686 

5.73156469 7.013146955 
5.776240375 7.07986686 

0.4191019234 8.23810017 
0.3972803782 8.207117412 

0.3812517902 8.164446352 
0.3972803782 8.207117412 

5.713920502 6.401088753 
5.703319968 6.252089837 

4.331422551 3.142956338 
4.349297812 3.048594752 

4.363097233 2.97021036 
4.349297812 3.048594752 

2.378828653 8.336169739 
2.417685774 8.196441579 

2.452602685 8.048715437 
2.417685774 8.196441579 

2.027245022 5.916223454 
2.154387442 5.888338702 

0.7351875384 6.955381102 
0.8494960178 6.965369458 

0.9775196677 6.990000851 
0.8494960178 6.965369458 

2.116915171 7.43666022 
2.178389875 7.400710683 

1.496178262 9.379375696 
1.525745414 9.355026991 

1.555312566 9.330678286 
1.525745414 9.355026991 

2.585513083 7.616514292 
2.688426138 7.587628452 

2.786113606 7.569358214 
2.688426138 7.587628452 

5.713351926 7.328496228 
5.773797876 7.21124453 

5.844359247 7.090742393 
5.773797876 7.21124453 

6.325332267 4.841290377 
6.225711188 4.756187558 

2.258252181 7.503574823 
2.178389875 7.400710683 

6.236379554 6.949704774 
6.141640784 7.034172637 

6.042919279 7.13583345 
6.141640784 7.034172637 

2.179936835 6.71280427 
2.206269317 6.617957722 

2.232601798 6.523111175 
2.206269317 6.617957722 

0.6878923051 7.585876293 
0.7280330465 7.43888793 

3.533683721 2.298281048 
3.551967254 2.205145852 

3.560171786 2.14277611 
3.551967254 2.205145852 

7.003954166 5.282732305 
6.935767787 5.156529101 

2.355351332 7.876542618 
2.382316996 7.789344234 

2.388435782 7.680524125 
2.382316996 7.789344234 

6.171721255 6.531122331 
6.06756943 6.466052162 

3.441519917 2.215305214 
3.551967254 2.205145852 

2.051449943 8.054679485 
2.020013151 8.1414375 

1.998527719 8.228064327 
2.020013151 8.1414375 

1.832618489 6.346216259 
1.712313633 6.173991723 

4.786243798 7.507857436 
4.83695215 7.5286047 

4.88615988 7.563448991 
4.83695215 7.5286047 

0.7280330465 7.43888793 
0.7105133299 7.27790732 

7.54584768 6.489606627 
7.244353735 6.765678014 

6.93604567 7.044494794 
7.244353735 6.765678014 

4.795579546 2.416900206 
4.655565282 2.435054218 

4.493588947 2.401701814 
4.655565282 2.435054218 

3.318565612 8.909415756 
3.270263547 8.941773199 

3.229210193 8.963857848 
3.270263547 8.941773199 

3.427453916 2.076526771 
3.560171786 2.14277611 

0.740630363 8.301304823 
0.7486176172 8.216102512 

0.7678892449 8.116547629 
0.7486176172 8.216102512 

2.42340408 7.039704008 
2.342183657 7.059289069 

2.27382129 7.095598204 
2.342183657 7.059289069 

2.63758699 9.480841824 
2.580244041 9.298625319 

2.523724921 9.107306925 
2.580244041 9.298625319 

2.813870459 1.426155012 
2.885964622 1.433318667 

2.90638793 1.409427585 
2.885964622 1.433318667 

2.265487835 5.831965649 
2.210804353 5.860015728 

2.154387442 5.888338702 
2.210804353 5.860015728 

3.344385877 0.711553502 
3.157190997 0.6096493098 

5.776240375 7.07986686 
5.761725396 7.141787932 

5.773797876 7.21124453 
5.761725396 7.141787932 

6.399287427 8.18722167 
6.395423374 8.236713112 

5.472431145 5.69449918 
5.499745685 5.85583604 

6.395423374 8.236713112 
6.392672377 8.262437647 

2.006682218 8.405050165 
2.078927765 8.314021116 

4.782460561 6.772222207 
4.745395068 6.714625162 

4.704813279 6.643060059 
4.745395068 6.714625162 

3.761325975 8.54507153 
3.783739816 8.477676496 

3.788979627 8.418204256 
3.783739816 8.477676496 

3.325666488 0.5194726048 
3.157190997 0.6096493098 

5.058127833 7.286810403 
5.006139983 7.207510934 

4.932273997 7.116489492 
5.006139983 7.207510934 

6.734242067 5.122690887 
6.498841963 5.002195254 

6.365197605 8.312358254 
6.378659536 8.288160107 

6.392672377 8.262437647 
6.378659536 8.288160107 

3.830158697 7.139788973 
3.99018705 6.989882284 

3.404988921 0.3286729408 
3.409950527 0.4121343452 

3.424794823 0.4754053022 
3.409950527 0.4121343452 

2.555562895 3.77826227 
2.544820987 3.746041916 

3.501217876 2.650881734 
3.414763378 2.51568058 

3.306176913 2.381482838 
3.414763378 2.51568058 

5.909982832 6.55482518 
5.93596071 6.58113002 

5.982794696 6.595146632 
5.93596071 6.58113002 

5.255447194 8.149987744 
5.134063776 8.08719436 

1.866964734 7.898361763 
1.942069299 7.917748929 

2.011202912 7.952771573 
1.942069299 7.917748929 

1.982709676 6.11230427 
1.909389564 6.220021787 

1.547318443 8.005910707 
1.471177539 7.998165932 

3.409950527 0.4121343452 
3.477037125 0.4235177392 

4.187241744 2.354753048 
4.057145065 2.45819156 

3.956691533 2.566061624 
4.057145065 2.45819156 

5.134063776 8.08719436 
5.110184419 8.14303581 

6.166363336 5.026248737 
6.325332267 4.841290377 

2.992075522 3.417639756 
3.025001791 3.380169007 

3.053728156 3.324522657 
3.025001791 3.380169007 

0.3731630698 7.485450022 
0.5239691269 7.670014236 

0.6878923051 7.585876293 
0.5351271993 7.549059095 

0.4499681882 7.52737637 
0.4095567172 7.515716261 

0.3731630698 7.485450022 
0.4095567172 7.515716261 

0.5351271993 7.549059095 
0.4912166586 7.537937335 

0.4499681882 7.52737637 
0.4912166586 7.537937335 

4.370581979 7.618139214 
4.226103595 7.626097739 

4.080069824 7.631600734 
4.226103595 7.626097739 

1.359837416 2.699222821 
1.460475344 2.690989627 

1.561113271 2.682756434 
1.460475344 2.690989627 

4.952912407 5.847394014 
5.010728908 5.91593284 

4.75762416 7.321193476 
4.771933979 7.414525456 

4.786243798 7.507857436 
4.771933979 7.414525456 

4.137639422 5.882998126 
4.246888798 5.843120997 

4.346189479 5.809324714 
4.246888798 5.843120997 

2.590394164 3.625461409 
2.654955616 3.656160807 

2.108730037 7.292323955 
2.178389875 7.400710683 

0.3159449187 8.172584685 
0.5256801053 8.238494994 

0.740630363 8.301304823 
0.5256801053 8.238494994 

0.6418729086 7.98753153 
0.5668150067 8.076219279 

6.065424846 7.879700937 
5.888490059 7.603688195 

5.713351926 7.328496228 
5.888490059 7.603688195 

4.992752671 6.34253308 
5.193716138 6.316585647 

4.374467614 3.448282516 
4.462078847 3.412094597 

4.557255343 3.386240071 
4.462078847 3.412094597 

1.865159915 8.182321579 
2.020013151 8.1414375 

2.779924208 7.992506882 
2.736797778 8.109885288 

2.731608443 8.248008386 
2.736797778 8.109885288 

5.027623814 6.475482754 
5.199633944 6.424568641 

2.200056194 9.01177344 
2.130304939 9.045085823 

2.071375636 9.082167016 
2.130304939 9.045085823 

4.9139215 1.842317718 
4.802120196 1.754071832 

3.648718655 3.027580152 
3.549798647 3.11920822 

3.473180056 3.221027487 
3.549798647 3.11920822 

1.838142158 8.854466638 
1.798963488 8.781493981 

1.770868253 8.69456921 
1.798963488 8.781493981 

4.374453379 6.642715637 
4.503174196 6.559995234 

4.642308448 6.479786078 
4.503174196 6.559995234 

4.281112012 2.810324923 
4.202282513 2.835885731 

4.127417343 2.853753283 
4.202282513 2.835885731 

6.058016546 8.196597937 
6.052777979 8.015639298 

6.065424846 7.879700937 
6.052777979 8.015639298 

5.54774988 7.978718093 
5.513445558 8.088497829 

1.894458752 7.686275795 
1.99172765 7.657939441 

3.533683721 2.298281048 
3.483877548 2.181104381 

3.427453916 2.076526771 
3.483877548 2.181104381 

2.641106727 2.658208802 
2.814363955 2.670316859 

2.985245523 2.685975904 
2.814363955 2.670316859 

3.867720659 6.768456803 
3.90550707 6.775856971 

3.948487403 6.78299162 
3.90550707 6.775856971 

1.447619281 8.125085754 
1.530120452 8.20311783 

1.646596579 8.301283502 
1.530120452 8.20311783 

2.388435782 7.680524125 
2.334288796 7.590300911 

2.258252181 7.503574823 
2.334288796 7.590300911 

1.903949526 1.682391049 
1.87082408 1.502855933 

2.356906012 1.779160962 
2.357510709 1.685778508 

2.359863032 1.593317329 
2.357510709 1.685778508 

5.110184419 8.14303581 
5.087641619 8.114088917 

5.068619998 8.10513727 
5.087641619 8.114088917 

2.200056194 9.01177344 
2.185754041 9.113633961 

2.45865399 2.545533081 
2.41381233 2.493286973 

2.363545095 2.448741062 
2.41381233 2.493286973 

3.096243335 2.84866434 
3.018737065 2.876400474 

2.933514502 2.897365089 
3.018737065 2.876400474 

3.885383638 2.024998438 
3.862745898 1.860480332 

7.167656528 5.137134696 
7.108579557 5.137579377 

7.049502587 5.138024059 
7.108579557 5.137579377 

2.185754041 9.113633961 
2.200209573 9.188328573 

0.4584287282 8.025790355 
0.5668150067 8.076219279 

2.200209573 9.188328573 
2.183152293 9.223684851 

2.181210207 9.259456281 
2.183152293 9.223684851 

6.171721255 6.531122331 
6.168866225 6.653116923 

4.670036585 3.141625656 
4.672961533 3.108273743 

4.67259344 3.071595352 
4.672961533 3.108273743 

5.73156469 7.013146955 
5.618477535 7.028554588 

2.720077512 1.85223352 
2.660205027 1.763374666 

2.589545392 1.676654718 
2.660205027 1.763374666 

2.490422624 2.354455126 
2.41381233 2.493286973 

5.557845533 6.051327542 
5.528795136 5.954477734 

5.499745685 5.85583604 
5.528795136 5.954477734 

2.841656526 1.610397329 
2.839316606 1.520453427 

1.632155144 7.008030061 
1.616327759 6.933439065 

1.600464275 6.857592494 
1.616327759 6.933439065 

3.427453916 2.076526771 
3.441519917 2.215305214 

3.724212842 4.000760446 
3.823346933 3.917567852 

3.913718682 3.832930754 
3.823346933 3.917567852 

6.325332267 4.841290377 
6.252095615 4.725156459 

2.052170558 7.684279677 
2.080069877 7.629883024 

2.108891612 7.576918834 
2.080069877 7.629883024 

2.197910588 3.662263411 
2.283071681 3.537300513 

2.368232775 3.412337615 
2.283071681 3.537300513 

5.010728908 5.91593284 
5.046457406 5.928662235 

5.087182527 5.938597595 
5.046457406 5.928662235 

1.703952522 1.785706751 
1.545737677 1.831687495 

2.255538315 8.070295882 
2.192712044 7.967221092 

1.832618489 6.346216259 
1.871004026 6.283119023 

1.909389564 6.220021787 
1.871004026 6.283119023 

3.566773782 0.423555582 
3.522377104 0.4239053407 

3.477037125 0.4235177392 
3.522377104 0.4239053407 

2.736797778 8.109885288 
2.580247426 8.024959602 

3.139306976 2.039321288 
3.151072479 2.111583838 

3.144793959 2.174377524 
3.151072479 2.111583838 

3.074459638 2.691937581 
3.096243335 2.84866434 

1.646596579 8.301283502 
1.674676495 8.238373977 

1.701126927 8.175176582 
1.674676495 8.238373977 

3.036945827 6.091375228 
3.080846084 6.122995713 

3.12474634 6.154616198 
3.080846084 6.122995713 

5.491261096 7.018254205 
5.555207101 7.023139518 

5.618477535 7.028554588 
5.555207101 7.023139518 

2.104648687 7.665430115 
2.080069877 7.629883024 

3.560171786 2.14277611 
3.483877548 2.181104381 

5.787952841 4.650100746 
5.698339624 4.62417418 

5.605665787 4.592740205 
5.698339624 4.62417418 

2.813870459 1.426155012 
2.826590383 1.472892081 

2.839316606 1.520453427 
2.826590383 1.472892081 

1.137413073 8.053226427 
0.9508733955 8.085777993 

0.7678892449 8.116547629 
0.9508733955 8.085777993 

6.544000486 8.255224921 
6.392672377 8.262437647 

2.309640309 7.327692562 
2.247218751 7.366349322 

2.178389875 7.400710683 
2.247218751 7.366349322 

3.501217876 2.650881734 
3.611691062 2.622355855 

3.722164247 2.593829977 
3.611691062 2.622355855 

3.637831428 3.219595627 
3.549798647 3.11920822 

6.2775568 6.594333014 
6.284064478 6.482055478 

7.54584768 6.489606627 
7.576409622 6.403881743 

7.606419965 6.319187712 
7.576409622 6.403881743 

1.669675415 7.860197248 
1.558129407 7.878355217 

1.447836177 7.895644058 
1.558129407 7.878355217 

6.330012018 5.656029151 
6.473969684 5.679252843 

6.61792735 5.702476534 
6.473969684 5.679252843 

1.015061548 7.442271113 
0.870630961 7.44034333 

0.7280330465 7.43888793 
0.870630961 7.44034333 

3.653076053 2.042929433 
3.785168377 2.107789606 

3.915783972 2.17268948 
3.785168377 2.107789606 

3.356643806 7.00162134 
3.231442575 7.017989243 

3.106241345 7.034357145 
3.231442575 7.017989243 

5.471462338 8.219555612 
5.492600819 8.154394076 

5.513445558 8.088497829 
5.492600819 8.154394076 

3.096282093 8.31463878 
3.019703274 8.645681526 

3.096282093 8.31463878 
2.913945268 8.281323583 

2.731608443 8.248008386 
2.913945268 8.281323583 

