3.228997194 0.9209307751 
2.962203079 1.724576491 

3.744371367 7.551046649 
2.901625012 7.770692115 

4.457423255 2.715916272 
4.557255343 3.386240071 

2.052230732 8.053456215 
2.153108515 7.792100762 

2.760105567 8.840568745 
3.315119828 8.908958149 

4.756533412 4.763167563 
4.471534652 4.504793822 

6.382650085 6.384951946 
6.677386232 6.14383249 

2.845703655 2.462669273 
3.0737976 2.328547297 

6.918501503 5.996356788 
6.677386232 6.14383249 

0.8260693939 7.161847809 
0.4215231659 6.739933826 

1.63250137 7.009037118 
1.36321318 7.213985173 

1.669675415 7.860197248 
1.897188173 7.685239278 

6.483369702 5.265187173 
6.61792735 5.702476534 

4.457423255 2.715916272 
5.050927603 2.551599308 

7.544244038 6.491582292 
6.913095755 6.344244811 

6.677386232 6.14383249 
6.913095755 6.344244811 

3.318613545 2.213707969 
3.0737976 2.328547297 

3.756076447 1.849248265 
3.560355767 1.749443567 

4.1912423 4.140439214 
4.019505283 3.822586724 

7.397220806 7.321641108 
6.824369709 7.363745185 

5.560378387 6.052922777 
5.838184017 6.087084537 

4.471534652 4.504793822 
4.340947333 4.341108605 

4.1912423 4.140439214 
4.340947333 4.341108605 

2.390139889 7.683062846 
2.586647325 7.617975516 

6.918501503 5.996356788 
7.302965871 6.149100106 

5.255969862 7.213727666 
4.788147584 7.49848853 

1.944179133 2.912580991 
2.435859725 3.244970498 

2.528708806 1.971141599 
2.744960969 2.083107072 

1.631490836 8.576479922 
1.505543887 8.893740738 

2.727910371 8.25066891 
2.901625012 7.770692115 

2.744960969 2.083107072 
2.168082012 2.302617385 

2.168082012 2.302617385 
2.291300013 2.425607267 

5.713351926 7.328496228 
5.73156469 7.013146955 

0.6884063673 7.584780101 
1.031351131 7.631242076 

1.320981291 7.727939086 
1.031351131 7.631242076 

6.824369709 7.363745185 
6.936966314 7.043768972 

4.186652959 2.344437342 
4.491708857 2.401120845 

1.63250137 7.009037118 
1.195989097 6.925501075 

2.095008876 7.286762007 
2.119454446 7.444079129 

1.513131956 1.75190467 
2.168082012 2.302617385 

6.549796066 6.943247222 
7.158695627 6.673276341 

1.195989097 6.925501075 
0.8260693939 7.161847809 

6.824369709 7.363745185 
6.932335387 7.826872822 

5.041426641 6.595709294 
5.198596995 6.423800901 

5.580411505 7.67552947 
5.758117314 7.764923994 

6.065424846 7.879700937 
5.758117314 7.764923994 

7.158695627 6.673276341 
6.936966314 7.043768972 

2.481684236 8.583512163 
2.727910371 8.25066891 

1.669675415 7.860197248 
1.136588456 8.050343932 

3.659332108 2.041861448 
3.756076447 1.849248265 

2.489876574 3.842506399 
2.435859725 3.244970498 

6.61792735 5.702476534 
6.918501503 5.996356788 

3.179822873 1.904584836 
3.41703274 1.875870283 

3.034802235 6.073729295 
2.74313207 6.290502371 

1.251260812 8.758410802 
1.505543887 8.893740738 

3.228997194 0.9209307751 
3.424990333 1.031336172 

4.457423255 2.715916272 
4.491708857 2.401120845 

4.952235595 1.716647786 
4.172857479 1.940240989 

3.659332108 2.041861448 
4.172857479 1.940240989 

6.307184917 7.985806987 
6.192276873 7.339886326 

6.039390568 7.114391302 
6.192276873 7.339886326 

2.435859725 3.244970498 
2.368232775 3.412337615 

7.158695627 6.673276341 
6.965580979 6.633676926 

5.601581582 6.494395728 
5.746008291 6.525420506 

0.8260693939 7.161847809 
1.015061548 7.442271113 

2.962203079 1.724576491 
2.843896192 1.609476998 

1.195989097 6.925501075 
1.292399454 6.214811461 

3.096282093 8.31463878 
3.067996109 8.058480217 

4.138045274 5.885016651 
4.197080862 6.231551745 

3.851857345 6.752104667 
4.197080862 6.231551745 

3.773430371 1.366512692 
3.924533513 1.583062345 

5.582076834 5.398322888 
5.472431145 5.69449918 

7.481194531 5.409438972 
6.94116287 5.669324837 

1.838142158 8.854466638 
1.595105359 9.060641376 

1.100375333 9.289417402 
1.595105359 9.060641376 

5.838184017 6.087084537 
6.086486806 6.002496263 

3.228997194 0.9209307751 
3.130200212 1.304732677 

3.560355767 1.749443567 
3.130200212 1.304732677 

6.326581935 5.656333944 
6.141190137 5.340261859 

0.4215231659 6.739933826 
0.9992534625 6.77550205 

1.195989097 6.925501075 
0.9992534625 6.77550205 

5.255969862 7.213727666 
5.73156469 7.013146955 

4.782460561 6.772222207 
4.907666602 6.866390484 

3.315119828 8.908958149 
3.233549881 8.577877096 

6.913095755 6.344244811 
6.729236501 6.495230169 

2.528708806 1.971141599 
2.355637564 1.778764797 

2.168082012 2.302617385 
2.139753199 2.110768229 

1.308757988 2.299888367 
1.646042473 2.288166237 

5.931996805 6.744161692 
6.243857622 6.949744607 

2.022278629 8.525034529 
2.023139882 8.8446691 

2.390139889 7.683062846 
2.459551967 8.050671599 

7.311172999 7.813994038 
6.932335387 7.826872822 

3.750050258 0.8420252778 
3.57925449 0.7942941751 

4.774159817 5.637789787 
4.839644351 5.836005845 

2.360126052 0.9216375282 
2.258172281 0.6520628271 

7.302965871 6.149100106 
7.200461665 6.310604315 

4.3679796 7.613262401 
4.311405299 7.29841604 

4.311405299 7.29841604 
4.553542772 7.307881022 

1.838142158 8.854466638 
2.023139882 8.8446691 

6.307184917 7.985806987 
5.549324482 7.975009942 

7.208419368 5.197676114 
7.096141745 5.369927686 

5.549324482 7.975009942 
5.580411505 7.67552947 

1.136588456 8.050343932 
1.320981291 7.727939086 

0.3171541331 8.171529942 
0.6426299181 7.986609732 

2.901625012 7.770692115 
2.459551967 8.050671599 

4.448799032 1.359600408 
3.924533513 1.583062345 

5.629339326 4.976617394 
5.512502431 4.778032906 

5.14860955 4.789778052 
5.512502431 4.778032906 

3.096282093 8.31463878 
3.233549881 8.577877096 

5.838184017 6.087084537 
6.047929074 6.276270419 

2.481684236 8.583512163 
2.607260419 8.913961886 

3.081337244 0.3062214476 
3.345055575 0.7106730915 

3.424990333 1.031336172 
3.345055575 0.7106730915 

3.648718655 3.027580152 
3.762011862 3.283636989 

2.489876574 3.842506399 
2.368232775 3.412337615 

2.139753199 2.110768229 
2.744960969 2.083107072 

4.138045274 5.885016651 
4.723896092 6.303060551 

5.041426641 6.595709294 
4.723896092 6.303060551 

1.832618489 6.346216259 
1.629198724 6.651566647 

6.192276873 7.339886326 
5.713351926 7.328496228 

3.233549881 8.577877096 
3.385138263 8.382061759 

2.744960969 2.083107072 
2.45295836 2.192259226 

2.139753199 2.110768229 
1.815773637 2.188245202 

3.956691533 2.566061624 
3.613265194 2.516888669 

3.533239011 2.297655545 
3.613265194 2.516888669 

2.119454446 7.444079129 
2.267214575 7.504852079 

2.853837901 6.655322873 
3.411353253 6.453831394 

7.544244038 6.491582292 
7.252792755 6.508984594 

6.824369709 7.363745185 
6.601452421 7.456826849 

1.669675415 7.860197248 
1.468038474 7.998042824 

7.158695627 6.673276341 
7.426284724 6.652417204 

6.047929074 6.276270419 
6.086486806 6.002496263 

1.468038474 7.998042824 
1.433614946 8.125989403 

2.465061473 6.013478626 
2.702128248 6.123422477 

2.74313207 6.290502371 
2.702128248 6.123422477 

2.727910371 8.25066891 
2.382933193 8.344440682 

2.845703655 2.462669273 
2.897041216 2.272478202 

2.94380077 2.044598406 
2.897041216 2.272478202 

1.195989097 6.925501075 
1.36321318 7.213985173 

2.368232775 3.412337615 
2.168993681 3.332016895 

2.322567833 7.344105738 
2.267214575 7.504852079 

1.015061548 7.442271113 
1.148210881 7.15198548 

1.195989097 6.925501075 
1.148210881 7.15198548 

4.723896092 6.303060551 
4.643503031 6.478916515 

3.851857345 6.752104667 
3.823104083 7.127917422 

2.643252917 3.19477444 
2.435859725 3.244970498 

2.031588203 7.025186828 
1.954610094 6.868328811 

3.141332686 3.288322912 
3.211536939 3.513569032 

5.14860955 4.789778052 
4.922867528 4.963969917 

4.756533412 4.763167563 
4.922867528 4.963969917 

5.629339326 4.976617394 
5.888137462 4.737703504 

1.031351131 7.631242076 
1.015061548 7.442271113 

2.355472343 1.340497322 
2.070540437 1.35236041 

2.760105567 8.840568745 
2.607260419 8.913961886 

5.601581582 6.494395728 
5.629684263 6.748817898 

0.7409726972 8.303059955 
0.6426299181 7.986609732 

6.669230736 8.249173971 
6.658210821 7.959850333 

1.646042473 2.288166237 
1.601828183 2.419520598 

2.727910371 8.25066891 
3.067996109 8.058480217 

1.929336305 1.503654423 
1.901866348 1.675522206 

5.629684263 6.748817898 
5.931996805 6.744161692 

2.962203079 1.724576491 
2.94380077 2.044598406 

4.448799032 1.359600408 
4.557446231 1.618281222 

3.57925449 0.7942941751 
3.566109153 0.424403159 

4.782460561 6.772222207 
4.549983985 6.955026132 

0.8260693939 7.161847809 
1.148210881 7.15198548 

3.613265194 2.516888669 
3.501217876 2.650881734 

1.308757988 2.299888367 
1.601828183 2.419520598 

2.675652482 0.4489099127 
2.762653769 0.836962062 

3.0737976 2.328547297 
2.897041216 2.272478202 

4.457423255 2.715916272 
4.399293729 2.866304756 

2.901625012 7.770692115 
3.357754189 7.934932436 

1.815773637 2.188245202 
1.646042473 2.288166237 

2.853837901 6.655322873 
2.896834273 6.817487563 

2.92754611 2.897191127 
2.974679461 2.692291506 

5.580411505 7.67552947 
5.24613639 7.711479045 

0.8260693939 7.161847809 
0.9992534625 6.77550205 

4.557255343 3.386240071 
4.561542086 3.137737098 

4.3193543 3.143502622 
4.561542086 3.137737098 

2.635653528 9.467688711 
2.744350748 9.14678238 

2.760105567 8.840568745 
2.744350748 9.14678238 

6.760571315 6.773774953 
6.729236501 6.495230169 

3.744371367 7.551046649 
4.080069824 7.631600734 

1.929336305 1.503654423 
2.070540437 1.35236041 

3.424990333 1.031336172 
3.57925449 0.7942941751 

6.141190137 5.340261859 
6.317291377 5.452171488 

6.483369702 5.265187173 
6.317291377 5.452171488 

0.7304366865 8.844509416 
0.5297591481 8.628282054 

2.962203079 1.724576491 
3.028274396 1.550743761 

5.007465437 8.013259879 
5.445598163 7.656413274 

7.200461665 6.310604315 
7.252792755 6.508984594 

6.918501503 5.996356788 
6.94116287 5.669324837 

1.36321318 7.213985173 
0.9775196677 6.990000851 

3.385138263 8.382061759 
3.538939113 8.323926248 

5.901080782 5.528553459 
6.141190137 5.340261859 

1.433614946 8.125989403 
1.514400013 8.394690638 

1.631490836 8.576479922 
1.514400013 8.394690638 

2.727910371 8.25066891 
2.792742628 8.469528003 

5.255969862 7.213727666 
5.24613639 7.711479045 

6.729236501 6.495230169 
6.614037225 6.68020469 

5.472431145 5.69449918 
5.086923218 5.938751631 

2.744960969 2.083107072 
2.94380077 2.044598406 

0.6426299181 7.986609732 
0.6884063673 7.584780101 

6.669230736 8.249173971 
6.99908031 8.050608987 

0.6426299181 7.986609732 
0.8328443937 7.855396865 

0.9775196677 6.990000851 
1.195989097 6.925501075 

4.557446231 1.618281222 
4.29526961 1.568726401 

4.123223532 1.414608547 
4.29526961 1.568726401 

4.172857479 1.940240989 
3.936162048 2.16982766 

1.601828183 2.419520598 
1.524171542 2.465746337 

3.266525447 3.922670962 
3.186284024 3.62584667 

2.992075522 3.417639756 
3.186284024 3.62584667 

5.198596995 6.423800901 
4.998615024 6.333357923 

4.723896092 6.303060551 
4.998615024 6.333357923 

4.774159817 5.637789787 
5.162614465 5.424664423 

1.673954642 6.372225933 
1.832618489 6.346216259 

3.028274396 1.550743761 
2.843896192 1.609476998 

2.91177844 7.220512849 
2.655385224 7.304196021 

2.74313207 6.290502371 
2.785631747 6.467971497 

0.9992534625 6.77550205 
1.087507769 6.594048836 

1.629198724 6.651566647 
1.195989097 6.925501075 

3.130200212 1.304732677 
2.98920115 1.312312995 

1.292399454 6.214811461 
1.325619094 6.580887209 

0.6884063673 7.584780101 
0.5231545314 7.668428431 

7.426284724 6.652417204 
7.252792755 6.508984594 

4.557255343 3.386240071 
4.880787922 2.934068684 

5.050927603 2.551599308 
4.880787922 2.934068684 

2.335893567 6.409342485 
2.74313207 6.290502371 

5.888137462 4.737703504 
6.0210459 4.816879831 

3.228997194 0.9209307751 
3.345055575 0.7106730915 

1.894745159 0.7755668939 
1.869864373 1.054839907 

6.760571315 6.773774953 
6.614037225 6.68020469 

5.464627424 7.027757915 
5.683379293 6.890816091 

5.629684263 6.748817898 
5.683379293 6.890816091 

4.555978453 1.821314593 
4.72538473 1.819561681 

4.952235595 1.716647786 
4.72538473 1.819561681 

1.505543887 8.893740738 
1.342954997 9.068107147 

4.907666602 6.866390484 
4.932273997 7.116489492 

2.607260419 8.913961886 
2.744350748 9.14678238 

4.922867528 4.963969917 
4.829226122 5.150454003 

6.61792735 5.702476534 
6.888292145 5.388570476 

4.829226122 5.150454003 
4.452365159 5.284756568 

1.251260812 8.758410802 
1.514400013 8.394690638 

6.94116287 5.669324837 
6.888292145 5.388570476 

4.079563985 0.9699632506 
4.127241458 0.830458799 

2.843896192 1.609476998 
2.589545392 1.676654718 

2.355637564 1.778764797 
2.589545392 1.676654718 

3.744371367 7.551046649 
3.357754189 7.934932436 

3.744371367 7.551046649 
3.644656947 7.86589238 

4.553542772 7.307881022 
4.549983985 6.955026132 

2.528708806 1.971141599 
2.589545392 1.676654718 

3.762011862 3.283636989 
3.637831428 3.219595627 

1.577184403 7.526556595 
1.85104515 7.445435046 

2.459551967 8.050671599 
2.256126027 8.074848312 

2.91177844 7.220512849 
3.105271812 7.034348657 

1.897188173 7.685239278 
2.054698495 7.682098937 

3.034802235 6.073729295 
2.702128248 6.123422477 

5.085748918 2.134003978 
4.899963462 1.986380916 

4.723896092 6.303060551 
4.566858209 6.107512336 

2.181210207 9.259456281 
2.388724386 8.839887123 

1.63250137 7.009037118 
1.717622545 7.33048975 

4.123223532 1.414608547 
4.498916166 0.8166393969 

7.397220806 7.321641108 
7.19678772 7.058655163 

3.096282093 8.31463878 
2.792742628 8.469528003 

2.792742628 8.469528003 
3.019703274 8.645681526 

1.36321318 7.213985173 
1.717622545 7.33048975 

2.643252917 3.19477444 
2.685180071 3.381417623 

6.888292145 5.388570476 
7.096141745 5.369927686 

4.795579546 2.416900206 
4.56931735 2.58624119 

4.457423255 2.715916272 
4.56931735 2.58624119 

3.156536103 2.198122165 
3.226880353 2.117912237 

4.774159817 5.637789787 
4.863820727 5.419013874 

4.498916166 0.8166393969 
4.127241458 0.830458799 

1.433614946 8.125989403 
1.698902667 8.175433664 

3.659332108 2.041861448 
3.427458288 2.075102618 

6.243857622 6.949744607 
6.226761629 6.739707571 

3.0737976 2.328547297 
3.156536103 2.198122165 

3.067996109 8.058480217 
3.357754189 7.934932436 

3.019703274 8.645681526 
3.093623237 8.720617645 

5.445598163 7.656413274 
5.580411505 7.67552947 

2.647954598 2.645418838 
2.732728899 2.842293529 

2.92754611 2.897191127 
2.732728899 2.842293529 

7.544244038 6.491582292 
7.612264246 6.710187605 

3.0737976 2.328547297 
3.055197433 2.484413765 

2.675652482 0.4489099127 
2.393700292 0.6935546868 

2.258172281 0.6520628271 
2.393700292 0.6935546868 

1.673954642 6.372225933 
1.711953402 6.173281096 

3.034802235 6.073729295 
3.090431122 6.318732156 

5.007465437 8.013259879 
5.141650746 7.895806468 

5.24613639 7.711479045 
5.141650746 7.895806468 

2.360126052 0.9216375282 
2.447300222 0.7341565464 

2.607260419 8.913961886 
2.524322766 9.106497756 

3.424990333 1.031336172 
3.265345296 1.115024855 

3.130200212 1.304732677 
3.265345296 1.115024855 

2.168993681 3.332016895 
2.098427786 3.493948435 

4.123223532 1.414608547 
4.004339345 1.419207476 

1.308757988 2.299888367 
1.524171542 2.465746337 

1.308757988 2.299888367 
1.539298144 2.055471738 

0.7678892449 8.116547629 
0.6426299181 7.986609732 

7.302965871 6.149100106 
7.40585149 6.161497992 

4.186652959 2.344437342 
4.457423255 2.715916272 

4.172857479 1.940240989 
4.270573181 2.127617939 

2.447300222 0.7341565464 
2.465026543 0.5435360182 

1.015061548 7.442271113 
1.269875472 7.458734402 

5.041426641 6.595709294 
4.907666602 6.866390484 

1.100375333 9.289417402 
1.379074564 8.681483735 

4.549983985 6.955026132 
4.372864756 6.642960684 

0.9775196677 6.990000851 
0.8260693939 7.161847809 

7.200461665 6.310604315 
7.40585149 6.161497992 

2.022278629 8.525034529 
2.133630012 8.419745418 

6.99908031 8.050608987 
6.932335387 7.826872822 

0.4215231659 6.739933826 
0.7153757319 6.623501765 

0.7409726972 8.303059955 
0.7578123393 8.541339012 

7.311172999 7.813994038 
7.207090668 7.555764616 

1.251260812 8.758410802 
1.379074564 8.681483735 

3.266525447 3.922670962 
3.524801399 3.849016833 

3.724212842 4.000760446 
3.524801399 3.849016833 

5.758117314 7.764923994 
5.895705705 7.55237183 

1.136588456 8.050343932 
0.8328443937 7.855396865 

1.251260812 8.758410802 
1.05434125 8.700793331 

4.311405299 7.29841604 
3.983122991 7.443350695 

3.744371367 7.551046649 
3.983122991 7.443350695 

2.528708806 1.971141599 
2.720620172 1.854897567 

2.153108515 7.792100762 
2.196274241 7.701437553 

2.390139889 7.683062846 
2.196274241 7.701437553 

3.228997194 0.9209307751 
3.265345296 1.115024855 

6.279876668 4.70061252 
6.166264361 5.02368957 

2.901625012 7.770692115 
2.991624945 7.925251587 

3.067996109 8.058480217 
2.991624945 7.925251587 

2.356180765 7.877626607 
2.196274241 7.701437553 

6.729236501 6.495230169 
6.567914376 6.458482906 

4.080069824 7.631600734 
3.983122991 7.443350695 

6.567914376 6.458482906 
6.614037225 6.68020469 

6.326581935 5.656333944 
6.03186478 5.871136904 

5.838184017 6.087084537 
6.03186478 5.871136904 

0.7487656663 6.360780036 
1.046467548 6.377170508 

2.45295836 2.192259226 
2.492037591 2.35846279 

5.369242356 6.718744344 
5.629684263 6.748817898 

2.786113606 7.569358214 
2.901625012 7.770692115 

2.77988061 7.990551425 
2.991624945 7.925251587 

4.197080862 6.231551745 
4.566858209 6.107512336 

6.760571315 6.773774953 
6.862917781 6.726618846 

6.965580979 6.633676926 
6.862917781 6.726618846 

4.197080862 6.231551745 
4.252219441 6.476277251 

4.372864756 6.642960684 
4.252219441 6.476277251 

5.73156469 7.013146955 
5.683379293 6.890816091 

5.931996805 6.744161692 
5.683379293 6.890816091 

7.40585149 6.161497992 
7.477774847 6.238803925 

7.096141745 5.369927686 
7.481194531 5.409438972 

2.435859725 3.244970498 
2.384604967 2.896662526 

3.345055575 0.7106730915 
3.57925449 0.7942941751 

4.863820727 5.419013874 
5.162614465 5.424664423 

5.007465437 8.013259879 
5.133362272 7.614462544 

4.186652959 2.344437342 
4.30258832 2.22921266 

4.270573181 2.127617939 
4.30258832 2.22921266 

5.560378387 6.052922777 
5.259024169 6.01341066 

5.086923218 5.938751631 
5.259024169 6.01341066 

7.096141745 5.369927686 
7.024528445 5.516570765 

6.94116287 5.669324837 
7.024528445 5.516570765 

3.996838634 3.094601893 
4.127417343 2.853753283 

6.549796066 6.943247222 
6.226761629 6.739707571 

7.252792755 6.508984594 
7.158695627 6.673276341 

6.047929074 6.276270419 
5.88686134 6.421453362 

5.746008291 6.525420506 
5.88686134 6.421453362 

6.086486806 6.002496263 
6.03186478 5.871136904 

2.356180765 7.877626607 
2.459551967 8.050671599 

4.448799032 1.359600408 
4.356703222 1.194283233 

5.909708628 6.551947003 
5.88686134 6.421453362 

1.815773637 2.188245202 
1.539298144 2.055471738 

6.913095755 6.344244811 
6.567914376 6.458482906 

0.5297591481 8.628282054 
0.6583812757 8.557127443 

0.7578123393 8.541339012 
0.6583812757 8.557127443 

1.755196162 9.314577335 
1.705044869 9.173074085 

1.595105359 9.060641376 
1.705044869 9.173074085 

3.644656947 7.86589238 
3.538939113 8.323926248 

1.577184403 7.526556595 
1.759439278 7.611032631 

1.897188173 7.685239278 
1.759439278 7.611032631 

1.957774222 3.335323127 
1.918205913 3.484086203 

1.325619094 6.580887209 
1.087507769 6.594048836 

1.514400013 8.394690638 
1.662025699 8.313298232 

2.418442321 6.246369816 
2.187079656 6.033665275 

4.863820727 5.419013874 
5.054172044 5.162985586 

3.326448503 0.5197446796 
3.404873252 0.3296999999 

1.615796597 1.402896755 
1.915601327 1.318311982 

2.070540437 1.35236041 
1.915601327 1.318311982 

2.022278629 8.525034529 
1.631490836 8.576479922 

1.136588456 8.050343932 
1.284762207 7.957033504 

1.832618489 6.346216259 
1.991893732 6.339517831 

1.929336305 1.503654423 
1.915601327 1.318311982 

1.815773637 2.188245202 
1.638738773 2.203489298 

4.136197455 0.5713277556 
4.096665193 0.7399396445 

4.127241458 0.830458799 
4.096665193 0.7399396445 

3.266525447 3.922670962 
3.377957699 3.709474276 

3.211536939 3.513569032 
3.377957699 3.709474276 

0.7153757319 6.623501765 
0.7814194015 6.568018803 

2.962203079 1.724576491 
2.720620172 1.854897567 

7.172993695 5.930675698 
7.234418858 5.728343428 

2.098427786 3.493948435 
2.041979845 3.450741572 

1.957774222 3.335323127 
2.041979845 3.450741572 

2.992075522 3.417639756 
2.811903265 3.548501615 

5.198596995 6.423800901 
5.259024169 6.01341066 

3.345055575 0.7106730915 
3.326448503 0.5197446796 

6.549796066 6.943247222 
6.382122717 6.679851419 

6.382650085 6.384951946 
6.382122717 6.679851419 

3.318613545 2.213707969 
3.308648178 2.383235842 

3.315119828 8.908958149 
2.865369019 8.692616307 

2.481684236 8.583512163 
2.865369019 8.692616307 

3.560355767 1.749443567 
3.644879987 1.609551779 

5.182803723 8.069301431 
5.141650746 7.895806468 

1.944179133 2.912580991 
1.728157607 2.73506204 

6.549796066 6.943247222 
6.400223535 6.833791571 

6.243857622 6.949744607 
6.400223535 6.833791571 

3.956691533 2.566061624 
3.707311498 2.325846456 

3.659332108 2.041861448 
3.707311498 2.325846456 

2.360126052 0.9216375282 
2.393700292 0.6935546868 

3.211536939 3.513569032 
3.186284024 3.62584667 

2.465026543 0.5435360182 
2.393700292 0.6935546868 

1.673954642 6.372225933 
1.325619094 6.580887209 

1.629198724 6.651566647 
1.839369456 6.733155865 

1.85104515 7.445435046 
1.717622545 7.33048975 

5.133362272 7.614462544 
4.972809234 7.643323605 

7.234418858 5.728343428 
7.303889201 5.622867131 

3.644656947 7.86589238 
3.735468934 8.214859239 

1.638738773 2.203489298 
1.646042473 2.288166237 

5.901080782 5.528553459 
5.715078598 5.639384674 

3.318613545 2.213707969 
3.427458288 2.075102618 

7.477774847 6.238803925 
7.531169223 6.216267949 

2.744960969 2.083107072 
2.707647584 2.242039588 

2.845703655 2.462669273 
2.707647584 2.242039588 

5.931996805 6.744161692 
5.732916175 6.66714598 

5.601581582 6.494395728 
5.732916175 6.66714598 

4.138045274 5.885016651 
4.81588956 5.96557518 

5.560378387 6.052922777 
4.81588956 5.96557518 

2.423493192 7.040694132 
2.40389156 7.21665647 

2.322567833 7.344105738 
2.40389156 7.21665647 

4.774159817 5.637789787 
4.81588956 5.96557518 

6.307184917 7.985806987 
6.232794658 8.01736972 

2.197910588 3.662263411 
1.994164377 3.453252018 

4.019505283 3.822586724 
4.249042337 3.617020627 

3.648718655 3.027580152 
3.637831428 3.219595627 

4.839644351 5.836005845 
4.81588956 5.96557518 

6.936966314 7.043768972 
7.071234621 6.927340103 

5.746008291 6.525420506 
5.732916175 6.66714598 

1.342954997 9.068107147 
1.367585159 9.177577587 

1.524171542 2.465746337 
1.506454803 2.606118734 

3.533239011 2.297655545 
3.707311498 2.325846456 

6.483369702 5.265187173 
6.730173258 5.114252077 

2.77988061 7.990551425 
2.525155697 7.946259472 

2.356180765 7.877626607 
2.525155697 7.946259472 

6.076895959 6.609930425 
5.983135967 6.592545848 

4.172857479 1.940240989 
3.980756776 1.879270009 

7.481194531 5.409438972 
7.360390462 5.576244276 

7.303889201 5.622867131 
7.360390462 5.576244276 

6.99908031 8.050608987 
7.046799787 7.88601896 

3.425005007 1.601643921 
3.323082757 1.446054588 

3.130200212 1.304732677 
3.323082757 1.446054588 

2.760105567 8.840568745 
2.865369019 8.692616307 

5.182803723 8.069301431 
5.255447194 8.149987744 

4.549983985 6.955026132 
4.293606245 6.95968537 

6.192276873 7.339886326 
6.402511747 7.261460106 

2.792742628 8.469528003 
2.865369019 8.692616307 

7.612264246 6.710187605 
7.650906965 6.868018523 

1.379074564 8.681483735 
1.514400013 8.394690638 

3.41703274 1.875870283 
3.427458288 2.075102618 

1.998527719 8.228064327 
1.900220688 8.455523628 

2.786113606 7.569358214 
2.793251955 7.457197876 

5.713351926 7.328496228 
5.686813178 7.580150747 

5.580411505 7.67552947 
5.686813178 7.580150747 

4.372864756 6.642960684 
4.132440851 6.733761828 

2.762653769 0.836962062 
2.79103493 0.9728568296 

1.379074564 8.681483735 
1.307104905 8.441014857 

2.181210207 9.259456281 
2.406872753 9.335706327 

2.635653528 9.467688711 
2.406872753 9.335706327 

2.355472343 1.340497322 
2.666484597 1.575677308 

2.962203079 1.724576491 
2.666484597 1.575677308 

6.226761629 6.739707571 
6.382122717 6.679851419 

5.041426641 6.595709294 
5.133402347 6.720988666 

5.369242356 6.718744344 
5.133402347 6.720988666 

5.24613639 7.711479045 
5.133362272 7.614462544 

2.258172281 0.6520628271 
2.075562785 0.7111513624 

1.954610094 6.868328811 
1.839369456 6.733155865 

0.5231545314 7.668428431 
0.5370383133 7.552651345 

0.3780930475 7.469107809 
0.5370383133 7.552651345 

1.625165301 3.27159154 
1.868079951 3.406788719 

1.994164377 3.453252018 
1.868079951 3.406788719 

3.337384824 7.230921976 
3.444808285 7.30899771 

3.214895908 2.913207789 
3.344011472 2.682200506 

3.501217876 2.650881734 
3.344011472 2.682200506 

3.538939113 8.323926248 
3.735468934 8.214859239 

3.090431122 6.318732156 
3.117887535 6.416357991 

2.384604967 2.896662526 
2.577051472 2.883040834 

2.732728899 2.842293529 
2.577051472 2.883040834 

1.63250137 7.009037118 
1.723405755 7.230713988 

1.85104515 7.445435046 
1.723405755 7.230713988 

4.839644351 5.836005845 
5.008406168 5.68783098 

5.162614465 5.424664423 
5.008406168 5.68783098 

2.897041216 2.272478202 
2.707647584 2.242039588 

1.320981291 7.727939086 
0.8502505621 7.987795522 

1.36321318 7.213985173 
1.148210881 7.15198548 

4.561542086 3.137737098 
4.670036585 3.141625656 

2.79103493 0.9728568296 
2.881403353 0.8917590033 

3.013393127 0.7921472417 
2.881403353 0.8917590033 

3.404873252 0.3296999999 
3.273264833 0.3483830459 

0.9775196677 6.990000851 
0.9992534625 6.77550205 

1.901866348 1.675522206 
1.705090008 1.784880791 

1.513131956 1.75190467 
1.705090008 1.784880791 

6.888292145 5.388570476 
7.024528445 5.516570765 

3.956691533 2.566061624 
3.755767823 2.785280936 

3.648718655 3.027580152 
3.755767823 2.785280936 

5.732916175 6.66714598 
5.629684263 6.748817898 

1.669675415 7.860197248 
1.866964734 7.898361763 

0.5998870419 7.318427004 
0.7105211352 7.27911855 

0.8260693939 7.161847809 
0.7105211352 7.27911855 

1.615796597 1.402896755 
1.797917785 1.410020519 

1.929336305 1.503654423 
1.797917785 1.410020519 

1.717622545 7.33048975 
1.723405755 7.230713988 

3.179822873 1.904584836 
3.139306976 2.039321288 

4.293606245 6.95968537 
4.132440851 6.733761828 

1.046467548 6.377170508 
1.159692009 6.298569557 

1.136588456 8.050343932 
0.8502505621 7.987795522 

6.365197605 8.312358254 
6.289787194 8.104764646 

2.811903265 3.548501615 
2.746582516 3.616578897 

5.445598163 7.656413274 
5.24613639 7.711479045 

5.512502431 4.778032906 
5.605665787 4.592740205 

7.544244038 6.491582292 
7.477774847 6.238803925 

7.19678772 7.058655163 
6.936966314 7.043768972 

2.744350748 9.14678238 
2.650839374 9.145300287 

6.61792735 5.702476534 
6.94116287 5.669324837 

2.853837901 6.655322873 
2.639626184 6.651521295 

2.647954598 2.645418838 
2.577051472 2.883040834 

7.426284724 6.652417204 
7.544244038 6.491582292 

2.107741895 7.576530141 
2.267214575 7.504852079 

2.139753199 2.110768229 
1.942074558 1.989253253 

6.729236501 6.495230169 
6.862917781 6.726618846 

5.162614465 5.424664423 
5.054172044 5.162985586 

7.19678772 7.058655163 
7.080592236 7.170528706 

5.931996805 6.744161692 
5.983135967 6.592545848 

5.471462338 8.219555612 
5.356167243 8.147670785 

5.255447194 8.149987744 
5.356167243 8.147670785 

7.397220806 7.321641108 
7.2429731 7.458059416 

1.918205913 3.484086203 
1.994164377 3.453252018 

3.761325975 8.54507153 
3.628284054 8.478170497 

2.481684236 8.583512163 
2.630179627 8.719877807 

2.760105567 8.840568745 
2.630179627 8.719877807 

4.356703222 1.194283233 
4.351623074 1.045869964 

5.931996805 6.744161692 
5.77872939 6.877834632 

3.117887535 6.416357991 
3.197294529 6.428099391 

6.658210821 7.959850333 
6.882980368 7.979405057 

6.99908031 8.050608987 
6.882980368 7.979405057 

1.496178262 9.379375696 
1.367585159 9.177577587 

3.266525447 3.922670962 
3.464235072 3.619951096 

6.913095755 6.344244811 
6.965580979 6.633676926 

4.186652959 2.344437342 
4.556568417 2.053436721 

4.952235595 1.716647786 
4.556568417 2.053436721 

4.555978453 1.821314593 
4.671280647 1.693895092 

4.557446231 1.618281222 
4.671280647 1.693895092 

6.677386232 6.14383249 
6.630772767 6.2757519 

6.567914376 6.458482906 
6.630772767 6.2757519 

3.425005007 1.601643921 
3.644879987 1.609551779 

2.974679461 2.692291506 
3.073619561 2.692060071 

3.055197433 2.484413765 
3.073619561 2.692060071 

2.720620172 1.854897567 
2.666484597 1.575677308 

2.181210207 9.259456281 
2.071375636 9.082167016 

2.273975125 7.096917575 
2.40389156 7.21665647 

1.728157607 2.73506204 
1.562377168 2.682851754 

3.226880353 2.117912237 
3.2806034 2.140342217 

3.427458288 2.075102618 
3.2806034 2.140342217 

3.411353253 6.453831394 
3.256342102 6.43935002 

3.197294529 6.428099391 
3.256342102 6.43935002 

6.677386232 6.14383249 
6.974284152 5.902574558 

5.77872939 6.877834632 
5.683379293 6.890816091 

3.823104083 7.127917422 
3.983122991 7.443350695 

6.076895959 6.609930425 
6.168470756 6.531287221 

6.336898987 6.143671891 
6.382650085 6.384951946 

1.615796597 1.402896755 
1.875505745 1.506626204 

2.198670121 1.731982956 
1.875505745 1.506626204 

6.289787194 8.104764646 
6.19043584 8.107816539 

3.139306976 2.039321288 
3.226880353 2.117912237 

3.315119828 8.908958149 
3.172218336 8.626085387 

3.096282093 8.31463878 
3.172218336 8.626085387 

4.566858209 6.107512336 
4.81588956 5.96557518 

3.464235072 3.619951096 
3.377957699 3.709474276 

6.336898987 6.143671891 
6.229807766 6.071679789 

6.086486806 6.002496263 
6.229807766 6.071679789 

1.918205913 3.484086203 
1.868079951 3.406788719 

6.058016546 8.196597937 
6.143573314 8.072862678 

6.232794658 8.01736972 
6.143573314 8.072862678 

3.566109153 0.424403159 
3.404873252 0.3296999999 

3.566109153 0.424403159 
3.447895925 0.5748301341 

3.345055575 0.7106730915 
3.447895925 0.5748301341 

6.365197605 8.312358254 
6.544513261 8.255037328 

5.472431145 5.69449918 
5.259024169 6.01341066 

2.481684236 8.583512163 
2.317633327 8.523008092 

2.022278629 8.525034529 
2.317633327 8.523008092 

3.179822873 1.904584836 
3.028274396 1.550743761 

6.317291377 5.452171488 
6.326581935 5.656333944 

5.88686134 6.421453362 
5.70379321 6.257896066 

7.481194531 5.409438972 
7.225323469 5.652604539 

6.974284152 5.902574558 
7.225323469 5.652604539 

6.065424846 7.879700937 
6.232794658 8.01736972 

2.896834273 6.817487563 
2.926737944 7.017732185 

3.722164247 2.593829977 
3.613265194 2.516888669 

6.307184917 7.985806987 
6.289787194 8.104764646 

4.566858209 6.107512336 
4.611047378 6.304472134 

4.643503031 6.478916515 
4.611047378 6.304472134 

6.382122717 6.679851419 
6.400223535 6.833791571 

0.6884063673 7.584780101 
0.5403291042 7.89035408 

3.722164247 2.593829977 
3.755767823 2.785280936 

4.080069824 7.631600734 
4.205290221 7.435607298 

4.311405299 7.29841604 
4.205290221 7.435607298 

0.5403291042 7.89035408 
0.6426299181 7.986609732 

5.901080782 5.528553459 
5.955013678 5.719437915 

6.03186478 5.871136904 
5.955013678 5.719437915 

1.631490836 8.576479922 
1.379074564 8.681483735 

1.85104515 7.445435046 
2.107741895 7.576530141 

1.513131956 1.75190467 
1.743601521 1.894423254 

1.942074558 1.989253253 
1.743601521 1.894423254 

3.41703274 1.875870283 
3.560355767 1.749443567 

7.19678772 7.058655163 
7.334773189 7.028244638 

7.554029225 6.993178107 
7.334773189 7.028244638 

5.162614465 5.424664423 
5.282994955 5.548498466 

6.065424846 7.879700937 
6.143573314 8.072862678 

1.36321318 7.213985173 
1.278635401 7.354652622 

1.269875472 7.458734402 
1.278635401 7.354652622 

3.936162048 2.16982766 
3.707311498 2.325846456 

2.388724386 8.839887123 
2.607260419 8.913961886 

1.496178262 9.379375696 
1.364510164 9.267119988 

3.33366591 7.579341779 
3.554947314 7.507788945 

3.744371367 7.551046649 
3.554947314 7.507788945 

4.3679796 7.613262401 
4.205290221 7.435607298 

4.795579546 2.416900206 
4.866771597 2.475730197 

5.050927603 2.551599308 
4.866771597 2.475730197 

2.355472343 1.340497322 
2.311957878 1.473243032 

1.929336305 1.503654423 
1.875505745 1.506626204 

3.273264833 0.3483830459 
3.25398897 0.2166776359 

4.671280647 1.693895092 
4.72538473 1.819561681 

5.70379321 6.257896066 
5.804161852 6.179223001 

5.838184017 6.087084537 
5.804161852 6.179223001 

6.166264361 5.02368957 
6.0210459 4.816879831 

6.166264361 5.02368957 
6.113908911 5.178972261 

6.141190137 5.340261859 
6.113908911 5.178972261 

3.261220898 6.271960813 
3.171277987 6.205677151 

3.936162048 2.16982766 
3.906179805 2.031414634 

3.980756776 1.879270009 
3.906179805 2.031414634 

1.869864373 1.054839907 
1.743073108 1.159805607 

3.093623237 8.720617645 
3.172218336 8.626085387 

6.065424846 7.879700937 
6.217248685 7.582867445 

1.625165301 3.27159154 
1.77585343 3.068563278 

1.944179133 2.912580991 
1.77585343 3.068563278 

2.94380077 2.044598406 
3.139306976 2.039321288 

2.291300013 2.425607267 
2.355946419 2.353990218 

2.492037591 2.35846279 
2.355946419 2.353990218 

4.611047378 6.304472134 
4.723896092 6.303060551 

2.77988061 7.990551425 
2.567084303 7.79043643 

2.390139889 7.683062846 
2.567084303 7.79043643 

5.054172044 5.162985586 
4.829226122 5.150454003 

2.335893567 6.409342485 
2.292915924 6.277982719 

3.2806034 2.140342217 
3.318613545 2.213707969 

2.94380077 2.044598406 
3.023011659 2.235902616 

3.0737976 2.328547297 
3.023011659 2.235902616 

6.936966314 7.043768972 
7.0232879 7.084093618 

7.080592236 7.170528706 
7.0232879 7.084093618 

4.863820727 5.419013874 
4.756606101 5.367544003 

2.023139882 8.8446691 
2.071375636 9.082167016 

7.531169223 6.216267949 
7.575674388 6.255655388 

1.284762207 7.957033504 
1.445522289 7.89595339 

1.468038474 7.998042824 
1.445522289 7.89595339 

1.472244263 5.889743637 
1.648006932 6.05614518 

1.711953402 6.173281096 
1.648006932 6.05614518 

5.560378387 6.052922777 
5.357309674 6.199948696 

4.448799032 1.359600408 
4.29526961 1.568726401 

1.957774222 3.335323127 
1.868079951 3.406788719 

3.214895908 2.913207789 
3.073619561 2.692060071 

2.447300222 0.7341565464 
2.393700292 0.6935546868 

1.698902667 8.175433664 
1.865159915 8.182321579 

1.998527719 8.228064327 
1.865159915 8.182321579 

6.918501503 5.996356788 
6.974284152 5.902574558 

5.259024169 6.01341066 
5.357309674 6.199948696 

3.628284054 8.478170497 
3.568866985 8.427524027 

3.538939113 8.323926248 
3.568866985 8.427524027 

2.360126052 0.9216375282 
2.364298235 1.211848074 

2.355472343 1.340497322 
2.364298235 1.211848074 

3.007823687 9.105239278 
3.162486438 8.981380818 

3.750050258 0.8420252778 
3.92873335 0.7695474661 

1.087507769 6.594048836 
1.046467548 6.377170508 

5.357309674 6.199948696 
5.180585189 6.227627125 

2.465026543 0.5435360182 
2.555825588 0.5167896751 

2.197480014 6.732558093 
2.020056169 6.795085154 

1.954610094 6.868328811 
2.020056169 6.795085154 

3.377957699 3.709474276 
3.524801399 3.849016833 

6.226761629 6.739707571 
6.168470756 6.531287221 

2.45295836 2.192259226 
2.43856578 2.059715742 

2.528708806 1.971141599 
2.43856578 2.059715742 

2.418442321 6.246369816 
2.32771102 6.249887747 

2.292915924 6.277982719 
2.32771102 6.249887747 

3.659332108 2.041861448 
3.906179805 2.031414634 

6.039390568 7.114391302 
5.967632213 7.120878051 

5.844359247 7.090742393 
5.967632213 7.120878051 

6.336898987 6.143671891 
6.416708541 6.001709844 

3.326448503 0.5197446796 
3.447895925 0.5748301341 

2.273975125 7.096917575 
2.173316405 7.158125571 

2.095008876 7.286762007 
2.173316405 7.158125571 

2.459551967 8.050671599 
2.525155697 7.946259472 

2.481684236 8.583512163 
2.658683305 8.507692523 

5.472431145 5.69449918 
5.715078598 5.639384674 

1.63250137 7.009037118 
1.682832439 7.458723698 

1.669675415 7.860197248 
1.682832439 7.458723698 

6.228740436 5.881072555 
6.03186478 5.871136904 

1.307104905 8.441014857 
1.387485613 8.273424965 

1.433614946 8.125989403 
1.387485613 8.273424965 

1.669675415 7.860197248 
1.759439278 7.611032631 

6.913095755 6.344244811 
6.630772767 6.2757519 

1.100375333 9.289417402 
1.276082898 9.23496122 

1.367585159 9.177577587 
1.276082898 9.23496122 

0.7304366865 8.844509416 
0.9297304458 8.734941271 

1.05434125 8.700793331 
0.9297304458 8.734941271 

1.539298144 2.055471738 
1.638738773 2.203489298 

6.677386232 6.14383249 
6.520159518 6.149555234 

1.743073108 1.159805607 
1.915601327 1.318311982 

2.746582516 3.616578897 
2.655312597 3.652766874 

7.071234621 6.927340103 
7.0232879 7.084093618 

3.33366591 7.579341779 
3.141415701 7.653230654 

2.901625012 7.770692115 
3.141415701 7.653230654 

1.900220688 8.455523628 
2.00914113 8.395162794 

2.022278629 8.525034529 
2.00914113 8.395162794 

3.105271812 7.034348657 
2.926737944 7.017732185 

4.756606101 5.367544003 
4.687912018 5.336559785 

3.425005007 1.601643921 
3.408715869 1.725837772 

3.41703274 1.875870283 
3.408715869 1.725837772 

5.008406168 5.68783098 
5.189503295 5.690757426 

5.255969862 7.213727666 
5.215108606 7.422554126 

5.133362272 7.614462544 
5.215108606 7.422554126 

6.326581935 5.656333944 
6.06596495 5.655200489 

5.085748918 2.134003978 
5.140247255 2.33805445 

1.577184403 7.526556595 
1.682832439 7.458723698 

3.028274396 1.550743761 
2.816442557 1.427438956 

4.774159817 5.637789787 
4.933529381 5.415074537 

4.019505283 3.822586724 
3.913718682 3.832930754 

5.931996805 6.744161692 
5.967632213 7.120878051 

3.924533513 1.583062345 
3.855497821 1.709356708 

1.629198724 6.651566647 
1.600464275 6.857592494 

1.284762207 7.957033504 
1.468038474 7.998042824 

1.85104515 7.445435046 
1.682832439 7.458723698 

1.85104515 7.445435046 
1.956748622 7.58717887 

4.687912018 5.336559785 
4.630948535 5.318534193 

1.269875472 7.458734402 
1.320981291 7.727939086 

1.803238653 5.99970149 
1.682587535 5.995230061 

1.472244263 5.889743637 
1.682587535 5.995230061 

4.933529381 5.415074537 
4.863820727 5.419013874 

6.047929074 6.276270419 
6.168470756 6.531287221 

2.198670121 1.731982956 
2.355637564 1.778764797 

6.614037225 6.68020469 
6.382122717 6.679851419 

1.031351131 7.631242076 
1.04477645 7.849688321 

1.136588456 8.050343932 
1.04477645 7.849688321 

2.524322766 9.106497756 
2.590936114 9.202872877 

2.650839374 9.145300287 
2.590936114 9.202872877 

5.73156469 7.013146955 
5.77872939 6.877834632 

2.785631747 6.467971497 
2.751394435 6.540427525 

6.913095755 6.344244811 
6.907786034 6.15763267 

6.918501503 5.996356788 
6.907786034 6.15763267 

5.086923218 5.938751631 
4.81588956 5.96557518 

6.932335387 7.826872822 
6.882980368 7.979405057 

2.052230732 8.053456215 
2.011202912 7.952771573 

2.617567896 5.86965367 
2.496780243 5.939722401 

2.465061473 6.013478626 
2.496780243 5.939722401 

2.897041216 2.272478202 
3.023011659 2.235902616 

3.823104083 7.127917422 
4.093495728 7.180162789 

4.311405299 7.29841604 
4.093495728 7.180162789 

1.956748622 7.58717887 
1.897188173 7.685239278 

2.658683305 8.507692523 
2.727910371 8.25066891 

0.8502505621 7.987795522 
0.8328443937 7.855396865 

4.448799032 1.359600408 
4.289876142 1.383358069 

4.123223532 1.414608547 
4.289876142 1.383358069 

5.909708628 6.551947003 
5.850643956 6.502531531 

5.746008291 6.525420506 
5.850643956 6.502531531 

3.996838634 3.094601893 
4.167309025 3.078582507 

4.3193543 3.143502622 
4.167309025 3.078582507 

2.197480014 6.732558093 
1.974510066 6.729986155 

1.839369456 6.733155865 
1.974510066 6.729986155 

1.717622545 7.33048975 
1.682832439 7.458723698 

1.577184403 7.526556595 
1.640675947 7.376620143 

1.717622545 7.33048975 
1.640675947 7.376620143 

2.197910588 3.662263411 
2.098427786 3.493948435 

2.489876574 3.842506399 
2.42374721 3.678419476 

2.107741895 7.576530141 
1.956748622 7.58717887 

6.402511747 7.261460106 
6.507632181 7.366844797 

6.601452421 7.456826849 
6.507632181 7.366844797 

1.539298144 2.055471738 
1.585830129 1.91188582 

5.629339326 4.976617394 
5.662118502 4.838492588 

3.156536103 2.198122165 
3.023011659 2.235902616 

6.279876668 4.70061252 
6.31879277 4.84087538 

7.172993695 5.930675698 
6.974284152 5.902574558 

6.730173258 5.114252077 
6.934436568 5.156072908 

5.804161852 6.179223001 
5.88686134 6.421453362 

7.397220806 7.321641108 
7.441447133 6.896463888 

7.544244038 6.491582292 
7.441447133 6.896463888 

0.6884063673 7.584780101 
0.5370383133 7.552651345 

6.047929074 6.276270419 
6.229807766 6.071679789 

2.655385224 7.304196021 
2.733065148 7.377406643 

2.793251955 7.457197876 
2.733065148 7.377406643 

2.843896192 1.609476998 
2.7556953 1.627743503 

4.952235595 1.716647786 
4.802120196 1.754071832 

4.671280647 1.693895092 
4.802120196 1.754071832 

1.100375333 9.289417402 
1.253170717 9.335177358 

1.364510164 9.267119988 
1.253170717 9.335177358 

2.647954598 2.645418838 
2.554305104 2.781903813 

2.384604967 2.896662526 
2.554305104 2.781903813 

2.962203079 1.724576491 
2.7556953 1.627743503 

3.355763506 7.003187266 
3.376188145 6.73871616 

7.68632603 6.083873739 
7.605807235 6.179300052 

7.575674388 6.255655388 
7.605807235 6.179300052 

7.426284724 6.652417204 
7.612264246 6.710187605 

3.761325975 8.54507153 
3.583414871 8.305330563 

3.357754189 7.934932436 
3.583414871 8.305330563 

1.705090008 1.784880791 
1.743601521 1.894423254 

4.643503031 6.478916515 
4.836788476 6.42142528 

2.021817942 2.583338785 
2.088196092 2.452338603 

2.168082012 2.302617385 
2.088196092 2.452338603 

5.88686134 6.421453362 
5.850643956 6.502531531 

2.360126052 0.9216375282 
2.563364509 0.9521648803 

5.255969862 7.213727666 
5.054622915 7.296654269 

3.560355767 1.749443567 
3.408715869 1.725837772 

7.172993695 5.930675698 
7.06947999 5.761492045 

6.94116287 5.669324837 
7.06947999 5.761492045 

6.888292145 5.388570476 
7.003954166 5.282732305 

1.743073108 1.159805607 
1.719040742 1.283896761 

1.615796597 1.402896755 
1.719040742 1.283896761 

5.582076834 5.398322888 
5.650531911 5.572296885 

5.715078598 5.639384674 
5.650531911 5.572296885 

1.251260812 8.758410802 
1.193889944 9.00020778 

6.047929074 6.276270419 
6.021525696 6.492883206 

5.983135967 6.592545848 
6.021525696 6.492883206 

4.452365159 5.284756568 
4.562960071 5.297847017 

4.630948535 5.318534193 
4.562960071 5.297847017 

2.382933193 8.344440682 
2.317633327 8.523008092 

2.075562785 0.7111513624 
2.027247146 0.8063410264 

5.601581582 6.494395728 
5.50211148 6.591689735 

5.369242356 6.718744344 
5.50211148 6.591689735 

4.3679796 7.613262401 
4.671680813 7.820080382 

5.007465437 8.013259879 
4.671680813 7.820080382 

1.759439278 7.611032631 
1.956748622 7.58717887 

2.586647325 7.617975516 
2.741709641 7.695101088 

2.901625012 7.770692115 
2.741709641 7.695101088 

2.91177844 7.220512849 
2.716374387 7.133599805 

4.899963462 1.986380916 
4.72538473 1.819561681 

2.168993681 3.332016895 
1.957774222 3.335323127 

0.3171541331 8.171529942 
0.4702391138 8.019991125 

0.5403291042 7.89035408 
0.4702391138 8.019991125 

2.335893567 6.409342485 
2.32771102 6.249887747 

4.899963462 1.986380916 
4.9139215 1.842317718 

4.952235595 1.716647786 
4.9139215 1.842317718 

2.335893567 6.409342485 
2.126920891 6.397848514 

1.991893732 6.339517831 
2.126920891 6.397848514 

4.972809234 7.643323605 
5.141650746 7.895806468 

6.226761629 6.739707571 
6.278373962 6.592483311 

6.382650085 6.384951946 
6.278373962 6.592483311 

4.399293729 2.866304756 
4.283402715 2.821995681 

6.021525696 6.492883206 
6.076895959 6.609930425 

7.003954166 5.282732305 
7.096141745 5.369927686 

3.179822873 1.904584836 
3.282989346 2.008876645 

3.427458288 2.075102618 
3.282989346 2.008876645 

6.228740436 5.881072555 
6.138441315 5.840994321 

6.086486806 6.002496263 
6.138441315 5.840994321 

3.583414871 8.305330563 
3.538939113 8.323926248 

2.196274241 7.701437553 
2.267214575 7.504852079 

2.133630012 8.419745418 
2.220186324 8.196350221 

2.256126027 8.074848312 
2.220186324 8.196350221 

5.282994955 5.548498466 
5.189503295 5.690757426 

2.555825588 0.5167896751 
2.570146531 0.4108246382 

3.055197433 2.484413765 
3.133775916 2.673430039 

6.06596495 5.655200489 
5.955013678 5.719437915 

2.181210207 9.259456281 
1.983580088 9.226768538 

2.716374387 7.133599805 
2.614824348 7.063139886 

7.441447133 6.896463888 
7.334773189 7.028244638 

2.197910588 3.662263411 
2.326580115 3.644021788 

2.42374721 3.678419476 
2.326580115 3.644021788 

4.351623074 1.045869964 
4.371136859 0.9648546511 

3.644656947 7.86589238 
3.511657501 7.96488935 

3.357754189 7.934932436 
3.511657501 7.96488935 

6.058016546 8.196597937 
6.129943253 8.14613607 

6.19043584 8.107816539 
6.129943253 8.14613607 

7.554029225 6.993178107 
7.457239257 6.797893699 

7.426284724 6.652417204 
7.457239257 6.797893699 

2.054698495 7.682098937 
2.196274241 7.701437553 

2.655312597 3.652766874 
2.608430936 3.730279897 

0.7678892449 8.116547629 
0.5588008261 8.149499364 

6.217248685 7.582867445 
6.178502406 7.489139091 

6.192276873 7.339886326 
6.178502406 7.489139091 

2.311957878 1.473243032 
2.359863032 1.593317329 

1.662025699 8.313298232 
1.647793994 8.461729556 

1.631490836 8.576479922 
1.647793994 8.461729556 

5.601581582 6.494395728 
5.70379321 6.257896066 

5.601581582 6.494395728 
5.714930041 6.401930781 

5.88686134 6.421453362 
5.714930041 6.401930781 

3.444808285 7.30899771 
3.399232648 7.409788679 

3.33366591 7.579341779 
3.399232648 7.409788679 

1.513131956 1.75190467 
1.689471133 1.966458221 

5.282994955 5.548498466 
5.3852306 5.604818387 

5.472431145 5.69449918 
5.3852306 5.604818387 

3.980756776 1.879270009 
3.855497821 1.709356708 

3.013393127 0.7921472417 
3.134960249 0.8139708778 

3.228997194 0.9209307751 
3.134960249 0.8139708778 

6.913095755 6.344244811 
7.039589378 6.299242311 

7.200461665 6.310604315 
7.039589378 6.299242311 

2.489876574 3.842506399 
2.555562895 3.77826227 

2.608430936 3.730279897 
2.555562895 3.77826227 

3.956691533 2.566061624 
3.814319031 2.587913298 

3.722164247 2.593829977 
3.814319031 2.587913298 

1.63250137 7.009037118 
1.79707247 6.929564916 

1.954610094 6.868328811 
1.79707247 6.929564916 

3.750050258 0.8420252778 
3.598632687 0.9629555353 

0.5588008261 8.149499364 
0.4191019234 8.23810017 

3.473180056 3.221027487 
3.489611189 3.43878815 

3.464235072 3.619951096 
3.489611189 3.43878815 

2.423493192 7.040694132 
2.591914668 7.165928167 

2.655385224 7.304196021 
2.591914668 7.165928167 

4.566858209 6.107512336 
4.450712825 6.096201253 

4.353534999 6.12157405 
4.450712825 6.096201253 

2.92754611 2.897191127 
3.0442835 3.077919993 

3.141332686 3.288322912 
3.0442835 3.077919993 

3.315119828 8.908958149 
3.189744443 8.827630521 

3.093623237 8.720617645 
3.189744443 8.827630521 

1.015061548 7.442271113 
1.191562164 7.582445103 

1.320981291 7.727939086 
1.191562164 7.582445103 

2.335893567 6.409342485 
2.232414926 6.523517889 

2.647954598 2.645418838 
2.685610788 2.896648309 

2.382933193 8.344440682 
2.220186324 8.196350221 

2.98920115 1.312312995 
2.969755302 1.388514261 

4.491708857 2.401120845 
4.56931735 2.58624119 

2.614824348 7.063139886 
2.534748043 7.07803141 

2.423493192 7.040694132 
2.534748043 7.07803141 

1.031351131 7.631242076 
1.191562164 7.582445103 

1.307104905 8.441014857 
1.419410356 8.407897699 

1.514400013 8.394690638 
1.419410356 8.407897699 

3.214895908 2.913207789 
3.0442835 3.077919993 

3.133775916 2.673430039 
3.187532714 2.748402461 

7.208419368 5.197676114 
7.049502587 5.138024059 

6.934436568 5.156072908 
7.049502587 5.138024059 

1.015061548 7.442271113 
0.8504425972 7.504367867 

0.6884063673 7.584780101 
0.8504425972 7.504367867 

3.308648178 2.383235842 
3.344011472 2.682200506 

5.746008291 6.525420506 
5.714930041 6.401930781 

4.802120196 1.754071832 
4.72538473 1.819561681 

2.022541355 5.914112058 
2.167139564 5.962253133 

2.187079656 6.033665275 
2.167139564 5.962253133 

7.554029225 6.993178107 
7.441447133 6.896463888 

1.901866348 1.675522206 
2.035337987 1.747089059 

2.198670121 1.731982956 
2.035337987 1.747089059 

3.980756776 1.879270009 
3.862933471 1.86204428 

3.756076447 1.849248265 
3.862933471 1.86204428 

2.023139882 8.8446691 
2.200056194 9.01177344 

2.335893567 6.409342485 
2.418442321 6.246369816 

1.625165301 3.27159154 
1.793051528 3.371287384 

1.918205913 3.484086203 
1.793051528 3.371287384 

2.685610788 2.896648309 
2.732728899 2.842293529 

6.965580979 6.633676926 
7.12001135 6.586180589 

7.252792755 6.508984594 
7.12001135 6.586180589 

4.553542772 7.307881022 
4.6423728 7.302003049 

4.75430456 7.306448204 
4.6423728 7.302003049 

6.416708541 6.001709844 
6.525053514 6.041819654 

6.520159518 6.149555234 
6.525053514 6.041819654 

2.031588203 7.025186828 
2.173316405 7.158125571 

1.292399454 6.214811461 
1.165546694 6.422302923 

1.087507769 6.594048836 
1.165546694 6.422302923 

0.7814194015 6.568018803 
0.7973785492 6.482745084 

2.031588203 7.025186828 
2.039611291 7.14007843 

2.095008876 7.286762007 
2.039611291 7.14007843 

3.105271812 7.034348657 
3.027822071 6.907212285 

5.888137462 4.737703504 
5.787952841 4.650100746 

4.197080862 6.231551745 
4.353534999 6.12157405 

4.371136859 0.9648546511 
4.407777879 0.9102176999 

0.3171541331 8.171529942 
0.5665190006 8.075742729 

0.8502505621 7.987795522 
0.5665190006 8.075742729 

2.133630012 8.419745418 
2.00914113 8.395162794 

6.076895959 6.609930425 
6.168103926 6.653136836 

6.226761629 6.739707571 
6.168103926 6.653136836 

2.461306492 2.545459175 
2.492037591 2.35846279 

2.658683305 8.507692523 
2.709512187 8.471126983 

2.792742628 8.469528003 
2.709512187 8.471126983 

1.292399454 6.214811461 
1.123770216 6.101219164 

2.459551967 8.050671599 
2.579727483 8.025153089 

2.77988061 7.990551425 
2.579727483 8.025153089 

4.670036585 3.141625656 
4.399293729 2.866304756 

4.880787922 2.934068684 
4.755299688 2.966739604 

2.567084303 7.79043643 
2.586647325 7.617975516 

6.06596495 5.655200489 
5.984540058 5.59264329 

1.36321318 7.213985173 
1.478054614 7.399699372 

1.577184403 7.526556595 
1.478054614 7.399699372 

4.998615024 6.333357923 
5.180585189 6.227627125 

2.762653769 0.836962062 
2.881403353 0.8917590033 

7.544244038 6.491582292 
7.516522311 6.016135776 

2.119454446 7.444079129 
2.0747141 7.525794656 

2.107741895 7.576530141 
2.0747141 7.525794656 

5.955013678 5.719437915 
5.984540058 5.59264329 

4.555978453 1.821314593 
4.358551438 1.875081245 

4.172857479 1.940240989 
4.358551438 1.875081245 

5.198596995 6.423800901 
5.192714696 6.316465805 

5.180585189 6.227627125 
5.192714696 6.316465805 

4.136197455 0.5713277556 
4.014892622 0.6802393653 

3.92873335 0.7695474661 
4.014892622 0.6802393653 

1.513131956 1.75190467 
1.545737677 1.831687495 

1.585830129 1.91188582 
1.545737677 1.831687495 

1.631490836 8.576479922 
1.770868253 8.69456921 

1.325619094 6.580887209 
1.438856568 6.641505173 

5.713351926 7.328496228 
5.745905824 7.476230887 

2.200056194 9.01177344 
2.388724386 8.839887123 

6.549796066 6.943247222 
6.67653051 6.838271751 

6.760571315 6.773774953 
6.67653051 6.838271751 

4.755299688 2.966739604 
4.66478372 2.956341204 

1.629198724 6.651566647 
1.675606382 6.54344897 

1.673954642 6.372225933 
1.675606382 6.54344897 

6.500132299 5.002665063 
6.446382497 4.90495391 

6.31879277 4.84087538 
6.446382497 4.90495391 

5.054172044 5.162985586 
4.979380589 5.298771709 

4.933529381 5.415074537 
4.979380589 5.298771709 

5.686813178 7.580150747 
5.745905824 7.476230887 

0.4215231659 6.739933826 
0.5589571232 6.810812549 

0.7322873581 6.944177904 
0.5589571232 6.810812549 

7.046799787 7.88601896 
6.932335387 7.826872822 

7.046799787 7.88601896 
7.197118754 7.84437604 

7.311172999 7.813994038 
7.197118754 7.84437604 

1.292399454 6.214811461 
1.39441734 6.121744273 

5.198596995 6.423800901 
5.195173722 6.553460593 

1.253170717 9.335177358 
1.276082898 9.23496122 

1.85104515 7.445435046 
1.888166203 7.559921177 

1.897188173 7.685239278 
1.888166203 7.559921177 

2.45295836 2.192259226 
2.355946419 2.353990218 

5.007465437 8.013259879 
5.068619998 8.10513727 

1.956748622 7.58717887 
1.888166203 7.559921177 

2.423493192 7.040694132 
2.654167744 6.926978678 

2.896834273 6.817487563 
2.654167744 6.926978678 

6.278373962 6.592483311 
6.168470756 6.531287221 

2.382933193 8.344440682 
2.398469695 8.445056322 

2.481684236 8.583512163 
2.398469695 8.445056322 

3.214895908 2.913207789 
2.92754611 2.897191127 

3.214895908 2.913207789 
3.238408845 2.804878271 

3.187532714 2.748402461 
3.238408845 2.804878271 

5.713351926 7.328496228 
5.560434335 7.5136733 

5.445598163 7.656413274 
5.560434335 7.5136733 

1.648006932 6.05614518 
1.682587535 5.995230061 

3.25398897 0.2166776359 
3.319197886 0.3073656646 

3.404873252 0.3296999999 
3.319197886 0.3073656646 

2.45295836 2.192259226 
2.301663423 2.188416218 

2.139753199 2.110768229 
2.301663423 2.188416218 

4.839644351 5.836005845 
4.951969001 5.847525659 

1.159692009 6.298569557 
1.130957173 6.251520204 

1.638738773 2.203489298 
1.506526358 2.256369073 

4.498916166 0.8166393969 
4.447721067 0.8726188742 

4.407777879 0.9102176999 
4.447721067 0.8726188742 

0.7973785492 6.482745084 
0.7860573224 6.43238627 

2.992075522 3.417639756 
3.211536939 3.513569032 

4.353534999 6.12157405 
4.291865098 5.9922764 

1.130957173 6.251520204 
1.136941775 6.227677768 

3.41703274 1.875870283 
3.282989346 2.008876645 

5.605665787 4.592740205 
5.646759499 4.732373664 

5.662118502 4.838492588 
5.646759499 4.732373664 

3.411353253 6.453831394 
3.308276981 6.381742006 

3.261220898 6.271960813 
3.308276981 6.381742006 

7.003954166 5.282732305 
7.049502587 5.138024059 

1.031351131 7.631242076 
0.8504425972 7.504367867 

2.265487835 5.831965649 
2.412265672 5.875682661 

0.7678892449 8.116547629 
0.8502505621 7.987795522 

1.669675415 7.860197248 
1.546300118 8.006652867 

1.433614946 8.125989403 
1.546300118 8.006652867 

6.544513261 8.255037328 
6.623226415 8.211388617 

6.669230736 8.249173971 
6.623226415 8.211388617 

4.723896092 6.303060551 
4.836788476 6.42142528 

1.308757988 2.299888367 
1.426967094 2.296045757 

1.506526358 2.256369073 
1.426967094 2.296045757 

5.77872939 6.877834632 
5.620366554 6.928888123 

5.464627424 7.027757915 
5.620366554 6.928888123 

1.438856568 6.641505173 
1.600464275 6.857592494 

4.311405299 7.29841604 
4.310400667 7.160703267 

2.91177844 7.220512849 
2.933583698 7.103135216 

2.926737944 7.017732185 
2.933583698 7.103135216 

3.133775916 2.673430039 
3.073619561 2.692060071 

1.438856568 6.641505173 
1.527987598 6.646064549 

1.629198724 6.651566647 
1.527987598 6.646064549 

6.021525696 6.492883206 
6.168470756 6.531287221 

5.133402347 6.720988666 
5.166760174 6.658243679 

5.195173722 6.553460593 
5.166760174 6.658243679 

4.643503031 6.478916515 
4.704813279 6.643060059 

6.168103926 6.653136836 
6.278373962 6.592483311 

3.013393127 0.7921472417 
2.840278734 0.5984569802 

1.868079951 3.406788719 
1.793051528 3.371287384 

1.472244263 5.889743637 
1.494049483 6.011573481 

1.39441734 6.121744273 
1.494049483 6.011573481 

6.228740436 5.881072555 
6.246478737 5.752515566 

6.326581935 5.656333944 
6.246478737 5.752515566 

5.182803723 8.069301431 
5.134063776 8.08719436 

7.554029225 6.993178107 
7.575344454 6.908982318 

3.171277987 6.205677151 
3.12474634 6.154616198 

1.981927151 6.108337961 
2.022541355 5.914112058 

2.412265672 5.875682661 
2.483457849 5.863487957 

7.207090668 7.555764616 
7.161203424 7.510474266 

7.2429731 7.458059416 
7.161203424 7.510474266 

4.293606245 6.95968537 
4.277769213 7.091976969 

4.310400667 7.160703267 
4.277769213 7.091976969 

5.041426641 6.595709294 
5.195173722 6.553460593 

4.004339345 1.419207476 
3.952080212 1.50470983 

3.924533513 1.583062345 
3.952080212 1.50470983 

6.278373962 6.592483311 
6.382122717 6.679851419 

5.909708628 6.551947003 
5.937969545 6.478410903 

6.021525696 6.492883206 
5.937969545 6.478410903 

2.685610788 2.896648309 
2.689107431 3.024684809 

2.43856578 2.059715742 
2.301663423 2.188416218 

2.054698495 7.682098937 
2.104050017 7.666357558 

2.153108515 7.792100762 
2.104050017 7.666357558 

7.544244038 6.491582292 
7.575674388 6.255655388 

5.472431145 5.69449918 
5.336286911 5.708845842 

5.189503295 5.690757426 
5.336286911 5.708845842 

2.7556953 1.627743503 
2.666484597 1.575677308 

2.052230732 8.053456215 
2.193072354 7.967977998 

2.356180765 7.877626607 
2.193072354 7.967977998 

3.57925449 0.7942941751 
3.598632687 0.9629555353 

4.998615024 6.333357923 
5.026501647 6.473572226 

5.041426641 6.595709294 
5.026501647 6.473572226 

2.840278734 0.5984569802 
2.761519837 0.5236152961 

2.675652482 0.4489099127 
2.761519837 0.5236152961 

0.5998870419 7.318427004 
0.5143721901 7.378157517 

0.3780930475 7.469107809 
0.5143721901 7.378157517 

4.138045274 5.885016651 
4.242909976 5.935874308 

4.291865098 5.9922764 
4.242909976 5.935874308 

3.028274396 1.550743761 
2.969755302 1.388514261 

2.359863032 1.593317329 
2.589545392 1.676654718 

6.658210821 7.959850333 
6.809280347 7.881774959 

6.932335387 7.826872822 
6.809280347 7.881774959 

6.882980368 7.979405057 
6.809280347 7.881774959 

3.214895908 2.913207789 
3.095015022 2.847980442 

2.974679461 2.692291506 
3.095015022 2.847980442 

4.66478372 2.956341204 
4.672009219 3.018909714 

6.918501503 5.996356788 
7.034750711 5.956619568 

5.582076834 5.398322888 
5.423764357 5.460926472 

5.282994955 5.548498466 
5.423764357 5.460926472 

4.293606245 6.95968537 
4.444407455 7.139295856 

3.533239011 2.297655545 
3.441519917 2.215305214 

3.318613545 2.213707969 
3.441519917 2.215305214 

4.399293729 2.866304756 
4.363097233 2.97021036 

3.761325975 8.54507153 
3.440921361 8.437392117 

3.096282093 8.31463878 
3.440921361 8.437392117 

5.895705705 7.55237183 
6.178502406 7.489139091 

5.895705705 7.55237183 
5.767151912 7.571615267 

5.686813178 7.580150747 
5.767151912 7.571615267 

1.361595393 2.751463968 
1.442683981 2.653519174 

1.506454803 2.606118734 
1.442683981 2.653519174 

2.751394435 6.540427525 
2.71381813 6.568478476 

6.03186478 5.871136904 
6.138441315 5.840994321 

1.755196162 9.314577335 
1.851921961 9.248263247 

1.983580088 9.226768538 
1.851921961 9.248263247 

2.666484597 1.575677308 
2.589545392 1.676654718 

1.342954997 9.068107147 
1.193889944 9.00020778 

7.080592236 7.170528706 
7.081824156 7.064162896 

7.071234621 6.927340103 
7.081824156 7.064162896 

4.249042337 3.617020627 
4.374467614 3.448282516 

2.897041216 2.272478202 
2.826721778 2.171356284 

2.744960969 2.083107072 
2.826721778 2.171356284 

6.907786034 6.15763267 
7.039589378 6.299242311 

6.907786034 6.15763267 
6.785255146 6.116497204 

6.677386232 6.14383249 
6.785255146 6.116497204 

6.974284152 5.902574558 
7.034750711 5.956619568 

7.003954166 5.282732305 
7.080283737 5.212868397 

2.635653528 9.467688711 
2.612070292 9.344747525 

2.590936114 9.202872877 
2.612070292 9.344747525 

4.525730093 5.756627483 
4.242909976 5.935874308 

3.141415701 7.653230654 
2.991624945 7.925251587 

3.081337244 0.3062214476 
3.151245541 0.2284485475 

3.25398897 0.2166776359 
3.151245541 0.2284485475 

4.498916166 0.8166393969 
4.298563983 0.8921700394 

2.685180071 3.381417623 
2.655312597 3.652766874 

3.773430371 1.366512692 
4.004339345 1.419207476 

4.079563985 0.9699632506 
4.18585241 0.9324835731 

4.298563983 0.8921700394 
4.18585241 0.9324835731 

3.773430371 1.366512692 
3.699655175 1.498929563 

3.644879987 1.609551779 
3.699655175 1.498929563 

7.604607908 6.319074614 
7.706027337 6.216002264 

2.654167744 6.926978678 
2.614824348 7.063139886 

3.411353253 6.453831394 
3.454149938 6.634496877 

3.566109153 0.424403159 
3.424627201 0.4752069155 

3.326448503 0.5197446796 
3.424627201 0.4752069155 

3.637831428 3.219595627 
3.570512614 3.269253952 

2.675652482 0.4489099127 
2.626487889 0.4387542517 

6.965580979 6.633676926 
6.869454389 6.559805052 

6.729236501 6.495230169 
6.869454389 6.559805052 

7.554029225 6.993178107 
7.465955785 7.145066788 

4.836788476 6.42142528 
5.026501647 6.473572226 

1.136941775 6.227677768 
1.140362431 6.198593418 

5.937969545 6.478410903 
5.88686134 6.421453362 

3.473180056 3.221027487 
3.523229714 3.261457601 

3.570512614 3.269253952 
3.523229714 3.261457601 

2.94380077 2.044598406 
2.826721778 2.171356284 

6.61792735 5.702476534 
6.537582874 5.817687262 

6.416708541 6.001709844 
6.537582874 5.817687262 

3.788979627 8.418204256 
3.75394888 8.319083621 

3.735468934 8.214859239 
3.75394888 8.319083621 

1.915601327 1.318311982 
1.797917785 1.410020519 

3.385138263 8.382061759 
3.440921361 8.437392117 

1.759439278 7.611032631 
1.817976425 7.502633756 

1.85104515 7.445435046 
1.817976425 7.502633756 

5.008406168 5.68783098 
4.951969001 5.847525659 

1.944179133 2.912580991 
1.970532669 2.730473036 

2.021817942 2.583338785 
1.970532669 2.730473036 

4.553542772 7.307881022 
4.518366996 7.208758796 

4.444407455 7.139295856 
4.518366996 7.208758796 

1.445522289 7.89595339 
1.546300118 8.006652867 

5.255969862 7.213727666 
5.376362327 7.112095917 

5.464627424 7.027757915 
5.376362327 7.112095917 

2.79103493 0.9728568296 
2.687641389 0.9815539866 

2.563364509 0.9521648803 
2.687641389 0.9815539866 

2.335893567 6.409342485 
2.148675014 6.271744283 

1.981927151 6.108337961 
2.148675014 6.271744283 

4.132440851 6.733761828 
4.017699044 6.777107705 

3.162486438 8.981380818 
3.228264613 8.966171411 

1.100375333 9.289417402 
1.155556481 9.14063932 

1.193889944 9.00020778 
1.155556481 9.14063932 

2.617567896 5.86965367 
2.528908755 5.835541651 

2.483457849 5.863487957 
2.528908755 5.835541651 

3.282989346 2.008876645 
3.226880353 2.117912237 

1.698902667 8.175433664 
1.546300118 8.006652867 

4.29526961 1.568726401 
4.288905035 1.480511463 

4.289876142 1.383358069 
4.288905035 1.480511463 

1.140362431 6.198593418 
1.140968496 6.169695758 

2.77988061 7.990551425 
2.808095339 7.864554986 

2.901625012 7.770692115 
2.808095339 7.864554986 

5.140247255 2.33805445 
5.079870058 2.440405326 

5.050927603 2.551599308 
5.079870058 2.440405326 

1.957774222 3.335323127 
1.994164377 3.453252018 

2.489876574 3.842506399 
2.544820987 3.746041916 

2.590394164 3.625461409 
2.544820987 3.746041916 

3.007823687 9.105239278 
2.87865351 9.105266903 

2.744350748 9.14678238 
2.87865351 9.105266903 

0.9775196677 6.990000851 
1.148210881 7.15198548 

2.382933193 8.344440682 
2.257866709 8.339913737 

2.133630012 8.419745418 
2.257866709 8.339913737 

2.707647584 2.242039588 
2.826721778 2.171356284 

2.896834273 6.817487563 
2.95777657 6.862512684 

3.027822071 6.907212285 
2.95777657 6.862512684 

7.604607908 6.319074614 
7.575674388 6.255655388 

6.382650085 6.384951946 
6.285175656 6.48067848 

6.168470756 6.531287221 
6.285175656 6.48067848 

4.525730093 5.756627483 
4.350004546 5.801730815 

3.744371367 7.551046649 
3.785002436 7.354302039 

3.823104083 7.127917422 
3.785002436 7.354302039 

2.591914668 7.165928167 
2.614824348 7.063139886 

7.080283737 5.212868397 
7.135813195 5.190303422 

3.282989346 2.008876645 
3.2806034 2.140342217 

3.996838634 3.094601893 
3.848376474 3.05938751 

6.549796066 6.943247222 
6.572248765 6.807920325 

6.614037225 6.68020469 
6.572248765 6.807920325 

4.549983985 6.955026132 
4.444407455 7.139295856 

5.895705705 7.55237183 
5.810944685 7.520236673 

5.745905824 7.476230887 
5.810944685 7.520236673 

1.838142158 8.854466638 
1.954695491 8.961690687 

2.071375636 9.082167016 
1.954695491 8.961690687 

1.562377168 2.682851754 
1.506454803 2.606118734 

3.648718655 3.027580152 
3.74925613 3.053028017 

3.848376474 3.05938751 
3.74925613 3.053028017 

1.888166203 7.559921177 
1.817976425 7.502633756 

5.357309674 6.199948696 
5.192714696 6.316465805 

6.658210821 7.959850333 
6.510677757 7.97064573 

6.307184917 7.985806987 
6.510677757 7.97064573 

5.054622915 7.296654269 
5.215108606 7.422554126 

6.500132299 5.002665063 
6.490310064 5.132452352 

6.483369702 5.265187173 
6.490310064 5.132452352 

2.570146531 0.4108246382 
2.59831721 0.424789445 

2.626487889 0.4387542517 
2.59831721 0.424789445 

2.291300013 2.425607267 
2.368511235 2.444228497 

2.027247146 0.8063410264 
1.961971401 0.7572573946 

3.425005007 1.601643921 
3.516951436 1.666359145 

3.560355767 1.749443567 
3.516951436 1.666359145 

7.049502587 5.138024059 
7.080283737 5.212868397 

6.869454389 6.559805052 
6.828649898 6.631498041 

6.862917781 6.726618846 
6.828649898 6.631498041 

1.320981291 7.727939086 
1.445522289 7.89595339 

1.031351131 7.631242076 
0.9372762329 7.700298631 

0.8328443937 7.855396865 
0.9372762329 7.700298631 

3.851857345 6.752104667 
3.987765592 6.988716272 

1.755196162 9.314577335 
1.621020186 9.321994916 

4.093495728 7.180162789 
4.310400667 7.160703267 

3.141332686 3.288322912 
3.053728156 3.324522657 

1.494049483 6.011573481 
1.648006932 6.05614518 

3.659332108 2.041861448 
3.559568148 2.143083637 

2.816442557 1.427438956 
2.666484597 1.575677308 

2.969755302 1.388514261 
2.90638793 1.409427585 

2.398469695 8.445056322 
2.317633327 8.523008092 

6.572248765 6.807920325 
6.400223535 6.833791571 

7.516522311 6.016135776 
7.49576129 5.75626757 

7.397220806 7.321641108 
7.456043545 7.240639214 

7.465955785 7.145066788 
7.456043545 7.240639214 

2.355472343 1.340497322 
2.234250202 1.511137541 

2.198670121 1.731982956 
2.234250202 1.511137541 

1.621020186 9.321994916 
1.555312566 9.330678286 

5.054172044 5.162985586 
5.10393711 4.994421062 

5.14860955 4.789778052 
5.10393711 4.994421062 

0.3171541331 8.171529942 
0.3812517902 8.164446352 

2.481684236 8.583512163 
2.457344437 8.701117081 

2.388724386 8.839887123 
2.457344437 8.701117081 

4.093495728 7.180162789 
4.03715159 7.083433191 

3.987765592 6.988716272 
4.03715159 7.083433191 

1.815773637 2.188245202 
1.748833294 2.068865209 

1.689471133 1.966458221 
1.748833294 2.068865209 

3.081337244 0.3062214476 
3.157190997 0.6096493098 

3.228997194 0.9209307751 
3.157190997 0.6096493098 

3.750050258 0.8420252778 
3.767887527 1.140018471 

6.076895959 6.609930425 
6.063477845 6.466555962 

2.196274241 7.701437553 
2.104050017 7.666357558 

0.3780930475 7.469107809 
0.7350466816 7.431589674 

2.40389156 7.21665647 
2.591914668 7.165928167 

1.191562164 7.582445103 
1.269875472 7.458734402 

2.720620172 1.854897567 
2.744960969 2.083107072 

2.720620172 1.854897567 
2.735685983 1.728071041 

2.7556953 1.627743503 
2.735685983 1.728071041 

1.998527719 8.228064327 
2.220186324 8.196350221 

6.063477845 6.466555962 
6.066106274 6.357130871 

6.021525696 6.492883206 
6.063477845 6.466555962 

4.972809234 7.643323605 
4.999412565 7.824961627 

5.007465437 8.013259879 
4.999412565 7.824961627 

3.756076447 1.849248265 
3.644879987 1.609551779 

3.756076447 1.849248265 
3.783866665 1.762946004 

3.855497821 1.709356708 
3.783866665 1.762946004 

7.208419368 5.197676114 
7.167656528 5.137134696 

7.135813195 5.190303422 
7.167656528 5.137134696 

2.368511235 2.444228497 
2.355946419 2.353990218 

2.94380077 2.044598406 
3.069312324 2.10000818 

3.156536103 2.198122165 
3.069312324 2.10000818 

3.141415701 7.653230654 
3.243614622 7.814404597 

3.357754189 7.934932436 
3.243614622 7.814404597 

1.743601521 1.894423254 
1.689471133 1.966458221 

6.047929074 6.276270419 
6.04743674 6.313302873 

6.066106274 6.357130871 
6.04743674 6.313302873 

1.851921961 9.248263247 
1.705044869 9.173074085 

7.49576129 5.75626757 
7.512364677 5.616319815 

0.7322873581 6.944177904 
0.8260693939 7.161847809 

5.850643956 6.502531531 
5.937969545 6.478410903 

2.023139882 8.8446691 
1.954695491 8.961690687 

7.512364677 5.616319815 
7.484420855 5.541285266 

7.481194531 5.409438972 
7.484420855 5.541285266 

2.054698495 7.682098937 
1.997106917 7.65619564 

1.956748622 7.58717887 
1.997106917 7.65619564 

2.022278629 8.525034529 
1.900220688 8.455523628 

5.931996805 6.744161692 
5.994716563 6.922564922 

6.039390568 7.114391302 
5.994716563 6.922564922 

2.685180071 3.381417623 
2.623996623 3.516957696 

2.590394164 3.625461409 
2.623996623 3.516957696 

3.598632687 0.9629555353 
3.535811539 0.9944929563 

3.139306976 2.039321288 
3.069312324 2.10000818 

3.179822873 1.904584836 
3.05587468 1.820017728 

0.7350466816 7.431589674 
0.8504425972 7.504367867 

4.972809234 7.643323605 
4.88615988 7.563448991 

1.513131956 1.75190467 
1.570092673 1.580333497 

6.0210459 4.816879831 
6.15543865 4.7791682 

7.208419368 5.197676114 
7.346790216 5.312086604 

5.50211148 6.591689735 
5.629684263 6.748817898 

1.123770216 6.101219164 
1.128081769 6.14310385 

1.140968496 6.169695758 
1.128081769 6.14310385 

4.774159817 5.637789787 
5.008406168 5.68783098 

7.650906965 6.868018523 
7.613175547 6.887942369 

7.575344454 6.908982318 
7.613175547 6.887942369 

1.570092673 1.580333497 
1.592457571 1.491431927 

1.615796597 1.402896755 
1.592457571 1.491431927 

5.937969545 6.478410903 
5.983135967 6.592545848 

7.172993695 5.930675698 
7.109515855 5.950697585 

7.034750711 5.956619568 
7.109515855 5.950697585 

6.936966314 7.043768972 
6.856248174 6.901046906 

6.760571315 6.773774953 
6.856248174 6.901046906 

0.7487656663 6.360780036 
0.7674114944 6.396583153 

0.7860573224 6.43238627 
0.7674114944 6.396583153 

3.344011472 2.682200506 
3.238408845 2.804878271 

3.447895925 0.5748301341 
3.424627201 0.4752069155 

3.424990333 1.031336172 
3.480739293 1.029674919 

3.535811539 0.9944929563 
3.480739293 1.029674919 

4.372864756 6.642960684 
4.704813279 6.643060059 

6.365197605 8.312358254 
6.129943253 8.14613607 

6.307184917 7.985806987 
6.375092548 8.119970636 

5.560378387 6.052922777 
5.70379321 6.257896066 

5.195173722 6.553460593 
5.369242356 6.718744344 

4.672009219 3.018909714 
4.67233119 3.073680185 

6.375092548 8.119970636 
6.399287427 8.18722167 

1.998527719 8.228064327 
2.078762254 8.315117164 

2.133630012 8.419745418 
2.078762254 8.315117164 

5.901080782 5.528553459 
5.938265837 5.566097241 

5.984540058 5.59264329 
5.938265837 5.566097241 

2.311957878 1.473243032 
2.234250202 1.511137541 

4.774159817 5.637789787 
4.639377993 5.699404486 

4.525730093 5.756627483 
4.639377993 5.699404486 

2.71381813 6.568478476 
2.648590717 6.564361636 

1.647793994 8.461729556 
1.514400013 8.394690638 

6.15543865 4.7791682 
6.22611273 4.756685725 

3.05587468 1.820017728 
3.007504578 1.78274579 

2.962203079 1.724576491 
3.007504578 1.78274579 

2.534748043 7.07803141 
2.591914668 7.165928167 

3.767887527 1.140018471 
3.776905525 1.251093669 

3.773430371 1.366512692 
3.776905525 1.251093669 

2.98920115 1.312312995 
3.007139494 1.430527721 

3.028274396 1.550743761 
3.007139494 1.430527721 

2.727910371 8.25066891 
2.709512187 8.471126983 

4.017699044 6.777107705 
3.948487403 6.78299162 

6.279876668 4.70061252 
6.25233885 4.725840812 

6.22611273 4.756685725 
6.25233885 4.725840812 

5.472431145 5.69449918 
5.650531911 5.572296885 

3.055197433 2.484413765 
3.206089924 2.590873318 

3.344011472 2.682200506 
3.206089924 2.590873318 

3.454149938 6.634496877 
3.400232426 6.676040284 

3.376188145 6.73871616 
3.400232426 6.676040284 

1.894745159 0.7755668939 
1.930182055 0.7678819051 

1.961971401 0.7572573946 
1.930182055 0.7678819051 

5.844359247 7.090742393 
5.776009798 7.080185368 

5.73156469 7.013146955 
5.776009798 7.080185368 

0.4191019234 8.23810017 
0.3972803782 8.207117412 

0.3812517902 8.164446352 
0.3972803782 8.207117412 

5.714930041 6.401930781 
5.70379321 6.257896066 

4.3193543 3.143502622 
4.348828513 3.04917731 

4.363097233 2.97021036 
4.348828513 3.04917731 

2.382933193 8.344440682 
2.418031854 8.196686153 

2.459551967 8.050671599 
2.418031854 8.196686153 

2.022541355 5.914112058 
2.152674906 5.888607504 

0.7322873581 6.944177904 
0.8487231615 6.964973432 

0.9775196677 6.990000851 
0.8487231615 6.964973432 

2.119454446 7.444079129 
2.181194947 7.399925035 

1.496178262 9.379375696 
1.525745414 9.355026991 

1.555312566 9.330678286 
1.525745414 9.355026991 

2.586647325 7.617975516 
2.688426138 7.587628452 

2.786113606 7.569358214 
2.688426138 7.587628452 

5.713351926 7.328496228 
5.773581954 7.210774772 

5.844359247 7.090742393 
5.773581954 7.210774772 

6.31879277 4.84087538 
6.22611273 4.756685725 

2.267214575 7.504852079 
2.181194947 7.399925035 

6.243857622 6.949744607 
6.141735696 7.03367475 

6.039390568 7.114391302 
6.141735696 7.03367475 

2.232414926 6.523517889 
2.205600806 6.613495418 

0.6884063673 7.584780101 
0.7350466816 7.431589674 

3.533239011 2.297655545 
3.551967254 2.205145852 

3.559568148 2.143083637 
3.551967254 2.205145852 

7.003954166 5.282732305 
6.934436568 5.156072908 

2.356180765 7.877626607 
2.382316996 7.789344234 

2.390139889 7.683062846 
2.382316996 7.789344234 

6.168470756 6.531287221 
6.063477845 6.466555962 

3.441519917 2.215305214 
3.551967254 2.205145852 

2.052230732 8.053456215 
2.020013151 8.1414375 

1.998527719 8.228064327 
2.020013151 8.1414375 

1.832618489 6.346216259 
1.711953402 6.173281096 

4.788147584 7.49848853 
4.836705013 7.528199149 

4.88615988 7.563448991 
4.836705013 7.528199149 

0.7350466816 7.431589674 
0.7105211352 7.27911855 

7.544244038 6.491582292 
7.244353735 6.765678014 

6.936966314 7.043768972 
7.244353735 6.765678014 

4.795579546 2.416900206 
4.655565282 2.435054218 

4.491708857 2.401120845 
4.655565282 2.435054218 

3.315119828 8.908958149 
3.269988859 8.941975114 

3.228264613 8.966171411 
3.269988859 8.941975114 

3.427458288 2.075102618 
3.559568148 2.143083637 

0.7409726972 8.303059955 
0.7486176172 8.216102512 

0.7678892449 8.116547629 
0.7486176172 8.216102512 

2.423493192 7.040694132 
2.342183657 7.059289069 

2.273975125 7.096917575 
2.342183657 7.059289069 

2.635653528 9.467688711 
2.580530095 9.299324025 

2.524322766 9.106497756 
2.580530095 9.299324025 

2.816442557 1.427438956 
2.885964622 1.433318667 

2.90638793 1.409427585 
2.885964622 1.433318667 

2.265487835 5.831965649 
2.210804353 5.860015728 

2.152674906 5.888607504 
2.210804353 5.860015728 

3.345055575 0.7106730915 
3.157190997 0.6096493098 

5.776009798 7.080185368 
5.756942494 7.140020644 

5.773581954 7.210774772 
5.756942494 7.140020644 

6.399287427 8.18722167 
6.395423374 8.236713112 

5.472431145 5.69449918 
5.499745685 5.85583604 

6.395423374 8.236713112 
6.392672377 8.262437647 

2.00914113 8.395162794 
2.078762254 8.315117164 

4.782460561 6.772222207 
4.745395068 6.714625162 

4.704813279 6.643060059 
4.745395068 6.714625162 

3.761325975 8.54507153 
3.783739816 8.477676496 

3.788979627 8.418204256 
3.783739816 8.477676496 

3.326448503 0.5197446796 
3.157190997 0.6096493098 

5.054622915 7.296654269 
5.006588021 7.208745777 

4.932273997 7.116489492 
5.006588021 7.208745777 

6.730173258 5.114252077 
6.500132299 5.002665063 

6.365197605 8.312358254 
6.378659536 8.288160107 

6.392672377 8.262437647 
6.378659536 8.288160107 

3.823104083 7.127917422 
3.987765592 6.988716272 

3.404873252 0.3296999999 
3.404683833 0.412992727 

3.424627201 0.4752069155 
3.404683833 0.412992727 

2.555562895 3.77826227 
2.544820987 3.746041916 

3.501217876 2.650881734 
3.414185998 2.514927983 

3.308648178 2.383235842 
3.414185998 2.514927983 

5.909708628 6.551947003 
5.93596071 6.58113002 

5.983135967 6.592545848 
5.93596071 6.58113002 

5.255447194 8.149987744 
5.134063776 8.08719436 

1.866964734 7.898361763 
1.942069299 7.917748929 

2.011202912 7.952771573 
1.942069299 7.917748929 

1.981927151 6.108337961 
1.909389564 6.220021787 

1.546300118 8.006652867 
1.468038474 7.998042824 

3.404683833 0.412992727 
3.476059471 0.4234100751 

4.186652959 2.344437342 
4.057883639 2.457271653 

3.956691533 2.566061624 
4.057883639 2.457271653 

5.134063776 8.08719436 
5.110184419 8.14303581 

6.166264361 5.02368957 
6.31879277 4.84087538 

2.992075522 3.417639756 
3.025001791 3.380169007 

3.053728156 3.324522657 
3.025001791 3.380169007 

0.3780930475 7.469107809 
0.5231545314 7.668428431 

0.6884063673 7.584780101 
0.5351271993 7.549059095 

0.4499681882 7.52737637 
0.4094285962 7.515056245 

0.3780930475 7.469107809 
0.4094285962 7.515056245 

0.5351271993 7.549059095 
0.4912166586 7.537937335 

0.4499681882 7.52737637 
0.4912166586 7.537937335 

4.3679796 7.613262401 
4.226901292 7.625944511 

4.080069824 7.631600734 
4.226901292 7.625944511 

1.562377168 2.682851754 
1.459900816 2.691909712 

4.951969001 5.847525659 
5.010928321 5.916222864 

4.75430456 7.306448204 
4.771890647 7.413800357 

4.788147584 7.49848853 
4.771890647 7.413800357 

4.138045274 5.885016651 
4.247599054 5.842690402 

4.350004546 5.801730815 
4.247599054 5.842690402 

2.590394164 3.625461409 
2.655312597 3.652766874 

2.095008876 7.286762007 
2.181194947 7.399925035 

0.3171541331 8.171529942 
0.5256801053 8.238494994 

0.7409726972 8.303059955 
0.5256801053 8.238494994 

0.6426299181 7.986609732 
0.5665190006 8.075742729 

6.065424846 7.879700937 
5.888490059 7.603688195 

5.713351926 7.328496228 
5.888490059 7.603688195 

4.998615024 6.333357923 
5.192714696 6.316465805 

4.374467614 3.448282516 
4.462078847 3.412094597 

4.557255343 3.386240071 
4.462078847 3.412094597 

1.865159915 8.182321579 
2.020013151 8.1414375 

2.77988061 7.990551425 
2.736797778 8.109885288 

2.727910371 8.25066891 
2.736797778 8.109885288 

5.026501647 6.473572226 
5.198596995 6.423800901 

2.200056194 9.01177344 
2.130304939 9.045085823 

2.071375636 9.082167016 
2.130304939 9.045085823 

4.9139215 1.842317718 
4.802120196 1.754071832 

3.648718655 3.027580152 
3.549798647 3.11920822 

3.473180056 3.221027487 
3.549798647 3.11920822 

1.838142158 8.854466638 
1.798963488 8.781493981 

1.770868253 8.69456921 
1.798963488 8.781493981 

4.372864756 6.642960684 
4.503174196 6.559995234 

4.643503031 6.478916515 
4.503174196 6.559995234 

4.283402715 2.821995681 
4.202824211 2.836082489 

4.127417343 2.853753283 
4.202824211 2.836082489 

6.058016546 8.196597937 
6.052777979 8.015639298 

6.065424846 7.879700937 
6.052777979 8.015639298 

5.549324482 7.975009942 
5.51369417 8.087788593 

1.897188173 7.685239278 
1.997106917 7.65619564 

3.533239011 2.297655545 
3.479015111 2.18368962 

3.427458288 2.075102618 
3.479015111 2.18368962 

2.647954598 2.645418838 
2.813276453 2.6700159 

2.974679461 2.692291506 
2.813276453 2.6700159 

3.851857345 6.752104667 
3.904750609 6.775356698 

3.948487403 6.78299162 
3.904750609 6.775356698 

1.433614946 8.125989403 
1.530361879 8.203629482 

1.662025699 8.313298232 
1.530361879 8.203629482 

2.390139889 7.683062846 
2.334140103 7.589863055 

2.267214575 7.504852079 
2.334140103 7.589863055 

1.901866348 1.675522206 
1.875505745 1.506626204 

2.355637564 1.778764797 
2.357510709 1.685778508 

2.359863032 1.593317329 
2.357510709 1.685778508 

5.110184419 8.14303581 
5.087641619 8.114088917 

5.068619998 8.10513727 
5.087641619 8.114088917 

2.200056194 9.01177344 
2.185754041 9.113633961 

2.461306492 2.545459175 
2.414159998 2.492195524 

2.368511235 2.444228497 
2.414159998 2.492195524 

3.095015022 2.847980442 
3.024852014 2.875510123 

2.92754611 2.897191127 
3.024852014 2.875510123 

3.906179805 2.031414634 
3.862933471 1.86204428 

7.167656528 5.137134696 
7.108579557 5.137579377 

7.049502587 5.138024059 
7.108579557 5.137579377 

2.185754041 9.113633961 
2.200209573 9.188328573 

0.4702391138 8.019991125 
0.5665190006 8.075742729 

2.200209573 9.188328573 
2.183152293 9.223684851 

2.181210207 9.259456281 
2.183152293 9.223684851 

6.168470756 6.531287221 
6.168103926 6.653136836 

4.670036585 3.141625656 
4.672951457 3.108116218 

4.67233119 3.073680185 
4.672951457 3.108116218 

5.73156469 7.013146955 
5.617922719 7.028486007 

2.720620172 1.854897567 
2.660205027 1.763374666 

2.589545392 1.676654718 
2.660205027 1.763374666 

2.492037591 2.35846279 
2.414159998 2.492195524 

5.560378387 6.052922777 
5.528795136 5.954477734 

5.499745685 5.85583604 
5.528795136 5.954477734 

2.843896192 1.609476998 
2.839316606 1.520453427 

1.63250137 7.009037118 
1.616327759 6.933439065 

1.600464275 6.857592494 
1.616327759 6.933439065 

3.427458288 2.075102618 
3.441519917 2.215305214 

3.724212842 4.000760446 
3.823346933 3.917567852 

3.913718682 3.832930754 
3.823346933 3.917567852 

6.31879277 4.84087538 
6.25233885 4.725840812 

2.054698495 7.682098937 
2.073433961 7.633268683 

2.107741895 7.576530141 
2.073433961 7.633268683 

2.197910588 3.662263411 
2.283071681 3.537300513 

2.368232775 3.412337615 
2.283071681 3.537300513 

5.010928321 5.916222864 
5.045958803 5.935783837 

5.086923218 5.938751631 
5.045958803 5.935783837 

1.705090008 1.784880791 
1.545737677 1.831687495 

2.256126027 8.074848312 
2.193072354 7.967977998 

1.832618489 6.346216259 
1.871004026 6.283119023 

1.909389564 6.220021787 
1.871004026 6.283119023 

3.566109153 0.424403159 
3.522377104 0.4239053407 

3.476059471 0.4234100751 
3.522377104 0.4239053407 

2.736797778 8.109885288 
2.579727483 8.025153089 

3.139306976 2.039321288 
3.151360928 2.113142087 

3.156536103 2.198122165 
3.151360928 2.113142087 

3.073619561 2.692060071 
3.095015022 2.847980442 

1.662025699 8.313298232 
1.67037917 8.243961296 

1.698902667 8.175433664 
1.67037917 8.243961296 

3.034802235 6.073729295 
3.080518374 6.122276612 

3.12474634 6.154616198 
3.080518374 6.122276612 

5.464627424 7.027757915 
5.547451061 7.022195267 

5.617922719 7.028486007 
5.547451061 7.022195267 

2.104050017 7.666357558 
2.073433961 7.633268683 

3.559568148 2.143083637 
3.479015111 2.18368962 

5.787952841 4.650100746 
5.698339624 4.62417418 

5.605665787 4.592740205 
5.698339624 4.62417418 

2.816442557 1.427438956 
2.826590383 1.472892081 

2.839316606 1.520453427 
2.826590383 1.472892081 

1.136588456 8.050343932 
0.9508733955 8.085777993 

0.7678892449 8.116547629 
0.9508733955 8.085777993 

6.544513261 8.255037328 
6.392672377 8.262437647 

2.322567833 7.344105738 
2.247662784 7.366761095 

2.181194947 7.399925035 
2.247662784 7.366761095 

3.501217876 2.650881734 
3.611691062 2.622355855 

3.722164247 2.593829977 
3.611691062 2.622355855 

3.637831428 3.219595627 
3.549798647 3.11920822 

6.278373962 6.592483311 
6.285175656 6.48067848 

7.544244038 6.491582292 
7.576481814 6.403389494 

7.604607908 6.319074614 
7.576481814 6.403389494 

1.669675415 7.860197248 
1.558129407 7.878355217 

1.445522289 7.89595339 
1.558129407 7.878355217 

6.326581935 5.656333944 
6.473969684 5.679252843 

6.61792735 5.702476534 
6.473969684 5.679252843 

1.015061548 7.442271113 
0.8700485912 7.440120336 

0.7350466816 7.431589674 
0.8700485912 7.440120336 

3.659332108 2.041861448 
3.786497294 2.108151057 

3.936162048 2.16982766 
3.786497294 2.108151057 

3.355763506 7.003187266 
3.231442575 7.017989243 

3.105271812 7.034348657 
3.231442575 7.017989243 

5.471462338 8.219555612 
5.492600819 8.154394076 

5.51369417 8.087788593 
5.492600819 8.154394076 

3.096282093 8.31463878 
3.019703274 8.645681526 

3.096282093 8.31463878 
2.913945268 8.281323583 

2.727910371 8.25066891 
2.913945268 8.281323583 

2.639626184 6.651521295 
2.653528724 6.609662053 

1.803238653 5.99970149 
1.891275687 6.051561174 

1.981927151 6.108337961 
1.891275687 6.051561174 

2.073433961 7.633268683 
1.997106917 7.65619564 

1.284762207 7.957033504 
1.286806191 7.839488191 

1.320981291 7.727939086 
1.286806191 7.839488191 

3.337384824 7.230921976 
3.399232648 7.409788679 

3.479015111 2.18368962 
3.441519917 2.215305214 

3.337384824 7.230921976 
3.346574165 7.117054621 

3.355763506 7.003187266 
3.346574165 7.117054621 

5.580411505 7.67552947 
5.560434335 7.5136733 

3.756076447 1.849248265 
3.939671404 1.632177611 

4.123223532 1.414608547 
3.939671404 1.632177611 

3.408715869 1.725837772 
3.516951436 1.666359145 

2.648590717 6.564361636 
2.651160182 6.586746273 

2.653528724 6.609662053 
2.651160182 6.586746273 

2.643252917 3.19477444 
2.670216619 3.107279125 

2.689107431 3.024684809 
2.670216619 3.107279125 

3.851857345 6.752104667 
4.082249001 7.022060558 

4.311405299 7.29841604 
4.082249001 7.022060558 

1.815773637 2.188245202 
1.878924097 2.088749228 

1.942074558 1.989253253 
1.878924097 2.088749228 

2.45295836 2.192259226 
2.707647584 2.242039588 

2.40389156 7.21665647 
2.534748043 7.07803141 

1.459900816 2.691909712 
1.410083622 2.710883253 

2.153108515 7.792100762 
2.193072354 7.967977998 

7.481194531 5.409438972 
7.413992374 5.360762788 

7.346790216 5.312086604 
7.413992374 5.360762788 

2.197480014 6.732558093 
2.20154041 6.673026755 

2.205600806 6.613495418 
2.20154041 6.673026755 

4.836788476 6.42142528 
4.91770175 6.377391601 

4.998615024 6.333357923 
4.91770175 6.377391601 

7.426284724 6.652417204 
7.244353735 6.765678014 

6.382650085 6.384951946 
6.471730952 6.41860653 

6.567914376 6.458482906 
6.471730952 6.41860653 

2.647954598 2.645418838 
2.554522695 2.59594416 

2.461306492 2.545459175 
2.554522695 2.59594416 

2.845703655 2.462669273 
2.647954598 2.645418838 

7.68632603 6.083873739 
7.696176683 6.149938001 

2.845703655 2.462669273 
2.950185098 2.474126751 

3.055197433 2.484413765 
2.950185098 2.474126751 

1.361595393 2.751463968 
1.385839507 2.73117361 

1.410083622 2.710883253 
1.385839507 2.73117361 

7.696176683 6.149938001 
7.70110201 6.182970133 

7.706027337 6.216002264 
7.70110201 6.182970133 

1.728157607 2.73506204 
1.970532669 2.730473036 

2.198670121 1.731982956 
2.363689464 1.851562278 

2.528708806 1.971141599 
2.363689464 1.851562278 

