3.240324766 0.9122754634 
2.963387599 1.719123945 

4.465664938 2.720015208 
4.556278898 3.378387314 

2.051508345 8.052353558 
2.152981264 7.790657436 

2.756938103 8.839084578 
3.311694718 8.908503287 

4.756533412 4.763167563 
4.471534652 4.504793822 

6.382834014 6.386675018 
6.677386232 6.14383249 

6.919180032 5.997404401 
6.677386232 6.14383249 

0.8267793163 7.160479709 
0.4215231659 6.739933826 

1.644126637 7.00154991 
1.36433213 7.212751772 

1.670352103 7.859705344 
1.896473168 7.683798642 

6.484068293 5.268185275 
6.614056535 5.715300211 

4.465664938 2.720015208 
5.044044863 2.553732193 

7.564541321 6.498353362 
6.917761108 6.3444849 

6.677386232 6.14383249 
6.917761108 6.3444849 

3.315731361 2.215759664 
3.071727407 2.329671949 

3.756620747 1.849392415 
3.560129639 1.74865472 

4.189947279 4.138481384 
4.010685318 3.82089621 

7.397220806 7.321641108 
6.82493082 7.366808602 

5.56197908 6.05286361 
5.83684049 6.077414623 

4.471534652 4.504793822 
4.340947333 4.341108605 

4.189947279 4.138481384 
4.340947333 4.341108605 

2.386978243 7.682436203 
2.596122213 7.627869972 

6.919180032 5.997404401 
7.304200067 6.158408677 

5.255969862 7.213727666 
4.788147584 7.49848853 

1.944179133 2.912580991 
2.435049159 3.243446767 

2.529956962 1.971730256 
2.74331573 2.08033588 

1.631220241 8.574402111 
1.503884177 8.892851628 

2.72350221 8.245797937 
2.92776749 7.760281639 

2.74331573 2.08033588 
2.17204104 2.303615621 

2.17204104 2.303615621 
2.293667255 2.442488647 

5.713351926 7.328496228 
5.732063026 7.011441271 

0.6884063673 7.584780101 
1.031351131 7.631242076 

1.320981291 7.727939086 
1.031351131 7.631242076 

6.82493082 7.366808602 
6.937718693 7.042733072 

4.190093389 2.349525011 
4.491915483 2.407115606 

1.644126637 7.00154991 
1.198325613 6.921489906 

2.090330146 7.275751813 
2.111215952 7.439916257 

1.513131956 1.75190467 
2.17204104 2.303615621 

6.548742237 6.94090651 
7.158695627 6.673276341 

1.198325613 6.921489906 
0.8267793163 7.160479709 

6.82493082 7.366808602 
6.929565514 7.837304837 

5.03971899 6.594088345 
5.198596995 6.423800901 

5.579531861 7.677095566 
5.759463804 7.763397817 

6.065424846 7.879700937 
5.759463804 7.763397817 

7.158695627 6.673276341 
6.937718693 7.042733072 

2.482957658 8.581560909 
2.72350221 8.245797937 

1.670352103 7.859705344 
1.136588456 8.050343932 

3.657438122 2.042613479 
3.756620747 1.849392415 

2.489876574 3.842506399 
2.435049159 3.243446767 

6.614056535 5.715300211 
6.919180032 5.997404401 

3.179931411 1.905437404 
3.417424434 1.877061648 

3.033087361 6.059612549 
2.742941072 6.290524023 

1.250008499 8.751268331 
1.503884177 8.892851628 

3.240324766 0.9122754634 
3.423996175 1.028678019 

4.465664938 2.720015208 
4.491915483 2.407115606 

4.952235595 1.716647786 
4.172857479 1.940240989 

3.657438122 2.042613479 
4.172857479 1.940240989 

6.037600841 7.109009588 
6.191259057 7.341200815 

2.435049159 3.243446767 
2.368232775 3.412337615 

7.158695627 6.673276341 
6.965580979 6.633676926 

5.603160461 6.49791239 
5.744927059 6.526329806 

0.8267793163 7.160479709 
1.015061548 7.442271113 

2.963387599 1.719123945 
2.843189015 1.618983343 

1.198325613 6.921489906 
1.30257158 6.21383496 

3.096282093 8.31463878 
3.06575166 8.059679154 

4.134229575 5.901907083 
4.196122858 6.22788214 

3.851522819 6.754139039 
4.196122858 6.22788214 

3.775653643 1.36697683 
3.918269091 1.589467872 

5.582353243 5.401474837 
5.488552238 5.699140747 

7.481194531 5.409438972 
6.939114702 5.669898114 

1.838142158 8.854466638 
1.595105359 9.060641376 

1.100375333 9.289417402 
1.595105359 9.060641376 

5.83684049 6.077414623 
6.084779829 6.001581346 

3.240324766 0.9122754634 
3.13110342 1.302202168 

3.560129639 1.74865472 
3.13110342 1.302202168 

6.324728009 5.657836817 
6.141190137 5.340261859 

0.4215231659 6.739933826 
0.9989242806 6.776452024 

1.198325613 6.921489906 
0.9989242806 6.776452024 

5.255969862 7.213727666 
5.732063026 7.011441271 

4.782460561 6.772222207 
4.907666602 6.866390484 

3.311694718 8.908503287 
3.233549881 8.577877096 

6.917761108 6.3444849 
6.729236501 6.495230169 

2.529956962 1.971730256 
2.355637564 1.778764797 

2.17204104 2.303615621 
2.144337333 2.111121452 

1.30999994 2.300810042 
1.646042473 2.288166237 

5.93173349 6.737726328 
6.242024149 6.948281749 

2.02168669 8.52455749 
2.024475861 8.845673616 

2.386978243 7.682436203 
2.463735296 8.040661525 

7.30881329 7.814355963 
6.929565514 7.837304837 

3.750050258 0.8420252778 
3.578195088 0.7939430635 

4.774193027 5.638990797 
4.827654456 5.836396309 

2.35733912 0.930780088 
2.257546601 0.6542381433 

7.304200067 6.158408677 
7.201113716 6.309914547 

4.368103215 7.611243754 
4.326840663 7.294097076 

4.326840663 7.294097076 
4.552553008 7.307694663 

1.838142158 8.854466638 
2.024475861 8.845673616 

6.310671 7.998335243 
5.555156822 7.974517078 

7.207817745 5.195938428 
7.095686058 5.369754782 

5.555156822 7.974517078 
5.579531861 7.677095566 

1.136588456 8.050343932 
1.320981291 7.727939086 

0.3192908866 8.171189348 
0.6426299181 7.986609732 

2.92776749 7.760281639 
2.463735296 8.040661525 

4.446256066 1.362781916 
3.918269091 1.589467872 

5.629339326 4.976617394 
5.512502431 4.778032906 

5.14860955 4.789778052 
5.512502431 4.778032906 

3.096282093 8.31463878 
3.233549881 8.577877096 

5.83684049 6.077414623 
6.046604462 6.274871166 

2.482957658 8.581560909 
2.608082466 8.913477002 

3.083265345 0.3087987724 
3.356273204 0.716520667 

3.423996175 1.028678019 
3.356273204 0.716520667 

3.648718655 3.027580152 
3.762011862 3.283636989 

2.489876574 3.842506399 
2.368232775 3.412337615 

2.144337333 2.111121452 
2.74331573 2.08033588 

4.134229575 5.901907083 
4.723622127 6.303645805 

5.03971899 6.594088345 
4.723622127 6.303645805 

1.833409644 6.346133375 
1.630570414 6.651991668 

6.191259057 7.341200815 
5.713351926 7.328496228 

3.233549881 8.577877096 
3.385138263 8.382061759 

2.74331573 2.08033588 
2.452986308 2.192581626 

2.144337333 2.111121452 
1.815773637 2.188245202 

3.957054468 2.565622732 
3.612271988 2.51771571 

3.532526757 2.296884978 
3.612271988 2.51771571 

2.111215952 7.439916257 
2.265625643 7.505497578 

2.853837901 6.655322873 
3.411353253 6.453831394 

7.564541321 6.498353362 
7.255150381 6.509083312 

6.82493082 7.366808602 
6.601370526 7.456068922 

1.670352103 7.859705344 
1.468038474 7.998042824 

7.158695627 6.673276341 
7.427601398 6.651655327 

6.046604462 6.274871166 
6.084779829 6.001581346 

1.468038474 7.998042824 
1.436459364 8.129407287 

2.465061473 6.013478626 
2.704072845 6.122700816 

2.742941072 6.290524023 
2.704072845 6.122700816 

2.72350221 8.245797937 
2.384799122 8.343923857 

2.838171617 2.458527885 
2.89950834 2.274549978 

2.944073898 2.044758734 
2.89950834 2.274549978 

1.198325613 6.921489906 
1.36433213 7.212751772 

2.368232775 3.412337615 
2.168993681 3.332016895 

2.32207815 7.34424201 
2.265625643 7.505497578 

1.015061548 7.442271113 
1.146987954 7.150676554 

1.198325613 6.921489906 
1.146987954 7.150676554 

4.723622127 6.303645805 
4.644096181 6.475621127 

3.851522819 6.754139039 
3.817703888 7.120567274 

2.643502161 3.195840685 
2.435049159 3.243446767 

2.031111684 7.024053254 
1.953657126 6.861214186 

3.141332686 3.288322912 
3.212922329 3.514987612 

5.14860955 4.789778052 
4.922867528 4.963969917 

4.756533412 4.763167563 
4.922867528 4.963969917 

5.629339326 4.976617394 
5.888137462 4.737703504 

1.031351131 7.631242076 
1.015061548 7.442271113 

2.355356459 1.341153147 
2.070540437 1.35236041 

2.756938103 8.839084578 
2.608082466 8.913477002 

5.603160461 6.49791239 
5.629953737 6.747046376 

0.7393702227 8.302982867 
0.6426299181 7.986609732 

6.669230736 8.249173971 
6.658595479 7.959820863 

1.646042473 2.288166237 
1.601311714 2.41972448 

2.72350221 8.245797937 
3.06575166 8.059679154 

1.929336305 1.503654423 
1.901866348 1.675522206 

5.629953737 6.747046376 
5.93173349 6.737726328 

2.963387599 1.719123945 
2.944073898 2.044758734 

4.446256066 1.362781916 
4.562227827 1.621829138 

3.578195088 0.7939430635 
3.565339542 0.4246737643 

4.782460561 6.772222207 
4.547204799 6.954233697 

0.8267793163 7.160479709 
1.146987954 7.150676554 

3.612271988 2.51771571 
3.490520476 2.651651147 

1.30999994 2.300810042 
1.601311714 2.41972448 

2.675652482 0.4489099127 
2.762653769 0.836962062 

3.071727407 2.329671949 
2.89950834 2.274549978 

4.465664938 2.720015208 
4.399307227 2.864792562 

2.92776749 7.760281639 
3.3552331 7.930001076 

1.815773637 2.188245202 
1.646042473 2.288166237 

2.853837901 6.655322873 
2.896834273 6.817487563 

2.929617735 2.89711228 
2.97563709 2.693044539 

5.579531861 7.677095566 
5.247414662 7.711071481 

0.8267793163 7.160479709 
0.9989242806 6.776452024 

4.556278898 3.378387314 
4.560367358 3.138130413 

4.327357391 3.15458747 
4.560367358 3.138130413 

2.635653528 9.467688711 
2.744350253 9.144900573 

2.756938103 8.839084578 
2.744350253 9.144900573 

6.760571315 6.773774953 
6.729236501 6.495230169 

3.735804618 7.543759655 
4.072983302 7.65007831 

1.929336305 1.503654423 
2.070540437 1.35236041 

3.423996175 1.028678019 
3.578195088 0.7939430635 

6.141190137 5.340261859 
6.317291377 5.452171488 

6.484068293 5.268185275 
6.317291377 5.452171488 

0.7304366865 8.844509416 
0.5297591481 8.628282054 

2.963387599 1.719123945 
3.026866766 1.549632814 

5.010175735 8.01104163 
5.448314877 7.65384097 

7.201113716 6.309914547 
7.255150381 6.509083312 

6.919180032 5.997404401 
6.939114702 5.669898114 

1.36433213 7.212751772 
0.9708936956 6.978766906 

3.385138263 8.382061759 
3.538939113 8.323926248 

5.901199466 5.529008644 
6.141190137 5.340261859 

1.436459364 8.129407287 
1.514959224 8.388341097 

1.631220241 8.574402111 
1.514959224 8.388341097 

2.72350221 8.245797937 
2.7921497 8.468260654 

5.255969862 7.213727666 
5.247414662 7.711071481 

6.729236501 6.495230169 
6.612214815 6.681011018 

5.488552238 5.699140747 
5.089692569 5.937438496 

2.74331573 2.08033588 
2.944073898 2.044758734 

0.6426299181 7.986609732 
0.6884063673 7.584780101 

6.669230736 8.249173971 
6.997885452 8.047944246 

0.6426299181 7.986609732 
0.8328443937 7.855396865 

0.9708936956 6.978766906 
1.198325613 6.921489906 

4.562227827 1.621829138 
4.296986118 1.569130167 

4.122473171 1.414084789 
4.296986118 1.569130167 

4.172857479 1.940240989 
3.936162048 2.16982766 

1.601311714 2.41972448 
1.522487251 2.463297248 

3.267580906 3.921634931 
3.186284024 3.62584667 

2.992075522 3.417639756 
3.186284024 3.62584667 

5.198596995 6.423800901 
4.997164242 6.333311082 

4.723622127 6.303645805 
4.997164242 6.333311082 

4.774193027 5.638990797 
5.162614465 5.424664423 

1.673954642 6.372225933 
1.833409644 6.346133375 

3.026866766 1.549632814 
2.843189015 1.618983343 

2.91177844 7.220512849 
2.655385224 7.304196021 

2.742941072 6.290524023 
2.772648987 6.461612616 

0.9989242806 6.776452024 
1.087507769 6.594048836 

1.630570414 6.651991668 
1.198325613 6.921489906 

3.13110342 1.302202168 
2.989374988 1.313424672 

1.30257158 6.21383496 
1.32572494 6.57866146 

0.6884063673 7.584780101 
0.5231545314 7.668428431 

7.427601398 6.651655327 
7.255150381 6.509083312 

4.556278898 3.378387314 
4.880787922 2.934068684 

5.044044863 2.553732193 
4.880787922 2.934068684 

2.3581027 6.415161406 
2.742941072 6.290524023 

5.888137462 4.737703504 
6.0210459 4.816879831 

3.240324766 0.9122754634 
3.356273204 0.716520667 

1.894745159 0.7755668939 
1.869864373 1.054839907 

6.760571315 6.773774953 
6.612214815 6.681011018 

5.459061398 7.03548116 
5.681966673 6.892198069 

5.629953737 6.747046376 
5.681966673 6.892198069 

4.56720243 1.826798995 
4.724705012 1.81973673 

4.952235595 1.716647786 
4.724705012 1.81973673 

1.503884177 8.892851628 
1.342954997 9.068107147 

4.907666602 6.866390484 
4.932273997 7.116489492 

2.608082466 8.913477002 
2.744350253 9.144900573 

4.922867528 4.963969917 
4.829226122 5.150454003 

6.614056535 5.715300211 
6.887347863 5.390545227 

4.829226122 5.150454003 
4.452365159 5.284756568 

1.250008499 8.751268331 
1.514959224 8.388341097 

6.939114702 5.669898114 
6.887347863 5.390545227 

4.079563985 0.9699632506 
4.127241458 0.830458799 

2.843189015 1.618983343 
2.591050281 1.676536842 

2.355637564 1.778764797 
2.591050281 1.676536842 

3.735804618 7.543759655 
3.3552331 7.930001076 

3.735804618 7.543759655 
3.64504709 7.863727779 

4.552553008 7.307694663 
4.547204799 6.954233697 

2.529956962 1.971730256 
2.591050281 1.676536842 

3.762011862 3.283636989 
3.637078489 3.221101219 

1.579366193 7.525898164 
1.843042969 7.447307567 

2.463735296 8.040661525 
2.256126027 8.074848312 

2.91177844 7.220512849 
3.105271812 7.034348657 

1.896473168 7.683798642 
2.054231798 7.684398368 

3.033087361 6.059612549 
2.704072845 6.122700816 

5.085748918 2.134003978 
4.899963462 1.986380916 

4.723622127 6.303645805 
4.568822705 6.110862191 

2.181210207 9.259456281 
2.387866858 8.840920331 

1.644126637 7.00154991 
1.722829386 7.340298049 

4.122473171 1.414084789 
4.498916166 0.8166393969 

7.397220806 7.321641108 
7.19678772 7.058655163 

3.096282093 8.31463878 
2.7921497 8.468260654 

2.7921497 8.468260654 
3.019703274 8.645681526 

1.36433213 7.212751772 
1.722829386 7.340298049 

2.643502161 3.195840685 
2.685102762 3.379630502 

6.887347863 5.390545227 
7.095686058 5.369754782 

4.465664938 2.720015208 
4.554909347 2.58530758 

3.163180195 2.204822566 
3.22099658 2.119756668 

4.774193027 5.638990797 
4.863820727 5.419013874 

4.498916166 0.8166393969 
4.127241458 0.830458799 

1.436459364 8.129407287 
1.708758921 8.180855456 

3.657438122 2.042613479 
3.438811444 2.075705843 

6.242024149 6.948281749 
6.227880888 6.73930211 

3.071727407 2.329671949 
3.163180195 2.204822566 

3.06575166 8.059679154 
3.3552331 7.930001076 

3.019703274 8.645681526 
3.093623237 8.720617645 

5.448314877 7.65384097 
5.579531861 7.677095566 

2.66660164 2.64270406 
2.732307773 2.839887987 

2.929617735 2.89711228 
2.732307773 2.839887987 

7.564541321 6.498353362 
7.612465043 6.709079105 

3.071727407 2.329671949 
3.055436425 2.484905187 

2.675652482 0.4489099127 
2.393415239 0.6951974607 

2.257546601 0.6542381433 
2.393415239 0.6951974607 

1.673954642 6.372225933 
1.711953402 6.173281096 

3.033087361 6.059612549 
3.090137291 6.317206791 

5.010175735 8.01104163 
5.141650746 7.895806468 

5.247414662 7.711071481 
5.141650746 7.895806468 

2.35733912 0.930780088 
2.446693569 0.7355557091 

2.608082466 8.913477002 
2.524322766 9.106497756 

3.423996175 1.028678019 
3.265437633 1.113632593 

3.13110342 1.302202168 
3.265437633 1.113632593 

2.168993681 3.332016895 
2.098427786 3.493948435 

4.122473171 1.414084789 
4.003104151 1.400829104 

1.30999994 2.300810042 
1.522487251 2.463297248 

1.30999994 2.300810042 
1.539298144 2.055471738 

0.7678892449 8.116547629 
0.6426299181 7.986609732 

7.304200067 6.158408677 
7.405271202 6.161702862 

4.190093389 2.349525011 
4.465664938 2.720015208 

4.172857479 1.940240989 
4.271087478 2.128555959 

2.446693569 0.7355557091 
2.465026543 0.5435360182 

1.015061548 7.442271113 
1.26979469 7.4581815 

5.03971899 6.594088345 
4.907666602 6.866390484 

1.100375333 9.289417402 
1.379816555 8.678181693 

4.547204799 6.954233697 
4.372864756 6.642960684 

0.9708936956 6.978766906 
0.8267793163 7.160479709 

7.201113716 6.309914547 
7.405271202 6.161702862 

2.02168669 8.52455749 
2.13345898 8.418584924 

6.997885452 8.047944246 
6.929565514 7.837304837 

0.4215231659 6.739933826 
0.7157356614 6.623304128 

0.7393702227 8.302982867 
0.7578123393 8.541339012 

7.30881329 7.814355963 
7.206574881 7.555176905 

1.250008499 8.751268331 
1.379816555 8.678181693 

3.267580906 3.921634931 
3.524307203 3.848422727 

3.724212842 4.000760446 
3.524307203 3.848422727 

5.759463804 7.763397817 
5.91307104 7.544009687 

1.136588456 8.050343932 
0.8328443937 7.855396865 

1.250008499 8.751268331 
1.055388757 8.701061906 

4.326840663 7.294097076 
3.9832251 7.442290103 

3.735804618 7.543759655 
3.9832251 7.442290103 

2.529956962 1.971730256 
2.720716859 1.856183689 

2.152981264 7.790657436 
2.197733652 7.700176014 

2.386978243 7.682436203 
2.197733652 7.700176014 

3.240324766 0.9122754634 
3.265437633 1.113632593 

6.279876668 4.70061252 
6.166264361 5.02368957 

2.92776749 7.760281639 
2.991372731 7.922991578 

3.06575166 8.059679154 
2.991372731 7.922991578 

2.364700788 7.882105407 
2.197733652 7.700176014 

6.729236501 6.495230169 
6.567914376 6.458482906 

4.072983302 7.65007831 
3.9832251 7.442290103 

6.567914376 6.458482906 
6.612214815 6.681011018 

6.324728009 5.657836817 
6.030660499 5.879582006 

5.83684049 6.077414623 
6.030660499 5.879582006 

0.7487656663 6.360780036 
1.046467548 6.377170508 

2.452986308 2.192581626 
2.490708886 2.359845719 

5.37269383 6.721502466 
5.629953737 6.747046376 

2.78832013 7.571356113 
2.92776749 7.760281639 

2.779311792 7.991227321 
2.991372731 7.922991578 

4.196122858 6.22788214 
4.568822705 6.110862191 

6.760571315 6.773774953 
6.862917781 6.726618846 

6.965580979 6.633676926 
6.862917781 6.726618846 

4.196122858 6.22788214 
4.252219441 6.476277251 

4.372864756 6.642960684 
4.252219441 6.476277251 

5.732063026 7.011441271 
5.681966673 6.892198069 

5.93173349 6.737726328 
5.681966673 6.892198069 

7.405271202 6.161702862 
7.478782581 6.240523727 

7.095686058 5.369754782 
7.481194531 5.409438972 

2.435049159 3.243446767 
2.367837051 2.915533056 

3.356273204 0.716520667 
3.578195088 0.7939430635 

4.863820727 5.419013874 
5.162614465 5.424664423 

5.010175735 8.01104163 
5.133362272 7.614462544 

4.190093389 2.349525011 
4.313328537 2.24016106 

4.271087478 2.128555959 
4.313328537 2.24016106 

5.56197908 6.05286361 
5.260760914 6.01164957 

5.089692569 5.937438496 
5.260760914 6.01164957 

7.095686058 5.369754782 
7.024528445 5.516570765 

6.939114702 5.669898114 
7.024528445 5.516570765 

4.010882603 3.100623153 
4.126278287 2.856816474 

6.548742237 6.94090651 
6.227880888 6.73930211 

7.255150381 6.509083312 
7.158695627 6.673276341 

6.046604462 6.274871166 
5.886643733 6.423855458 

5.744927059 6.526329806 
5.886643733 6.423855458 

6.084779829 6.001581346 
6.030660499 5.879582006 

2.364700788 7.882105407 
2.463735296 8.040661525 

4.446256066 1.362781916 
4.356703222 1.194283233 

5.910126364 6.551051843 
5.886643733 6.423855458 

1.815773637 2.188245202 
1.539298144 2.055471738 

6.917761108 6.3444849 
6.567914376 6.458482906 

0.5297591481 8.628282054 
0.6583812757 8.557127443 

0.7578123393 8.541339012 
0.6583812757 8.557127443 

1.759771531 9.321334427 
1.705483038 9.174125817 

1.595105359 9.060641376 
1.705483038 9.174125817 

3.64504709 7.863727779 
3.538939113 8.323926248 

1.579366193 7.525898164 
1.73320475 7.622745157 

1.896473168 7.683798642 
1.73320475 7.622745157 

1.957774222 3.335323127 
1.918205913 3.484086203 

1.32572494 6.57866146 
1.087507769 6.594048836 

1.514959224 8.388341097 
1.673026984 8.323790155 

2.418613302 6.24752222 
2.187079656 6.033665275 

4.863820727 5.419013874 
5.054172044 5.162985586 

3.327570279 0.5207412298 
3.404815938 0.3302089123 

1.615796597 1.402896755 
1.915601327 1.318311982 

2.070540437 1.35236041 
1.915601327 1.318311982 

2.02168669 8.52455749 
1.631220241 8.574402111 

1.136588456 8.050343932 
1.284762207 7.957033504 

1.833409644 6.346133375 
1.986410527 6.338094708 

1.929336305 1.503654423 
1.915601327 1.318311982 

1.815773637 2.188245202 
1.638738773 2.203489298 

4.093431863 0.5184504401 
4.095619419 0.7373416537 

4.127241458 0.830458799 
4.095619419 0.7373416537 

3.267580906 3.921634931 
3.390853212 3.717579253 

3.212922329 3.514987612 
3.390853212 3.717579253 

0.7157356614 6.623304128 
0.7802083184 6.572527491 

2.963387599 1.719123945 
2.720716859 1.856183689 

7.172710005 5.930972277 
7.234418858 5.728343428 

2.098427786 3.493948435 
2.041979845 3.450741572 

1.957774222 3.335323127 
2.041979845 3.450741572 

2.992075522 3.417639756 
2.811834102 3.549086515 

5.198596995 6.423800901 
5.260760914 6.01164957 

3.356273204 0.716520667 
3.327570279 0.5207412298 

6.548742237 6.94090651 
6.388359146 6.678307257 

6.382834014 6.386675018 
6.388359146 6.678307257 

3.315731361 2.215759664 
3.31062519 2.384638245 

3.311694718 8.908503287 
2.864642414 8.693459497 

2.482957658 8.581560909 
2.864642414 8.693459497 

3.560129639 1.74865472 
3.644879987 1.609551779 

5.182803723 8.069301431 
5.141650746 7.895806468 

1.944179133 2.912580991 
1.728157607 2.73506204 

6.548742237 6.94090651 
6.400959192 6.832760386 

6.242024149 6.948281749 
6.400959192 6.832760386 

3.957054468 2.565622732 
3.707311498 2.325846456 

3.657438122 2.042613479 
3.707311498 2.325846456 

2.35733912 0.930780088 
2.393415239 0.6951974607 

3.212922329 3.514987612 
3.186284024 3.62584667 

2.465026543 0.5435360182 
2.393415239 0.6951974607 

1.673954642 6.372225933 
1.32572494 6.57866146 

1.630570414 6.651991668 
1.843712974 6.731636901 

1.843042969 7.447307567 
1.722829386 7.340298049 

5.133362272 7.614462544 
4.972809234 7.643323605 

7.234418858 5.728343428 
7.303889201 5.622867131 

3.64504709 7.863727779 
3.735468934 8.214859239 

1.638738773 2.203489298 
1.646042473 2.288166237 

5.901199466 5.529008644 
5.713763774 5.639652559 

3.315731361 2.215759664 
3.438811444 2.075705843 

7.478782581 6.240523727 
7.531169223 6.216267949 

2.74331573 2.08033588 
2.70836781 2.242200616 

2.838171617 2.458527885 
2.70836781 2.242200616 

5.93173349 6.737726328 
5.733438704 6.665638935 

5.603160461 6.49791239 
5.733438704 6.665638935 

4.134229575 5.901907083 
4.80736113 5.964324941 

5.56197908 6.05286361 
4.80736113 5.964324941 

2.32207815 7.34424201 
2.404184956 7.2148006 

4.774193027 5.638990797 
4.80736113 5.964324941 

6.310671 7.998335243 
6.233421592 8.017560663 

2.197910588 3.662263411 
1.994164377 3.453252018 

4.010685318 3.82089621 
4.247400516 3.618203308 

3.648718655 3.027580152 
3.637078489 3.221101219 

4.827654456 5.836396309 
4.80736113 5.964324941 

6.937718693 7.042733072 
7.069460273 6.916095854 

5.744927059 6.526329806 
5.733438704 6.665638935 

1.342954997 9.068107147 
1.367585159 9.177577587 

1.522487251 2.463297248 
1.506510575 2.605203027 

3.532526757 2.296884978 
3.707311498 2.325846456 

6.484068293 5.268185275 
6.730173258 5.114252077 

2.779311792 7.991227321 
2.523407104 7.945579769 

2.364700788 7.882105407 
2.523407104 7.945579769 

6.077623513 6.603415925 
5.98189176 6.591255374 

4.172857479 1.940240989 
3.979952995 1.879234028 

7.481194531 5.409438972 
7.360390462 5.576244276 

7.303889201 5.622867131 
7.360390462 5.576244276 

6.997885452 8.047944246 
7.041968786 7.885953216 

3.425590983 1.601741872 
3.323082757 1.446054588 

3.13110342 1.302202168 
3.323082757 1.446054588 

2.756938103 8.839084578 
2.864642414 8.693459497 

5.182803723 8.069301431 
5.255447194 8.149987744 

4.547204799 6.954233697 
4.300431248 6.934946531 

6.191259057 7.341200815 
6.403623497 7.261874379 

2.7921497 8.468260654 
2.864642414 8.693459497 

7.612465043 6.709079105 
7.650906965 6.868018523 

1.379816555 8.678181693 
1.514959224 8.388341097 

3.417424434 1.877061648 
3.438811444 2.075705843 

1.99871403 8.229358765 
1.904900974 8.453524495 

2.78832013 7.571356113 
2.793251955 7.457197876 

5.713351926 7.328496228 
5.686813178 7.580150747 

5.579531861 7.677095566 
5.686813178 7.580150747 

4.372864756 6.642960684 
4.134657152 6.735616599 

2.762653769 0.836962062 
2.789975293 0.9735158925 

1.379816555 8.678181693 
1.307104905 8.441014857 

2.181210207 9.259456281 
2.406872753 9.335706327 

2.635653528 9.467688711 
2.406872753 9.335706327 

2.355356459 1.341153147 
2.666484597 1.575677308 

2.963387599 1.719123945 
2.666484597 1.575677308 

6.227880888 6.73930211 
6.388359146 6.678307257 

5.03971899 6.594088345 
5.134920931 6.721057944 

5.37269383 6.721502466 
5.134920931 6.721057944 

5.247414662 7.711071481 
5.133362272 7.614462544 

2.257546601 0.6542381433 
2.073392715 0.7088437564 

1.953657126 6.861214186 
1.843712974 6.731636901 

0.5231545314 7.668428431 
0.5370383133 7.552651345 

0.3780930475 7.469107809 
0.5370383133 7.552651345 

1.625165301 3.27159154 
1.868079951 3.406788719 

1.994164377 3.453252018 
1.868079951 3.406788719 

3.311893309 7.237259381 
3.443398999 7.308719378 

3.225074328 2.904984407 
3.343727665 2.681940604 

3.490520476 2.651651147 
3.343727665 2.681940604 

3.538939113 8.323926248 
3.735468934 8.214859239 

3.090137291 6.317206791 
3.115460942 6.409178733 

2.367837051 2.915533056 
2.576854988 2.880787886 

2.732307773 2.839887987 
2.576854988 2.880787886 

1.644126637 7.00154991 
1.723835212 7.231322822 

1.843042969 7.447307567 
1.723835212 7.231322822 

4.827654456 5.836396309 
5.0070339 5.688731744 

5.162614465 5.424664423 
5.0070339 5.688731744 

2.89950834 2.274549978 
2.70836781 2.242200616 

1.320981291 7.727939086 
0.8502505621 7.987795522 

1.36433213 7.212751772 
1.146987954 7.150676554 

4.560367358 3.138130413 
4.670036585 3.141625656 

2.789975293 0.9735158925 
2.882288569 0.8907542137 

3.016502371 0.7785766073 
2.882288569 0.8907542137 

3.404815938 0.3302089123 
3.273264833 0.3483830459 

0.9708936956 6.978766906 
0.9989242806 6.776452024 

1.901866348 1.675522206 
1.705090008 1.784880791 

1.513131956 1.75190467 
1.705090008 1.784880791 

6.887347863 5.390545227 
7.024528445 5.516570765 

3.957054468 2.565622732 
3.755767823 2.785280936 

3.648718655 3.027580152 
3.755767823 2.785280936 

5.733438704 6.665638935 
5.629953737 6.747046376 

1.670352103 7.859705344 
1.858295201 7.912223727 

0.5918351489 7.308846212 
0.7096157739 7.279066977 

0.8267793163 7.160479709 
0.7096157739 7.279066977 

1.615796597 1.402896755 
1.797917785 1.410020519 

1.929336305 1.503654423 
1.797917785 1.410020519 

1.722829386 7.340298049 
1.723835212 7.231322822 

3.179931411 1.905437404 
3.1518488 2.042907244 

4.300431248 6.934946531 
4.134657152 6.735616599 

1.046467548 6.377170508 
1.159692009 6.298569557 

1.136588456 8.050343932 
0.8502505621 7.987795522 

6.366141551 8.31239197 
6.290072173 8.104431219 

2.811834102 3.549086515 
2.757341231 3.622460134 

5.448314877 7.65384097 
5.247414662 7.711071481 

5.512502431 4.778032906 
5.605665787 4.592740205 

7.564541321 6.498353362 
7.478782581 6.240523727 

7.19678772 7.058655163 
6.937718693 7.042733072 

2.744350253 9.144900573 
2.650839374 9.145300287 

6.614056535 5.715300211 
6.939114702 5.669898114 

2.853837901 6.655322873 
2.639626184 6.651521295 

2.66660164 2.64270406 
2.576854988 2.880787886 

2.105960889 7.575767107 
2.265625643 7.505497578 

2.144337333 2.111121452 
1.942074558 1.989253253 

6.729236501 6.495230169 
6.862917781 6.726618846 

5.162614465 5.424664423 
5.054172044 5.162985586 

7.19678772 7.058655163 
7.080592236 7.170528706 

5.93173349 6.737726328 
5.98189176 6.591255374 

5.471462338 8.219555612 
5.356167243 8.147670785 

5.255447194 8.149987744 
5.356167243 8.147670785 

7.397220806 7.321641108 
7.242242019 7.458057936 

1.918205913 3.484086203 
1.994164377 3.453252018 

3.760580307 8.544532769 
3.630036843 8.473592035 

2.482957658 8.581560909 
2.630864159 8.720557427 

2.756938103 8.839084578 
2.630864159 8.720557427 

4.356703222 1.194283233 
4.351623074 1.045869964 

5.93173349 6.737726328 
5.779102982 6.873922124 

3.115460942 6.409178733 
3.196745289 6.427813565 

6.658595479 7.959820863 
6.87707606 7.971954161 

6.997885452 8.047944246 
6.87707606 7.971954161 

1.496178262 9.379375696 
1.367585159 9.177577587 

3.267580906 3.921634931 
3.464104273 3.620731384 

6.917761108 6.3444849 
6.965580979 6.633676926 

4.190093389 2.349525011 
4.556568417 2.053436721 

4.952235595 1.716647786 
4.556568417 2.053436721 

4.56720243 1.826798995 
4.670389232 1.694478979 

4.562227827 1.621829138 
4.670389232 1.694478979 

6.677386232 6.14383249 
6.630772767 6.2757519 

6.567914376 6.458482906 
6.630772767 6.2757519 

3.425590983 1.601741872 
3.644879987 1.609551779 

2.97563709 2.693044539 
3.068881224 2.715687228 

3.055436425 2.484905187 
3.068881224 2.715687228 

2.720716859 1.856183689 
2.666484597 1.575677308 

2.181210207 9.259456281 
2.071375636 9.082167016 

2.273975125 7.096917575 
2.404184956 7.2148006 

1.728157607 2.73506204 
1.562377168 2.682851754 

3.22099658 2.119756668 
3.280986291 2.1397254 

3.438811444 2.075705843 
3.280986291 2.1397254 

3.411353253 6.453831394 
3.256342102 6.43935002 

3.196745289 6.427813565 
3.256342102 6.43935002 

6.677386232 6.14383249 
6.974284152 5.902574558 

5.779102982 6.873922124 
5.681966673 6.892198069 

3.817703888 7.120567274 
3.9832251 7.442290103 

6.077623513 6.603415925 
6.167943134 6.531563645 

6.337612572 6.143098785 
6.382834014 6.386675018 

1.615796597 1.402896755 
1.875505745 1.506626204 

2.198670121 1.731982956 
1.875505745 1.506626204 

6.290072173 8.104431219 
6.19043584 8.107816539 

3.1518488 2.042907244 
3.22099658 2.119756668 

3.311694718 8.908503287 
3.172218336 8.626085387 

3.096282093 8.31463878 
3.172218336 8.626085387 

4.568822705 6.110862191 
4.80736113 5.964324941 

3.464104273 3.620731384 
3.390853212 3.717579253 

6.337612572 6.143098785 
6.229807766 6.071679789 

6.084779829 6.001581346 
6.229807766 6.071679789 

1.918205913 3.484086203 
1.868079951 3.406788719 

6.058016546 8.196597937 
6.143573314 8.072862678 

6.233421592 8.017560663 
6.143573314 8.072862678 

3.565339542 0.4246737643 
3.404815938 0.3302089123 

3.565339542 0.4246737643 
3.447564704 0.575167642 

3.356273204 0.716520667 
3.447564704 0.575167642 

6.366141551 8.31239197 
6.540115003 8.267625377 

5.488552238 5.699140747 
5.260760914 6.01164957 

2.482957658 8.581560909 
2.317633327 8.523008092 

2.02168669 8.52455749 
2.317633327 8.523008092 

3.179931411 1.905437404 
3.026866766 1.549632814 

6.317291377 5.452171488 
6.324728009 5.657836817 

5.886643733 6.423855458 
5.703207265 6.259415343 

7.481194531 5.409438972 
7.225323469 5.652604539 

6.974284152 5.902574558 
7.225323469 5.652604539 

6.065424846 7.879700937 
6.233421592 8.017560663 

2.896834273 6.817487563 
2.926737944 7.017732185 

3.722164247 2.593829977 
3.612271988 2.51771571 

6.310671 7.998335243 
6.290072173 8.104431219 

4.568822705 6.110862191 
4.620925893 6.295551472 

4.644096181 6.475621127 
4.620925893 6.295551472 

6.388359146 6.678307257 
6.400959192 6.832760386 

0.6884063673 7.584780101 
0.5401920135 7.89099272 

3.722164247 2.593829977 
3.755767823 2.785280936 

4.072983302 7.65007831 
4.205484854 7.436392591 

4.326840663 7.294097076 
4.205484854 7.436392591 

0.5401920135 7.89099272 
0.6426299181 7.986609732 

5.901199466 5.529008644 
5.955389162 5.720562165 

6.030660499 5.879582006 
5.955389162 5.720562165 

1.631220241 8.574402111 
1.379816555 8.678181693 

1.843042969 7.447307567 
2.105960889 7.575767107 

1.513131956 1.75190467 
1.743601521 1.894423254 

1.942074558 1.989253253 
1.743601521 1.894423254 

3.417424434 1.877061648 
3.560129639 1.74865472 

7.19678772 7.058655163 
7.334773189 7.028244638 

7.554029225 6.993178107 
7.334773189 7.028244638 

5.162614465 5.424664423 
5.282994955 5.548498466 

6.065424846 7.879700937 
6.143573314 8.072862678 

1.36433213 7.212751772 
1.274190677 7.357038911 

1.26979469 7.4581815 
1.274190677 7.357038911 

3.936162048 2.16982766 
3.707311498 2.325846456 

2.387866858 8.840920331 
2.608082466 8.913477002 

1.496178262 9.379375696 
1.364510164 9.267119988 

3.33366591 7.579341779 
3.555875715 7.507772963 

3.735804618 7.543759655 
3.555875715 7.507772963 

4.368103215 7.611243754 
4.205484854 7.436392591 

4.793596396 2.417670166 
4.866771597 2.475730197 

5.044044863 2.553732193 
4.866771597 2.475730197 

2.355356459 1.341153147 
2.316797952 1.468554713 

1.929336305 1.503654423 
1.875505745 1.506626204 

3.273264833 0.3483830459 
3.25398897 0.2166776359 

4.670389232 1.694478979 
4.724705012 1.81973673 

5.703207265 6.259415343 
5.804299844 6.178406032 

5.83684049 6.077414623 
5.804299844 6.178406032 

6.166264361 5.02368957 
6.0210459 4.816879831 

6.166264361 5.02368957 
6.113908911 5.178972261 

6.141190137 5.340261859 
6.113908911 5.178972261 

3.274789356 6.256707367 
3.172224698 6.20561725 

3.936162048 2.16982766 
3.905823486 2.030465786 

3.979952995 1.879234028 
3.905823486 2.030465786 

1.869864373 1.054839907 
1.743073108 1.159805607 

3.093623237 8.720617645 
3.172218336 8.626085387 

6.065424846 7.879700937 
6.217248685 7.582867445 

1.625165301 3.27159154 
1.77585343 3.068563278 

1.944179133 2.912580991 
1.77585343 3.068563278 

2.944073898 2.044758734 
3.1518488 2.042907244 

2.293667255 2.442488647 
2.348008979 2.354879381 

2.490708886 2.359845719 
2.348008979 2.354879381 

4.620925893 6.295551472 
4.723622127 6.303645805 

2.779311792 7.991227321 
2.565397707 7.788377982 

2.386978243 7.682436203 
2.565397707 7.788377982 

5.054172044 5.162985586 
4.829226122 5.150454003 

2.3581027 6.415161406 
2.293840063 6.278945445 

3.280986291 2.1397254 
3.315731361 2.215759664 

2.944073898 2.044758734 
3.024848507 2.237566525 

3.071727407 2.329671949 
3.024848507 2.237566525 

6.937718693 7.042733072 
7.02352235 7.082815769 

7.080592236 7.170528706 
7.02352235 7.082815769 

4.863820727 5.419013874 
4.756606101 5.367544003 

2.024475861 8.845673616 
2.071375636 9.082167016 

7.531169223 6.216267949 
7.576094724 6.257274081 

1.284762207 7.957033504 
1.445522289 7.89595339 

1.468038474 7.998042824 
1.445522289 7.89595339 

1.472557371 5.890537761 
1.647265463 6.055940895 

1.711953402 6.173281096 
1.647265463 6.055940895 

5.56197908 6.05286361 
5.357309674 6.199948696 

4.446256066 1.362781916 
4.296986118 1.569130167 

1.957774222 3.335323127 
1.868079951 3.406788719 

3.225074328 2.904984407 
3.068881224 2.715687228 

2.446693569 0.7355557091 
2.393415239 0.6951974607 

1.708758921 8.180855456 
1.864458059 8.182442906 

1.99871403 8.229358765 
1.864458059 8.182442906 

6.919180032 5.997404401 
6.974284152 5.902574558 

5.260760914 6.01164957 
5.357309674 6.199948696 

3.630036843 8.473592035 
3.569276071 8.427690552 

3.538939113 8.323926248 
3.569276071 8.427690552 

2.355356459 1.341153147 
2.364189594 1.210381087 

3.007823687 9.105239278 
3.162486438 8.981380818 

3.750050258 0.8420252778 
3.92873335 0.7695474661 

1.087507769 6.594048836 
1.046467548 6.377170508 

5.357309674 6.199948696 
5.180585189 6.227627125 

2.465026543 0.5435360182 
2.555825588 0.5167896751 

2.197480014 6.732558093 
2.019648842 6.795332191 

1.953657126 6.861214186 
2.019648842 6.795332191 

3.390853212 3.717579253 
3.524307203 3.848422727 

6.227880888 6.73930211 
6.167943134 6.531563645 

2.452986308 2.192581626 
2.437781199 2.060628018 

2.529956962 1.971730256 
2.437781199 2.060628018 

2.418613302 6.24752222 
2.328426389 6.251019043 

2.293840063 6.278945445 
2.328426389 6.251019043 

3.657438122 2.042613479 
3.905823486 2.030465786 

6.037600841 7.109009588 
5.967675856 7.116864656 

5.871839804 7.065051397 
5.967675856 7.116864656 

6.337612572 6.143098785 
6.425252999 6.009907164 

3.327570279 0.5207412298 
3.447564704 0.575167642 

2.273975125 7.096917575 
2.172708439 7.158546508 

2.090330146 7.275751813 
2.172708439 7.158546508 

2.463735296 8.040661525 
2.523407104 7.945579769 

2.482957658 8.581560909 
2.658894733 8.506196187 

5.488552238 5.699140747 
5.713763774 5.639652559 

1.644126637 7.00154991 
1.683987841 7.455252933 

1.670352103 7.859705344 
1.683987841 7.455252933 

6.24846439 5.883799182 
6.030660499 5.879582006 

1.307104905 8.441014857 
1.387485613 8.273424965 

1.436459364 8.129407287 
1.387485613 8.273424965 

6.917761108 6.3444849 
6.630772767 6.2757519 

1.100375333 9.289417402 
1.276082898 9.23496122 

1.367585159 9.177577587 
1.276082898 9.23496122 

0.7304366865 8.844509416 
0.9297304458 8.734941271 

1.055388757 8.701061906 
0.9297304458 8.734941271 

1.539298144 2.055471738 
1.638738773 2.203489298 

6.677386232 6.14383249 
6.520159518 6.149555234 

1.743073108 1.159805607 
1.915601327 1.318311982 

2.757341231 3.622460134 
2.656358802 3.651054564 

7.069460273 6.916095854 
7.02352235 7.082815769 

3.33366591 7.579341779 
3.139371391 7.654225103 

2.92776749 7.760281639 
3.139371391 7.654225103 

1.904900974 8.453524495 
2.009200462 8.394458065 

2.02168669 8.52455749 
2.009200462 8.394458065 

3.105271812 7.034348657 
2.926737944 7.017732185 

4.756606101 5.367544003 
4.687912018 5.336559785 

3.425590983 1.601741872 
3.40939958 1.72519056 

3.417424434 1.877061648 
3.40939958 1.72519056 

5.0070339 5.688731744 
5.189503295 5.690757426 

5.255969862 7.213727666 
5.215108606 7.422554126 

5.133362272 7.614462544 
5.215108606 7.422554126 

6.324728009 5.657836817 
6.06596495 5.655200489 

5.085748918 2.134003978 
5.140247255 2.33805445 

1.579366193 7.525898164 
1.683987841 7.455252933 

3.026866766 1.549632814 
2.816900097 1.427819948 

4.774193027 5.638990797 
4.933529381 5.415074537 

4.010685318 3.82089621 
3.914088802 3.832817975 

5.93173349 6.737726328 
5.967675856 7.116864656 

3.918269091 1.589467872 
3.855724103 1.708791107 

1.630570414 6.651991668 
1.600464275 6.857592494 

1.284762207 7.957033504 
1.468038474 7.998042824 

1.843042969 7.447307567 
1.683987841 7.455252933 

1.843042969 7.447307567 
1.953199414 7.586610577 

4.687912018 5.336559785 
4.630948535 5.318534193 

1.26979469 7.4581815 
1.320981291 7.727939086 

1.803238653 5.99970149 
1.682587535 5.995230061 

1.472557371 5.890537761 
1.682587535 5.995230061 

4.933529381 5.415074537 
4.863820727 5.419013874 

6.046604462 6.274871166 
6.167943134 6.531563645 

2.198670121 1.731982956 
2.355637564 1.778764797 

6.612214815 6.681011018 
6.388359146 6.678307257 

1.031351131 7.631242076 
1.04477645 7.849688321 

1.136588456 8.050343932 
1.04477645 7.849688321 

2.524322766 9.106497756 
2.590936114 9.202872877 

2.650839374 9.145300287 
2.590936114 9.202872877 

5.732063026 7.011441271 
5.779102982 6.873922124 

2.772648987 6.461612616 
2.751210376 6.539802022 

6.917761108 6.3444849 
6.918711956 6.166936928 

6.919180032 5.997404401 
6.918711956 6.166936928 

5.089692569 5.937438496 
4.80736113 5.964324941 

6.929565514 7.837304837 
6.87707606 7.971954161 

2.051508345 8.052353558 
2.003371779 7.957201576 

2.616865859 5.869059618 
2.496780243 5.939722401 

2.465061473 6.013478626 
2.496780243 5.939722401 

2.89950834 2.274549978 
3.024848507 2.237566525 

3.817703888 7.120567274 
4.093471267 7.180205284 

4.326840663 7.294097076 
4.093471267 7.180205284 

1.953199414 7.586610577 
1.896473168 7.683798642 

2.658894733 8.506196187 
2.72350221 8.245797937 

0.8502505621 7.987795522 
0.8328443937 7.855396865 

4.446256066 1.362781916 
4.289876142 1.383358069 

4.122473171 1.414084789 
4.289876142 1.383358069 

5.910126364 6.551051843 
5.856991992 6.505675848 

5.744927059 6.526329806 
5.856991992 6.505675848 

4.010882603 3.100623153 
4.156460377 3.066002853 

2.197480014 6.732558093 
1.973809888 6.729940659 

1.843712974 6.731636901 
1.973809888 6.729940659 

1.722829386 7.340298049 
1.683987841 7.455252933 

1.579366193 7.525898164 
1.644642042 7.37178267 

1.722829386 7.340298049 
1.644642042 7.37178267 

2.197910588 3.662263411 
2.098427786 3.493948435 

2.489876574 3.842506399 
2.42374721 3.678419476 

2.105960889 7.575767107 
1.953199414 7.586610577 

6.403623497 7.261874379 
6.523666419 7.359576976 

6.601370526 7.456068922 
6.523666419 7.359576976 

1.539298144 2.055471738 
1.585830129 1.91188582 

5.629339326 4.976617394 
5.662118502 4.838492588 

3.163180195 2.204822566 
3.024848507 2.237566525 

6.279876668 4.70061252 
6.31879277 4.84087538 

7.172710005 5.930972277 
6.974284152 5.902574558 

6.730173258 5.114252077 
6.934951112 5.157183132 

5.804299844 6.178406032 
5.886643733 6.423855458 

7.397220806 7.321641108 
7.442672833 6.894237731 

7.564541321 6.498353362 
7.442672833 6.894237731 

0.6884063673 7.584780101 
0.5370383133 7.552651345 

6.046604462 6.274871166 
6.229807766 6.071679789 

2.655385224 7.304196021 
2.733065148 7.377406643 

2.793251955 7.457197876 
2.733065148 7.377406643 

2.843189015 1.618983343 
2.75620329 1.627919094 

4.952235595 1.716647786 
4.802120196 1.754071832 

4.670389232 1.694478979 
4.802120196 1.754071832 

1.100375333 9.289417402 
1.253170717 9.335177358 

1.364510164 9.267119988 
1.253170717 9.335177358 

2.66660164 2.64270406 
2.554515602 2.78146043 

2.963387599 1.719123945 
2.75620329 1.627919094 

3.355763506 7.003187266 
3.376188145 6.73871616 

7.68632603 6.083873739 
7.605807235 6.179300052 

7.576094724 6.257274081 
7.605807235 6.179300052 

7.427601398 6.651655327 
7.612465043 6.709079105 

3.760580307 8.544532769 
3.583414871 8.305330563 

3.3552331 7.930001076 
3.583414871 8.305330563 

1.705090008 1.784880791 
1.743601521 1.894423254 

4.644096181 6.475621127 
4.836308654 6.420850035 

2.022461131 2.582816913 
2.096360094 2.461142925 

2.17204104 2.303615621 
2.096360094 2.461142925 

5.886643733 6.423855458 
5.856991992 6.505675848 

2.35733912 0.930780088 
2.563728523 0.9531593561 

5.255969862 7.213727666 
5.054622915 7.296654269 

3.560129639 1.74865472 
3.40939958 1.72519056 

7.172710005 5.930972277 
7.06947999 5.761492045 

6.939114702 5.669898114 
7.06947999 5.761492045 

6.887347863 5.390545227 
7.007202108 5.294407909 

1.743073108 1.159805607 
1.719040742 1.283896761 

1.615796597 1.402896755 
1.719040742 1.283896761 

5.582353243 5.401474837 
5.652243409 5.579346848 

5.713763774 5.639652559 
5.652243409 5.579346848 

1.250008499 8.751268331 
1.194100158 8.998679868 

6.046604462 6.274871166 
6.020166267 6.493299018 

5.98189176 6.591255374 
6.020166267 6.493299018 

4.452365159 5.284756568 
4.562960071 5.297847017 

4.630948535 5.318534193 
4.562960071 5.297847017 

2.384799122 8.343923857 
2.317633327 8.523008092 

2.073392715 0.7088437564 
2.027471938 0.8057006602 

5.603160461 6.49791239 
5.502046117 6.592046251 

5.37269383 6.721502466 
5.502046117 6.592046251 

4.368103215 7.611243754 
4.671680813 7.820080382 

5.010175735 8.01104163 
4.671680813 7.820080382 

1.73320475 7.622745157 
1.953199414 7.586610577 

2.596122213 7.627869972 
2.743853735 7.695406851 

2.92776749 7.760281639 
2.743853735 7.695406851 

2.91177844 7.220512849 
2.716374387 7.133599805 

4.899963462 1.986380916 
4.724705012 1.81973673 

2.168993681 3.332016895 
1.957774222 3.335323127 

0.3192908866 8.171189348 
0.4796874222 8.015351742 

0.5401920135 7.89099272 
0.4796874222 8.015351742 

2.3581027 6.415161406 
2.328426389 6.251019043 

4.899963462 1.986380916 
4.9139215 1.842317718 

4.952235595 1.716647786 
4.9139215 1.842317718 

2.3581027 6.415161406 
2.12787219 6.397701724 

1.986410527 6.338094708 
2.12787219 6.397701724 

4.972809234 7.643323605 
5.141650746 7.895806468 

6.227880888 6.73930211 
6.279183547 6.592961195 

6.382834014 6.386675018 
6.279183547 6.592961195 

4.399307227 2.864792562 
4.282160314 2.808658519 

6.020166267 6.493299018 
6.077623513 6.603415925 

7.007202108 5.294407909 
7.095686058 5.369754782 

3.179931411 1.905437404 
3.283329547 2.010612039 

3.438811444 2.075705843 
3.283329547 2.010612039 

6.084779829 6.001581346 
6.136681136 5.854042973 

3.583414871 8.305330563 
3.538939113 8.323926248 

2.197733652 7.700176014 
2.265625643 7.505497578 

2.13345898 8.418584924 
2.220186324 8.196350221 

2.256126027 8.074848312 
2.220186324 8.196350221 

5.282994955 5.548498466 
5.189503295 5.690757426 

2.555825588 0.5167896751 
2.570146531 0.4108246382 

3.055436425 2.484905187 
3.132830115 2.67440873 

6.06596495 5.655200489 
5.955389162 5.720562165 

2.181210207 9.259456281 
1.983580088 9.226768538 

2.716374387 7.133599805 
2.614824348 7.063139886 

7.442672833 6.894237731 
7.334773189 7.028244638 

2.197910588 3.662263411 
2.326580115 3.644021788 

2.42374721 3.678419476 
2.326580115 3.644021788 

4.351623074 1.045869964 
4.371136859 0.9648546511 

3.64504709 7.863727779 
3.511657501 7.96488935 

3.3552331 7.930001076 
3.511657501 7.96488935 

6.058016546 8.196597937 
6.129943253 8.14613607 

6.19043584 8.107816539 
6.129943253 8.14613607 

7.554029225 6.993178107 
7.457239257 6.797893699 

7.427601398 6.651655327 
7.457239257 6.797893699 

2.054231798 7.684398368 
2.197733652 7.700176014 

2.656358802 3.651054564 
2.608430936 3.730279897 

0.7678892449 8.116547629 
0.5588008261 8.149499364 

6.217248685 7.582867445 
6.177326586 7.489267623 

6.191259057 7.341200815 
6.177326586 7.489267623 

2.316797952 1.468554713 
2.359720804 1.592456234 

1.673026984 8.323790155 
1.646678141 8.460089953 

1.631220241 8.574402111 
1.646678141 8.460089953 

5.603160461 6.49791239 
5.703207265 6.259415343 

5.603160461 6.49791239 
5.714431297 6.403353535 

5.886643733 6.423855458 
5.714431297 6.403353535 

3.443398999 7.308719378 
3.398096816 7.4089056 

3.33366591 7.579341779 
3.398096816 7.4089056 

1.513131956 1.75190467 
1.689471133 1.966458221 

5.282994955 5.548498466 
5.386210106 5.605508851 

5.488552238 5.699140747 
5.386210106 5.605508851 

3.979952995 1.879234028 
3.855724103 1.708791107 

3.016502371 0.7785766073 
3.135202588 0.8138501071 

3.240324766 0.9122754634 
3.135202588 0.8138501071 

6.917761108 6.3444849 
7.039126336 6.298671781 

7.201113716 6.309914547 
7.039126336 6.298671781 

2.489876574 3.842506399 
2.555562895 3.77826227 

2.608430936 3.730279897 
2.555562895 3.77826227 

3.957054468 2.565622732 
3.814319031 2.587913298 

3.722164247 2.593829977 
3.814319031 2.587913298 

1.644126637 7.00154991 
1.797350212 6.929186715 

1.953657126 6.861214186 
1.797350212 6.929186715 

3.750050258 0.8420252778 
3.598632687 0.9629555353 

0.5588008261 8.149499364 
0.4191019234 8.23810017 

3.465533528 3.230103393 
3.489283206 3.437753863 

3.464104273 3.620731384 
3.489283206 3.437753863 

2.429352748 7.014024264 
2.591079926 7.164376667 

2.655385224 7.304196021 
2.591079926 7.164376667 

4.568822705 6.110862191 
4.450712825 6.096201253 

4.353534999 6.12157405 
4.450712825 6.096201253 

2.929617735 2.89711228 
3.0456547 3.076756774 

3.141332686 3.288322912 
3.0456547 3.076756774 

3.311694718 8.908503287 
3.189744443 8.827630521 

3.093623237 8.720617645 
3.189744443 8.827630521 

1.015061548 7.442271113 
1.191562164 7.582445103 

1.320981291 7.727939086 
1.191562164 7.582445103 

2.3581027 6.415161406 
2.232990086 6.523630939 

2.66660164 2.64270406 
2.685753383 2.893592466 

2.384799122 8.343923857 
2.220186324 8.196350221 

2.989374988 1.313424672 
2.969959158 1.388614564 

4.491915483 2.407115606 
4.554909347 2.58530758 

2.614824348 7.063139886 
2.534256301 7.07700729 

2.429352748 7.014024264 
2.534256301 7.07700729 

1.031351131 7.631242076 
1.191562164 7.582445103 

1.307104905 8.441014857 
1.420559885 8.407489008 

1.514959224 8.388341097 
1.420559885 8.407489008 

3.225074328 2.904984407 
3.0456547 3.076756774 

3.132830115 2.67440873 
3.188138157 2.74847266 

7.207817745 5.195938428 
7.049326734 5.139242576 

6.934951112 5.157183132 
7.049326734 5.139242576 

1.015061548 7.442271113 
0.8504425972 7.504367867 

0.6884063673 7.584780101 
0.8504425972 7.504367867 

3.31062519 2.384638245 
3.343727665 2.681940604 

5.744927059 6.526329806 
5.714431297 6.403353535 

4.802120196 1.754071832 
4.724705012 1.81973673 

2.01985137 5.916723856 
2.166191396 5.962013652 

2.187079656 6.033665275 
2.166191396 5.962013652 

7.554029225 6.993178107 
7.442672833 6.894237731 

1.901866348 1.675522206 
2.035337987 1.747089059 

2.198670121 1.731982956 
2.035337987 1.747089059 

3.979952995 1.879234028 
3.859705426 1.864290082 

3.756620747 1.849392415 
3.859705426 1.864290082 

2.024475861 8.845673616 
2.209205563 9.011836434 

2.3581027 6.415161406 
2.418613302 6.24752222 

1.625165301 3.27159154 
1.793051528 3.371287384 

1.918205913 3.484086203 
1.793051528 3.371287384 

2.685753383 2.893592466 
2.732307773 2.839887987 

6.965580979 6.633676926 
7.12001135 6.586180589 

7.255150381 6.509083312 
7.12001135 6.586180589 

4.552553008 7.307694663 
4.6423728 7.302003049 

4.75430456 7.306448204 
4.6423728 7.302003049 

6.425252999 6.009907164 
6.524638172 6.04185766 

6.520159518 6.149555234 
6.524638172 6.04185766 

2.031111684 7.024053254 
2.172708439 7.158546508 

1.30257158 6.21383496 
1.166612975 6.421028679 

1.087507769 6.594048836 
1.166612975 6.421028679 

0.7802083184 6.572527491 
0.7972464618 6.483391987 

2.031111684 7.024053254 
2.039805556 7.14060765 

2.090330146 7.275751813 
2.039805556 7.14060765 

3.105271812 7.034348657 
3.027822071 6.907212285 

5.888137462 4.737703504 
5.787952841 4.650100746 

4.196122858 6.22788214 
4.353534999 6.12157405 

4.371136859 0.9648546511 
4.407777879 0.9102176999 

0.3192908866 8.171189348 
0.5662247705 8.075269037 

0.8502505621 7.987795522 
0.5662247705 8.075269037 

2.13345898 8.418584924 
2.009200462 8.394458065 

6.077623513 6.603415925 
6.167578504 6.652682163 

6.227880888 6.73930211 
6.167578504 6.652682163 

2.458060921 2.555537651 
2.490708886 2.359845719 

2.658894733 8.506196187 
2.709418641 8.46985004 

2.7921497 8.468260654 
2.709418641 8.46985004 

1.30257158 6.21383496 
1.125087155 6.101871423 

2.463735296 8.040661525 
2.580359584 8.025621375 

2.779311792 7.991227321 
2.580359584 8.025621375 

4.670036585 3.141625656 
4.399307227 2.864792562 

4.880787922 2.934068684 
4.754351887 2.966288309 

2.565397707 7.788377982 
2.596122213 7.627869972 

6.06596495 5.655200489 
5.984157987 5.592713936 

1.36433213 7.212751772 
1.478054614 7.399699372 

1.579366193 7.525898164 
1.478054614 7.399699372 

4.997164242 6.333311082 
5.180585189 6.227627125 

2.762653769 0.836962062 
2.882288569 0.8907542137 

7.564541321 6.498353362 
7.51729756 6.019191587 

2.111215952 7.439916257 
2.07474249 7.525217801 

2.105960889 7.575767107 
2.07474249 7.525217801 

5.955389162 5.720562165 
5.984157987 5.592713936 

4.56720243 1.826798995 
4.36007272 1.874923177 

4.172857479 1.940240989 
4.36007272 1.874923177 

5.198596995 6.423800901 
5.192714696 6.316465805 

5.180585189 6.227627125 
5.192714696 6.316465805 

4.093431863 0.5184504401 
4.014337483 0.6779995762 

3.92873335 0.7695474661 
4.014337483 0.6779995762 

1.513131956 1.75190467 
1.545737677 1.831687495 

1.585830129 1.91188582 
1.545737677 1.831687495 

1.631220241 8.574402111 
1.780683951 8.682685016 

1.32572494 6.57866146 
1.438856568 6.641505173 

5.713351926 7.328496228 
5.745905824 7.476230887 

2.209205563 9.011836434 
2.387866858 8.840920331 

6.548742237 6.94090651 
6.67653051 6.838271751 

6.760571315 6.773774953 
6.67653051 6.838271751 

4.754351887 2.966288309 
4.651293556 2.943377718 

1.630570414 6.651991668 
1.675606382 6.54344897 

1.673954642 6.372225933 
1.675606382 6.54344897 

6.500132299 5.002665063 
6.446382497 4.90495391 

6.31879277 4.84087538 
6.446382497 4.90495391 

5.054172044 5.162985586 
4.979380589 5.298771709 

4.933529381 5.415074537 
4.979380589 5.298771709 

5.686813178 7.580150747 
5.745905824 7.476230887 

0.4215231659 6.739933826 
0.5589571232 6.810812549 

0.7322873581 6.944177904 
0.5589571232 6.810812549 

7.041968786 7.885953216 
6.929565514 7.837304837 

7.041968786 7.885953216 
7.196090474 7.84462561 

7.30881329 7.814355963 
7.196090474 7.84462561 

1.30257158 6.21383496 
1.394885785 6.121679089 

5.198596995 6.423800901 
5.196321678 6.554535039 

1.253170717 9.335177358 
1.276082898 9.23496122 

1.843042969 7.447307567 
1.889564991 7.56222105 

1.896473168 7.683798642 
1.889564991 7.56222105 

2.452986308 2.192581626 
2.348008979 2.354879381 

5.010175735 8.01104163 
5.068619998 8.10513727 

1.953199414 7.586610577 
1.889564991 7.56222105 

2.429352748 7.014024264 
2.652959483 6.926860875 

2.896834273 6.817487563 
2.652959483 6.926860875 

6.279183547 6.592961195 
6.167943134 6.531563645 

2.384799122 8.343923857 
2.398469695 8.445056322 

2.482957658 8.581560909 
2.398469695 8.445056322 

3.225074328 2.904984407 
2.929617735 2.89711228 

3.188138157 2.74847266 
3.248561468 2.796451849 

5.713351926 7.328496228 
5.559826819 7.514452571 

5.448314877 7.65384097 
5.559826819 7.514452571 

1.647265463 6.055940895 
1.682587535 5.995230061 

3.25398897 0.2166776359 
3.319197886 0.3073656646 

3.404815938 0.3302089123 
3.319197886 0.3073656646 

2.452986308 2.192581626 
2.302891194 2.193085323 

2.144337333 2.111121452 
2.302891194 2.193085323 

4.827654456 5.836396309 
4.950935356 5.847468254 

1.159692009 6.298569557 
1.130957173 6.251520204 

1.638738773 2.203489298 
1.506526358 2.256369073 

4.498916166 0.8166393969 
4.447721067 0.8726188742 

4.407777879 0.9102176999 
4.447721067 0.8726188742 

0.7972464618 6.483391987 
0.7860573224 6.43238627 

2.992075522 3.417639756 
3.212922329 3.514987612 

4.353534999 6.12157405 
4.291865098 5.9922764 

1.130957173 6.251520204 
1.136941775 6.227677768 

3.417424434 1.877061648 
3.283329547 2.010612039 

5.605665787 4.592740205 
5.646759499 4.732373664 

5.662118502 4.838492588 
5.646759499 4.732373664 

3.411353253 6.453831394 
3.308401699 6.380625715 

7.007202108 5.294407909 
7.049326734 5.139242576 

1.031351131 7.631242076 
0.8504425972 7.504367867 

2.265487835 5.831965649 
2.412265672 5.875682661 

0.7678892449 8.116547629 
0.8502505621 7.987795522 

1.670352103 7.859705344 
1.547511421 8.007828205 

1.436459364 8.129407287 
1.547511421 8.007828205 

6.540115003 8.267625377 
6.622622189 8.212028151 

6.669230736 8.249173971 
6.622622189 8.212028151 

4.723622127 6.303645805 
4.836308654 6.420850035 

1.30999994 2.300810042 
1.426967094 2.296045757 

1.506526358 2.256369073 
1.426967094 2.296045757 

5.779102982 6.873922124 
5.619274612 6.930265889 

5.459061398 7.03548116 
5.619274612 6.930265889 

1.438856568 6.641505173 
1.600464275 6.857592494 

4.326840663 7.294097076 
4.310869755 7.161399974 

2.91177844 7.220512849 
2.933583698 7.103135216 

2.926737944 7.017732185 
2.933583698 7.103135216 

3.132830115 2.67440873 
3.068881224 2.715687228 

1.438856568 6.641505173 
1.527987598 6.646064549 

1.630570414 6.651991668 
1.527987598 6.646064549 

6.020166267 6.493299018 
6.167943134 6.531563645 

5.134920931 6.721057944 
5.166760174 6.658243679 

5.196321678 6.554535039 
5.166760174 6.658243679 

4.644096181 6.475621127 
4.704813279 6.643060059 

6.167578504 6.652682163 
6.279183547 6.592961195 

3.016502371 0.7785766073 
2.841410697 0.5992120027 

1.868079951 3.406788719 
1.793051528 3.371287384 

1.472557371 5.890537761 
1.500125347 6.013678313 

1.394885785 6.121679089 
1.500125347 6.013678313 

6.24846439 5.883799182 
6.246936259 5.754146523 

6.324728009 5.657836817 
6.246936259 5.754146523 

5.182803723 8.069301431 
5.134063776 8.08719436 

7.554029225 6.993178107 
7.575344454 6.908982318 

3.172224698 6.20561725 
3.12474634 6.154616198 

1.989509223 6.101138164 
2.01985137 5.916723856 

2.412265672 5.875682661 
2.483560471 5.862930899 

7.206574881 7.555176905 
7.153187978 7.499941974 

7.242242019 7.458057936 
7.153187978 7.499941974 

4.310869755 7.161399974 
4.278293965 7.09063676 

5.03971899 6.594088345 
5.196321678 6.554535039 

4.003104151 1.400829104 
3.95200184 1.504314132 

3.918269091 1.589467872 
3.95200184 1.504314132 

6.279183547 6.592961195 
6.388359146 6.678307257 

5.910126364 6.551051843 
5.930063943 6.482088045 

6.020166267 6.493299018 
5.930063943 6.482088045 

2.685753383 2.893592466 
2.689107431 3.024684809 

2.437781199 2.060628018 
2.302891194 2.193085323 

2.054231798 7.684398368 
2.102557516 7.664531246 

2.152981264 7.790657436 
2.102557516 7.664531246 

7.564541321 6.498353362 
7.576094724 6.257274081 

5.488552238 5.699140747 
5.337560079 5.708912141 

5.189503295 5.690757426 
5.337560079 5.708912141 

2.75620329 1.627919094 
2.666484597 1.575677308 

2.051508345 8.052353558 
2.195296805 7.967038455 

2.364700788 7.882105407 
2.195296805 7.967038455 

3.578195088 0.7939430635 
3.598632687 0.9629555353 

4.997164242 6.333311082 
5.026501647 6.473572226 

5.03971899 6.594088345 
5.026501647 6.473572226 

2.841410697 0.5992120027 
2.761519837 0.5236152961 

2.675652482 0.4489099127 
2.761519837 0.5236152961 

0.5918351489 7.308846212 
0.5146437225 7.377511711 

0.3780930475 7.469107809 
0.5146437225 7.377511711 

4.134229575 5.901907083 
4.241403673 5.935742187 

4.291865098 5.9922764 
4.241403673 5.935742187 

3.026866766 1.549632814 
2.969959158 1.388614564 

2.359720804 1.592456234 
2.591050281 1.676536842 

6.658595479 7.959820863 
6.810188128 7.882107853 

6.929565514 7.837304837 
6.810188128 7.882107853 

6.87707606 7.971954161 
6.810188128 7.882107853 

3.225074328 2.904984407 
3.095595791 2.847089272 

2.97563709 2.693044539 
3.095595791 2.847089272 

4.651293556 2.943377718 
4.671561161 3.018145398 

6.919180032 5.997404401 
7.035296479 5.956760483 

5.582353243 5.401474837 
5.423764357 5.460926472 

5.282994955 5.548498466 
5.423764357 5.460926472 

4.300431248 6.934946531 
4.442891387 7.136298818 

3.532526757 2.296884978 
3.436399098 2.205299761 

3.315731361 2.215759664 
3.436399098 2.205299761 

4.399307227 2.864792562 
4.364505886 2.974906467 

3.760580307 8.544532769 
3.440921361 8.437392117 

3.096282093 8.31463878 
3.440921361 8.437392117 

5.91307104 7.544009687 
6.177326586 7.489267623 

5.91307104 7.544009687 
5.768444195 7.571248942 

5.686813178 7.580150747 
5.768444195 7.571248942 

1.362220451 2.770038598 
1.442216201 2.654664082 

1.506510575 2.605203027 
1.442216201 2.654664082 

2.751210376 6.539802022 
2.71381813 6.568478476 

6.030660499 5.879582006 
6.136681136 5.854042973 

1.759771531 9.321334427 
1.851478867 9.248863844 

1.983580088 9.226768538 
1.851478867 9.248863844 

2.666484597 1.575677308 
2.591050281 1.676536842 

1.342954997 9.068107147 
1.194100158 8.998679868 

7.080592236 7.170528706 
7.081707388 7.063004632 

7.069460273 6.916095854 
7.081707388 7.063004632 

4.247400516 3.618203308 
4.374467614 3.448282516 

2.89950834 2.274549978 
2.826181856 2.170743653 

2.74331573 2.08033588 
2.826181856 2.170743653 

6.918711956 6.166936928 
7.039126336 6.298671781 

6.918711956 6.166936928 
6.786318108 6.117023145 

6.677386232 6.14383249 
6.786318108 6.117023145 

6.974284152 5.902574558 
7.035296479 5.956760483 

7.007202108 5.294407909 
7.079923198 5.213637848 

2.635653528 9.467688711 
2.612070292 9.344747525 

2.590936114 9.202872877 
2.612070292 9.344747525 

4.523810286 5.756803686 
4.241403673 5.935742187 

3.139371391 7.654225103 
2.991372731 7.922991578 

3.083265345 0.3087987724 
3.151245541 0.2284485475 

3.25398897 0.2166776359 
3.151245541 0.2284485475 

4.498916166 0.8166393969 
4.298563983 0.8921700394 

2.685102762 3.379630502 
2.656358802 3.651054564 

3.775653643 1.36697683 
4.003104151 1.400829104 

4.079563985 0.9699632506 
4.18585241 0.9324835731 

4.298563983 0.8921700394 
4.18585241 0.9324835731 

3.775653643 1.36697683 
3.699655175 1.498929563 

3.644879987 1.609551779 
3.699655175 1.498929563 

7.604607908 6.319074614 
7.706027337 6.216002264 

2.652959483 6.926860875 
2.614824348 7.063139886 

3.411353253 6.453831394 
3.454149938 6.634496877 

3.565339542 0.4246737643 
3.427129217 0.4737750391 

3.327570279 0.5207412298 
3.427129217 0.4737750391 

3.637078489 3.221101219 
3.571747912 3.297655634 

2.675652482 0.4489099127 
2.626487889 0.4387542517 

6.965580979 6.633676926 
6.869454389 6.559805052 

6.729236501 6.495230169 
6.869454389 6.559805052 

7.554029225 6.993178107 
7.465955785 7.145066788 

4.836308654 6.420850035 
5.026501647 6.473572226 

1.136941775 6.227677768 
1.140362431 6.198593418 

5.930063943 6.482088045 
5.886643733 6.423855458 

3.465533528 3.230103393 
3.523314467 3.262486024 

3.571747912 3.297655634 
3.523314467 3.262486024 

2.944073898 2.044758734 
2.826181856 2.170743653 

6.614056535 5.715300211 
6.543226964 5.810182944 

3.806261687 8.42533985 
3.754677527 8.319892413 

3.735468934 8.214859239 
3.754677527 8.319892413 

1.915601327 1.318311982 
1.797917785 1.410020519 

3.385138263 8.382061759 
3.440921361 8.437392117 

1.73320475 7.622745157 
1.817727895 7.504076357 

1.843042969 7.447307567 
1.817727895 7.504076357 

5.0070339 5.688731744 
4.950935356 5.847468254 

1.944179133 2.912580991 
1.970532669 2.730473036 

2.022461131 2.582816913 
1.970532669 2.730473036 

4.552553008 7.307694663 
4.518366996 7.208758796 

4.442891387 7.136298818 
4.518366996 7.208758796 

1.445522289 7.89595339 
1.547511421 8.007828205 

5.255969862 7.213727666 
5.377807393 7.110900532 

5.459061398 7.03548116 
5.377807393 7.110900532 

2.789975293 0.9735158925 
2.6929783 0.9982543927 

2.563728523 0.9531593561 
2.6929783 0.9982543927 

2.3581027 6.415161406 
2.149676922 6.271568791 

1.989509223 6.101138164 
2.149676922 6.271568791 

4.134657152 6.735616599 
4.017699044 6.777107705 

3.162486438 8.981380818 
3.228264613 8.966171411 

1.100375333 9.289417402 
1.155556481 9.14063932 

1.194100158 8.998679868 
1.155556481 9.14063932 

2.616865859 5.869059618 
2.523239334 5.82256232 

2.483560471 5.862930899 
2.523239334 5.82256232 

3.283329547 2.010612039 
3.22099658 2.119756668 

1.708758921 8.180855456 
1.547511421 8.007828205 

4.296986118 1.569130167 
4.288905035 1.480511463 

4.289876142 1.383358069 
4.288905035 1.480511463 

1.140362431 6.198593418 
1.140968496 6.169695758 

2.779311792 7.991227321 
2.810038874 7.863021151 

2.92776749 7.760281639 
2.810038874 7.863021151 

5.140247255 2.33805445 
5.079870058 2.440405326 

5.044044863 2.553732193 
5.079870058 2.440405326 

1.957774222 3.335323127 
1.994164377 3.453252018 

2.489876574 3.842506399 
2.544820987 3.746041916 

2.590394164 3.625461409 
2.544820987 3.746041916 

3.007823687 9.105239278 
2.87865351 9.105266903 

2.744350253 9.144900573 
2.87865351 9.105266903 

0.9708936956 6.978766906 
1.146987954 7.150676554 

2.384799122 8.343923857 
2.257866709 8.339913737 

2.13345898 8.418584924 
2.257866709 8.339913737 

2.70836781 2.242200616 
2.826181856 2.170743653 

2.896834273 6.817487563 
2.95777657 6.862512684 

3.027822071 6.907212285 
2.95777657 6.862512684 

7.604607908 6.319074614 
7.576094724 6.257274081 

6.382834014 6.386675018 
6.285175656 6.48067848 

6.167943134 6.531563645 
6.285175656 6.48067848 

4.523810286 5.756803686 
4.355498241 5.790795601 

3.735804618 7.543759655 
3.784619822 7.353622737 

3.817703888 7.120567274 
3.784619822 7.353622737 

2.591079926 7.164376667 
2.614824348 7.063139886 

7.079923198 5.213637848 
7.136080232 5.188653943 

3.283329547 2.010612039 
3.280986291 2.1397254 

4.010882603 3.100623153 
3.850575863 3.059990493 

6.548742237 6.94090651 
6.559765054 6.810859949 

6.612214815 6.681011018 
6.559765054 6.810859949 

4.547204799 6.954233697 
4.442891387 7.136298818 

5.91307104 7.544009687 
5.811974211 7.52017862 

5.745905824 7.476230887 
5.811974211 7.52017862 

1.838142158 8.854466638 
1.954695491 8.961690687 

2.071375636 9.082167016 
1.954695491 8.961690687 

1.562377168 2.682851754 
1.506510575 2.605203027 

3.648718655 3.027580152 
3.74925613 3.053028017 

3.850575863 3.059990493 
3.74925613 3.053028017 

1.889564991 7.56222105 
1.817727895 7.504076357 

5.357309674 6.199948696 
5.192714696 6.316465805 

6.658595479 7.959820863 
6.512906841 7.971024054 

6.310671 7.998335243 
6.512906841 7.971024054 

5.054622915 7.296654269 
5.215108606 7.422554126 

6.500132299 5.002665063 
6.490310064 5.132452352 

6.484068293 5.268185275 
6.490310064 5.132452352 

2.570146531 0.4108246382 
2.59831721 0.424789445 

2.626487889 0.4387542517 
2.59831721 0.424789445 

2.293667255 2.442488647 
2.371905532 2.440502785 

2.027471938 0.8057006602 
1.961971401 0.7572573946 

3.425590983 1.601741872 
3.51809469 1.656681132 

3.560129639 1.74865472 
3.51809469 1.656681132 

7.049326734 5.139242576 
7.079923198 5.213637848 

6.869454389 6.559805052 
6.828649898 6.631498041 

6.862917781 6.726618846 
6.828649898 6.631498041 

1.320981291 7.727939086 
1.445522289 7.89595339 

1.031351131 7.631242076 
0.9372762329 7.700298631 

0.8328443937 7.855396865 
0.9372762329 7.700298631 

3.851522819 6.754139039 
3.986615618 6.989330974 

1.759771531 9.321334427 
1.621962503 9.322153123 

4.093471267 7.180205284 
4.310869755 7.161399974 

3.141332686 3.288322912 
3.053728156 3.324522657 

1.500125347 6.013678313 
1.647265463 6.055940895 

3.657438122 2.042613479 
3.551208216 2.141102528 

2.816900097 1.427819948 
2.666484597 1.575677308 

2.969959158 1.388614564 
2.906305798 1.409916645 

2.398469695 8.445056322 
2.317633327 8.523008092 

6.559765054 6.810859949 
6.400959192 6.832760386 

7.51729756 6.019191587 
7.49576129 5.75626757 

7.397220806 7.321641108 
7.456043545 7.240639214 

7.465955785 7.145066788 
7.456043545 7.240639214 

2.355356459 1.341153147 
2.23486165 1.510769524 

2.198670121 1.731982956 
2.23486165 1.510769524 

1.621962503 9.322153123 
1.555312566 9.330678286 

5.054172044 5.162985586 
5.10393711 4.994421062 

5.14860955 4.789778052 
5.10393711 4.994421062 

0.3192908866 8.171189348 
0.3812517902 8.164446352 

2.482957658 8.581560909 
2.457344437 8.701117081 

2.387866858 8.840920331 
2.457344437 8.701117081 

4.093471267 7.180205284 
4.03715159 7.083433191 

3.986615618 6.989330974 
4.03715159 7.083433191 

1.815773637 2.188245202 
1.748833294 2.068865209 

1.689471133 1.966458221 
1.748833294 2.068865209 

3.083265345 0.3087987724 
3.159400791 0.6120362186 

3.240324766 0.9122754634 
3.159400791 0.6120362186 

3.750050258 0.8420252778 
3.768094144 1.14057768 

6.077623513 6.603415925 
6.06358018 6.467220774 

2.197733652 7.700176014 
2.102557516 7.664531246 

0.3780930475 7.469107809 
0.7350466816 7.431589674 

2.404184956 7.2148006 
2.591079926 7.164376667 

1.191562164 7.582445103 
1.26979469 7.4581815 

2.720716859 1.856183689 
2.74331573 2.08033588 

2.720716859 1.856183689 
2.735685983 1.728071041 

2.75620329 1.627919094 
2.735685983 1.728071041 

1.99871403 8.229358765 
2.220186324 8.196350221 

6.06358018 6.467220774 
6.066106274 6.357130871 

6.020166267 6.493299018 
6.06358018 6.467220774 

4.972809234 7.643323605 
4.999412565 7.824961627 

5.010175735 8.01104163 
4.999412565 7.824961627 

3.756620747 1.849392415 
3.644879987 1.609551779 

3.756620747 1.849392415 
3.783866665 1.762946004 

3.855724103 1.708791107 
3.783866665 1.762946004 

7.207817745 5.195938428 
7.164228142 5.106642168 

7.136080232 5.188653943 
7.164228142 5.106642168 

2.371905532 2.440502785 
2.348008979 2.354879381 

2.944073898 2.044758734 
3.070837847 2.100458388 

3.163180195 2.204822566 
3.070837847 2.100458388 

3.139371391 7.654225103 
3.243614622 7.814404597 

3.3552331 7.930001076 
3.243614622 7.814404597 

1.743601521 1.894423254 
1.689471133 1.966458221 

6.046604462 6.274871166 
6.04743674 6.313302873 

6.066106274 6.357130871 
6.04743674 6.313302873 

1.851478867 9.248863844 
1.705483038 9.174125817 

7.49576129 5.75626757 
7.512364677 5.616319815 

0.7322873581 6.944177904 
0.8267793163 7.160479709 

5.856991992 6.505675848 
5.930063943 6.482088045 

2.024475861 8.845673616 
1.954695491 8.961690687 

7.512364677 5.616319815 
7.484420855 5.541285266 

7.481194531 5.409438972 
7.484420855 5.541285266 

2.054231798 7.684398368 
1.997413263 7.656423097 

1.953199414 7.586610577 
1.997413263 7.656423097 

2.02168669 8.52455749 
1.904900974 8.453524495 

5.93173349 6.737726328 
5.994839508 6.923286665 

6.037600841 7.109009588 
5.994839508 6.923286665 

2.685102762 3.379630502 
2.624361404 3.516090842 

2.590394164 3.625461409 
2.624361404 3.516090842 

3.598632687 0.9629555353 
3.535811539 0.9944929563 

3.1518488 2.042907244 
3.070837847 2.100458388 

3.179931411 1.905437404 
3.05587468 1.820017728 

0.7350466816 7.431589674 
0.8504425972 7.504367867 

4.972809234 7.643323605 
4.88615988 7.563448991 

1.513131956 1.75190467 
1.570092673 1.580333497 

6.0210459 4.816879831 
6.15543865 4.7791682 

7.207817745 5.195938428 
7.346790216 5.312086604 

5.502046117 6.592046251 
5.629953737 6.747046376 

1.125087155 6.101871423 
1.128081769 6.14310385 

1.140968496 6.169695758 
1.128081769 6.14310385 

4.774193027 5.638990797 
5.0070339 5.688731744 

7.650906965 6.868018523 
7.613175547 6.887942369 

7.575344454 6.908982318 
7.613175547 6.887942369 

1.570092673 1.580333497 
1.592457571 1.491431927 

1.615796597 1.402896755 
1.592457571 1.491431927 

5.930063943 6.482088045 
5.98189176 6.591255374 

7.172710005 5.930972277 
7.112755078 5.956579146 

7.035296479 5.956760483 
7.112755078 5.956579146 

6.937718693 7.042733072 
6.856248174 6.901046906 

6.760571315 6.773774953 
6.856248174 6.901046906 

0.7487656663 6.360780036 
0.7674114944 6.396583153 

0.7860573224 6.43238627 
0.7674114944 6.396583153 

3.343727665 2.681940604 
3.248561468 2.796451849 

3.447564704 0.575167642 
3.427129217 0.4737750391 

3.423996175 1.028678019 
3.480739293 1.029674919 

3.535811539 0.9944929563 
3.480739293 1.029674919 

4.372864756 6.642960684 
4.704813279 6.643060059 

6.366141551 8.31239197 
6.129943253 8.14613607 

6.310671 7.998335243 
6.374865695 8.119545973 

5.56197908 6.05286361 
5.703207265 6.259415343 

5.196321678 6.554535039 
5.37269383 6.721502466 

4.671561161 3.018145398 
4.67233119 3.073680185 

6.374865695 8.119545973 
6.399287427 8.18722167 

1.99871403 8.229358765 
2.084034762 8.29735969 

2.13345898 8.418584924 
2.084034762 8.29735969 

5.901199466 5.529008644 
5.934784964 5.57376134 

5.984157987 5.592713936 
5.934784964 5.57376134 

2.316797952 1.468554713 
2.23486165 1.510769524 

4.774193027 5.638990797 
4.639377993 5.699404486 

4.523810286 5.756803686 
4.639377993 5.699404486 

2.71381813 6.568478476 
2.648590717 6.564361636 

1.646678141 8.460089953 
1.514959224 8.388341097 

6.15543865 4.7791682 
6.22611273 4.756685725 

3.05587468 1.820017728 
3.007504578 1.78274579 

2.963387599 1.719123945 
3.007504578 1.78274579 

2.534256301 7.07700729 
2.591079926 7.164376667 

3.768094144 1.14057768 
3.781989155 1.247518945 

3.775653643 1.36697683 
3.781989155 1.247518945 

2.989374988 1.313424672 
3.005912529 1.421421079 

3.026866766 1.549632814 
3.005912529 1.421421079 

2.72350221 8.245797937 
2.709418641 8.46985004 

4.017699044 6.777107705 
3.948487403 6.78299162 

6.279876668 4.70061252 
6.25233885 4.725840812 

6.22611273 4.756685725 
6.25233885 4.725840812 

5.488552238 5.699140747 
5.652243409 5.579346848 

3.055436425 2.484905187 
3.206089924 2.590873318 

3.343727665 2.681940604 
3.206089924 2.590873318 

3.454149938 6.634496877 
3.400232426 6.676040284 

3.376188145 6.73871616 
3.400232426 6.676040284 

1.894745159 0.7755668939 
1.930182055 0.7678819051 

1.961971401 0.7572573946 
1.930182055 0.7678819051 

5.871839804 7.065051397 
5.777740801 7.079457875 

5.732063026 7.011441271 
5.777740801 7.079457875 

0.4191019234 8.23810017 
0.3972803782 8.207117412 

0.3812517902 8.164446352 
0.3972803782 8.207117412 

5.714431297 6.403353535 
5.703207265 6.259415343 

4.327357391 3.15458747 
4.349057329 3.049763516 

4.364505886 2.974906467 
4.349057329 3.049763516 

2.384799122 8.343923857 
2.418031854 8.196686153 

2.463735296 8.040661525 
2.418031854 8.196686153 

2.01985137 5.916723856 
2.151813526 5.888809897 

0.7322873581 6.944177904 
0.8492971614 6.964786578 

0.9708936956 6.978766906 
0.8492971614 6.964786578 

2.111215952 7.439916257 
2.180292923 7.398873952 

1.496178262 9.379375696 
1.525745414 9.355026991 

1.555312566 9.330678286 
1.525745414 9.355026991 

2.596122213 7.627869972 
2.688168587 7.588088501 

2.78832013 7.571356113 
2.688168587 7.588088501 

5.713351926 7.328496228 
5.775342004 7.208484907 

5.871839804 7.065051397 
5.775342004 7.208484907 

6.31879277 4.84087538 
6.22611273 4.756685725 

2.265625643 7.505497578 
2.180292923 7.398873952 

6.242024149 6.948281749 
6.141036936 7.033644438 

2.232990086 6.523630939 
2.187488208 6.616182298 

0.6884063673 7.584780101 
0.7350466816 7.431589674 

3.532526757 2.296884978 
3.550954862 2.204511903 

3.551208216 2.141102528 
3.550954862 2.204511903 

7.007202108 5.294407909 
6.934951112 5.157183132 

2.364700788 7.882105407 
2.38232976 7.789230298 

2.386978243 7.682436203 
2.38232976 7.789230298 

6.167943134 6.531563645 
6.06358018 6.467220774 

3.436399098 2.205299761 
3.550954862 2.204511903 

2.051508345 8.052353558 
2.020013151 8.1414375 

1.99871403 8.229358765 
2.020013151 8.1414375 

1.833409644 6.346133375 
1.711953402 6.173281096 

4.788147584 7.49848853 
4.836705013 7.528199149 

4.88615988 7.563448991 
4.836705013 7.528199149 

0.7350466816 7.431589674 
0.7096157739 7.279066977 

7.564541321 6.498353362 
7.246761996 6.764236572 

6.937718693 7.042733072 
7.246761996 6.764236572 

4.793596396 2.417670166 
4.655565282 2.435054218 

4.491915483 2.407115606 
4.655565282 2.435054218 

3.311694718 8.908503287 
3.269988859 8.941975114 

3.228264613 8.966171411 
3.269988859 8.941975114 

3.438811444 2.075705843 
3.551208216 2.141102528 

0.7393702227 8.302982867 
0.7486176172 8.216102512 

0.7678892449 8.116547629 
0.7486176172 8.216102512 

2.429352748 7.014024264 
2.3428473 7.058377403 

2.273975125 7.096917575 
2.3428473 7.058377403 

2.635653528 9.467688711 
2.580530095 9.299324025 

2.524322766 9.106497756 
2.580530095 9.299324025 

2.816900097 1.427819948 
2.887311552 1.444842471 

2.906305798 1.409916645 
2.887311552 1.444842471 

2.265487835 5.831965649 
2.210804353 5.860015728 

2.151813526 5.888809897 
2.210804353 5.860015728 

3.356273204 0.716520667 
3.159400791 0.6120362186 

5.777740801 7.079457875 
5.756942494 7.140020644 

5.775342004 7.208484907 
5.756942494 7.140020644 

6.399287427 8.18722167 
6.395423374 8.236713112 

5.488552238 5.699140747 
5.500038101 5.855020397 

6.395423374 8.236713112 
6.393451475 8.262770887 

2.009200462 8.394458065 
2.084034762 8.29735969 

4.782460561 6.772222207 
4.745395068 6.714625162 

4.704813279 6.643060059 
4.745395068 6.714625162 

3.760580307 8.544532769 
3.784289717 8.47753373 

3.806261687 8.42533985 
3.784289717 8.47753373 

3.327570279 0.5207412298 
3.159400791 0.6120362186 

5.054622915 7.296654269 
5.006588021 7.208745777 

4.932273997 7.116489492 
5.006588021 7.208745777 

6.730173258 5.114252077 
6.500132299 5.002665063 

6.366141551 8.31239197 
6.378659536 8.288160107 

6.393451475 8.262770887 
6.378659536 8.288160107 

3.817703888 7.120567274 
3.986615618 6.989330974 

3.404815938 0.3302089123 
3.403021407 0.4136351661 

3.427129217 0.4737750391 
3.403021407 0.4136351661 

2.555562895 3.77826227 
2.544820987 3.746041916 

3.490520476 2.651651147 
3.413812143 2.515013675 

3.31062519 2.384638245 
3.413812143 2.515013675 

5.910126364 6.551051843 
5.936950935 6.583803176 

5.98189176 6.591255374 
5.936950935 6.583803176 

5.255447194 8.149987744 
5.134063776 8.08719436 

1.858295201 7.912223727 
1.941950596 7.918566284 

2.003371779 7.957201576 
1.941950596 7.918566284 

1.989509223 6.101138164 
1.910048338 6.219162474 

1.547511421 8.007828205 
1.468038474 7.998042824 

3.403021407 0.4136351661 
3.475575039 0.4233567271 

4.190093389 2.349525011 
4.049743056 2.464399924 

3.957054468 2.565622732 
4.049743056 2.464399924 

5.134063776 8.08719436 
5.110184419 8.14303581 

6.166264361 5.02368957 
6.31879277 4.84087538 

2.992075522 3.417639756 
3.025001791 3.380169007 

3.053728156 3.324522657 
3.025001791 3.380169007 

0.3780930475 7.469107809 
0.5231545314 7.668428431 

0.6884063673 7.584780101 
0.5351271993 7.549059095 

0.4499681882 7.52737637 
0.4094285962 7.515056245 

0.5351271993 7.549059095 
0.4912166586 7.537937335 

0.4499681882 7.52737637 
0.4912166586 7.537937335 

4.368103215 7.611243754 
4.225861044 7.626550988 

4.072983302 7.65007831 
4.225861044 7.626550988 

1.562377168 2.682851754 
1.459900816 2.691909712 

4.950935356 5.847468254 
5.010928321 5.916222864 

4.75430456 7.306448204 
4.771890647 7.413800357 

4.788147584 7.49848853 
4.771890647 7.413800357 

4.134229575 5.901907083 
4.247463097 5.842807923 

4.355498241 5.790795601 
4.247463097 5.842807923 

2.590394164 3.625461409 
2.656358802 3.651054564 

2.090330146 7.275751813 
2.180292923 7.398873952 

0.3192908866 8.171189348 
0.5153228094 8.248838396 

0.7393702227 8.302982867 
0.5153228094 8.248838396 

0.6426299181 7.986609732 
0.5662247705 8.075269037 

6.065424846 7.879700937 
5.888490059 7.603688195 

5.713351926 7.328496228 
5.888490059 7.603688195 

4.997164242 6.333311082 
5.192714696 6.316465805 

4.374467614 3.448282516 
4.462078847 3.412094597 

4.556278898 3.378387314 
4.462078847 3.412094597 

1.864458059 8.182442906 
2.020013151 8.1414375 

2.779311792 7.991227321 
2.726247945 8.109260781 

2.72350221 8.245797937 
2.726247945 8.109260781 

5.026501647 6.473572226 
5.198596995 6.423800901 

2.209205563 9.011836434 
2.130997927 9.044887838 

2.071375636 9.082167016 
2.130997927 9.044887838 

4.9139215 1.842317718 
4.802120196 1.754071832 

3.648718655 3.027580152 
3.549109539 3.120091412 

3.465533528 3.230103393 
3.549109539 3.120091412 

1.838142158 8.854466638 
1.799089387 8.780615907 

1.780683951 8.682685016 
1.799089387 8.780615907 

4.372864756 6.642960684 
4.503174196 6.559995234 

4.644096181 6.475621127 
4.503174196 6.559995234 

4.282160314 2.808658519 
4.20327041 2.835597853 

4.126278287 2.856816474 
4.20327041 2.835597853 

6.058016546 8.196597937 
6.052777979 8.015639298 

6.065424846 7.879700937 
6.052777979 8.015639298 

5.555156822 7.974517078 
5.513941289 8.087083612 

1.896473168 7.683798642 
1.997413263 7.656423097 

3.532526757 2.296884978 
3.478896156 2.182659086 

3.438811444 2.075705843 
3.478896156 2.182659086 

2.66660164 2.64270406 
2.811891656 2.669671487 

2.97563709 2.693044539 
2.811891656 2.669671487 

3.851522819 6.754139039 
3.904750609 6.775356698 

3.948487403 6.78299162 
3.904750609 6.775356698 

1.436459364 8.129407287 
1.531523975 8.204584898 

2.386978243 7.682436203 
2.334768451 7.59095241 

2.265625643 7.505497578 
2.334768451 7.59095241 

1.901866348 1.675522206 
1.875505745 1.506626204 

2.355637564 1.778764797 
2.357510709 1.685778508 

2.359720804 1.592456234 
2.357510709 1.685778508 

5.110184419 8.14303581 
5.087641619 8.114088917 

5.068619998 8.10513727 
5.087641619 8.114088917 

2.209205563 9.011836434 
2.186114335 9.113024687 

2.458060921 2.555537651 
2.414189691 2.492417625 

2.371905532 2.440502785 
2.414189691 2.492417625 

3.095595791 2.847089272 
3.024852014 2.875510123 

2.929617735 2.89711228 
3.024852014 2.875510123 

3.905823486 2.030465786 
3.859705426 1.864290082 

7.049326734 5.139242576 
7.109172417 5.136560689 

2.186114335 9.113024687 
2.200209573 9.188328573 

0.4796874222 8.015351742 
0.5662247705 8.075269037 

2.200209573 9.188328573 
2.183152293 9.223684851 

2.181210207 9.259456281 
2.183152293 9.223684851 

6.167943134 6.531563645 
6.167578504 6.652682163 

4.670036585 3.141625656 
4.672951457 3.108116218 

4.67233119 3.073680185 
4.672951457 3.108116218 

5.732063026 7.011441271 
5.617371232 7.028417836 

2.720716859 1.856183689 
2.660205027 1.763374666 

2.591050281 1.676536842 
2.660205027 1.763374666 

2.490708886 2.359845719 
2.414189691 2.492417625 

5.56197908 6.05286361 
5.528795136 5.954477734 

5.500038101 5.855020397 
5.528795136 5.954477734 

2.843189015 1.618983343 
2.839322869 1.521272759 

1.644126637 7.00154991 
1.616755454 6.933598559 

1.600464275 6.857592494 
1.616755454 6.933598559 

3.438811444 2.075705843 
3.436399098 2.205299761 

3.724212842 4.000760446 
3.823346933 3.917567852 

3.914088802 3.832817975 
3.823346933 3.917567852 

6.31879277 4.84087538 
6.25233885 4.725840812 

2.054231798 7.684398368 
2.073414716 7.63376715 

2.105960889 7.575767107 
2.073414716 7.63376715 

2.197910588 3.662263411 
2.283071681 3.537300513 

2.368232775 3.412337615 
2.283071681 3.537300513 

5.010928321 5.916222864 
5.045958803 5.935783837 

5.089692569 5.937438496 
5.045958803 5.935783837 

1.705090008 1.784880791 
1.545737677 1.831687495 

2.256126027 8.074848312 
2.195296805 7.967038455 

1.833409644 6.346133375 
1.871004026 6.283119023 

1.910048338 6.219162474 
1.871004026 6.283119023 

3.565339542 0.4246737643 
3.522377104 0.4239053407 

3.475575039 0.4233567271 
3.522377104 0.4239053407 

2.726247945 8.109260781 
2.580359584 8.025621375 

3.1518488 2.042907244 
3.153939765 2.125756154 

3.068881224 2.715687228 
3.095595791 2.847089272 

1.673026984 8.323790155 
1.67116519 8.2444277 

1.708758921 8.180855456 
1.67116519 8.2444277 

3.033087361 6.059612549 
3.080192631 6.121561826 

3.12474634 6.154616198 
3.080192631 6.121561826 

5.459061398 7.03548116 
5.541655022 7.021560978 

5.617371232 7.028417836 
5.541655022 7.021560978 

2.102557516 7.664531246 
2.073414716 7.63376715 

3.551208216 2.141102528 
3.478896156 2.182659086 

5.787952841 4.650100746 
5.698339624 4.62417418 

5.605665787 4.592740205 
5.698339624 4.62417418 

2.816900097 1.427819948 
2.826590383 1.472892081 

2.839322869 1.521272759 
2.826590383 1.472892081 

1.136588456 8.050343932 
0.9508733955 8.085777993 

0.7678892449 8.116547629 
0.9508733955 8.085777993 

6.540115003 8.267625377 
6.393451475 8.262770887 

2.32207815 7.34424201 
2.246321054 7.366772451 

2.180292923 7.398873952 
2.246321054 7.366772451 

3.490520476 2.651651147 
3.6107073 2.622550093 

3.722164247 2.593829977 
3.6107073 2.622550093 

3.637078489 3.221101219 
3.549109539 3.120091412 

6.279183547 6.592961195 
6.285175656 6.48067848 

7.564541321 6.498353362 
7.576897306 6.404121783 

7.604607908 6.319074614 
7.576897306 6.404121783 

1.670352103 7.859705344 
1.558129407 7.878355217 

1.445522289 7.89595339 
1.558129407 7.878355217 

6.324728009 5.657836817 
6.474724675 5.679766551 

6.614056535 5.715300211 
6.474724675 5.679766551 

1.015061548 7.442271113 
0.8700485912 7.440120336 

0.7350466816 7.431589674 
0.8700485912 7.440120336 

3.657438122 2.042613479 
3.786497294 2.108151057 

3.936162048 2.16982766 
3.786497294 2.108151057 

3.355763506 7.003187266 
3.231442575 7.017989243 

3.105271812 7.034348657 
3.231442575 7.017989243 

5.471462338 8.219555612 
5.492600819 8.154394076 

5.513941289 8.087083612 
5.492600819 8.154394076 

3.096282093 8.31463878 
3.019703274 8.645681526 

3.096282093 8.31463878 
2.912625124 8.28118546 

2.72350221 8.245797937 
2.912625124 8.28118546 

2.639626184 6.651521295 
2.653528724 6.609662053 

1.803238653 5.99970149 
1.892043144 6.051712624 

1.989509223 6.101138164 
1.892043144 6.051712624 

2.073414716 7.63376715 
1.997413263 7.656423097 

1.284762207 7.957033504 
1.286806191 7.839488191 

1.320981291 7.727939086 
1.286806191 7.839488191 

3.311893309 7.237259381 
3.398096816 7.4089056 

3.478896156 2.182659086 
3.436399098 2.205299761 

3.311893309 7.237259381 
3.345754284 7.117927947 

3.355763506 7.003187266 
3.345754284 7.117927947 

5.579531861 7.677095566 
5.559826819 7.514452571 

3.756620747 1.849392415 
3.939671404 1.632177611 

4.122473171 1.414084789 
3.939671404 1.632177611 

3.40939958 1.72519056 
3.51809469 1.656681132 

2.648590717 6.564361636 
2.651160182 6.586746273 

2.653528724 6.609662053 
2.651160182 6.586746273 

2.643502161 3.195840685 
2.670216619 3.107279125 

2.689107431 3.024684809 
2.670216619 3.107279125 

3.851522819 6.754139039 
4.084086999 7.023589122 

4.326840663 7.294097076 
4.084086999 7.023589122 

1.815773637 2.188245202 
1.878924097 2.088749228 

1.942074558 1.989253253 
1.878924097 2.088749228 

2.452986308 2.192581626 
2.70836781 2.242200616 

2.404184956 7.2148006 
2.534256301 7.07700729 

1.459900816 2.691909712 
1.410083622 2.710883253 

2.152981264 7.790657436 
2.195296805 7.967038455 

7.481194531 5.409438972 
7.413992374 5.360762788 

7.346790216 5.312086604 
7.413992374 5.360762788 

2.197480014 6.732558093 
2.201021394 6.672750173 

2.187488208 6.616182298 
2.201021394 6.672750173 

4.836308654 6.420850035 
4.91770175 6.377391601 

4.997164242 6.333311082 
4.91770175 6.377391601 

7.427601398 6.651655327 
7.246761996 6.764236572 

6.382834014 6.386675018 
6.471730952 6.41860653 

6.567914376 6.458482906 
6.471730952 6.41860653 

2.66660164 2.64270406 
2.555566698 2.596482135 

2.458060921 2.555537651 
2.555566698 2.596482135 

2.838171617 2.458527885 
2.66660164 2.64270406 

7.68632603 6.083873739 
7.696176683 6.149938001 

2.838171617 2.458527885 
2.94927887 2.473939216 

3.055436425 2.484905187 
2.94927887 2.473939216 

1.362220451 2.770038598 
1.385712794 2.731852591 

1.410083622 2.710883253 
1.385712794 2.731852591 

7.696176683 6.149938001 
7.70110201 6.182970133 

7.706027337 6.216002264 
7.70110201 6.182970133 

1.728157607 2.73506204 
1.970532669 2.730473036 

2.198670121 1.731982956 
2.363689464 1.851562278 

2.529956962 1.971730256 
2.363689464 1.851562278 

6.037600841 7.109009588 
6.088519857 7.06598495 

6.141036936 7.033644438 
6.088519857 7.06598495 

3.153939765 2.125756154 
3.22099658 2.119756668 

1.73320475 7.622745157 
1.701315856 7.740899397 

1.670352103 7.859705344 
1.701315856 7.740899397 

6.136681136 5.854042973 
6.187455818 5.862875382 

6.24846439 5.883799182 
6.187455818 5.862875382 

0.5153228094 8.248838396 
0.4191019234 8.23810017 

4.327357391 3.15458747 
4.242661148 3.110030071 

4.156460377 3.066002853 
4.242661148 3.110030071 

0.3780930475 7.469107809 
0.3937608219 7.492082027 

0.4094285962 7.515056245 
0.3937608219 7.492082027 

4.300431248 6.934946531 
4.292976184 7.015410207 

4.278293965 7.09063676 
4.292976184 7.015410207 

3.427129217 0.4737750391 
3.475575039 0.4233567271 

2.367837051 2.915533056 
2.460744695 2.848919978 

2.554515602 2.78146043 
2.460744695 2.848919978 

1.986410527 6.338094708 
1.871004026 6.283119023 

4.554909347 2.58530758 
4.670220128 2.49893102 

4.793596396 2.417670166 
4.670220128 2.49893102 

3.274789356 6.256707367 
3.291595527 6.318666541 

3.308401699 6.380625715 
3.291595527 6.318666541 

3.005912529 1.421421079 
2.969959158 1.388614564 

3.163180195 2.204822566 
3.158212961 2.165429917 

3.153939765 2.125756154 
3.158212961 2.165429917 

3.248561468 2.796451849 
3.237249759 2.851168285 

3.225074328 2.904984407 
3.237249759 2.851168285 

3.571747912 3.297655634 
3.489283206 3.437753863 

2.35733912 0.930780088 
2.360764357 1.070580588 

2.364189594 1.210381087 
2.360764357 1.070580588 

7.164228142 5.106642168 
7.13670028 5.121601429 

7.109172417 5.136560689 
7.13670028 5.121601429 

2.887311552 1.444842471 
2.839322869 1.521272759 

6.425252999 6.009907164 
6.484239982 5.910045054 

6.543226964 5.810182944 
6.484239982 5.910045054 

7.564541321 6.498353362 
7.49607136 6.575004344 

7.427601398 6.651655327 
7.49607136 6.575004344 

5.93173349 6.737726328 
5.936950935 6.583803176 

1.673026984 8.323790155 
1.60227548 8.264187527 

1.531523975 8.204584898 
1.60227548 8.264187527 

2.429352748 7.014024264 
2.416768852 7.114412432 

2.404184956 7.2148006 
2.416768852 7.114412432 

3.565339542 0.4246737643 
3.829385702 0.4715621022 

3.918269091 1.589467872 
3.939671404 1.632177611 

3.829385702 0.4715621022 
3.961408783 0.4950062711 

5.91307104 7.544009687 
5.888490059 7.603688195 

3.961408783 0.4950062711 
4.027420323 0.5067283556 

4.093431863 0.5184504401 
4.027420323 0.5067283556 

