3.240324766 0.9122754634 
2.963387599 1.719123945 

4.465414486 2.720843648 
4.556278898 3.378387314 

2.051508345 8.052353558 
2.152981264 7.790657436 

2.756938103 8.839084578 
3.311597603 8.907778349 

4.756533412 4.763167563 
4.471534652 4.504793822 

6.383168801 6.386583085 
6.678605487 6.143280564 

6.910193214 6.006747806 
6.678605487 6.143280564 

0.8275433016 7.159324053 
0.4215231659 6.739933826 

1.643301319 7.006544059 
1.356038822 7.206789427 

1.672293082 7.858846748 
1.898548263 7.690127119 

6.485091586 5.270629753 
6.623719224 5.709426727 

4.465414486 2.720843648 
5.044044863 2.553732193 

7.578684999 6.50371215 
6.922128924 6.345570616 

6.678605487 6.143280564 
6.922128924 6.345570616 

3.316287561 2.214762144 
3.071727407 2.329671949 

3.758153246 1.847911049 
3.559353167 1.748452245 

4.188131011 4.134920796 
4.022674151 3.828998083 

7.397220806 7.321641108 
6.82493082 7.366808602 

5.56197908 6.05286361 
5.838068566 6.076954736 

4.471534652 4.504793822 
4.340947333 4.341108605 

4.188131011 4.134920796 
4.340947333 4.341108605 

6.910193214 6.006747806 
7.301658439 6.157769293 

5.255969862 7.213727666 
4.788147584 7.49848853 

1.947246791 2.914577911 
2.439971993 3.241115726 

2.529956962 1.971730256 
2.742106395 2.080608055 

1.630496545 8.57340825 
1.503884177 8.892851628 

2.725593881 8.244643114 
2.930490399 7.76094717 

2.742106395 2.080608055 
2.17204104 2.303615621 

2.17204104 2.303615621 
2.293667255 2.442488647 

5.713351926 7.328496228 
5.732063026 7.011441271 

0.6884063673 7.584780101 
1.031351131 7.631242076 

1.318065759 7.729504998 
1.031351131 7.631242076 

6.82493082 7.366808602 
6.937718693 7.042733072 

4.190093389 2.349525011 
4.491915483 2.407115606 

1.643301319 7.006544059 
1.197579611 6.923317153 

2.090330146 7.275751813 
2.111215952 7.439916257 

1.513131956 1.75190467 
2.17204104 2.303615621 

6.547110786 6.939701946 
7.159133978 6.672201236 

1.197579611 6.923317153 
0.8275433016 7.159324053 

6.82493082 7.366808602 
6.929565514 7.837304837 

5.03971899 6.594088345 
5.198596995 6.423800901 

5.579531861 7.677095566 
5.759463804 7.763397817 

6.065424846 7.879700937 
5.759463804 7.763397817 

7.159133978 6.672201236 
6.937718693 7.042733072 

2.482957658 8.581560909 
2.725593881 8.244643114 

1.672293082 7.858846748 
1.134779281 8.049975415 

3.65594408 2.042654837 
3.758153246 1.847911049 

2.489670047 3.838923767 
2.439971993 3.241115726 

6.623719224 5.709426727 
6.910193214 6.006747806 

3.181477424 1.905184611 
3.421381411 1.875361547 

3.033087361 6.059612549 
2.742941072 6.290524023 

1.251572074 8.749213273 
1.503884177 8.892851628 

3.240324766 0.9122754634 
3.423996175 1.028678019 

4.465414486 2.720843648 
4.491915483 2.407115606 

4.951900423 1.717266487 
4.172857479 1.940240989 

3.65594408 2.042654837 
4.172857479 1.940240989 

6.037600841 7.109009588 
6.191259057 7.341200815 

2.439971993 3.241115726 
2.368756111 3.411335995 

7.159133978 6.672201236 
6.964997083 6.634609839 

5.604055948 6.498563563 
5.746450394 6.526661408 

0.8275433016 7.159324053 
1.015061548 7.442271113 

2.963387599 1.719123945 
2.843189015 1.618983343 

1.197579611 6.923317153 
1.30257158 6.21383496 

3.097321909 8.315114693 
3.068540131 8.057504141 

4.134229575 5.901907083 
4.19865305 6.226936946 

3.851522819 6.754139039 
4.19865305 6.226936946 

3.776988701 1.366738863 
3.9188317 1.589546053 

5.582353243 5.401474837 
5.488552238 5.699140747 

7.481194531 5.409438972 
6.937066843 5.67222379 

1.837711881 8.854027217 
1.595105359 9.060641376 

1.100375333 9.289417402 
1.595105359 9.060641376 

5.838068566 6.076954736 
6.076127825 6.001418411 

3.240324766 0.9122754634 
3.13110342 1.302202168 

3.559353167 1.748452245 
3.13110342 1.302202168 

6.334210832 5.65323775 
6.142575849 5.342029336 

0.4215231659 6.739933826 
0.9986553961 6.777600534 

1.197579611 6.923317153 
0.9986553961 6.777600534 

5.255969862 7.213727666 
5.732063026 7.011441271 

4.782460561 6.772222207 
4.907666602 6.866390484 

3.311597603 8.907778349 
3.245828894 8.593766679 

6.922128924 6.345570616 
6.730453312 6.498956778 

2.529956962 1.971730256 
2.355637564 1.778764797 

2.17204104 2.303615621 
2.144337333 2.111121452 

1.30999994 2.300810042 
1.646042473 2.288166237 

5.930610723 6.736117163 
6.242233006 6.947032934 

2.02168669 8.52455749 
2.024475861 8.845673616 

7.30881329 7.814355963 
6.929565514 7.837304837 

3.750050258 0.8420252778 
3.578195088 0.7939430635 

4.774829805 5.640158811 
4.838188116 5.835848996 

2.358302439 0.9284130688 
2.256673314 0.6485282485 

7.301658439 6.157769293 
7.20129756 6.311019612 

4.368103215 7.611243754 
4.328062887 7.294604261 

4.328062887 7.294604261 
4.548151353 7.321881299 

1.837711881 8.854027217 
2.024475861 8.845673616 

6.310671 7.998335243 
5.555156822 7.974517078 

7.207519638 5.195077397 
7.095686058 5.369754782 

5.555156822 7.974517078 
5.579531861 7.677095566 

1.134779281 8.049975415 
1.318065759 7.729504998 

0.3192908866 8.171189348 
0.6426299181 7.986609732 

2.930490399 7.76094717 
2.462564155 8.038517058 

4.446256066 1.362781916 
3.9188317 1.589546053 

5.629339326 4.976617394 
5.510047115 4.777972783 

5.139544256 4.785424932 
5.510047115 4.777972783 

3.097321909 8.315114693 
3.245828894 8.593766679 

5.838068566 6.076954736 
6.046573954 6.273226539 

2.482957658 8.581560909 
2.608082466 8.913477002 

3.083265345 0.3087987724 
3.356871578 0.7156104534 

3.423996175 1.028678019 
3.356871578 0.7156104534 

3.648760559 3.028395361 
3.761374007 3.282915857 

2.489670047 3.838923767 
2.368756111 3.411335995 

2.144337333 2.111121452 
2.742106395 2.080608055 

4.134229575 5.901907083 
4.722987323 6.302246028 

5.03971899 6.594088345 
4.722987323 6.302246028 

1.833409644 6.346133375 
1.632530776 6.651929343 

6.191259057 7.341200815 
5.713351926 7.328496228 

3.245828894 8.593766679 
3.384597103 8.383713339 

2.742106395 2.080608055 
2.470810298 2.179629614 

2.144337333 2.111121452 
1.815773637 2.188245202 

3.957127565 2.574444091 
3.614342876 2.518267793 

3.532526757 2.296884978 
3.614342876 2.518267793 

2.111215952 7.439916257 
2.265959352 7.50459111 

2.853837901 6.655322873 
3.411353253 6.453831394 

7.578684999 6.50371215 
7.252345941 6.506163582 

6.82493082 7.366808602 
6.601370526 7.456068922 

1.672293082 7.858846748 
1.468370095 7.998266104 

7.159133978 6.672201236 
7.426426316 6.650709948 

6.046573954 6.273226539 
6.076127825 6.001418411 

1.468370095 7.998266104 
1.437422203 8.130521877 

2.465061473 6.013478626 
2.704072845 6.122700816 

2.742941072 6.290524023 
2.704072845 6.122700816 

2.725593881 8.244643114 
2.384799122 8.343923857 

2.838171617 2.458527885 
2.89950834 2.274549978 

2.944073898 2.044758734 
2.89950834 2.274549978 

1.197579611 6.923317153 
1.356038822 7.206789427 

2.368756111 3.411335995 
2.168993681 3.332016895 

2.322698322 7.345531153 
2.265959352 7.50459111 

1.015061548 7.442271113 
1.146856157 7.149761812 

1.197579611 6.923317153 
1.146856157 7.149761812 

4.722987323 6.302246028 
4.644096181 6.475621127 

3.851522819 6.754139039 
3.817703888 7.120567274 

2.619211281 3.176506598 
2.439971993 3.241115726 

2.029300238 7.011441673 
1.953489987 6.860976416 

3.141601583 3.289526737 
3.207567643 3.509782169 

5.139544256 4.785424932 
4.923950021 4.962794172 

4.756533412 4.763167563 
4.923950021 4.962794172 

5.629339326 4.976617394 
5.888137462 4.737703504 

1.031351131 7.631242076 
1.015061548 7.442271113 

2.354373067 1.341340052 
2.070540437 1.35236041 

2.756938103 8.839084578 
2.608082466 8.913477002 

5.604055948 6.498563563 
5.630688464 6.746202745 

0.7393702227 8.302982867 
0.6426299181 7.986609732 

6.668612339 8.246468218 
6.64693527 7.943114437 

1.646042473 2.288166237 
1.601311714 2.41972448 

2.725593881 8.244643114 
3.068540131 8.057504141 

1.929336305 1.503654423 
1.901866348 1.675522206 

5.630688464 6.746202745 
5.930610723 6.736117163 

2.963387599 1.719123945 
2.944073898 2.044758734 

4.446256066 1.362781916 
4.562227827 1.621829138 

3.578195088 0.7939430635 
3.564683518 0.4255146322 

4.782460561 6.772222207 
4.547104839 6.956780062 

0.8275433016 7.159324053 
1.146856157 7.149761812 

3.614342876 2.518267793 
3.490520476 2.651651147 

1.30999994 2.300810042 
1.601311714 2.41972448 

2.675652482 0.4489099127 
2.762653769 0.836962062 

3.071727407 2.329671949 
2.89950834 2.274549978 

4.465414486 2.720843648 
4.404230366 2.863451776 

2.930490399 7.76094717 
3.358773265 7.919052061 

1.815773637 2.188245202 
1.646042473 2.288166237 

2.853837901 6.655322873 
2.896834273 6.817487563 

2.929617735 2.89711228 
2.976275174 2.693421267 

5.579531861 7.677095566 
5.247414662 7.711071481 

0.8275433016 7.159324053 
0.9986553961 6.777600534 

4.556278898 3.378387314 
4.560367358 3.138130413 

4.327357391 3.15458747 
4.560367358 3.138130413 

2.635653528 9.467688711 
2.744350253 9.144900573 

2.756938103 8.839084578 
2.744350253 9.144900573 

6.767742789 6.783926432 
6.730453312 6.498956778 

3.732962331 7.547586064 
4.072983302 7.65007831 

1.929336305 1.503654423 
2.070540437 1.35236041 

3.423996175 1.028678019 
3.578195088 0.7939430635 

6.142575849 5.342029336 
6.317620482 5.453267508 

6.485091586 5.270629753 
6.317620482 5.453267508 

0.7304366865 8.844509416 
0.5297591481 8.628282054 

2.963387599 1.719123945 
3.025006846 1.548501393 

5.010030548 8.012156301 
5.448314877 7.65384097 

7.20129756 6.311019612 
7.252345941 6.506163582 

6.910193214 6.006747806 
6.937066843 5.67222379 

1.356038822 7.206789427 
0.9696322263 6.977807646 

3.384597103 8.383713339 
3.539390581 8.321118783 

5.901388584 5.530160178 
6.142575849 5.342029336 

1.437422203 8.130521877 
1.51408824 8.392424597 

1.630496545 8.57340825 
1.51408824 8.392424597 

2.725593881 8.244643114 
2.7921497 8.468260654 

5.255969862 7.213727666 
5.247414662 7.711071481 

6.730453312 6.498956778 
6.61330459 6.681869931 

5.488552238 5.699140747 
5.089692569 5.937438496 

2.742106395 2.080608055 
2.944073898 2.044758734 

0.6426299181 7.986609732 
0.6884063673 7.584780101 

6.668612339 8.246468218 
6.997885452 8.047944246 

0.6426299181 7.986609732 
0.8328576831 7.85619803 

0.9696322263 6.977807646 
1.197579611 6.923317153 

4.562227827 1.621829138 
4.296986118 1.569130167 

4.121068672 1.414687871 
4.296986118 1.569130167 

4.172857479 1.940240989 
3.936162048 2.16982766 

1.601311714 2.41972448 
1.522487251 2.463297248 

3.267580906 3.921634931 
3.186283213 3.625025352 

2.993239963 3.41806768 
3.186283213 3.625025352 

5.198596995 6.423800901 
4.997164242 6.333311082 

4.722987323 6.302246028 
4.997164242 6.333311082 

4.774829805 5.640158811 
5.16395908 5.426280613 

1.674299419 6.373422267 
1.833409644 6.346133375 

3.025006846 1.548501393 
2.843189015 1.618983343 

2.895530202 7.226059572 
2.65721367 7.303913415 

2.742941072 6.290524023 
2.772648987 6.461612616 

0.9986553961 6.777600534 
1.087507769 6.594048836 

1.632530776 6.651929343 
1.197579611 6.923317153 

3.13110342 1.302202168 
2.989374988 1.313424672 

1.30257158 6.21383496 
1.32572494 6.57866146 

0.6884063673 7.584780101 
0.5223234914 7.66720374 

7.426426316 6.650709948 
7.252345941 6.506163582 

4.556278898 3.378387314 
4.880787922 2.934068684 

5.044044863 2.553732193 
4.880787922 2.934068684 

2.3581027 6.415161406 
2.742941072 6.290524023 

5.888137462 4.737703504 
6.0210459 4.816879831 

3.240324766 0.9122754634 
3.356871578 0.7156104534 

1.894745159 0.7755668939 
1.869864373 1.054839907 

6.767742789 6.783926432 
6.61330459 6.681869931 

5.459061398 7.03548116 
5.681966673 6.892198069 

5.630688464 6.746202745 
5.681966673 6.892198069 

4.56720243 1.826798995 
4.724705012 1.81973673 

4.951900423 1.717266487 
4.724705012 1.81973673 

1.503884177 8.892851628 
1.342954997 9.068107147 

4.907666602 6.866390484 
4.932273997 7.116489492 

2.608082466 8.913477002 
2.744350253 9.144900573 

4.923950021 4.962794172 
4.829226122 5.150454003 

6.623719224 5.709426727 
6.885951479 5.392255545 

4.829226122 5.150454003 
4.452365159 5.284756568 

1.251572074 8.749213273 
1.51408824 8.392424597 

6.937066843 5.67222379 
6.885951479 5.392255545 

4.079563985 0.9699632506 
4.127241458 0.830458799 

2.843189015 1.618983343 
2.591050281 1.676536842 

2.355637564 1.778764797 
2.591050281 1.676536842 

3.732962331 7.547586064 
3.358773265 7.919052061 

3.732962331 7.547586064 
3.63887443 7.862185319 

4.548151353 7.321881299 
4.547104839 6.956780062 

2.529956962 1.971730256 
2.591050281 1.676536842 

3.761374007 3.282915857 
3.64080332 3.209570627 

2.462564155 8.038517058 
2.26208055 8.069138997 

2.895530202 7.226059572 
3.106412363 7.028294556 

1.898548263 7.690127119 
2.052338504 7.684296377 

3.033087361 6.059612549 
2.704072845 6.122700816 

5.085748918 2.134003978 
4.899941923 1.985381219 

4.722987323 6.302246028 
4.578622475 6.10275969 

2.181210207 9.259456281 
2.387866858 8.840920331 

1.643301319 7.006544059 
1.727767343 7.348689578 

4.121068672 1.414687871 
4.498916166 0.8166393969 

7.397220806 7.321641108 
7.19678772 7.058655163 

3.097321909 8.315114693 
2.7921497 8.468260654 

2.7921497 8.468260654 
3.019703274 8.645681526 

1.356038822 7.206789427 
1.727767343 7.348689578 

2.619211281 3.176506598 
2.683821783 3.37678278 

6.885951479 5.392255545 
7.095686058 5.369754782 

4.465414486 2.720843648 
4.554909347 2.58530758 

3.163180195 2.204822566 
3.22099658 2.119756668 

4.774829805 5.640158811 
4.863820727 5.419013874 

4.498916166 0.8166393969 
4.127241458 0.830458799 

1.437422203 8.130521877 
1.70764622 8.17998186 

3.65594408 2.042654837 
3.432729596 2.069446438 

6.242233006 6.947032934 
6.237671447 6.739470873 

3.071727407 2.329671949 
3.163180195 2.204822566 

3.068540131 8.057504141 
3.358773265 7.919052061 

3.019703274 8.645681526 
3.093623237 8.720617645 

5.448314877 7.65384097 
5.579531861 7.677095566 

2.66660164 2.64270406 
2.732307773 2.839887987 

2.929617735 2.89711228 
2.732307773 2.839887987 

7.578684999 6.50371215 
7.612664635 6.707977256 

3.071727407 2.329671949 
3.055595712 2.486530751 

2.675652482 0.4489099127 
2.392823279 0.6951631826 

2.256673314 0.6485282485 
2.392823279 0.6951631826 

1.674299419 6.373422267 
1.711953402 6.173281096 

3.033087361 6.059612549 
3.090137291 6.317206791 

5.010030548 8.012156301 
5.140536094 7.893953964 

5.247414662 7.711071481 
5.140536094 7.893953964 

2.358302439 0.9284130688 
2.444403117 0.7403202306 

2.608082466 8.913477002 
2.524322766 9.106497756 

3.423996175 1.028678019 
3.265437633 1.113632593 

3.13110342 1.302202168 
3.265437633 1.113632593 

2.168993681 3.332016895 
2.098427786 3.493948435 

4.121068672 1.414687871 
4.002115996 1.386126406 

1.30999994 2.300810042 
1.522487251 2.463297248 

1.30999994 2.300810042 
1.539298144 2.055471738 

0.7682922652 8.11578189 
0.6426299181 7.986609732 

7.301658439 6.157769293 
7.405271202 6.161702862 

4.190093389 2.349525011 
4.465414486 2.720843648 

4.172857479 1.940240989 
4.271087478 2.128555959 

2.444403117 0.7403202306 
2.464847831 0.544831072 

1.015061548 7.442271113 
1.26979469 7.4581815 

5.03971899 6.594088345 
4.907666602 6.866390484 

1.100375333 9.289417402 
1.380601282 8.676565155 

4.547104839 6.956780062 
4.372864756 6.642960684 

0.9696322263 6.977807646 
0.8275433016 7.159324053 

7.20129756 6.311019612 
7.405271202 6.161702862 

2.02168669 8.52455749 
2.13345898 8.418584924 

6.997885452 8.047944246 
6.929565514 7.837304837 

0.4215231659 6.739933826 
0.7157356614 6.623304128 

0.7393702227 8.302982867 
0.7578123393 8.541339012 

7.30881329 7.814355963 
7.206574881 7.555176905 

1.251572074 8.749213273 
1.380601282 8.676565155 

3.267580906 3.921634931 
3.524307203 3.848422727 

3.724212842 4.000760446 
3.524307203 3.848422727 

5.759463804 7.763397817 
5.91307104 7.544009687 

1.134779281 8.049975415 
0.8328576831 7.85619803 

1.251572074 8.749213273 
1.055388757 8.701061906 

4.328062887 7.294604261 
3.9832251 7.442290103 

3.732962331 7.547586064 
3.9832251 7.442290103 

2.529956962 1.971730256 
2.720716859 1.856183689 

2.152981264 7.790657436 
2.199224912 7.70002747 

2.398939647 7.681386792 
2.199224912 7.70002747 

3.240324766 0.9122754634 
3.265437633 1.113632593 

6.279876668 4.70061252 
6.166264361 5.02368957 

2.930490399 7.76094717 
2.991857179 7.923773594 

3.068540131 8.057504141 
2.991857179 7.923773594 

2.365007261 7.881253059 
2.199224912 7.70002747 

6.730453312 6.498956778 
6.56713868 6.457960126 

4.072983302 7.65007831 
3.9832251 7.442290103 

6.56713868 6.457960126 
6.61330459 6.681869931 

6.334210832 5.65323775 
6.032173822 5.877888876 

5.838068566 6.076954736 
6.032173822 5.877888876 

0.7487656663 6.360780036 
1.046467548 6.377170508 

2.470810298 2.179629614 
2.48638581 2.342775569 

5.37269383 6.721502466 
5.630688464 6.746202745 

2.78832013 7.571356113 
2.930490399 7.76094717 

2.779311792 7.991227321 
2.991857179 7.923773594 

4.19865305 6.226936946 
4.578622475 6.10275969 

6.767742789 6.783926432 
6.863566337 6.73963777 

6.964997083 6.634609839 
6.863566337 6.73963777 

4.19865305 6.226936946 
4.252219441 6.476277251 

4.372864756 6.642960684 
4.252219441 6.476277251 

5.732063026 7.011441271 
5.681966673 6.892198069 

5.930610723 6.736117163 
5.681966673 6.892198069 

7.405271202 6.161702862 
7.479784268 6.242233211 

7.095686058 5.369754782 
7.481194531 5.409438972 

2.439971993 3.241115726 
2.354843286 2.932212847 

3.356871578 0.7156104534 
3.578195088 0.7939430635 

4.863820727 5.419013874 
5.16395908 5.426280613 

5.010030548 8.012156301 
5.132297351 7.614298104 

4.190093389 2.349525011 
4.313328537 2.24016106 

4.271087478 2.128555959 
4.313328537 2.24016106 

5.56197908 6.05286361 
5.260760914 6.01164957 

5.089692569 5.937438496 
5.260760914 6.01164957 

7.095686058 5.369754782 
7.024528445 5.516570765 

6.937066843 5.67222379 
7.024528445 5.516570765 

4.011601318 3.098928713 
4.127156331 2.849096464 

6.547110786 6.939701946 
6.237671447 6.739470873 

7.252345941 6.506163582 
7.159133978 6.672201236 

6.046573954 6.273226539 
5.886427221 6.424938147 

5.746450394 6.526661408 
5.886427221 6.424938147 

6.076127825 6.001418411 
6.032173822 5.877888876 

2.365007261 7.881253059 
2.462564155 8.038517058 

4.446256066 1.362781916 
4.356703222 1.194283233 

5.909710463 6.550902875 
5.886427221 6.424938147 

1.815773637 2.188245202 
1.539298144 2.055471738 

6.922128924 6.345570616 
6.56713868 6.457960126 

0.5297591481 8.628282054 
0.6583812757 8.557127443 

0.7578123393 8.541339012 
0.6583812757 8.557127443 

1.759771531 9.321334427 
1.705483038 9.174125817 

1.595105359 9.060641376 
1.705483038 9.174125817 

3.63887443 7.862185319 
3.539390581 8.321118783 

1.58129688 7.524067524 
1.735265465 7.62368085 

1.898548263 7.690127119 
1.735265465 7.62368085 

1.957774222 3.335323127 
1.918205913 3.484086203 

1.32572494 6.57866146 
1.087507769 6.594048836 

1.51408824 8.392424597 
1.672052448 8.324299966 

2.417063091 6.246426316 
2.181712659 6.03990654 

4.863820727 5.419013874 
5.054172044 5.162985586 

3.328340871 0.5210056929 
3.404815938 0.3302089123 

1.615796597 1.402896755 
1.915601327 1.318311982 

2.070540437 1.35236041 
1.915601327 1.318311982 

2.02168669 8.52455749 
1.630496545 8.57340825 

1.134779281 8.049975415 
1.284762207 7.957033504 

1.833409644 6.346133375 
1.986410527 6.338094708 

1.929336305 1.503654423 
1.915601327 1.318311982 

1.815773637 2.188245202 
1.638738773 2.203489298 

4.093431863 0.5184504401 
4.095619419 0.7373416537 

4.127241458 0.830458799 
4.095619419 0.7373416537 

3.267580906 3.921634931 
3.389624986 3.71620754 

3.207567643 3.509782169 
3.389624986 3.71620754 

0.7157356614 6.623304128 
0.7802083184 6.572527491 

2.963387599 1.719123945 
2.720716859 1.856183689 

7.172710005 5.930972277 
7.234418858 5.728343428 

2.098427786 3.493948435 
2.041979845 3.450741572 

1.957774222 3.335323127 
2.041979845 3.450741572 

2.993239963 3.41806768 
2.811834102 3.549086515 

5.198596995 6.423800901 
5.260760914 6.01164957 

3.356871578 0.7156104534 
3.328340871 0.5210056929 

6.547110786 6.939701946 
6.387689993 6.678678289 

6.383168801 6.386583085 
6.387689993 6.678678289 

3.316287561 2.214762144 
3.31062519 2.384638245 

3.311597603 8.907778349 
2.864642414 8.693459497 

2.482957658 8.581560909 
2.864642414 8.693459497 

3.559353167 1.748452245 
3.644879987 1.609551779 

5.182803723 8.069301431 
5.140536094 7.893953964 

1.947246791 2.914577911 
1.728157607 2.73506204 

6.547110786 6.939701946 
6.400959192 6.832760386 

6.242233006 6.947032934 
6.400959192 6.832760386 

3.957127565 2.574444091 
3.708812149 2.327549755 

3.65594408 2.042654837 
3.708812149 2.327549755 

2.358302439 0.9284130688 
2.392823279 0.6951631826 

3.207567643 3.509782169 
3.186283213 3.625025352 

2.464847831 0.544831072 
2.392823279 0.6951631826 

1.674299419 6.373422267 
1.32572494 6.57866146 

1.632530776 6.651929343 
1.846533127 6.729790215 

1.877679979 7.425690231 
1.727767343 7.348689578 

5.132297351 7.614298104 
4.96942247 7.632070043 

7.234418858 5.728343428 
7.303889201 5.622867131 

3.63887443 7.862185319 
3.734741223 8.212706177 

1.638738773 2.203489298 
1.646042473 2.288166237 

5.901388584 5.530160178 
5.713763774 5.639652559 

3.316287561 2.214762144 
3.432729596 2.069446438 

7.479784268 6.242233211 
7.531169223 6.216267949 

2.742106395 2.080608055 
2.707368162 2.241501603 

2.838171617 2.458527885 
2.707368162 2.241501603 

5.930610723 6.736117163 
5.73723261 6.653799371 

5.604055948 6.498563563 
5.73723261 6.653799371 

4.134229575 5.901907083 
4.806668485 5.964173282 

5.56197908 6.05286361 
4.806668485 5.964173282 

2.322698322 7.345531153 
2.413566095 7.216887857 

4.774829805 5.640158811 
4.806668485 5.964173282 

6.310671 7.998335243 
6.233421592 8.017560663 

2.197910588 3.662263411 
1.994164377 3.453252018 

4.022674151 3.828998083 
4.244896877 3.620867327 

3.648760559 3.028395361 
3.64080332 3.209570627 

4.838188116 5.835848996 
4.806668485 5.964173282 

6.937718693 7.042733072 
7.069460273 6.916095854 

5.746450394 6.526661408 
5.73723261 6.653799371 

1.342954997 9.068107147 
1.367585159 9.177577587 

1.522487251 2.463297248 
1.506510575 2.605203027 

3.532526757 2.296884978 
3.708812149 2.327549755 

6.485091586 5.270629753 
6.730173258 5.114252077 

2.779311792 7.991227321 
2.523407104 7.945579769 

2.365007261 7.881253059 
2.523407104 7.945579769 

6.077623513 6.603415925 
5.981543713 6.591307787 

4.172857479 1.940240989 
3.979952995 1.879234028 

7.481194531 5.409438972 
7.360390462 5.576244276 

7.303889201 5.622867131 
7.360390462 5.576244276 

6.997885452 8.047944246 
7.041968786 7.885953216 

3.426356671 1.601727596 
3.323082757 1.446054588 

3.13110342 1.302202168 
3.323082757 1.446054588 

2.756938103 8.839084578 
2.864642414 8.693459497 

5.182803723 8.069301431 
5.255447194 8.149987744 

4.547104839 6.956780062 
4.300431248 6.934946531 

6.191259057 7.341200815 
6.403623497 7.261874379 

2.7921497 8.468260654 
2.864642414 8.693459497 

7.612664635 6.707977256 
7.650906965 6.868018523 

1.380601282 8.676565155 
1.51408824 8.392424597 

3.421381411 1.875361547 
3.432729596 2.069446438 

1.99871403 8.229358765 
1.904900974 8.453524495 

2.78832013 7.571356113 
2.793229374 7.456304948 

5.713351926 7.328496228 
5.686813178 7.580150747 

5.579531861 7.677095566 
5.686813178 7.580150747 

4.372864756 6.642960684 
4.134657152 6.735616599 

2.762653769 0.836962062 
2.789975293 0.9735158925 

1.380601282 8.676565155 
1.307104905 8.441014857 

2.181210207 9.259456281 
2.406872753 9.335706327 

2.635653528 9.467688711 
2.406872753 9.335706327 

2.354373067 1.341340052 
2.66678697 1.57438962 

2.963387599 1.719123945 
2.66678697 1.57438962 

6.237671447 6.739470873 
6.387689993 6.678678289 

5.03971899 6.594088345 
5.134920931 6.721057944 

5.37269383 6.721502466 
5.134920931 6.721057944 

5.247414662 7.711071481 
5.132297351 7.614298104 

2.256673314 0.6485282485 
2.074238739 0.7093925137 

1.953489987 6.860976416 
1.846533127 6.729790215 

0.5223234914 7.66720374 
0.5361239706 7.552121316 

0.3794040114 7.468148888 
0.5361239706 7.552121316 

1.625165301 3.27159154 
1.868079951 3.406788719 

1.994164377 3.453252018 
1.868079951 3.406788719 

3.311893309 7.237259381 
3.443398999 7.308719378 

3.224215788 2.904089496 
3.343727665 2.681940604 

3.490520476 2.651651147 
3.343727665 2.681940604 

3.539390581 8.321118783 
3.734741223 8.212706177 

3.090137291 6.317206791 
3.115460942 6.409178733 

2.354843286 2.932212847 
2.57519845 2.881449249 

2.732307773 2.839887987 
2.57519845 2.881449249 

1.643301319 7.006544059 
1.727085663 7.242053157 

4.838188116 5.835848996 
5.006273633 5.689601312 

5.16395908 5.426280613 
5.006273633 5.689601312 

2.89950834 2.274549978 
2.707368162 2.241501603 

1.318065759 7.729504998 
0.847212308 7.988021294 

1.356038822 7.206789427 
1.146856157 7.149761812 

4.560367358 3.138130413 
4.668559903 3.139924434 

2.789975293 0.9735158925 
2.882926886 0.8895437688 

3.010936851 0.7606639642 
2.882926886 0.8895437688 

3.404815938 0.3302089123 
3.273264833 0.3483830459 

0.9696322263 6.977807646 
0.9986553961 6.777600534 

1.901866348 1.675522206 
1.705090008 1.784880791 

1.513131956 1.75190467 
1.705090008 1.784880791 

6.885951479 5.392255545 
7.024528445 5.516570765 

3.957127565 2.574444091 
3.756977735 2.784227627 

3.648760559 3.028395361 
3.756977735 2.784227627 

5.73723261 6.653799371 
5.630688464 6.746202745 

1.672293082 7.858846748 
1.858295201 7.912223727 

0.5918351489 7.308846212 
0.7096157739 7.279066977 

0.8275433016 7.159324053 
0.7096157739 7.279066977 

1.615796597 1.402896755 
1.797917785 1.410020519 

1.929336305 1.503654423 
1.797917785 1.410020519 

1.727767343 7.348689578 
1.727085663 7.242053157 

3.181477424 1.905184611 
3.1518488 2.042907244 

4.300431248 6.934946531 
4.134657152 6.735616599 

1.046467548 6.377170508 
1.159692009 6.298569557 

1.134779281 8.049975415 
0.847212308 7.988021294 

6.367079834 8.312425483 
6.290072173 8.104431219 

2.811834102 3.549086515 
2.757341231 3.622460134 

5.448314877 7.65384097 
5.247414662 7.711071481 

5.510047115 4.777972783 
5.605665787 4.592740205 

7.578684999 6.50371215 
7.479784268 6.242233211 

7.19678772 7.058655163 
6.937718693 7.042733072 

2.744350253 9.144900573 
2.650839374 9.145300287 

6.623719224 5.709426727 
6.937066843 5.67222379 

2.853837901 6.655322873 
2.639626184 6.651521295 

2.66660164 2.64270406 
2.57519845 2.881449249 

2.103565477 7.573892293 
2.265959352 7.50459111 

2.144337333 2.111121452 
1.942074558 1.989253253 

6.730453312 6.498956778 
6.863566337 6.73963777 

5.16395908 5.426280613 
5.054172044 5.162985586 

7.19678772 7.058655163 
7.080592236 7.170528706 

5.930610723 6.736117163 
5.981543713 6.591307787 

5.471462338 8.219555612 
5.356167243 8.147670785 

5.255447194 8.149987744 
5.356167243 8.147670785 

7.397220806 7.321641108 
7.242242019 7.458057936 

1.918205913 3.484086203 
1.994164377 3.453252018 

3.760580307 8.544532769 
3.630036843 8.473592035 

2.482957658 8.581560909 
2.630864159 8.720557427 

2.756938103 8.839084578 
2.630864159 8.720557427 

4.356703222 1.194283233 
4.351623074 1.045869964 

5.930610723 6.736117163 
5.779102982 6.873922124 

3.115460942 6.409178733 
3.196745289 6.427813565 

6.64693527 7.943114437 
6.87541537 7.971380169 

6.997885452 8.047944246 
6.87541537 7.971380169 

1.496025665 9.37884433 
1.367585159 9.177577587 

3.267580906 3.921634931 
3.464104273 3.620731384 

6.922128924 6.345570616 
6.964997083 6.634609839 

4.190093389 2.349525011 
4.556568417 2.053436721 

4.951900423 1.717266487 
4.556568417 2.053436721 

4.56720243 1.826798995 
4.670389232 1.694478979 

4.562227827 1.621829138 
4.670389232 1.694478979 

6.678605487 6.143280564 
6.630772767 6.2757519 

6.56713868 6.457960126 
6.630772767 6.2757519 

3.426356671 1.601727596 
3.644879987 1.609551779 

2.976275174 2.693421267 
3.071501846 2.723716285 

3.055595712 2.486530751 
3.071501846 2.723716285 

2.720716859 1.856183689 
2.66678697 1.57438962 

2.181210207 9.259456281 
2.071375636 9.082167016 

2.275049761 7.097667386 
2.413566095 7.216887857 

1.728157607 2.73506204 
1.562377168 2.682851754 

3.22099658 2.119756668 
3.281750961 2.139184086 

3.432729596 2.069446438 
3.281750961 2.139184086 

3.411353253 6.453831394 
3.256342102 6.43935002 

3.196745289 6.427813565 
3.256342102 6.43935002 

6.678605487 6.143280564 
6.97372202 5.903470179 

5.779102982 6.873922124 
5.681966673 6.892198069 

3.817703888 7.120567274 
3.9832251 7.442290103 

6.077623513 6.603415925 
6.168596477 6.532815139 

6.337612572 6.143098785 
6.383168801 6.386583085 

1.615796597 1.402896755 
1.875505745 1.506626204 

2.198653263 1.730559839 
1.875505745 1.506626204 

6.290072173 8.104431219 
6.19043584 8.107816539 

3.1518488 2.042907244 
3.22099658 2.119756668 

3.311597603 8.907778349 
3.172218336 8.626085387 

3.097321909 8.315114693 
3.172218336 8.626085387 

4.578622475 6.10275969 
4.806668485 5.964173282 

3.464104273 3.620731384 
3.389624986 3.71620754 

6.337612572 6.143098785 
6.228678038 6.071254311 

6.076127825 6.001418411 
6.228678038 6.071254311 

1.918205913 3.484086203 
1.868079951 3.406788719 

6.058016546 8.196597937 
6.143573314 8.072862678 

6.233421592 8.017560663 
6.143573314 8.072862678 

3.564683518 0.4255146322 
3.404815938 0.3302089123 

3.564683518 0.4255146322 
3.449252219 0.5730977947 

3.356871578 0.7156104534 
3.449252219 0.5730977947 

6.367079834 8.312425483 
6.537051341 8.277230235 

5.488552238 5.699140747 
5.260760914 6.01164957 

2.482957658 8.581560909 
2.317633327 8.523008092 

2.02168669 8.52455749 
2.317633327 8.523008092 

3.181477424 1.905184611 
3.025006846 1.548501393 

6.317620482 5.453267508 
6.334210832 5.65323775 

5.886427221 6.424938147 
5.703207265 6.259415343 

7.481194531 5.409438972 
7.225323469 5.652604539 

6.97372202 5.903470179 
7.225323469 5.652604539 

6.065424846 7.879700937 
6.233421592 8.017560663 

2.896834273 6.817487563 
2.927883427 7.017618831 

3.722164247 2.593829977 
3.614342876 2.518267793 

6.310671 7.998335243 
6.290072173 8.104431219 

4.578622475 6.10275969 
4.620907267 6.294200261 

4.644096181 6.475621127 
4.620907267 6.294200261 

6.387689993 6.678678289 
6.400959192 6.832760386 

0.6884063673 7.584780101 
0.5401920135 7.89099272 

3.722164247 2.593829977 
3.756977735 2.784227627 

4.072983302 7.65007831 
4.205484854 7.436392591 

4.328062887 7.294604261 
4.205484854 7.436392591 

0.5401920135 7.89099272 
0.6426299181 7.986609732 

5.901388584 5.530160178 
5.950855132 5.720635908 

6.032173822 5.877888876 
5.950855132 5.720635908 

1.630496545 8.57340825 
1.380601282 8.676565155 

1.877679979 7.425690231 
2.103565477 7.573892293 

1.513131956 1.75190467 
1.743601521 1.894423254 

1.942074558 1.989253253 
1.743601521 1.894423254 

3.421381411 1.875361547 
3.559353167 1.748452245 

7.19678772 7.058655163 
7.334773189 7.028244638 

7.554029225 6.993178107 
7.334773189 7.028244638 

5.16395908 5.426280613 
5.280117802 5.552549813 

6.065424846 7.879700937 
6.143573314 8.072862678 

1.356038822 7.206789427 
1.274445986 7.355976251 

1.26979469 7.4581815 
1.274445986 7.355976251 

3.936162048 2.16982766 
3.708812149 2.327549755 

2.387866858 8.840920331 
2.608082466 8.913477002 

1.496025665 9.37884433 
1.364510164 9.267119988 

3.325248067 7.576555225 
3.554289921 7.50811878 

3.732962331 7.547586064 
3.554289921 7.50811878 

4.368103215 7.611243754 
4.205484854 7.436392591 

4.793596396 2.417670166 
4.866771597 2.475730197 

5.044044863 2.553732193 
4.866771597 2.475730197 

2.354373067 1.341340052 
2.316072326 1.468712165 

1.929336305 1.503654423 
1.875505745 1.506626204 

3.273264833 0.3483830459 
3.25398897 0.2166776359 

4.670389232 1.694478979 
4.724705012 1.81973673 

5.703207265 6.259415343 
5.804299844 6.178406032 

5.838068566 6.076954736 
5.804299844 6.178406032 

6.166264361 5.02368957 
6.0210459 4.816879831 

6.166264361 5.02368957 
6.113908911 5.178972261 

6.142575849 5.342029336 
6.113908911 5.178972261 

3.274789356 6.256707367 
3.172224698 6.20561725 

3.936162048 2.16982766 
3.905823486 2.030465786 

3.979952995 1.879234028 
3.905823486 2.030465786 

1.869864373 1.054839907 
1.743073108 1.159805607 

3.093623237 8.720617645 
3.172218336 8.626085387 

6.065424846 7.879700937 
6.217248685 7.582867445 

1.625165301 3.27159154 
1.77585343 3.068563278 

1.947246791 2.914577911 
1.77585343 3.068563278 

2.944073898 2.044758734 
3.1518488 2.042907244 

2.293667255 2.442488647 
2.349883665 2.353063956 

2.48638581 2.342775569 
2.349883665 2.353063956 

4.620907267 6.294200261 
4.722987323 6.302246028 

2.779311792 7.991227321 
2.564682983 7.787700227 

2.398939647 7.681386792 
2.564682983 7.787700227 

5.054172044 5.162985586 
4.829226122 5.150454003 

2.3581027 6.415161406 
2.293840063 6.278945445 

3.281750961 2.139184086 
3.316287561 2.214762144 

2.944073898 2.044758734 
3.024848507 2.237566525 

3.071727407 2.329671949 
3.024848507 2.237566525 

6.937718693 7.042733072 
7.02352235 7.082815769 

7.080592236 7.170528706 
7.02352235 7.082815769 

4.863820727 5.419013874 
4.756606101 5.367544003 

2.024475861 8.845673616 
2.071375636 9.082167016 

7.531169223 6.216267949 
7.576512539 6.258883063 

1.284762207 7.957033504 
1.445989007 7.896789206 

1.468370095 7.998266104 
1.445989007 7.896789206 

1.464198594 5.883055938 
1.645966451 6.054724022 

1.711953402 6.173281096 
1.645966451 6.054724022 

5.56197908 6.05286361 
5.357309674 6.199948696 

4.446256066 1.362781916 
4.296986118 1.569130167 

1.957774222 3.335323127 
1.868079951 3.406788719 

3.224215788 2.904089496 
3.071501846 2.723716285 

2.444403117 0.7403202306 
2.392823279 0.6951631826 

1.70764622 8.17998186 
1.864458059 8.182442906 

1.99871403 8.229358765 
1.864458059 8.182442906 

6.910193214 6.006747806 
6.97372202 5.903470179 

5.260760914 6.01164957 
5.357309674 6.199948696 

3.630036843 8.473592035 
3.569276071 8.427690552 

3.539390581 8.321118783 
3.569276071 8.427690552 

2.354373067 1.341340052 
2.361351075 1.212221315 

3.007823687 9.105239278 
3.162486438 8.981380818 

3.750050258 0.8420252778 
3.92873335 0.7695474661 

1.087507769 6.594048836 
1.046467548 6.377170508 

5.357309674 6.199948696 
5.180585189 6.227627125 

2.464847831 0.544831072 
2.555825588 0.5167896751 

2.197480014 6.732558093 
2.019648842 6.795332191 

1.953489987 6.860976416 
2.019648842 6.795332191 

3.389624986 3.71620754 
3.524307203 3.848422727 

6.237671447 6.739470873 
6.168596477 6.532815139 

2.529956962 1.971730256 
2.43840507 2.06101844 

2.417063091 6.246426316 
2.328426389 6.251019043 

2.293840063 6.278945445 
2.328426389 6.251019043 

3.65594408 2.042654837 
3.905823486 2.030465786 

6.037600841 7.109009588 
5.966551222 7.116796957 

5.873253507 7.080587503 
5.966551222 7.116796957 

6.337612572 6.143098785 
6.425252999 6.009907164 

3.328340871 0.5210056929 
3.449252219 0.5730977947 

2.275049761 7.097667386 
2.171804516 7.157361201 

2.090330146 7.275751813 
2.171804516 7.157361201 

2.462564155 8.038517058 
2.523407104 7.945579769 

2.482957658 8.581560909 
2.658894733 8.506196187 

5.488552238 5.699140747 
5.713763774 5.639652559 

1.643301319 7.006544059 
1.687419775 7.454038463 

1.672293082 7.858846748 
1.687419775 7.454038463 

6.24846439 5.883799182 
6.032173822 5.877888876 

1.307104905 8.441014857 
1.387485613 8.273424965 

1.437422203 8.130521877 
1.387485613 8.273424965 

6.922128924 6.345570616 
6.630772767 6.2757519 

1.100375333 9.289417402 
1.276082898 9.23496122 

1.367585159 9.177577587 
1.276082898 9.23496122 

0.7304366865 8.844509416 
0.9297304458 8.734941271 

1.055388757 8.701061906 
0.9297304458 8.734941271 

1.539298144 2.055471738 
1.638738773 2.203489298 

6.678605487 6.143280564 
6.520159518 6.149555234 

1.743073108 1.159805607 
1.915601327 1.318311982 

2.757341231 3.622460134 
2.656358802 3.651054564 

7.069460273 6.916095854 
7.02352235 7.082815769 

3.325248067 7.576555225 
3.140284623 7.653692206 

2.930490399 7.76094717 
3.140284623 7.653692206 

1.904900974 8.453524495 
2.009200462 8.394458065 

2.02168669 8.52455749 
2.009200462 8.394458065 

3.106412363 7.028294556 
2.927883427 7.017618831 

4.756606101 5.367544003 
4.687912018 5.336559785 

3.426356671 1.601727596 
3.410426442 1.72526881 

3.421381411 1.875361547 
3.410426442 1.72526881 

5.006273633 5.689601312 
5.190526212 5.68919008 

5.255969862 7.213727666 
5.215108606 7.422554126 

5.132297351 7.614298104 
5.215108606 7.422554126 

6.334210832 5.65323775 
6.066991515 5.65547345 

5.085748918 2.134003978 
5.140247255 2.33805445 

1.58129688 7.524067524 
1.687419775 7.454038463 

3.025006846 1.548501393 
2.796896086 1.414468487 

4.774829805 5.640158811 
4.933529381 5.415074537 

4.022674151 3.828998083 
3.919739852 3.825029705 

5.930610723 6.736117163 
5.966551222 7.116796957 

3.9188317 1.589546053 
3.855724103 1.708791107 

1.632530776 6.651929343 
1.600464275 6.857592494 

1.284762207 7.957033504 
1.468370095 7.998266104 

1.877679979 7.425690231 
1.687419775 7.454038463 

1.877679979 7.425690231 
1.952070386 7.585518818 

4.687912018 5.336559785 
4.630948535 5.318534193 

1.26979469 7.4581815 
1.318065759 7.729504998 

1.803238653 5.99970149 
1.681076591 5.994377453 

1.464198594 5.883055938 
1.681076591 5.994377453 

4.933529381 5.415074537 
4.863820727 5.419013874 

6.046573954 6.273226539 
6.168596477 6.532815139 

2.198653263 1.730559839 
2.355637564 1.778764797 

6.61330459 6.681869931 
6.387689993 6.678678289 

1.031351131 7.631242076 
1.04477645 7.849688321 

1.134779281 8.049975415 
1.04477645 7.849688321 

2.524322766 9.106497756 
2.590936114 9.202872877 

2.650839374 9.145300287 
2.590936114 9.202872877 

5.732063026 7.011441271 
5.779102982 6.873922124 

2.772648987 6.461612616 
2.751210376 6.539802022 

6.922128924 6.345570616 
6.918483257 6.166246375 

6.910193214 6.006747806 
6.918483257 6.166246375 

5.089692569 5.937438496 
4.806668485 5.964173282 

6.929565514 7.837304837 
6.87541537 7.971380169 

2.051508345 8.052353558 
2.003371779 7.957201576 

2.629708157 5.870958862 
2.497886026 5.939355402 

2.465061473 6.013478626 
2.497886026 5.939355402 

2.89950834 2.274549978 
3.024848507 2.237566525 

3.817703888 7.120567274 
4.093471267 7.180205284 

4.328062887 7.294604261 
4.093471267 7.180205284 

1.952070386 7.585518818 
1.898548263 7.690127119 

2.658894733 8.506196187 
2.725593881 8.244643114 

0.847212308 7.988021294 
0.8328576831 7.85619803 

4.446256066 1.362781916 
4.289876142 1.383358069 

4.121068672 1.414687871 
4.289876142 1.383358069 

5.909710463 6.550902875 
5.86098325 6.508520193 

5.746450394 6.526661408 
5.86098325 6.508520193 

4.011601318 3.098928713 
4.156460377 3.066002853 

2.197480014 6.732558093 
1.973113911 6.729895436 

1.846533127 6.729790215 
1.973113911 6.729895436 

1.727767343 7.348689578 
1.687419775 7.454038463 

1.58129688 7.524067524 
1.645238834 7.371863335 

1.727767343 7.348689578 
1.645238834 7.371863335 

2.197910588 3.662263411 
2.098427786 3.493948435 

2.489670047 3.838923767 
2.42374721 3.678419476 

2.103565477 7.573892293 
1.952070386 7.585518818 

6.403623497 7.261874379 
6.523666419 7.359576976 

6.601370526 7.456068922 
6.523666419 7.359576976 

1.539298144 2.055471738 
1.585830129 1.91188582 

5.629339326 4.976617394 
5.662118502 4.838492588 

3.163180195 2.204822566 
3.024848507 2.237566525 

6.279876668 4.70061252 
6.31879277 4.84087538 

7.172710005 5.930972277 
6.97372202 5.903470179 

6.730173258 5.114252077 
6.934951112 5.157183132 

5.804299844 6.178406032 
5.886427221 6.424938147 

7.397220806 7.321641108 
7.443891179 6.89202493 

7.578684999 6.50371215 
7.443891179 6.89202493 

0.6884063673 7.584780101 
0.5361239706 7.552121316 

6.046573954 6.273226539 
6.228678038 6.071254311 

2.65721367 7.303913415 
2.74434979 7.363600643 

2.793229374 7.456304948 
2.74434979 7.363600643 

2.843189015 1.618983343 
2.75620329 1.627919094 

4.951900423 1.717266487 
4.802685717 1.754465989 

4.670389232 1.694478979 
4.802685717 1.754465989 

1.100375333 9.289417402 
1.253170717 9.335177358 

1.364510164 9.267119988 
1.253170717 9.335177358 

2.66660164 2.64270406 
2.554515602 2.78146043 

2.963387599 1.719123945 
2.75620329 1.627919094 

3.355763506 7.003187266 
3.376188145 6.73871616 

7.68632603 6.083873739 
7.605807235 6.179300052 

7.576512539 6.258883063 
7.605807235 6.179300052 

7.426426316 6.650709948 
7.612664635 6.707977256 

3.760580307 8.544532769 
3.582203895 8.3027258 

3.358773265 7.919052061 
3.582203895 8.3027258 

1.705090008 1.784880791 
1.743601521 1.894423254 

4.644096181 6.475621127 
4.836308654 6.420850035 

2.022461131 2.582816913 
2.096360094 2.461142925 

2.17204104 2.303615621 
2.096360094 2.461142925 

5.886427221 6.424938147 
5.86098325 6.508520193 

2.358302439 0.9284130688 
2.560225683 0.964767876 

5.255969862 7.213727666 
5.054622915 7.296654269 

3.559353167 1.748452245 
3.410426442 1.72526881 

7.172710005 5.930972277 
7.06947999 5.761492045 

6.937066843 5.67222379 
7.06947999 5.761492045 

6.885951479 5.392255545 
7.007202108 5.294407909 

1.743073108 1.159805607 
1.719040742 1.283896761 

1.615796597 1.402896755 
1.719040742 1.283896761 

5.582353243 5.401474837 
5.652243409 5.579346848 

5.713763774 5.639652559 
5.652243409 5.579346848 

1.251572074 8.749213273 
1.194100158 8.998679868 

6.046573954 6.273226539 
6.020166267 6.493299018 

5.981543713 6.591307787 
6.020166267 6.493299018 

4.452365159 5.284756568 
4.562960071 5.297847017 

4.630948535 5.318534193 
4.562960071 5.297847017 

2.384799122 8.343923857 
2.317633327 8.523008092 

2.074238739 0.7093925137 
2.028348181 0.8209630164 

5.604055948 6.498563563 
5.502046117 6.592046251 

5.37269383 6.721502466 
5.502046117 6.592046251 

4.368103215 7.611243754 
4.671680813 7.820080382 

5.010030548 8.012156301 
4.671680813 7.820080382 

1.735265465 7.62368085 
1.952070386 7.585518818 

2.595223142 7.628155264 
2.743853735 7.695406851 

2.930490399 7.76094717 
2.743853735 7.695406851 

2.895530202 7.226059572 
2.717038459 7.134313835 

4.899941923 1.985381219 
4.724705012 1.81973673 

2.168993681 3.332016895 
1.957774222 3.335323127 

0.3192908866 8.171189348 
0.4796874222 8.015351742 

0.5401920135 7.89099272 
0.4796874222 8.015351742 

2.3581027 6.415161406 
2.328426389 6.251019043 

4.899941923 1.985381219 
4.91041193 1.837807104 

4.951900423 1.717266487 
4.91041193 1.837807104 

2.3581027 6.415161406 
2.12787219 6.397701724 

1.986410527 6.338094708 
2.12787219 6.397701724 

4.96942247 7.632070043 
5.140536094 7.893953964 

6.237671447 6.739470873 
6.279169448 6.593844304 

6.383168801 6.386583085 
6.279169448 6.593844304 

4.404230366 2.863451776 
4.28301089 2.8089551 

6.020166267 6.493299018 
6.077623513 6.603415925 

7.007202108 5.294407909 
7.095686058 5.369754782 

3.181477424 1.905184611 
3.285000227 2.009966868 

3.432729596 2.069446438 
3.285000227 2.009966868 

6.076127825 6.001418411 
6.136110168 5.854923315 

3.582203895 8.3027258 
3.539390581 8.321118783 

2.199224912 7.70002747 
2.265959352 7.50459111 

2.13345898 8.418584924 
2.220580597 8.19544993 

2.26208055 8.069138997 
2.220580597 8.19544993 

5.280117802 5.552549813 
5.190526212 5.68919008 

2.555825588 0.5167896751 
2.570146531 0.4108246382 

3.055595712 2.486530751 
3.132525041 2.674897273 

6.066991515 5.65547345 
5.950855132 5.720635908 

2.181210207 9.259456281 
1.983580088 9.226768538 

2.717038459 7.134313835 
2.614824348 7.063139886 

7.443891179 6.89202493 
7.334773189 7.028244638 

2.197910588 3.662263411 
2.326580115 3.644021788 

2.42374721 3.678419476 
2.326580115 3.644021788 

4.351623074 1.045869964 
4.371136859 0.9648546511 

3.63887443 7.862185319 
3.51149691 7.963677364 

3.358773265 7.919052061 
3.51149691 7.963677364 

6.058016546 8.196597937 
6.129943253 8.14613607 

6.19043584 8.107816539 
6.129943253 8.14613607 

7.554029225 6.993178107 
7.457239257 6.797893699 

7.426426316 6.650709948 
7.457239257 6.797893699 

2.052338504 7.684296377 
2.199224912 7.70002747 

2.656358802 3.651054564 
2.608430936 3.730279897 

0.7682922652 8.11578189 
0.5588008261 8.149499364 

6.217248685 7.582867445 
6.177326586 7.489267623 

6.191259057 7.341200815 
6.177326586 7.489267623 

2.316072326 1.468712165 
2.359720804 1.592456234 

1.672052448 8.324299966 
1.645861698 8.459781965 

1.630496545 8.57340825 
1.645861698 8.459781965 

5.604055948 6.498563563 
5.703207265 6.259415343 

5.604055948 6.498563563 
5.714431297 6.403353535 

5.886427221 6.424938147 
5.714431297 6.403353535 

3.443398999 7.308719378 
3.397457695 7.409844621 

3.325248067 7.576555225 
3.397457695 7.409844621 

1.513131956 1.75190467 
1.689471133 1.966458221 

5.280117802 5.552549813 
5.384879623 5.604961418 

5.488552238 5.699140747 
5.384879623 5.604961418 

3.979952995 1.879234028 
3.855724103 1.708791107 

3.010936851 0.7606639642 
3.134323421 0.8131010868 

3.240324766 0.9122754634 
3.134323421 0.8131010868 

6.922128924 6.345570616 
7.039126336 6.298671781 

7.20129756 6.311019612 
7.039126336 6.298671781 

2.489670047 3.838923767 
2.555562895 3.77826227 

2.608430936 3.730279897 
2.555562895 3.77826227 

3.957127565 2.574444091 
3.815177636 2.588044196 

3.722164247 2.593829977 
3.815177636 2.588044196 

1.643301319 7.006544059 
1.797350212 6.929186715 

1.953489987 6.860976416 
1.797350212 6.929186715 

3.750050258 0.8420252778 
3.598632687 0.9629555353 

0.5588008261 8.149499364 
0.4191019234 8.23810017 

3.465533528 3.230103393 
3.489283206 3.437753863 

3.464104273 3.620731384 
3.489283206 3.437753863 

2.429352748 7.014024264 
2.590251934 7.164721723 

2.65721367 7.303913415 
2.590251934 7.164721723 

4.578622475 6.10275969 
4.451715477 6.096046144 

4.353534999 6.12157405 
4.451715477 6.096046144 

2.929617735 2.89711228 
3.0456547 3.076756774 

3.141601583 3.289526737 
3.0456547 3.076756774 

3.311597603 8.907778349 
3.189744443 8.827630521 

3.093623237 8.720617645 
3.189744443 8.827630521 

1.015061548 7.442271113 
1.191562164 7.582445103 

1.318065759 7.729504998 
1.191562164 7.582445103 

2.3581027 6.415161406 
2.232990086 6.523630939 

2.66660164 2.64270406 
2.685753383 2.893592466 

2.384799122 8.343923857 
2.220580597 8.19544993 

2.989374988 1.313424672 
2.969959158 1.388614564 

4.491915483 2.407115606 
4.554909347 2.58530758 

2.614824348 7.063139886 
2.53376925 7.077876563 

2.429352748 7.014024264 
2.53376925 7.077876563 

1.031351131 7.631242076 
1.191562164 7.582445103 

1.307104905 8.441014857 
1.421100151 8.407496626 

1.51408824 8.392424597 
1.421100151 8.407496626 

3.224215788 2.904089496 
3.0456547 3.076756774 

3.132525041 2.674897273 
3.188138157 2.74847266 

7.207519638 5.195077397 
7.049326734 5.139242576 

6.934951112 5.157183132 
7.049326734 5.139242576 

1.015061548 7.442271113 
0.8504425972 7.504367867 

0.6884063673 7.584780101 
0.8504425972 7.504367867 

3.31062519 2.384638245 
3.343727665 2.681940604 

5.746450394 6.526661408 
5.714431297 6.403353535 

4.802685717 1.754465989 
4.724705012 1.81973673 

2.018554902 5.913247509 
2.165244283 5.962257027 

2.181712659 6.03990654 
2.165244283 5.962257027 

7.554029225 6.993178107 
7.443891179 6.89202493 

1.901866348 1.675522206 
2.035337987 1.747089059 

2.198653263 1.730559839 
2.035337987 1.747089059 

3.979952995 1.879234028 
3.859705426 1.864290082 

3.758153246 1.847911049 
3.859705426 1.864290082 

2.024475861 8.845673616 
2.209205563 9.011836434 

2.3581027 6.415161406 
2.417063091 6.246426316 

1.625165301 3.27159154 
1.793051528 3.371287384 

1.918205913 3.484086203 
1.793051528 3.371287384 

2.685753383 2.893592466 
2.732307773 2.839887987 

6.964997083 6.634609839 
7.120681807 6.585628059 

7.252345941 6.506163582 
7.120681807 6.585628059 

4.548151353 7.321881299 
4.641701832 7.302462798 

4.75430456 7.306448204 
4.641701832 7.302462798 

6.425252999 6.009907164 
6.524638172 6.04185766 

6.520159518 6.149555234 
6.524638172 6.04185766 

2.029300238 7.011441673 
2.171804516 7.157361201 

1.30257158 6.21383496 
1.166612975 6.421028679 

1.087507769 6.594048836 
1.166612975 6.421028679 

0.7802083184 6.572527491 
0.7972464618 6.483391987 

2.029300238 7.011441673 
2.039699049 7.139529976 

2.090330146 7.275751813 
2.039699049 7.139529976 

3.106412363 7.028294556 
3.028361049 6.907762051 

5.888137462 4.737703504 
5.787952841 4.650100746 

4.19865305 6.226936946 
4.353534999 6.12157405 

4.371136859 0.9648546511 
4.407777879 0.9102176999 

0.3192908866 8.171189348 
0.5678377776 8.074750969 

0.847212308 7.988021294 
0.5678377776 8.074750969 

2.13345898 8.418584924 
2.009200462 8.394458065 

6.077623513 6.603415925 
6.168234035 6.653206945 

6.237671447 6.739470873 
6.168234035 6.653206945 

2.458117089 2.553890705 
2.48638581 2.342775569 

2.658894733 8.506196187 
2.709418641 8.46985004 

2.7921497 8.468260654 
2.709418641 8.46985004 

1.30257158 6.21383496 
1.125087155 6.101871423 

2.462564155 8.038517058 
2.580359584 8.025621375 

2.779311792 7.991227321 
2.580359584 8.025621375 

4.668559903 3.139924434 
4.404230366 2.863451776 

4.880787922 2.934068684 
4.754351887 2.966288309 

2.564682983 7.787700227 
2.595223142 7.628155264 

6.066991515 5.65547345 
5.983849353 5.593483238 

1.356038822 7.206789427 
1.489246302 7.389939205 

1.58129688 7.524067524 
1.489246302 7.389939205 

4.997164242 6.333311082 
5.180585189 6.227627125 

2.762653769 0.836962062 
2.882926886 0.8895437688 

7.578684999 6.50371215 
7.518068157 6.022229063 

2.111215952 7.439916257 
2.07474249 7.525217801 

2.103565477 7.573892293 
2.07474249 7.525217801 

5.950855132 5.720635908 
5.983849353 5.593483238 

4.56720243 1.826798995 
4.36007272 1.874923177 

4.172857479 1.940240989 
4.36007272 1.874923177 

5.198596995 6.423800901 
5.192714696 6.316465805 

5.180585189 6.227627125 
5.192714696 6.316465805 

4.093431863 0.5184504401 
4.014337483 0.6779995762 

3.92873335 0.7695474661 
4.014337483 0.6779995762 

1.513131956 1.75190467 
1.545737677 1.831687495 

1.585830129 1.91188582 
1.545737677 1.831687495 

1.630496545 8.57340825 
1.780598423 8.683276285 

1.32572494 6.57866146 
1.438856568 6.641505173 

5.713351926 7.328496228 
5.745905824 7.476230887 

2.209205563 9.011836434 
2.387866858 8.840920331 

6.547110786 6.939701946 
6.677234391 6.838187099 

6.767742789 6.783926432 
6.677234391 6.838187099 

4.754351887 2.966288309 
4.651293556 2.943377718 

1.632530776 6.651929343 
1.686768603 6.549082141 

1.674299419 6.373422267 
1.686768603 6.549082141 

6.500132299 5.002665063 
6.446382497 4.90495391 

6.31879277 4.84087538 
6.446382497 4.90495391 

5.054172044 5.162985586 
4.979380589 5.298771709 

4.933529381 5.415074537 
4.979380589 5.298771709 

5.686813178 7.580150747 
5.745905824 7.476230887 

0.4215231659 6.739933826 
0.5589571232 6.810812549 

0.7322873581 6.944177904 
0.5589571232 6.810812549 

7.041968786 7.885953216 
6.929565514 7.837304837 

7.041968786 7.885953216 
7.196090474 7.84462561 

7.30881329 7.814355963 
7.196090474 7.84462561 

1.30257158 6.21383496 
1.394885785 6.121679089 

5.198596995 6.423800901 
5.196321678 6.554535039 

1.253170717 9.335177358 
1.276082898 9.23496122 

1.877679979 7.425690231 
1.888974495 7.563024737 

1.898548263 7.690127119 
1.888974495 7.563024737 

2.470810298 2.179629614 
2.349883665 2.353063956 

5.010030548 8.012156301 
5.052091596 8.123473845 

1.952070386 7.585518818 
1.888974495 7.563024737 

2.429352748 7.014024264 
2.652959483 6.926860875 

2.896834273 6.817487563 
2.652959483 6.926860875 

6.279169448 6.593844304 
6.168596477 6.532815139 

2.384799122 8.343923857 
2.398469695 8.445056322 

2.482957658 8.581560909 
2.398469695 8.445056322 

3.224215788 2.904089496 
2.929617735 2.89711228 

3.188138157 2.74847266 
3.248561468 2.796451849 

5.713351926 7.328496228 
5.559826819 7.514452571 

5.448314877 7.65384097 
5.559826819 7.514452571 

1.645966451 6.054724022 
1.681076591 5.994377453 

3.25398897 0.2166776359 
3.319197886 0.3073656646 

3.404815938 0.3302089123 
3.319197886 0.3073656646 

2.470810298 2.179629614 
2.304324406 2.192681001 

2.144337333 2.111121452 
2.304324406 2.192681001 

4.838188116 5.835848996 
4.95051168 5.847385403 

1.159692009 6.298569557 
1.130957173 6.251520204 

1.638738773 2.203489298 
1.506526358 2.256369073 

4.498916166 0.8166393969 
4.447721067 0.8726188742 

4.407777879 0.9102176999 
4.447721067 0.8726188742 

0.7972464618 6.483391987 
0.7860573224 6.43238627 

2.993239963 3.41806768 
3.207567643 3.509782169 

4.353534999 6.12157405 
4.291865098 5.9922764 

1.130957173 6.251520204 
1.136941775 6.227677768 

3.421381411 1.875361547 
3.285000227 2.009966868 

5.605665787 4.592740205 
5.646759499 4.732373664 

5.662118502 4.838492588 
5.646759499 4.732373664 

3.411353253 6.453831394 
3.308401699 6.380625715 

7.007202108 5.294407909 
7.049326734 5.139242576 

1.031351131 7.631242076 
0.8504425972 7.504367867 

2.265487835 5.831965649 
2.412265672 5.875682661 

0.7682922652 8.11578189 
0.847212308 7.988021294 

1.672293082 7.858846748 
1.542670873 8.013313786 

1.437422203 8.130521877 
1.542670873 8.013313786 

6.537051341 8.277230235 
6.624461407 8.204433723 

6.668612339 8.246468218 
6.624461407 8.204433723 

4.722987323 6.302246028 
4.836308654 6.420850035 

1.30999994 2.300810042 
1.426967094 2.296045757 

1.506526358 2.256369073 
1.426967094 2.296045757 

5.779102982 6.873922124 
5.619274612 6.930265889 

5.459061398 7.03548116 
5.619274612 6.930265889 

1.438856568 6.641505173 
1.600464275 6.857592494 

4.328062887 7.294604261 
4.310869755 7.161399974 

2.895530202 7.226059572 
2.932944514 7.104032034 

2.927883427 7.017618831 
2.932944514 7.104032034 

3.132525041 2.674897273 
3.071501846 2.723716285 

1.438856568 6.641505173 
1.527987598 6.646064549 

1.632530776 6.651929343 
1.527987598 6.646064549 

6.020166267 6.493299018 
6.168596477 6.532815139 

5.134920931 6.721057944 
5.166760174 6.658243679 

5.196321678 6.554535039 
5.166760174 6.658243679 

4.644096181 6.475621127 
4.704813279 6.643060059 

6.168234035 6.653206945 
6.279169448 6.593844304 

3.010936851 0.7606639642 
2.842294282 0.5997508111 

1.868079951 3.406788719 
1.793051528 3.371287384 

1.464198594 5.883055938 
1.499709176 6.012715015 

1.394885785 6.121679089 
1.499709176 6.012715015 

6.24846439 5.883799182 
6.247687494 5.753430693 

6.334210832 5.65323775 
6.247687494 5.753430693 

5.182803723 8.069301431 
5.134063776 8.08719436 

7.554029225 6.993178107 
7.575344454 6.908982318 

3.172224698 6.20561725 
3.12474634 6.154616198 

1.989652381 6.099927388 
2.018554902 5.913247509 

2.412265672 5.875682661 
2.483560471 5.862930899 

7.206574881 7.555176905 
7.153187978 7.499941974 

7.242242019 7.458057936 
7.153187978 7.499941974 

4.310869755 7.161399974 
4.278293965 7.09063676 

5.03971899 6.594088345 
5.196321678 6.554535039 

4.002115996 1.386126406 
3.952278809 1.503252141 

3.9188317 1.589546053 
3.952278809 1.503252141 

6.279169448 6.593844304 
6.387689993 6.678678289 

5.909710463 6.550902875 
5.929327951 6.482474039 

6.020166267 6.493299018 
5.929327951 6.482474039 

2.685753383 2.893592466 
2.689107431 3.024684809 

2.43840507 2.06101844 
2.304324406 2.192681001 

2.052338504 7.684296377 
2.102143641 7.664351572 

2.152981264 7.790657436 
2.102143641 7.664351572 

7.578684999 6.50371215 
7.576512539 6.258883063 

5.488552238 5.699140747 
5.337560079 5.708912141 

5.190526212 5.68919008 
5.337560079 5.708912141 

2.75620329 1.627919094 
2.66678697 1.57438962 

2.051508345 8.052353558 
2.195840416 7.967514035 

2.365007261 7.881253059 
2.195840416 7.967514035 

3.578195088 0.7939430635 
3.598632687 0.9629555353 

4.997164242 6.333311082 
5.026501647 6.473572226 

5.03971899 6.594088345 
5.026501647 6.473572226 

2.842294282 0.5997508111 
2.761519837 0.5236152961 

2.675652482 0.4489099127 
2.761519837 0.5236152961 

0.5918351489 7.308846212 
0.5138637473 7.37803252 

0.3794040114 7.468148888 
0.5138637473 7.37803252 

4.134229575 5.901907083 
4.241403673 5.935742187 

4.291865098 5.9922764 
4.241403673 5.935742187 

3.025006846 1.548501393 
2.969959158 1.388614564 

2.359720804 1.592456234 
2.591050281 1.676536842 

6.64693527 7.943114437 
6.808928766 7.882072939 

6.929565514 7.837304837 
6.808928766 7.882072939 

6.87541537 7.971380169 
6.808928766 7.882072939 

3.224215788 2.904089496 
3.095514122 2.846541731 

2.976275174 2.693421267 
3.095514122 2.846541731 

4.651293556 2.943377718 
4.671561161 3.018145398 

6.910193214 6.006747806 
7.034368273 5.957330988 

5.582353243 5.401474837 
5.421984574 5.462108823 

5.280117802 5.552549813 
5.421984574 5.462108823 

4.300431248 6.934946531 
4.442891387 7.136298818 

3.532526757 2.296884978 
3.436231291 2.204365001 

3.316287561 2.214762144 
3.436231291 2.204365001 

4.404230366 2.863451776 
4.364862388 2.97420556 

3.760580307 8.544532769 
3.440921361 8.437392117 

3.097321909 8.315114693 
3.440921361 8.437392117 

5.91307104 7.544009687 
6.177326586 7.489267623 

5.91307104 7.544009687 
5.768444195 7.571248942 

5.686813178 7.580150747 
5.768444195 7.571248942 

1.362220451 2.770038598 
1.442216201 2.654664082 

1.506510575 2.605203027 
1.442216201 2.654664082 

2.751210376 6.539802022 
2.71381813 6.568478476 

6.032173822 5.877888876 
6.136110168 5.854923315 

1.759771531 9.321334427 
1.851478867 9.248863844 

1.983580088 9.226768538 
1.851478867 9.248863844 

2.66678697 1.57438962 
2.591050281 1.676536842 

1.342954997 9.068107147 
1.194100158 8.998679868 

7.080592236 7.170528706 
7.081707388 7.063004632 

7.069460273 6.916095854 
7.081707388 7.063004632 

4.244896877 3.620867327 
4.374467614 3.448282516 

2.89950834 2.274549978 
2.826181856 2.170743653 

2.742106395 2.080608055 
2.826181856 2.170743653 

6.918483257 6.166246375 
7.039126336 6.298671781 

6.918483257 6.166246375 
6.786318108 6.117023145 

6.678605487 6.143280564 
6.786318108 6.117023145 

6.97372202 5.903470179 
7.034368273 5.957330988 

7.007202108 5.294407909 
7.079923198 5.213637848 

2.635653528 9.467688711 
2.612070292 9.344747525 

2.590936114 9.202872877 
2.612070292 9.344747525 

4.523810286 5.756803686 
4.241403673 5.935742187 

3.140284623 7.653692206 
2.991857179 7.923773594 

3.083265345 0.3087987724 
3.151245541 0.2284485475 

3.25398897 0.2166776359 
3.151245541 0.2284485475 

4.498916166 0.8166393969 
4.298563983 0.8921700394 

2.683821783 3.37678278 
2.656358802 3.651054564 

3.776988701 1.366738863 
4.002115996 1.386126406 

4.079563985 0.9699632506 
4.18585241 0.9324835731 

4.298563983 0.8921700394 
4.18585241 0.9324835731 

3.776988701 1.366738863 
3.699655175 1.498929563 

3.644879987 1.609551779 
3.699655175 1.498929563 

7.604607908 6.319074614 
7.706027337 6.216002264 

2.652959483 6.926860875 
2.614824348 7.063139886 

3.411353253 6.453831394 
3.454149938 6.634496877 

3.564683518 0.4255146322 
3.427302455 0.4743212993 

3.328340871 0.5210056929 
3.427302455 0.4743212993 

3.64080332 3.209570627 
3.572251641 3.29685039 

2.675652482 0.4489099127 
2.626487889 0.4387542517 

6.964997083 6.634609839 
6.869454389 6.559805052 

6.730453312 6.498956778 
6.869454389 6.559805052 

7.554029225 6.993178107 
7.465955785 7.145066788 

4.836308654 6.420850035 
5.026501647 6.473572226 

1.136941775 6.227677768 
1.140362431 6.198593418 

5.929327951 6.482474039 
5.886427221 6.424938147 

3.465533528 3.230103393 
3.523314467 3.262486024 

3.572251641 3.29685039 
3.523314467 3.262486024 

2.944073898 2.044758734 
2.826181856 2.170743653 

6.623719224 5.709426727 
6.543895305 5.809375436 

3.806261687 8.42533985 
3.754677527 8.319892413 

3.734741223 8.212706177 
3.754677527 8.319892413 

1.915601327 1.318311982 
1.797917785 1.410020519 

3.384597103 8.383713339 
3.440921361 8.437392117 

1.735265465 7.62368085 
1.81958704 7.503074289 

1.877679979 7.425690231 
1.81958704 7.503074289 

5.006273633 5.689601312 
4.95051168 5.847385403 

1.947246791 2.914577911 
1.970532669 2.730473036 

2.022461131 2.582816913 
1.970532669 2.730473036 

4.548151353 7.321881299 
4.518440063 7.20977801 

4.442891387 7.136298818 
4.518440063 7.20977801 

1.445989007 7.896789206 
1.542670873 8.013313786 

5.255969862 7.213727666 
5.377807393 7.110900532 

5.459061398 7.03548116 
5.377807393 7.110900532 

2.789975293 0.9735158925 
2.692097716 0.998332078 

2.560225683 0.964767876 
2.692097716 0.998332078 

2.3581027 6.415161406 
2.149676922 6.271568791 

1.989652381 6.099927388 
2.149676922 6.271568791 

4.134657152 6.735616599 
4.017699044 6.777107705 

3.162486438 8.981380818 
3.228767974 8.966598491 

1.100375333 9.289417402 
1.155556481 9.14063932 

1.194100158 8.998679868 
1.155556481 9.14063932 

2.629708157 5.870958862 
2.524186362 5.822898281 

2.483560471 5.862930899 
2.524186362 5.822898281 

3.285000227 2.009966868 
3.22099658 2.119756668 

1.70764622 8.17998186 
1.542670873 8.013313786 

4.296986118 1.569130167 
4.288905035 1.480511463 

4.289876142 1.383358069 
4.288905035 1.480511463 

1.140362431 6.198593418 
1.140968496 6.169695758 

2.779311792 7.991227321 
2.810038874 7.863021151 

2.930490399 7.76094717 
2.810038874 7.863021151 

5.140247255 2.33805445 
5.079870058 2.440405326 

5.044044863 2.553732193 
5.079870058 2.440405326 

1.957774222 3.335323127 
1.994164377 3.453252018 

2.489670047 3.838923767 
2.544820987 3.746041916 

2.590394164 3.625461409 
2.544820987 3.746041916 

3.007823687 9.105239278 
2.87865351 9.105266903 

2.744350253 9.144900573 
2.87865351 9.105266903 

0.9696322263 6.977807646 
1.146856157 7.149761812 

2.384799122 8.343923857 
2.257866709 8.339913737 

2.13345898 8.418584924 
2.257866709 8.339913737 

2.707368162 2.241501603 
2.826181856 2.170743653 

2.896834273 6.817487563 
2.95777657 6.862512684 

3.028361049 6.907762051 
2.95777657 6.862512684 

7.604607908 6.319074614 
7.576512539 6.258883063 

6.383168801 6.386583085 
6.285175656 6.48067848 

6.168596477 6.532815139 
6.285175656 6.48067848 

4.523810286 5.756803686 
4.355498241 5.790795601 

3.732962331 7.547586064 
3.784619822 7.353622737 

3.817703888 7.120567274 
3.784619822 7.353622737 

2.590251934 7.164721723 
2.614824348 7.063139886 

7.079923198 5.213637848 
7.13621255 5.187836618 

3.285000227 2.009966868 
3.281750961 2.139184086 

4.011601318 3.098928713 
3.850575863 3.059990493 

6.547110786 6.939701946 
6.559765054 6.810859949 

6.61330459 6.681869931 
6.559765054 6.810859949 

4.547104839 6.956780062 
4.442891387 7.136298818 

5.91307104 7.544009687 
5.811974211 7.52017862 

5.745905824 7.476230887 
5.811974211 7.52017862 

1.837711881 8.854027217 
1.954695491 8.961690687 

2.071375636 9.082167016 
1.954695491 8.961690687 

1.562377168 2.682851754 
1.506510575 2.605203027 

3.648760559 3.028395361 
3.74925613 3.053028017 

3.850575863 3.059990493 
3.74925613 3.053028017 

1.888974495 7.563024737 
1.81958704 7.503074289 

5.357309674 6.199948696 
5.192714696 6.316465805 

6.64693527 7.943114437 
6.513431166 7.970455642 

6.310671 7.998335243 
6.513431166 7.970455642 

5.054622915 7.296654269 
5.215108606 7.422554126 

6.500132299 5.002665063 
6.490310064 5.132452352 

6.485091586 5.270629753 
6.490310064 5.132452352 

2.570146531 0.4108246382 
2.59831721 0.424789445 

2.626487889 0.4387542517 
2.59831721 0.424789445 

2.293667255 2.442488647 
2.371905532 2.440502785 

2.028348181 0.8209630164 
1.958882192 0.7540428537 

3.426356671 1.601727596 
3.52511686 1.645217424 

3.559353167 1.748452245 
3.52511686 1.645217424 

7.049326734 5.139242576 
7.079923198 5.213637848 

6.869454389 6.559805052 
6.828887587 6.632444028 

6.863566337 6.73963777 
6.828887587 6.632444028 

1.318065759 7.729504998 
1.445989007 7.896789206 

1.031351131 7.631242076 
0.9372762329 7.700298631 

0.8328576831 7.85619803 
0.9372762329 7.700298631 

3.851522819 6.754139039 
3.986615618 6.989330974 

1.759771531 9.321334427 
1.621962503 9.322153123 

4.093471267 7.180205284 
4.310869755 7.161399974 

3.141601583 3.289526737 
3.053728156 3.324522657 

1.499709176 6.012715015 
1.645966451 6.054724022 

3.65594408 2.042654837 
3.550351555 2.140552952 

2.796896086 1.414468487 
2.66678697 1.57438962 

2.969959158 1.388614564 
2.906305798 1.409916645 

2.398469695 8.445056322 
2.317633327 8.523008092 

6.559765054 6.810859949 
6.400959192 6.832760386 

7.518068157 6.022229063 
7.49576129 5.75626757 

7.397220806 7.321641108 
7.456043545 7.240639214 

7.465955785 7.145066788 
7.456043545 7.240639214 

2.354373067 1.341340052 
2.227061384 1.507574978 

2.198653263 1.730559839 
2.227061384 1.507574978 

1.621962503 9.322153123 
1.554805163 9.330439105 

5.054172044 5.162985586 
5.103933186 4.993062611 

5.139544256 4.785424932 
5.103933186 4.993062611 

0.3192908866 8.171189348 
0.3812517902 8.164446352 

2.482957658 8.581560909 
2.457344437 8.701117081 

2.387866858 8.840920331 
2.457344437 8.701117081 

4.093471267 7.180205284 
4.03715159 7.083433191 

3.986615618 6.989330974 
4.03715159 7.083433191 

1.815773637 2.188245202 
1.748833294 2.068865209 

1.689471133 1.966458221 
1.748833294 2.068865209 

3.083265345 0.3087987724 
3.159400791 0.6120362186 

3.240324766 0.9122754634 
3.159400791 0.6120362186 

3.750050258 0.8420252778 
3.768094144 1.14057768 

6.077623513 6.603415925 
6.06358018 6.467220774 

2.199224912 7.70002747 
2.102143641 7.664351572 

0.3794040114 7.468148888 
0.7329442887 7.431786015 

2.413566095 7.216887857 
2.590251934 7.164721723 

1.191562164 7.582445103 
1.26979469 7.4581815 

2.720716859 1.856183689 
2.742106395 2.080608055 

2.720716859 1.856183689 
2.735685983 1.728071041 

2.75620329 1.627919094 
2.735685983 1.728071041 

1.99871403 8.229358765 
2.220580597 8.19544993 

6.06358018 6.467220774 
6.066106274 6.357130871 

6.020166267 6.493299018 
6.06358018 6.467220774 

4.96942247 7.632070043 
4.999151342 7.823534192 

5.010030548 8.012156301 
4.999151342 7.823534192 

3.758153246 1.847911049 
3.644879987 1.609551779 

3.758153246 1.847911049 
3.783866665 1.762946004 

3.855724103 1.708791107 
3.783866665 1.762946004 

7.207519638 5.195077397 
7.163009161 5.095800381 

7.13621255 5.187836618 
7.163009161 5.095800381 

2.371905532 2.440502785 
2.349883665 2.353063956 

2.944073898 2.044758734 
3.070837847 2.100458388 

3.163180195 2.204822566 
3.070837847 2.100458388 

3.140284623 7.653692206 
3.244442448 7.81474539 

3.358773265 7.919052061 
3.244442448 7.81474539 

1.743601521 1.894423254 
1.689471133 1.966458221 

6.046573954 6.273226539 
6.04743674 6.313302873 

6.066106274 6.357130871 
6.04743674 6.313302873 

1.851478867 9.248863844 
1.705483038 9.174125817 

7.49576129 5.75626757 
7.512364677 5.616319815 

0.7322873581 6.944177904 
0.8275433016 7.159324053 

5.86098325 6.508520193 
5.929327951 6.482474039 

2.024475861 8.845673616 
1.954695491 8.961690687 

7.512364677 5.616319815 
7.484420855 5.541285266 

7.481194531 5.409438972 
7.484420855 5.541285266 

2.052338504 7.684296377 
1.996536578 7.656821645 

1.952070386 7.585518818 
1.996536578 7.656821645 

2.02168669 8.52455749 
1.904900974 8.453524495 

5.930610723 6.736117163 
5.994839508 6.923286665 

6.037600841 7.109009588 
5.994839508 6.923286665 

2.683821783 3.37678278 
2.624361404 3.516090842 

2.590394164 3.625461409 
2.624361404 3.516090842 

3.598632687 0.9629555353 
3.535811539 0.9944929563 

3.1518488 2.042907244 
3.070837847 2.100458388 

3.181477424 1.905184611 
3.05587468 1.820017728 

0.7329442887 7.431786015 
0.8504425972 7.504367867 

4.96942247 7.632070043 
4.886578173 7.563590632 

1.513131956 1.75190467 
1.570092673 1.580333497 

6.0210459 4.816879831 
6.15543865 4.7791682 

7.207519638 5.195077397 
7.346790216 5.312086604 

5.502046117 6.592046251 
5.630688464 6.746202745 

1.125087155 6.101871423 
1.128081769 6.14310385 

1.140968496 6.169695758 
1.128081769 6.14310385 

4.774829805 5.640158811 
5.006273633 5.689601312 

7.650906965 6.868018523 
7.613175547 6.887942369 

7.575344454 6.908982318 
7.613175547 6.887942369 

1.570092673 1.580333497 
1.592457571 1.491431927 

1.615796597 1.402896755 
1.592457571 1.491431927 

5.929327951 6.482474039 
5.981543713 6.591307787 

7.172710005 5.930972277 
7.112755078 5.956579146 

7.034368273 5.957330988 
7.112755078 5.956579146 

6.937718693 7.042733072 
6.85587375 6.900585603 

6.767742789 6.783926432 
6.85587375 6.900585603 

0.7487656663 6.360780036 
0.7674114944 6.396583153 

0.7860573224 6.43238627 
0.7674114944 6.396583153 

3.343727665 2.681940604 
3.248561468 2.796451849 

3.449252219 0.5730977947 
3.427302455 0.4743212993 

3.423996175 1.028678019 
3.480739293 1.029674919 

3.535811539 0.9944929563 
3.480739293 1.029674919 

4.372864756 6.642960684 
4.704813279 6.643060059 

6.367079834 8.312425483 
6.129943253 8.14613607 

6.310671 7.998335243 
6.374865695 8.119545973 

5.56197908 6.05286361 
5.703207265 6.259415343 

5.196321678 6.554535039 
5.37269383 6.721502466 

4.671561161 3.018145398 
4.67233119 3.073680185 

6.374865695 8.119545973 
6.399287427 8.18722167 

1.99871403 8.229358765 
2.084034762 8.29735969 

2.13345898 8.418584924 
2.084034762 8.29735969 

5.901388584 5.530160178 
5.934784964 5.57376134 

5.983849353 5.593483238 
5.934784964 5.57376134 

2.316072326 1.468712165 
2.227061384 1.507574978 

4.774829805 5.640158811 
4.639377993 5.699404486 

4.523810286 5.756803686 
4.639377993 5.699404486 

2.71381813 6.568478476 
2.648590717 6.564361636 

1.645861698 8.459781965 
1.51408824 8.392424597 

6.15543865 4.7791682 
6.22611273 4.756685725 

3.05587468 1.820017728 
3.007504578 1.78274579 

2.963387599 1.719123945 
3.007504578 1.78274579 

2.53376925 7.077876563 
2.590251934 7.164721723 

3.768094144 1.14057768 
3.781989155 1.247518945 

3.776988701 1.366738863 
3.781989155 1.247518945 

2.989374988 1.313424672 
3.005912529 1.421421079 

3.025006846 1.548501393 
3.005912529 1.421421079 

2.725593881 8.244643114 
2.709418641 8.46985004 

4.017699044 6.777107705 
3.948487403 6.78299162 

6.279876668 4.70061252 
6.25233885 4.725840812 

6.22611273 4.756685725 
6.25233885 4.725840812 

5.488552238 5.699140747 
5.652243409 5.579346848 

3.055595712 2.486530751 
3.206089924 2.590873318 

3.343727665 2.681940604 
3.206089924 2.590873318 

3.454149938 6.634496877 
3.400232426 6.676040284 

3.376188145 6.73871616 
3.400232426 6.676040284 

1.894745159 0.7755668939 
1.930269689 0.7677033971 

1.958882192 0.7540428537 
1.930269689 0.7677033971 

5.873253507 7.080587503 
5.778888551 7.079837711 

5.732063026 7.011441271 
5.778888551 7.079837711 

0.4191019234 8.23810017 
0.3972803782 8.207117412 

0.3812517902 8.164446352 
0.3972803782 8.207117412 

5.714431297 6.403353535 
5.703207265 6.259415343 

4.327357391 3.15458747 
4.349057329 3.049763516 

4.364862388 2.97420556 
4.349057329 3.049763516 

2.384799122 8.343923857 
2.418031854 8.196686153 

2.462564155 8.038517058 
2.418031854 8.196686153 

2.018554902 5.913247509 
2.150982859 5.88887309 

0.7322873581 6.944177904 
0.8499260396 6.964805081 

0.9696322263 6.977807646 
0.8499260396 6.964805081 

2.111215952 7.439916257 
2.180292923 7.398873952 

1.496025665 9.37884433 
1.514745409 9.34218454 

1.554805163 9.330439105 
1.514745409 9.34218454 

2.595223142 7.628155264 
2.688168587 7.588088501 

2.78832013 7.571356113 
2.688168587 7.588088501 

5.713351926 7.328496228 
5.776518452 7.207321064 

5.873253507 7.080587503 
5.776518452 7.207321064 

6.31879277 4.84087538 
6.22611273 4.756685725 

2.265959352 7.50459111 
2.180292923 7.398873952 

6.242233006 6.947032934 
6.141036936 7.033644438 

2.232990086 6.523630939 
2.187488208 6.616182298 

0.6884063673 7.584780101 
0.7329442887 7.431786015 

3.532526757 2.296884978 
3.550954862 2.204511903 

3.550351555 2.140552952 
3.550954862 2.204511903 

7.007202108 5.294407909 
6.934951112 5.157183132 

2.365007261 7.881253059 
2.389326695 7.77884741 

2.398939647 7.681386792 
2.389326695 7.77884741 

6.168596477 6.532815139 
6.06358018 6.467220774 

3.436231291 2.204365001 
3.550954862 2.204511903 

2.051508345 8.052353558 
2.020013151 8.1414375 

1.99871403 8.229358765 
2.020013151 8.1414375 

1.833409644 6.346133375 
1.711953402 6.173281096 

4.788147584 7.49848853 
4.836705013 7.528199149 

4.886578173 7.563590632 
4.836705013 7.528199149 

0.7329442887 7.431786015 
0.7096157739 7.279066977 

7.578684999 6.50371215 
7.249155806 6.762803778 

6.937718693 7.042733072 
7.249155806 6.762803778 

4.793596396 2.417670166 
4.655565282 2.435054218 

4.491915483 2.407115606 
4.655565282 2.435054218 

3.311597603 8.907778349 
3.278422721 8.9610504 

3.228767974 8.966598491 
3.278422721 8.9610504 

3.432729596 2.069446438 
3.550351555 2.140552952 

0.7393702227 8.302982867 
0.7486176172 8.216102512 

0.7682922652 8.11578189 
0.7486176172 8.216102512 

2.429352748 7.014024264 
2.3428473 7.058377403 

2.275049761 7.097667386 
2.3428473 7.058377403 

2.635653528 9.467688711 
2.580530095 9.299324025 

2.524322766 9.106497756 
2.580530095 9.299324025 

2.796896086 1.414468487 
2.886288963 1.444339792 

2.906305798 1.409916645 
2.886288963 1.444339792 

2.265487835 5.831965649 
2.210804353 5.860015728 

2.150982859 5.88887309 
2.210804353 5.860015728 

3.356871578 0.7156104534 
3.159400791 0.6120362186 

5.778888551 7.079837711 
5.757514817 7.14006346 

5.776518452 7.207321064 
5.757514817 7.14006346 

6.399287427 8.18722167 
6.395423374 8.236713112 

5.488552238 5.699140747 
5.500038101 5.855020397 

6.395423374 8.236713112 
6.394225898 8.263102127 

2.009200462 8.394458065 
2.084034762 8.29735969 

4.782460561 6.772222207 
4.745395068 6.714625162 

4.704813279 6.643060059 
4.745395068 6.714625162 

3.760580307 8.544532769 
3.784289717 8.47753373 

3.806261687 8.42533985 
3.784289717 8.47753373 

3.328340871 0.5210056929 
3.159400791 0.6120362186 

5.054622915 7.296654269 
5.006588021 7.208745777 

4.932273997 7.116489492 
5.006588021 7.208745777 

6.730173258 5.114252077 
6.500132299 5.002665063 

6.367079834 8.312425483 
6.378659536 8.288160107 

6.394225898 8.263102127 
6.378659536 8.288160107 

3.817703888 7.120567274 
3.986615618 6.989330974 

3.404815938 0.3302089123 
3.403021407 0.4136351661 

3.427302455 0.4743212993 
3.403021407 0.4136351661 

2.555562895 3.77826227 
2.544820987 3.746041916 

3.490520476 2.651651147 
3.413812143 2.515013675 

3.31062519 2.384638245 
3.413812143 2.515013675 

5.909710463 6.550902875 
5.934337508 6.587040718 

5.981543713 6.591307787 
5.934337508 6.587040718 

5.255447194 8.149987744 
5.134063776 8.08719436 

1.858295201 7.912223727 
1.941950596 7.918566284 

2.003371779 7.957201576 
1.941950596 7.918566284 

1.989652381 6.099927388 
1.910048338 6.219162474 

1.542670873 8.013313786 
1.468370095 7.998266104 

3.403021407 0.4136351661 
3.475575039 0.4233567271 

4.190093389 2.349525011 
4.049189117 2.465271901 

3.957127565 2.574444091 
4.049189117 2.465271901 

5.134063776 8.08719436 
5.110184419 8.14303581 

6.166264361 5.02368957 
6.31879277 4.84087538 

2.993239963 3.41806768 
3.025001791 3.380169007 

3.053728156 3.324522657 
3.025001791 3.380169007 

0.3794040114 7.468148888 
0.5223234914 7.66720374 

0.6884063673 7.584780101 
0.5351271993 7.549059095 

0.4481361134 7.528399746 
0.3564673563 7.551632785 

0.5351271993 7.549059095 
0.4912166586 7.537937335 

0.4481361134 7.528399746 
0.4912166586 7.537937335 

4.368103215 7.611243754 
4.225861044 7.626550988 

4.072983302 7.65007831 
4.225861044 7.626550988 

1.562377168 2.682851754 
1.459900816 2.691909712 

4.95051168 5.847385403 
5.010928321 5.916222864 

4.75430456 7.306448204 
4.771890647 7.413800357 

4.788147584 7.49848853 
4.771890647 7.413800357 

4.134229575 5.901907083 
4.247463097 5.842807923 

4.355498241 5.790795601 
4.247463097 5.842807923 

2.590394164 3.625461409 
2.656358802 3.651054564 

2.090330146 7.275751813 
2.180292923 7.398873952 

0.3192908866 8.171189348 
0.5153228094 8.248838396 

0.7393702227 8.302982867 
0.5153228094 8.248838396 

0.6426299181 7.986609732 
0.5678377776 8.074750969 

6.065424846 7.879700937 
5.888490059 7.603688195 

5.713351926 7.328496228 
5.888490059 7.603688195 

4.997164242 6.333311082 
5.192714696 6.316465805 

4.374467614 3.448282516 
4.462078847 3.412094597 

4.556278898 3.378387314 
4.462078847 3.412094597 

1.864458059 8.182442906 
2.020013151 8.1414375 

2.779311792 7.991227321 
2.726247945 8.109260781 

2.725593881 8.244643114 
2.726247945 8.109260781 

5.026501647 6.473572226 
5.198596995 6.423800901 

2.209205563 9.011836434 
2.130997927 9.044887838 

2.071375636 9.082167016 
2.130997927 9.044887838 

4.91041193 1.837807104 
4.802685717 1.754465989 

3.648760559 3.028395361 
3.549749098 3.120351554 

3.465533528 3.230103393 
3.549749098 3.120351554 

1.837711881 8.854027217 
1.792557354 8.780738683 

1.780598423 8.683276285 
1.792557354 8.780738683 

4.372864756 6.642960684 
4.503174196 6.559995234 

4.644096181 6.475621127 
4.503174196 6.559995234 

4.28301089 2.8089551 
4.202834798 2.835493564 

4.127156331 2.849096464 
4.202834798 2.835493564 

6.058016546 8.196597937 
6.052777979 8.015639298 

6.065424846 7.879700937 
6.052777979 8.015639298 

5.555156822 7.974517078 
5.513941289 8.087083612 

1.898548263 7.690127119 
1.996536578 7.656821645 

3.532526757 2.296884978 
3.478473366 2.181860171 

3.432729596 2.069446438 
3.478473366 2.181860171 

2.66660164 2.64270406 
2.811891656 2.669671487 

2.976275174 2.693421267 
2.811891656 2.669671487 

3.851522819 6.754139039 
3.904750609 6.775356698 

3.948487403 6.78299162 
3.904750609 6.775356698 

1.437422203 8.130521877 
1.531523975 8.204584898 

2.398939647 7.681386792 
2.335437503 7.591459208 

2.265959352 7.50459111 
2.335437503 7.591459208 

1.901866348 1.675522206 
1.875505745 1.506626204 

2.355637564 1.778764797 
2.357510709 1.685778508 

2.359720804 1.592456234 
2.357510709 1.685778508 

5.110184419 8.14303581 
5.087031637 8.114585304 

5.052091596 8.123473845 
5.087031637 8.114585304 

2.209205563 9.011836434 
2.186114335 9.113024687 

2.458117089 2.553890705 
2.414509087 2.491149399 

2.371905532 2.440502785 
2.414509087 2.491149399 

3.095514122 2.846541731 
3.024852014 2.875510123 

2.929617735 2.89711228 
3.024852014 2.875510123 

3.905823486 2.030465786 
3.859705426 1.864290082 

7.049326734 5.139242576 
7.109172417 5.136560689 

2.186114335 9.113024687 
2.200209573 9.188328573 

0.4796874222 8.015351742 
0.5678377776 8.074750969 

2.200209573 9.188328573 
2.183152293 9.223684851 

2.181210207 9.259456281 
2.183152293 9.223684851 

6.168596477 6.532815139 
6.168234035 6.653206945 

4.668559903 3.139924434 
4.672951457 3.108116218 

4.67233119 3.073680185 
4.672951457 3.108116218 

5.732063026 7.011441271 
5.617371232 7.028417836 

2.720716859 1.856183689 
2.660205027 1.763374666 

2.591050281 1.676536842 
2.660205027 1.763374666 

2.48638581 2.342775569 
2.414509087 2.491149399 

5.56197908 6.05286361 
5.528795136 5.954477734 

5.500038101 5.855020397 
5.528795136 5.954477734 

2.843189015 1.618983343 
2.839322869 1.521272759 

1.643301319 7.006544059 
1.616755454 6.933598559 

1.600464275 6.857592494 
1.616755454 6.933598559 

3.432729596 2.069446438 
3.436231291 2.204365001 

3.724212842 4.000760446 
3.824019355 3.916820714 

3.919739852 3.825029705 
3.824019355 3.916820714 

6.31879277 4.84087538 
6.25233885 4.725840812 

2.052338504 7.684296377 
2.065447411 7.633930832 

2.103565477 7.573892293 
2.065447411 7.633930832 

2.197910588 3.662263411 
2.283071681 3.537300513 

2.368756111 3.411335995 
2.283071681 3.537300513 

5.010928321 5.916222864 
5.045958803 5.935783837 

5.089692569 5.937438496 
5.045958803 5.935783837 

1.705090008 1.784880791 
1.545737677 1.831687495 

2.26208055 8.069138997 
2.195840416 7.967514035 

1.833409644 6.346133375 
1.871004026 6.283119023 

1.910048338 6.219162474 
1.871004026 6.283119023 

3.564683518 0.4255146322 
3.522377104 0.4239053407 

3.475575039 0.4233567271 
3.522377104 0.4239053407 

2.726247945 8.109260781 
2.580359584 8.025621375 

3.1518488 2.042907244 
3.153939765 2.125756154 

3.071501846 2.723716285 
3.095514122 2.846541731 

1.672052448 8.324299966 
1.67116519 8.2444277 

1.70764622 8.17998186 
1.67116519 8.2444277 

3.033087361 6.059612549 
3.080192631 6.121561826 

3.12474634 6.154616198 
3.080192631 6.121561826 

5.459061398 7.03548116 
5.541655022 7.021560978 

5.617371232 7.028417836 
5.541655022 7.021560978 

2.102143641 7.664351572 
2.065447411 7.633930832 

3.550351555 2.140552952 
3.478473366 2.181860171 

5.787952841 4.650100746 
5.698339624 4.62417418 

5.605665787 4.592740205 
5.698339624 4.62417418 

2.839322869 1.521272759 
2.825932121 1.472221104 

1.134779281 8.049975415 
0.9508733955 8.085777993 

0.7682922652 8.11578189 
0.9508733955 8.085777993 

6.537051341 8.277230235 
6.394225898 8.263102127 

2.322698322 7.345531153 
2.246770591 7.366698333 

2.180292923 7.398873952 
2.246770591 7.366698333 

3.490520476 2.651651147 
3.6107073 2.622550093 

3.722164247 2.593829977 
3.6107073 2.622550093 

3.64080332 3.209570627 
3.549749098 3.120351554 

6.279169448 6.593844304 
6.285175656 6.48067848 

7.578684999 6.50371215 
7.577310305 6.404849678 

7.604607908 6.319074614 
7.577310305 6.404849678 

1.672293082 7.858846748 
1.558129407 7.878355217 

1.445989007 7.896789206 
1.558129407 7.878355217 

6.334210832 5.65323775 
6.475182059 5.679472141 

6.623719224 5.709426727 
6.475182059 5.679472141 

1.015061548 7.442271113 
0.8700485912 7.440120336 

0.7329442887 7.431786015 
0.8700485912 7.440120336 

3.65594408 2.042654837 
3.786497294 2.108151057 

3.936162048 2.16982766 
3.786497294 2.108151057 

3.355763506 7.003187266 
3.230759831 7.017874347 

3.106412363 7.028294556 
3.230759831 7.017874347 

5.471462338 8.219555612 
5.492600819 8.154394076 

5.513941289 8.087083612 
5.492600819 8.154394076 

3.097321909 8.315114693 
3.019703274 8.645681526 

3.097321909 8.315114693 
2.912625124 8.28118546 

2.725593881 8.244643114 
2.912625124 8.28118546 

2.639626184 6.651521295 
2.653528724 6.609662053 

1.803238653 5.99970149 
1.892043144 6.051712624 

1.989652381 6.099927388 
1.892043144 6.051712624 

2.065447411 7.633930832 
1.996536578 7.656821645 

1.284762207 7.957033504 
1.286806191 7.839488191 

1.318065759 7.729504998 
1.286806191 7.839488191 

3.311893309 7.237259381 
3.397457695 7.409844621 

3.478473366 2.181860171 
3.436231291 2.204365001 

3.355763506 7.003187266 
3.345754284 7.117927947 

5.579531861 7.677095566 
5.559826819 7.514452571 

3.758153246 1.847911049 
3.954144565 1.626241705 

4.121068672 1.414687871 
3.954144565 1.626241705 

3.410426442 1.72526881 
3.52511686 1.645217424 

2.648590717 6.564361636 
2.651160182 6.586746273 

2.653528724 6.609662053 
2.651160182 6.586746273 

2.689107431 3.024684809 
2.669113738 3.107689814 

3.851522819 6.754139039 
4.084086999 7.023589122 

4.328062887 7.294604261 
4.084086999 7.023589122 

1.815773637 2.188245202 
1.878924097 2.088749228 

1.942074558 1.989253253 
1.878924097 2.088749228 

2.470810298 2.179629614 
2.707368162 2.241501603 

2.413566095 7.216887857 
2.53376925 7.077876563 

1.459900816 2.691909712 
1.410083622 2.710883253 

2.152981264 7.790657436 
2.195840416 7.967514035 

7.481194531 5.409438972 
7.413992374 5.360762788 

7.346790216 5.312086604 
7.413992374 5.360762788 

2.197480014 6.732558093 
2.201021394 6.672750173 

2.187488208 6.616182298 
2.201021394 6.672750173 

4.836308654 6.420850035 
4.91770175 6.377391601 

4.997164242 6.333311082 
4.91770175 6.377391601 

7.426426316 6.650709948 
7.249155806 6.762803778 

6.383168801 6.386583085 
6.465111131 6.409155799 

6.56713868 6.457960126 
6.465111131 6.409155799 

2.66660164 2.64270406 
2.555566698 2.596482135 

2.458117089 2.553890705 
2.555566698 2.596482135 

2.838171617 2.458527885 
2.66660164 2.64270406 

7.68632603 6.083873739 
7.696176683 6.149938001 

2.838171617 2.458527885 
2.94927887 2.473939216 

3.055595712 2.486530751 
2.94927887 2.473939216 

1.362220451 2.770038598 
1.385712794 2.731852591 

1.410083622 2.710883253 
1.385712794 2.731852591 

7.696176683 6.149938001 
7.70110201 6.182970133 

7.706027337 6.216002264 
7.70110201 6.182970133 

1.728157607 2.73506204 
1.970532669 2.730473036 

2.198653263 1.730559839 
2.363689464 1.851562278 

2.529956962 1.971730256 
2.363689464 1.851562278 

6.037600841 7.109009588 
6.088519857 7.06598495 

6.141036936 7.033644438 
6.088519857 7.06598495 

3.153939765 2.125756154 
3.22099658 2.119756668 

1.735265465 7.62368085 
1.701315856 7.740899397 

1.672293082 7.858846748 
1.701315856 7.740899397 

6.136110168 5.854923315 
6.187455818 5.862875382 

6.24846439 5.883799182 
6.187455818 5.862875382 

0.5153228094 8.248838396 
0.4191019234 8.23810017 

4.327357391 3.15458747 
4.242661148 3.110030071 

4.156460377 3.066002853 
4.242661148 3.110030071 

0.3794040114 7.468148888 
0.3922202826 7.493143145 

4.300431248 6.934946531 
4.292976184 7.015410207 

4.278293965 7.09063676 
4.292976184 7.015410207 

3.427302455 0.4743212993 
3.475575039 0.4233567271 

2.354843286 2.932212847 
2.459784819 2.84977255 

2.554515602 2.78146043 
2.459784819 2.84977255 

1.986410527 6.338094708 
1.871004026 6.283119023 

4.554909347 2.58530758 
4.670220128 2.49893102 

4.793596396 2.417670166 
4.670220128 2.49893102 

3.274789356 6.256707367 
3.291595527 6.318666541 

3.308401699 6.380625715 
3.291595527 6.318666541 

3.005912529 1.421421079 
2.969959158 1.388614564 

3.163180195 2.204822566 
3.158212961 2.165429917 

3.153939765 2.125756154 
3.158212961 2.165429917 

3.248561468 2.796451849 
3.237249759 2.851168285 

3.224215788 2.904089496 
3.237249759 2.851168285 

3.572251641 3.29685039 
3.489283206 3.437753863 

2.358302439 0.9284130688 
2.360699753 1.071474597 

2.361351075 1.212221315 
2.360699753 1.071474597 

7.163009161 5.095800381 
7.136828877 5.121186419 

7.109172417 5.136560689 
7.136828877 5.121186419 

2.886288963 1.444339792 
2.839322869 1.521272759 

6.425252999 6.009907164 
6.484239982 5.910045054 

6.543895305 5.809375436 
6.484239982 5.910045054 

7.578684999 6.50371215 
7.496969314 6.574706944 

7.426426316 6.650709948 
7.496969314 6.574706944 

5.930610723 6.736117163 
5.934337508 6.587040718 

1.672052448 8.324299966 
1.60227548 8.264187527 

1.531523975 8.204584898 
1.60227548 8.264187527 

2.429352748 7.014024264 
2.416986727 7.115057274 

2.413566095 7.216887857 
2.416986727 7.115057274 

3.564683518 0.4255146322 
3.829385702 0.4715621022 

3.9188317 1.589546053 
3.954144565 1.626241705 

5.91307104 7.544009687 
5.888490059 7.603688195 

3.961408783 0.4950062711 
4.027420323 0.5067283556 

4.093431863 0.5184504401 
4.027420323 0.5067283556 

0.3922202826 7.493143145 
0.3743666738 7.522474977 

2.895530202 7.226059572 
2.74434979 7.363600643 

0.3743666738 7.522474977 
0.3654170151 7.537053881 

0.3564673563 7.551632785 
0.3654170151 7.537053881 

3.829385702 0.4715621022 
3.895397242 0.4832841867 

3.961408783 0.4950062711 
3.895397242 0.4832841867 

5.873253507 7.080587503 
5.820864907 7.117773219 

5.757514817 7.14006346 
5.820864907 7.117773219 

1.489246302 7.389939205 
1.645238834 7.371863335 

3.311893309 7.237259381 
3.328823797 7.177593664 

3.345754284 7.117927947 
3.328823797 7.177593664 

3.52511686 1.645217424 
3.644879987 1.609551779 

2.619211281 3.176506598 
2.64416251 3.142098206 

2.669113738 3.107689814 
2.64416251 3.142098206 

3.245828894 8.593766679 
3.172218336 8.626085387 

6.910193214 6.006747806 
6.786318108 6.117023145 

1.877679979 7.425690231 
1.795340706 7.338827351 

1.727085663 7.242053157 
1.795340706 7.338827351 

2.470810298 2.179629614 
2.454607684 2.120324027 

2.43840507 2.06101844 
2.454607684 2.120324027 

2.398939647 7.681386792 
2.497081394 7.654771028 

2.595223142 7.628155264 
2.497081394 7.654771028 

2.796896086 1.414468487 
2.811414103 1.443344796 

2.825932121 1.472221104 
2.811414103 1.443344796 

