3.240853971 0.9146465593 
2.971575447 1.707869094 

4.465336114 2.718894343 
4.555496725 3.378425894 

2.052065839 8.050391673 
2.159089644 7.80186179 

2.756938103 8.839084578 
3.311597603 8.907778349 

4.756533412 4.763167563 
4.471534652 4.504793822 

6.383168801 6.386583085 
6.678605487 6.143280564 

6.910193214 6.006747806 
6.678605487 6.143280564 

1.643301319 7.006544059 
1.35566703 7.207866962 

1.672293082 7.858846748 
1.899717921 7.689557057 

6.485091586 5.270629753 
6.624992715 5.707936919 

4.465336114 2.718894343 
5.044044863 2.553732193 

7.578684999 6.50371215 
6.922128924 6.345570616 

6.678605487 6.143280564 
6.922128924 6.345570616 

3.324890235 2.217679397 
3.072211317 2.328652176 

3.75717707 1.847919601 
3.566573967 1.76862908 

4.188131011 4.134920796 
4.022150609 3.828782363 

7.397220806 7.321641108 
6.825712978 7.364719167 

5.56197908 6.05286361 
5.838068566 6.076954736 

4.471534652 4.504793822 
4.340947333 4.341108605 

4.188131011 4.134920796 
4.340947333 4.341108605 

6.910193214 6.006747806 
7.301658439 6.157769293 

5.258938816 7.212553724 
4.788147584 7.49848853 

1.947246791 2.914577911 
2.439971993 3.241115726 

2.529956962 1.971730256 
2.738007797 2.080892436 

1.630496545 8.57340825 
1.503884177 8.892851628 

2.725593881 8.244643114 
2.930490399 7.76094717 

2.738007797 2.080892436 
2.171362835 2.302561957 

2.171362835 2.302561957 
2.294167329 2.441873618 

5.713576588 7.326633675 
5.735809542 7.01276715 

0.6884063673 7.584780101 
1.031241946 7.630549785 

1.317488331 7.730192273 
1.031241946 7.630549785 

6.825712978 7.364719167 
6.941233064 7.037900327 

4.192464366 2.348832578 
4.484002873 2.404884385 

1.643301319 7.006544059 
1.197462297 6.924597737 

2.090330146 7.275751813 
2.111215952 7.439916257 

1.513131956 1.75190467 
2.171362835 2.302561957 

6.547110786 6.939701946 
7.157910918 6.674279445 

1.197462297 6.924597737 
0.8269086837 7.157375438 

6.825712978 7.364719167 
6.929565514 7.837304837 

5.03971899 6.594088345 
5.198596995 6.423800901 

5.57880976 7.676894303 
5.759463804 7.763397817 

6.065424846 7.879700937 
5.759463804 7.763397817 

7.157910918 6.674279445 
6.941233064 7.037900327 

2.482957658 8.581560909 
2.725593881 8.244643114 

1.672293082 7.858846748 
1.134779281 8.049975415 

3.65594408 2.042654837 
3.75717707 1.847919601 

2.489670047 3.838923767 
2.439971993 3.241115726 

6.624992715 5.707936919 
6.910193214 6.006747806 

3.193374476 1.900239292 
3.421349848 1.875235791 

3.021962646 6.070955457 
2.742964688 6.290155697 

1.251572074 8.749213273 
1.503884177 8.892851628 

3.240853971 0.9146465593 
3.42413385 1.0253884 

4.465336114 2.718894343 
4.484002873 2.404884385 

4.951900423 1.717266487 
4.171758412 1.939961097 

3.65594408 2.042654837 
4.171758412 1.939961097 

6.037998526 7.108995747 
6.192508696 7.340678375 

2.439971993 3.241115726 
2.368756111 3.411335995 

7.157910918 6.674279445 
6.964997083 6.634609839 

5.604169412 6.500224782 
5.747803723 6.526324336 

0.8269086837 7.157375438 
1.015462212 7.455522428 

2.971575447 1.707869094 
2.844155842 1.619246541 

1.197462297 6.924597737 
1.30257594 6.216284463 

3.097321909 8.315114693 
3.068540131 8.057504141 

4.134229575 5.901907083 
4.19865305 6.226936946 

3.85252918 6.75567853 
4.19865305 6.226936946 

3.776988701 1.366738863 
3.9188317 1.589546053 

5.577427454 5.383506267 
5.481967109 5.68710041 

7.481297366 5.408736045 
6.936800016 5.67057025 

1.837711881 8.854027217 
1.595930509 9.061331434 

1.100375333 9.289417402 
1.595930509 9.061331434 

5.838068566 6.076954736 
6.076127825 6.001418411 

3.240853971 0.9146465593 
3.13531413 1.306478955 

3.566573967 1.76862908 
3.13531413 1.306478955 

6.312744759 5.63881735 
6.143081677 5.343463975 

0.3944997166 6.742232234 
0.9943818992 6.777443486 

1.197462297 6.924597737 
0.9943818992 6.777443486 

5.258938816 7.212553724 
5.735809542 7.01276715 

4.782460561 6.772222207 
4.907666602 6.866390484 

3.311597603 8.907778349 
3.245828894 8.593766679 

6.922128924 6.345570616 
6.730453312 6.498956778 

2.529956962 1.971730256 
2.355637564 1.778764797 

2.171362835 2.302561957 
2.125542303 2.115105798 

1.310713666 2.301051581 
1.646871093 2.287863564 

5.928764859 6.73635306 
6.242233006 6.947032934 

2.02168669 8.52455749 
2.024475861 8.845673616 

7.30881329 7.814355963 
6.929565514 7.837304837 

3.750050258 0.8420252778 
3.576095314 0.7932471476 

4.775917588 5.638815212 
4.838188116 5.835848996 

2.358302439 0.9284130688 
2.256673314 0.6485282485 

7.301658439 6.157769293 
7.20129756 6.311019612 

4.368103215 7.611243754 
4.328062887 7.294604261 

4.328062887 7.294604261 
4.548151353 7.321881299 

1.837711881 8.854027217 
2.024475861 8.845673616 

6.312006662 7.997931974 
5.555156822 7.974517078 

7.20658976 5.194490426 
7.094467516 5.369916056 

5.555156822 7.974517078 
5.57880976 7.676894303 

1.134779281 8.049975415 
1.317488331 7.730192273 

0.301587547 8.193409399 
0.6401587838 7.988383812 

2.930490399 7.76094717 
2.462564155 8.038517058 

4.446256066 1.362781916 
3.9188317 1.589546053 

5.629339326 4.976617394 
5.510047115 4.777972783 

5.139544256 4.785424932 
5.510047115 4.777972783 

3.097321909 8.315114693 
3.245828894 8.593766679 

5.838068566 6.076954736 
6.046573954 6.273226539 

2.482957658 8.581560909 
2.606874633 8.912671007 

3.08708691 0.3139071229 
3.373365281 0.7228698972 

3.42413385 1.0253884 
3.373365281 0.7228698972 

3.648760559 3.028395361 
3.761374007 3.282915857 

2.489670047 3.838923767 
2.368756111 3.411335995 

2.125542303 2.115105798 
2.738007797 2.080892436 

4.134229575 5.901907083 
4.722987323 6.302246028 

5.03971899 6.594088345 
4.722987323 6.302246028 

1.834196052 6.346050988 
1.633882473 6.652352188 

6.192508696 7.340678375 
5.713576588 7.326633675 

3.245828894 8.593766679 
3.384597103 8.383713339 

2.738007797 2.080892436 
2.46988439 2.180660959 

2.125542303 2.115105798 
1.810945408 2.197719486 

3.957127565 2.574444091 
3.61384826 2.518818194 

3.532526757 2.296884978 
3.61384826 2.518818194 

2.111215952 7.439916257 
2.265191001 7.507869062 

2.853837901 6.655322873 
3.411353253 6.453831394 

7.578684999 6.50371215 
7.252345941 6.506163582 

6.825712978 7.364719167 
6.601370526 7.456068922 

1.672293082 7.858846748 
1.468370095 7.998266104 

7.157910918 6.674279445 
7.426426316 6.650709948 

6.046573954 6.273226539 
6.076127825 6.001418411 

1.468370095 7.998266104 
1.437422203 8.130521877 

2.465061473 6.013478626 
2.705937214 6.123613063 

2.742964688 6.290155697 
2.705937214 6.123613063 

2.725593881 8.244643114 
2.384799122 8.343923857 

2.818557206 2.467608675 
2.891227469 2.272793534 

2.943949071 2.04374363 
2.891227469 2.272793534 

1.197462297 6.924597737 
1.35566703 7.207866962 

2.368756111 3.411335995 
2.168993681 3.332016895 

2.322698322 7.345531153 
2.265191001 7.507869062 

1.015462212 7.455522428 
1.152250748 7.149371223 

1.197462297 6.924597737 
1.152250748 7.149371223 

4.722987323 6.302246028 
4.644096181 6.475621127 

3.85252918 6.75567853 
3.818913163 7.119908195 

2.619211281 3.176506598 
2.439971993 3.241115726 

3.141601583 3.289526737 
3.207567643 3.509782169 

5.139544256 4.785424932 
4.923950021 4.962794172 

4.756533412 4.763167563 
4.923950021 4.962794172 

5.629339326 4.976617394 
5.887722136 4.736872441 

1.031241946 7.630549785 
1.015462212 7.455522428 

2.354373067 1.341340052 
2.070540437 1.35236041 

2.756938103 8.839084578 
2.606874633 8.912671007 

5.604169412 6.500224782 
5.629144116 6.752048879 

0.7393702227 8.302982867 
0.6401587838 7.988383812 

6.668410035 8.246013184 
6.644247866 7.943371831 

1.646871093 2.287863564 
1.601311714 2.41972448 

2.725593881 8.244643114 
3.068540131 8.057504141 

1.929336305 1.503654423 
1.90269718 1.676057716 

5.629144116 6.752048879 
5.928764859 6.73635306 

2.971575447 1.707869094 
2.943949071 2.04374363 

4.446256066 1.362781916 
4.562227827 1.621829138 

3.576095314 0.7932471476 
3.562979472 0.4232474597 

4.782460561 6.772222207 
4.547104839 6.956780062 

0.8269086837 7.157375438 
1.152250748 7.149371223 

3.61384826 2.518818194 
3.498797776 2.643321201 

1.310713666 2.301051581 
1.601311714 2.41972448 

2.675652482 0.4489099127 
2.762653769 0.836962062 

3.072211317 2.328652176 
2.891227469 2.272793534 

4.465336114 2.718894343 
4.404230366 2.863451776 

2.930490399 7.76094717 
3.358773265 7.919052061 

1.810945408 2.197719486 
1.646871093 2.287863564 

2.853837901 6.655322873 
2.896834273 6.817487563 

2.929617735 2.89711228 
2.976275174 2.693421267 

5.57880976 7.676894303 
5.248685265 7.710666363 

0.8269086837 7.157375438 
0.9943818992 6.777443486 

4.555496725 3.378425894 
4.560367358 3.138130413 

4.327357391 3.15458747 
4.560367358 3.138130413 

2.635653528 9.467688711 
2.744350253 9.144900573 

2.756938103 8.839084578 
2.744350253 9.144900573 

6.767742789 6.783926432 
6.730453312 6.498956778 

3.732962331 7.547586064 
4.072983302 7.65007831 

1.929336305 1.503654423 
2.070540437 1.35236041 

3.42413385 1.0253884 
3.576095314 0.7932471476 

6.143081677 5.343463975 
6.317076041 5.454034717 

6.485091586 5.270629753 
6.317076041 5.454034717 

0.7304366865 8.844509416 
0.5297591481 8.628282054 

2.971575447 1.707869094 
3.026170726 1.551167272 

5.012422382 8.012160654 
5.450488248 7.651783128 

7.20129756 6.311019612 
7.252345941 6.506163582 

6.910193214 6.006747806 
6.936800016 5.67057025 

1.35566703 7.207866962 
0.9708825962 6.978761287 

3.384597103 8.383713339 
3.539390581 8.321118783 

5.901388584 5.530160178 
6.143081677 5.343463975 

1.437422203 8.130521877 
1.51408824 8.392424597 

1.630496545 8.57340825 
1.51408824 8.392424597 

2.725593881 8.244643114 
2.7921497 8.468260654 

5.258938816 7.212553724 
5.248685265 7.710666363 

6.730453312 6.498956778 
6.61330459 6.681869931 

5.481967109 5.68710041 
5.091873893 5.935716573 

2.738007797 2.080892436 
2.943949071 2.04374363 

0.6401587838 7.988383812 
0.6884063673 7.584780101 

6.668410035 8.246013184 
6.997885452 8.047944246 

0.6401587838 7.988383812 
0.8328576831 7.85619803 

0.9708825962 6.978761287 
1.197462297 6.924597737 

4.562227827 1.621829138 
4.295965946 1.56756603 

4.122246444 1.393438428 
4.295965946 1.56756603 

4.171758412 1.939961097 
3.936162048 2.16982766 

1.601311714 2.41972448 
1.522487251 2.463297248 

3.267580906 3.921634931 
3.186283213 3.625025352 

2.993130871 3.417479741 
3.186283213 3.625025352 

5.198596995 6.423800901 
4.997164242 6.333311082 

4.722987323 6.302246028 
4.997164242 6.333311082 

4.775917588 5.638815212 
5.16395908 5.426280613 

1.672073412 6.374914246 
1.834196052 6.346050988 

3.026170726 1.551167272 
2.844155842 1.619246541 

2.894297594 7.227270403 
2.657410961 7.304657123 

2.742964688 6.290155697 
2.772427934 6.460608713 

0.9943818992 6.777443486 
1.088802512 6.594217056 

1.633882473 6.652352188 
1.197462297 6.924597737 

3.13531413 1.306478955 
2.989374988 1.313424672 

1.30257594 6.216284463 
1.3212396 6.587346259 

0.6884063673 7.584780101 
0.5223234914 7.66720374 

7.426426316 6.650709948 
7.252345941 6.506163582 

4.555496725 3.378425894 
4.880787922 2.934068684 

5.044044863 2.553732193 
4.880787922 2.934068684 

2.360368925 6.41443621 
2.742964688 6.290155697 

5.887722136 4.736872441 
6.0210459 4.816879831 

3.240853971 0.9146465593 
3.373365281 0.7228698972 

1.879698826 0.7765163409 
1.869562268 1.053192752 

6.767742789 6.783926432 
6.61330459 6.681869931 

5.459610669 7.036027066 
5.682027771 6.892256921 

5.629144116 6.752048879 
5.682027771 6.892256921 

4.56720243 1.826798995 
4.724705012 1.81973673 

4.951900423 1.717266487 
4.724705012 1.81973673 

1.503884177 8.892851628 
1.342954997 9.068107147 

4.907666602 6.866390484 
4.932273997 7.116489492 

2.606874633 8.912671007 
2.744350253 9.144900573 

4.923950021 4.962794172 
4.829226122 5.150454003 

6.624992715 5.707936919 
6.887280329 5.393131203 

4.829226122 5.150454003 
4.452365159 5.284756568 

1.251572074 8.749213273 
1.51408824 8.392424597 

6.936800016 5.67057025 
6.887280329 5.393131203 

4.079563985 0.9699632506 
4.127241458 0.830458799 

2.844155842 1.619246541 
2.591050281 1.676536842 

2.355637564 1.778764797 
2.591050281 1.676536842 

3.732962331 7.547586064 
3.358773265 7.919052061 

3.732962331 7.547586064 
3.63887443 7.862185319 

4.548151353 7.321881299 
4.547104839 6.956780062 

2.529956962 1.971730256 
2.591050281 1.676536842 

3.761374007 3.282915857 
3.64080332 3.209570627 

2.462564155 8.038517058 
2.26208055 8.069138997 

2.894297594 7.227270403 
3.106412363 7.028294556 

1.899717921 7.689557057 
2.053547975 7.683782309 

3.021962646 6.070955457 
2.705937214 6.123613063 

5.085263654 2.119933274 
4.901042207 1.985850834 

4.722987323 6.302246028 
4.578622475 6.10275969 

2.174565301 9.269126528 
2.390154417 8.831509761 

1.643301319 7.006544059 
1.727767343 7.348689578 

4.122246444 1.393438428 
4.496684414 0.8195902045 

7.397220806 7.321641108 
7.194697736 7.058946193 

3.097321909 8.315114693 
2.7921497 8.468260654 

2.7921497 8.468260654 
3.019703274 8.645681526 

1.35566703 7.207866962 
1.727767343 7.348689578 

2.619211281 3.176506598 
2.683821783 3.37678278 

6.887280329 5.393131203 
7.094467516 5.369916056 

4.465336114 2.718894343 
4.554294006 2.584171491 

3.163639925 2.204171262 
3.225010437 2.115347738 

4.775917588 5.638815212 
4.864374564 5.418997145 

4.496684414 0.8195902045 
4.127241458 0.830458799 

1.437422203 8.130521877 
1.70764622 8.17998186 

3.65594408 2.042654837 
3.431346463 2.071068805 

6.242233006 6.947032934 
6.237671447 6.739470873 

3.072211317 2.328652176 
3.163639925 2.204171262 

3.068540131 8.057504141 
3.358773265 7.919052061 

3.019703274 8.645681526 
3.093623237 8.720617645 

5.450488248 7.651783128 
5.57880976 7.676894303 

2.662852718 2.633171139 
2.7317999 2.838450639 

2.929617735 2.89711228 
2.7317999 2.838450639 

7.578684999 6.50371215 
7.612664635 6.707977256 

3.072211317 2.328652176 
3.055595712 2.486530751 

2.675652482 0.4489099127 
2.392823279 0.6951631826 

2.256673314 0.6485282485 
2.392823279 0.6951631826 

1.672073412 6.374914246 
1.711953402 6.173281096 

3.021962646 6.070955457 
3.089330621 6.319032598 

5.012422382 8.012160654 
5.140536094 7.893953964 

5.248685265 7.710666363 
5.140536094 7.893953964 

2.358302439 0.9284130688 
2.444403117 0.7403202306 

2.606874633 8.912671007 
2.524322766 9.106497756 

3.42413385 1.0253884 
3.265437633 1.113632593 

3.13531413 1.306478955 
3.265437633 1.113632593 

2.168993681 3.332016895 
2.098427786 3.493948435 

4.122246444 1.393438428 
4.002865045 1.385660292 

1.310713666 2.301051581 
1.522487251 2.463297248 

1.310713666 2.301051581 
1.54076723 2.056565231 

0.7682922652 8.11578189 
0.6401587838 7.988383812 

7.301658439 6.157769293 
7.405271202 6.161702862 

4.192464366 2.348832578 
4.465336114 2.718894343 

4.171758412 1.939961097 
4.271408378 2.128912405 

2.444403117 0.7403202306 
2.464847831 0.544831072 

1.015462212 7.455522428 
1.268254844 7.458527572 

5.03971899 6.594088345 
4.907666602 6.866390484 

1.100375333 9.289417402 
1.380601282 8.676565155 

4.547104839 6.956780062 
4.372864756 6.642960684 

0.9708825962 6.978761287 
0.8269086837 7.157375438 

7.20129756 6.311019612 
7.405271202 6.161702862 

2.02168669 8.52455749 
2.13345898 8.418584924 

6.997885452 8.047944246 
6.929565514 7.837304837 

0.3944997166 6.742232234 
0.713159683 6.624072859 

0.7393702227 8.302982867 
0.7578123393 8.541339012 

7.30881329 7.814355963 
7.206574881 7.555176905 

1.251572074 8.749213273 
1.380601282 8.676565155 

3.267580906 3.921634931 
3.524307203 3.848422727 

3.724212842 4.000760446 
3.524307203 3.848422727 

5.759463804 7.763397817 
5.91307104 7.544009687 

1.134779281 8.049975415 
0.8328576831 7.85619803 

1.251572074 8.749213273 
1.055388757 8.701061906 

4.328062887 7.294604261 
3.9832251 7.442290103 

3.732962331 7.547586064 
3.9832251 7.442290103 

2.529956962 1.971730256 
2.722418519 1.855023685 

2.159089644 7.80186179 
2.198045454 7.703109116 

2.382552064 7.682242603 
2.198045454 7.703109116 

3.240853971 0.9146465593 
3.265437633 1.113632593 

6.279876668 4.70061252 
6.166264361 5.02368957 

2.930490399 7.76094717 
2.991857179 7.923773594 

3.068540131 8.057504141 
2.991857179 7.923773594 

2.362956011 7.879138678 
2.198045454 7.703109116 

6.730453312 6.498956778 
6.56713868 6.457960126 

4.072983302 7.65007831 
3.9832251 7.442290103 

6.56713868 6.457960126 
6.61330459 6.681869931 

6.312744759 5.63881735 
6.033342062 5.876108357 

5.838068566 6.076954736 
6.033342062 5.876108357 

0.7487656663 6.360780036 
1.046467548 6.377170508 

2.46988439 2.180660959 
2.48536645 2.342828039 

5.374195468 6.721826051 
5.629144116 6.752048879 

2.787761569 7.571839963 
2.930490399 7.76094717 

2.779311792 7.991227321 
2.991857179 7.923773594 

4.19865305 6.226936946 
4.578622475 6.10275969 

6.767742789 6.783926432 
6.863566337 6.73963777 

6.964997083 6.634609839 
6.863566337 6.73963777 

4.19865305 6.226936946 
4.252219441 6.476277251 

4.372864756 6.642960684 
4.252219441 6.476277251 

5.735809542 7.01276715 
5.682027771 6.892256921 

5.928764859 6.73635306 
5.682027771 6.892256921 

7.405271202 6.161702862 
7.479784268 6.242233211 

7.094467516 5.369916056 
7.481297366 5.408736045 

2.439971993 3.241115726 
2.354843286 2.932212847 

3.373365281 0.7228698972 
3.576095314 0.7932471476 

4.864374564 5.418997145 
5.16395908 5.426280613 

5.012422382 8.012160654 
5.132297351 7.614298104 

4.192464366 2.348832578 
4.31557698 2.229721561 

4.271408378 2.128912405 
4.31557698 2.229721561 

5.56197908 6.05286361 
5.261915828 6.009482382 

5.091873893 5.935716573 
5.261915828 6.009482382 

7.094467516 5.369916056 
7.023736848 5.515851143 

6.936800016 5.67057025 
7.023736848 5.515851143 

4.011601318 3.098928713 
4.127156331 2.849096464 

6.547110786 6.939701946 
6.237671447 6.739470873 

7.252345941 6.506163582 
7.157910918 6.674279445 

6.046573954 6.273226539 
5.886614158 6.42661172 

5.747803723 6.526324336 
5.886614158 6.42661172 

6.076127825 6.001418411 
6.033342062 5.876108357 

2.362956011 7.879138678 
2.462564155 8.038517058 

4.446256066 1.362781916 
4.356703222 1.194283233 

5.909343612 6.549580395 
5.886614158 6.42661172 

1.810945408 2.197719486 
1.54076723 2.056565231 

6.922128924 6.345570616 
6.56713868 6.457960126 

0.5297591481 8.628282054 
0.6583812757 8.557127443 

0.7578123393 8.541339012 
0.6583812757 8.557127443 

1.759608683 9.320460326 
1.710912494 9.174430855 

1.595930509 9.061331434 
1.710912494 9.174430855 

3.63887443 7.862185319 
3.539390581 8.321118783 

1.580645812 7.523670681 
1.735265465 7.62368085 

1.899717921 7.689557057 
1.735265465 7.62368085 

1.957774222 3.335323127 
1.918205913 3.484086203 

1.3212396 6.587346259 
1.088802512 6.594217056 

1.51408824 8.392424597 
1.672052448 8.324299966 

2.417063091 6.246426316 
2.181712659 6.03990654 

4.864374564 5.418997145 
5.054172044 5.162985586 

3.330340468 0.520206365 
3.411093055 0.2962991391 

1.615796597 1.402896755 
1.915601327 1.318311982 

2.070540437 1.35236041 
1.915601327 1.318311982 

2.02168669 8.52455749 
1.630496545 8.57340825 

1.134779281 8.049975415 
1.2843846 7.956355609 

1.834196052 6.346050988 
1.982023963 6.336956209 

1.929336305 1.503654423 
1.915601327 1.318311982 

1.810945408 2.197719486 
1.639611215 2.203694686 

4.093431863 0.5184504401 
4.095619419 0.7373416537 

4.127241458 0.830458799 
4.095619419 0.7373416537 

3.267580906 3.921634931 
3.389624986 3.71620754 

3.207567643 3.509782169 
3.389624986 3.71620754 

0.713159683 6.624072859 
0.7802083184 6.572527491 

2.971575447 1.707869094 
2.722418519 1.855023685 

7.172428016 5.931267075 
7.234418858 5.728343428 

2.098427786 3.493948435 
2.041979845 3.450741572 

1.957774222 3.335323127 
2.041979845 3.450741572 

2.993130871 3.417479741 
2.811834102 3.549086515 

5.198596995 6.423800901 
5.261915828 6.009482382 

3.373365281 0.7228698972 
3.330340468 0.520206365 

6.547110786 6.939701946 
6.387689993 6.678678289 

6.383168801 6.386583085 
6.387689993 6.678678289 

3.324890235 2.217679397 
3.310923383 2.383711546 

3.311597603 8.907778349 
2.864642414 8.693459497 

2.482957658 8.581560909 
2.864642414 8.693459497 

3.566573967 1.76862908 
3.64458345 1.610990487 

5.182803723 8.069301431 
5.140536094 7.893953964 

1.947246791 2.914577911 
1.728157607 2.73506204 

6.547110786 6.939701946 
6.400959192 6.832760386 

6.242233006 6.947032934 
6.400959192 6.832760386 

3.957127565 2.574444091 
3.708812149 2.327549755 

3.65594408 2.042654837 
3.708812149 2.327549755 

2.358302439 0.9284130688 
2.392823279 0.6951631826 

3.207567643 3.509782169 
3.186283213 3.625025352 

2.464847831 0.544831072 
2.392823279 0.6951631826 

1.672073412 6.374914246 
1.3212396 6.587346259 

1.633882473 6.652352188 
1.84878925 6.728312867 

1.879460437 7.426474726 
1.727767343 7.348689578 

5.132297351 7.614298104 
4.96942247 7.632070043 

7.234418858 5.728343428 
7.303889201 5.622867131 

3.63887443 7.862185319 
3.734741223 8.212706177 

1.639611215 2.203694686 
1.646871093 2.287863564 

5.901388584 5.530160178 
5.712200671 5.639717353 

3.324890235 2.217679397 
3.431346463 2.071068805 

7.479784268 6.242233211 
7.531169223 6.216267949 

2.738007797 2.080892436 
2.708517358 2.243183892 

2.818557206 2.467608675 
2.708517358 2.243183892 

5.928764859 6.73635306 
5.736547014 6.654529176 

5.604169412 6.500224782 
5.736547014 6.654529176 

4.134229575 5.901907083 
4.806668485 5.964173282 

5.56197908 6.05286361 
4.806668485 5.964173282 

2.322698322 7.345531153 
2.41419085 7.216171266 

4.775917588 5.638815212 
4.806668485 5.964173282 

6.312006662 7.997931974 
6.233421592 8.017560663 

2.197910588 3.662263411 
1.994164377 3.453252018 

4.022150609 3.828782363 
4.244896877 3.620867327 

3.648760559 3.028395361 
3.64080332 3.209570627 

4.838188116 5.835848996 
4.806668485 5.964173282 

6.941233064 7.037900327 
7.068775254 6.916710695 

5.747803723 6.526324336 
5.736547014 6.654529176 

1.342954997 9.068107147 
1.367585159 9.177577587 

1.522487251 2.463297248 
1.506510575 2.605203027 

3.532526757 2.296884978 
3.708812149 2.327549755 

6.485091586 5.270629753 
6.730173258 5.114252077 

2.779311792 7.991227321 
2.523407104 7.945579769 

2.362956011 7.879138678 
2.523407104 7.945579769 

6.077623513 6.603415925 
5.980920185 6.590120579 

4.171758412 1.939961097 
3.981898312 1.882105709 

7.481297366 5.408736045 
7.360390462 5.576244276 

7.303889201 5.622867131 
7.360390462 5.576244276 

6.997885452 8.047944246 
7.041968786 7.885953216 

3.426018338 1.600930425 
3.332459786 1.450616801 

3.13531413 1.306478955 
3.332459786 1.450616801 

2.756938103 8.839084578 
2.864642414 8.693459497 

5.182803723 8.069301431 
5.255447194 8.149987744 

4.547104839 6.956780062 
4.300431248 6.934946531 

6.192508696 7.340678375 
6.402805259 7.260325001 

2.7921497 8.468260654 
2.864642414 8.693459497 

7.612664635 6.707977256 
7.650906965 6.868018523 

1.380601282 8.676565155 
1.51408824 8.392424597 

3.421349848 1.875235791 
3.431346463 2.071068805 

1.99871403 8.229358765 
1.904900974 8.453524495 

2.787761569 7.571839963 
2.79261057 7.456134307 

5.713576588 7.326633675 
5.686813178 7.580150747 

5.57880976 7.676894303 
5.686813178 7.580150747 

4.372864756 6.642960684 
4.134657152 6.735616599 

2.762653769 0.836962062 
2.789975293 0.9735158925 

1.380601282 8.676565155 
1.307104905 8.441014857 

2.174565301 9.269126528 
2.405286949 9.335608099 

2.635653528 9.467688711 
2.405286949 9.335608099 

2.354373067 1.341340052 
2.668812209 1.574920381 

2.971575447 1.707869094 
2.668812209 1.574920381 

6.237671447 6.739470873 
6.387689993 6.678678289 

5.03971899 6.594088345 
5.134920931 6.721057944 

5.374195468 6.721826051 
5.134920931 6.721057944 

5.248685265 7.710666363 
5.132297351 7.614298104 

2.256673314 0.6485282485 
2.074238739 0.7093925137 

1.953651064 6.861335538 
1.84878925 6.728312867 

0.5223234914 7.66720374 
0.5361239706 7.552121316 

0.380227863 7.467454749 
0.5361239706 7.552121316 

1.625165301 3.27159154 
1.868079951 3.406788719 

1.994164377 3.453252018 
1.868079951 3.406788719 

3.312688743 7.237681739 
3.44361233 7.308505972 

3.224215788 2.904089496 
3.344856741 2.681508969 

3.498797776 2.643321201 
3.344856741 2.681508969 

3.539390581 8.321118783 
3.734741223 8.212706177 

3.089330621 6.319032598 
3.115304009 6.408720583 

2.354843286 2.932212847 
2.575633233 2.879762534 

2.7317999 2.838450639 
2.575633233 2.879762534 

1.643301319 7.006544059 
1.727085663 7.242053157 

4.838188116 5.835848996 
5.006273633 5.689601312 

5.16395908 5.426280613 
5.006273633 5.689601312 

2.891227469 2.272793534 
2.708517358 2.243183892 

1.317488331 7.730192273 
0.847212308 7.988021294 

1.35566703 7.207866962 
1.152250748 7.149371223 

4.560367358 3.138130413 
4.668559903 3.139924434 

2.789975293 0.9735158925 
2.882926886 0.8895437688 

3.010936851 0.7606639642 
2.882926886 0.8895437688 

3.411093055 0.2962991391 
3.27504732 0.3470386758 

0.9708825962 6.978761287 
0.9943818992 6.777443486 

1.90269718 1.676057716 
1.705090008 1.784880791 

1.513131956 1.75190467 
1.705090008 1.784880791 

6.887280329 5.393131203 
7.023736848 5.515851143 

3.957127565 2.574444091 
3.756977735 2.784227627 

3.648760559 3.028395361 
3.756977735 2.784227627 

5.736547014 6.654529176 
5.629144116 6.752048879 

1.672293082 7.858846748 
1.858295201 7.912223727 

0.5913844138 7.309107889 
0.7096157739 7.279066977 

0.8269086837 7.157375438 
0.7096157739 7.279066977 

1.615796597 1.402896755 
1.797917785 1.410020519 

1.929336305 1.503654423 
1.797917785 1.410020519 

1.727767343 7.348689578 
1.727085663 7.242053157 

3.193374476 1.900239292 
3.152907994 2.042258585 

4.300431248 6.934946531 
4.134657152 6.735616599 

1.046467548 6.377170508 
1.159692009 6.298569557 

1.134779281 8.049975415 
0.847212308 7.988021294 

6.367079834 8.312425483 
6.290072173 8.104431219 

2.811834102 3.549086515 
2.757341231 3.622460134 

5.450488248 7.651783128 
5.248685265 7.710666363 

5.510047115 4.777972783 
5.605665787 4.592740205 

7.578684999 6.50371215 
7.479784268 6.242233211 

7.194697736 7.058946193 
6.941233064 7.037900327 

2.744350253 9.144900573 
2.650839374 9.145300287 

6.624992715 5.707936919 
6.936800016 5.67057025 

2.853837901 6.655322873 
2.639626184 6.651521295 

2.662852718 2.633171139 
2.575633233 2.879762534 

2.117653842 7.570722743 
2.265191001 7.507869062 

2.125542303 2.115105798 
1.942776151 1.990085762 

6.730453312 6.498956778 
6.863566337 6.73963777 

5.16395908 5.426280613 
5.054172044 5.162985586 

7.194697736 7.058946193 
7.082335652 7.165979088 

5.928764859 6.73635306 
5.980920185 6.590120579 

5.471462338 8.219555612 
5.356167243 8.147670785 

5.255447194 8.149987744 
5.356167243 8.147670785 

7.397220806 7.321641108 
7.242242019 7.458057936 

1.918205913 3.484086203 
1.994164377 3.453252018 

2.482957658 8.581560909 
2.630864159 8.720557427 

2.756938103 8.839084578 
2.630864159 8.720557427 

4.356703222 1.194283233 
4.351623074 1.045869964 

5.928764859 6.73635306 
5.778933138 6.874787016 

3.115304009 6.408720583 
3.196745289 6.427813565 

6.644247866 7.943371831 
6.87541537 7.971380169 

6.997885452 8.047944246 
6.87541537 7.971380169 

1.496025665 9.37884433 
1.367585159 9.177577587 

3.267580906 3.921634931 
3.464104273 3.620731384 

6.922128924 6.345570616 
6.964997083 6.634609839 

4.192464366 2.348832578 
4.556568417 2.053436721 

4.951900423 1.717266487 
4.556568417 2.053436721 

4.56720243 1.826798995 
4.670389232 1.694478979 

4.562227827 1.621829138 
4.670389232 1.694478979 

6.678605487 6.143280564 
6.630772767 6.2757519 

6.56713868 6.457960126 
6.630772767 6.2757519 

3.426018338 1.600930425 
3.64458345 1.610990487 

2.976275174 2.693421267 
3.071501846 2.723716285 

3.055595712 2.486530751 
3.071501846 2.723716285 

2.722418519 1.855023685 
2.668812209 1.574920381 

2.174565301 9.269126528 
2.071802815 9.083590024 

2.27567926 7.0973988 
2.41419085 7.216171266 

1.728157607 2.73506204 
1.562377168 2.682851754 

3.225010437 2.115347738 
3.280368743 2.147487623 

3.431346463 2.071068805 
3.280368743 2.147487623 

3.411353253 6.453831394 
3.256342102 6.43935002 

3.196745289 6.427813565 
3.256342102 6.43935002 

6.678605487 6.143280564 
6.97372202 5.903470179 

5.778933138 6.874787016 
5.682027771 6.892256921 

3.818913163 7.119908195 
3.9832251 7.442290103 

6.077623513 6.603415925 
6.168596477 6.532815139 

6.337612572 6.143098785 
6.383168801 6.386583085 

1.615796597 1.402896755 
1.875505745 1.506626204 

2.197703373 1.730765124 
1.875505745 1.506626204 

6.290072173 8.104431219 
6.19043584 8.107816539 

3.152907994 2.042258585 
3.225010437 2.115347738 

3.311597603 8.907778349 
3.172218336 8.626085387 

3.097321909 8.315114693 
3.172218336 8.626085387 

4.578622475 6.10275969 
4.806668485 5.964173282 

3.464104273 3.620731384 
3.389624986 3.71620754 

6.337612572 6.143098785 
6.228678038 6.071254311 

6.076127825 6.001418411 
6.228678038 6.071254311 

1.918205913 3.484086203 
1.868079951 3.406788719 

6.058016546 8.196597937 
6.143573314 8.072862678 

6.233421592 8.017560663 
6.143573314 8.072862678 

3.562979472 0.4232474597 
3.411093055 0.2962991391 

3.562979472 0.4232474597 
3.448695118 0.5750440716 

3.373365281 0.7228698972 
3.448695118 0.5750440716 

6.367079834 8.312425483 
6.537638402 8.276590629 

5.481967109 5.68710041 
5.261915828 6.009482382 

2.482957658 8.581560909 
2.317633327 8.523008092 

2.02168669 8.52455749 
2.317633327 8.523008092 

3.193374476 1.900239292 
3.026170726 1.551167272 

6.317076041 5.454034717 
6.312744759 5.63881735 

5.886614158 6.42661172 
5.703207265 6.259415343 

7.481297366 5.408736045 
7.225323469 5.652604539 

6.97372202 5.903470179 
7.225323469 5.652604539 

6.065424846 7.879700937 
6.233421592 8.017560663 

2.896834273 6.817487563 
2.927883427 7.017618831 

3.722164247 2.593829977 
3.61384826 2.518818194 

6.312006662 7.997931974 
6.290072173 8.104431219 

4.578622475 6.10275969 
4.620907267 6.294200261 

4.644096181 6.475621127 
4.620907267 6.294200261 

6.387689993 6.678678289 
6.400959192 6.832760386 

0.6884063673 7.584780101 
0.5401920135 7.89099272 

3.722164247 2.593829977 
3.756977735 2.784227627 

4.072983302 7.65007831 
4.205484854 7.436392591 

4.328062887 7.294604261 
4.205484854 7.436392591 

0.5401920135 7.89099272 
0.6401587838 7.988383812 

5.901388584 5.530160178 
5.950855132 5.720635908 

6.033342062 5.876108357 
5.950855132 5.720635908 

1.630496545 8.57340825 
1.380601282 8.676565155 

1.879460437 7.426474726 
2.117653842 7.570722743 

1.513131956 1.75190467 
1.743601521 1.894423254 

1.942776151 1.990085762 
1.743601521 1.894423254 

3.421349848 1.875235791 
3.566573967 1.76862908 

7.194697736 7.058946193 
7.334773189 7.028244638 

7.554029225 6.993178107 
7.334773189 7.028244638 

5.16395908 5.426280613 
5.280117802 5.552549813 

6.065424846 7.879700937 
6.143573314 8.072862678 

1.35566703 7.207866962 
1.274445986 7.355976251 

1.268254844 7.458527572 
1.274445986 7.355976251 

3.936162048 2.16982766 
3.708812149 2.327549755 

2.390154417 8.831509761 
2.606874633 8.912671007 

1.496025665 9.37884433 
1.364510164 9.267119988 

3.325248067 7.576555225 
3.554289921 7.50811878 

3.732962331 7.547586064 
3.554289921 7.50811878 

4.368103215 7.611243754 
4.205484854 7.436392591 

4.792382103 2.416412706 
4.866296117 2.475344113 

5.044044863 2.553732193 
4.866296117 2.475344113 

2.354373067 1.341340052 
2.316072326 1.468712165 

1.929336305 1.503654423 
1.875505745 1.506626204 

3.27504732 0.3470386758 
3.25398897 0.2166776359 

4.670389232 1.694478979 
4.724705012 1.81973673 

5.703207265 6.259415343 
5.804299844 6.178406032 

5.838068566 6.076954736 
5.804299844 6.178406032 

6.166264361 5.02368957 
6.0210459 4.816879831 

6.166264361 5.02368957 
6.113908911 5.178972261 

6.143081677 5.343463975 
6.113908911 5.178972261 

3.274789356 6.256707367 
3.172224698 6.20561725 

3.936162048 2.16982766 
3.906326622 2.029644546 

3.981898312 1.882105709 
3.906326622 2.029644546 

1.869562268 1.053192752 
1.743073108 1.159805607 

3.093623237 8.720617645 
3.172218336 8.626085387 

6.065424846 7.879700937 
6.217248685 7.582867445 

1.625165301 3.27159154 
1.77585343 3.068563278 

1.947246791 2.914577911 
1.77585343 3.068563278 

2.943949071 2.04374363 
3.152907994 2.042258585 

2.294167329 2.441873618 
2.343227821 2.353128794 

2.48536645 2.342828039 
2.343227821 2.353128794 

4.620907267 6.294200261 
4.722987323 6.302246028 

2.779311792 7.991227321 
2.56325929 7.787092304 

2.382552064 7.682242603 
2.56325929 7.787092304 

5.054172044 5.162985586 
4.829226122 5.150454003 

2.360368925 6.41443621 
2.293840063 6.278945445 

3.280368743 2.147487623 
3.324890235 2.217679397 

2.943949071 2.04374363 
3.023874579 2.237693734 

3.072211317 2.328652176 
3.023874579 2.237693734 

6.941233064 7.037900327 
7.023505313 7.082817741 

7.082335652 7.165979088 
7.023505313 7.082817741 

4.864374564 5.418997145 
4.756606101 5.367544003 

2.024475861 8.845673616 
2.071802815 9.083590024 

7.531169223 6.216267949 
7.576512539 6.258883063 

1.2843846 7.956355609 
1.445989007 7.896789206 

1.468370095 7.998266104 
1.445989007 7.896789206 

1.464198594 5.883055938 
1.645966451 6.054724022 

1.711953402 6.173281096 
1.645966451 6.054724022 

5.56197908 6.05286361 
5.357309674 6.199948696 

4.446256066 1.362781916 
4.295965946 1.56756603 

1.957774222 3.335323127 
1.868079951 3.406788719 

3.224215788 2.904089496 
3.071501846 2.723716285 

2.444403117 0.7403202306 
2.392823279 0.6951631826 

1.70764622 8.17998186 
1.864458059 8.182442906 

1.99871403 8.229358765 
1.864458059 8.182442906 

6.910193214 6.006747806 
6.97372202 5.903470179 

5.261915828 6.009482382 
5.357309674 6.199948696 

3.615931043 8.499210639 
3.569217461 8.428734519 

3.539390581 8.321118783 
3.569217461 8.428734519 

2.354373067 1.341340052 
2.361351075 1.212221315 

3.007823687 9.105239278 
3.162486438 8.981380818 

3.750050258 0.8420252778 
3.92873335 0.7695474661 

1.088802512 6.594217056 
1.046467548 6.377170508 

5.357309674 6.199948696 
5.180585189 6.227627125 

2.464847831 0.544831072 
2.555825588 0.5167896751 

2.197480014 6.732558093 
2.019648842 6.795332191 

1.953651064 6.861335538 
2.019648842 6.795332191 

3.389624986 3.71620754 
3.524307203 3.848422727 

6.237671447 6.739470873 
6.168596477 6.532815139 

2.529956962 1.971730256 
2.43840507 2.06101844 

2.417063091 6.246426316 
2.328426389 6.251019043 

2.293840063 6.278945445 
2.328426389 6.251019043 

3.65594408 2.042654837 
3.906326622 2.029644546 

6.037998526 7.108995747 
5.966551222 7.116796957 

5.873253507 7.080587503 
5.966551222 7.116796957 

6.337612572 6.143098785 
6.425252999 6.009907164 

3.330340468 0.520206365 
3.448695118 0.5750440716 

2.27567926 7.0973988 
2.1712342 7.156780637 

2.090330146 7.275751813 
2.1712342 7.156780637 

2.462564155 8.038517058 
2.523407104 7.945579769 

2.482957658 8.581560909 
2.658894733 8.506196187 

5.481967109 5.68710041 
5.712200671 5.639717353 

1.643301319 7.006544059 
1.687419775 7.454038463 

1.672293082 7.858846748 
1.687419775 7.454038463 

6.24846439 5.883799182 
6.033342062 5.876108357 

1.307104905 8.441014857 
1.387485613 8.273424965 

1.437422203 8.130521877 
1.387485613 8.273424965 

6.922128924 6.345570616 
6.630772767 6.2757519 

1.100375333 9.289417402 
1.276082898 9.23496122 

1.367585159 9.177577587 
1.276082898 9.23496122 

0.7304366865 8.844509416 
0.9297304458 8.734941271 

1.055388757 8.701061906 
0.9297304458 8.734941271 

1.54076723 2.056565231 
1.639611215 2.203694686 

6.678605487 6.143280564 
6.520159518 6.149555234 

1.743073108 1.159805607 
1.915601327 1.318311982 

2.757341231 3.622460134 
2.656358802 3.651054564 

7.068775254 6.916710695 
7.023505313 7.082817741 

3.325248067 7.576555225 
3.140284623 7.653692206 

2.930490399 7.76094717 
3.140284623 7.653692206 

1.904900974 8.453524495 
2.009200462 8.394458065 

2.02168669 8.52455749 
2.009200462 8.394458065 

3.106412363 7.028294556 
2.927883427 7.017618831 

4.756606101 5.367544003 
4.687912018 5.336559785 

3.426018338 1.600930425 
3.411536626 1.726013215 

3.421349848 1.875235791 
3.411536626 1.726013215 

5.006273633 5.689601312 
5.190526212 5.68919008 

5.258938816 7.212553724 
5.215108606 7.422554126 

5.132297351 7.614298104 
5.215108606 7.422554126 

6.312744759 5.63881735 
6.067950849 5.655027424 

5.085263654 2.119933274 
5.139905707 2.336408026 

1.580645812 7.523670681 
1.687419775 7.454038463 

3.026170726 1.551167272 
2.797470905 1.414927302 

4.775917588 5.638815212 
4.938048886 5.415304779 

4.022150609 3.828782363 
3.922875321 3.818632707 

5.928764859 6.73635306 
5.966551222 7.116796957 

3.9188317 1.589546053 
3.856527836 1.709899915 

1.633882473 6.652352188 
1.600464275 6.857592494 

1.2843846 7.956355609 
1.468370095 7.998266104 

1.879460437 7.426474726 
1.687419775 7.454038463 

1.879460437 7.426474726 
1.953930644 7.586021725 

4.687912018 5.336559785 
4.630948535 5.318534193 

1.268254844 7.458527572 
1.317488331 7.730192273 

1.803238653 5.99970149 
1.681076591 5.994377453 

1.464198594 5.883055938 
1.681076591 5.994377453 

4.938048886 5.415304779 
4.864374564 5.418997145 

6.046573954 6.273226539 
6.168596477 6.532815139 

2.197703373 1.730765124 
2.355637564 1.778764797 

6.61330459 6.681869931 
6.387689993 6.678678289 

1.031241946 7.630549785 
1.04477645 7.849688321 

1.134779281 8.049975415 
1.04477645 7.849688321 

2.524322766 9.106497756 
2.590936114 9.202872877 

2.650839374 9.145300287 
2.590936114 9.202872877 

5.735809542 7.01276715 
5.778933138 6.874787016 

2.772427934 6.460608713 
2.751210376 6.539802022 

6.922128924 6.345570616 
6.918483257 6.166246375 

6.910193214 6.006747806 
6.918483257 6.166246375 

5.091873893 5.935716573 
4.806668485 5.964173282 

6.929565514 7.837304837 
6.87541537 7.971380169 

2.052065839 8.050391673 
2.005522758 7.95099486 

2.629708157 5.870958862 
2.497886026 5.939355402 

2.465061473 6.013478626 
2.497886026 5.939355402 

2.891227469 2.272793534 
3.023874579 2.237693734 

3.818913163 7.119908195 
4.093471267 7.180205284 

4.328062887 7.294604261 
4.093471267 7.180205284 

1.953930644 7.586021725 
1.899717921 7.689557057 

2.658894733 8.506196187 
2.725593881 8.244643114 

0.847212308 7.988021294 
0.8328576831 7.85619803 

4.446256066 1.362781916 
4.288898631 1.382908565 

4.122246444 1.393438428 
4.288898631 1.382908565 

5.909343612 6.549580395 
5.860480661 6.503888315 

5.747803723 6.526324336 
5.860480661 6.503888315 

4.011601318 3.098928713 
4.156460377 3.066002853 

2.197480014 6.732558093 
1.97242211 6.729850484 

1.84878925 6.728312867 
1.97242211 6.729850484 

1.727767343 7.348689578 
1.687419775 7.454038463 

1.580645812 7.523670681 
1.644204114 7.372379717 

1.727767343 7.348689578 
1.644204114 7.372379717 

2.197910588 3.662263411 
2.098427786 3.493948435 

2.489670047 3.838923767 
2.42374721 3.678419476 

2.117653842 7.570722743 
1.953930644 7.586021725 

6.402805259 7.260325001 
6.522921614 7.358944279 

6.601370526 7.456068922 
6.522921614 7.358944279 

1.54076723 2.056565231 
1.585830129 1.91188582 

5.629339326 4.976617394 
5.662118502 4.838492588 

3.163639925 2.204171262 
3.023874579 2.237693734 

6.279876668 4.70061252 
6.319800719 4.841266539 

7.172428016 5.931267075 
6.97372202 5.903470179 

6.730173258 5.114252077 
6.935656646 5.156823527 

5.804299844 6.178406032 
5.886614158 6.42661172 

7.397220806 7.321641108 
7.443891179 6.89202493 

7.578684999 6.50371215 
7.443891179 6.89202493 

0.6884063673 7.584780101 
0.5361239706 7.552121316 

6.046573954 6.273226539 
6.228678038 6.071254311 

2.657410961 7.304657123 
2.733498925 7.376453467 

2.79261057 7.456134307 
2.733498925 7.376453467 

2.844155842 1.619246541 
2.757692031 1.628128678 

4.951900423 1.717266487 
4.802685717 1.754465989 

4.670389232 1.694478979 
4.802685717 1.754465989 

1.100375333 9.289417402 
1.253170717 9.335177358 

1.364510164 9.267119988 
1.253170717 9.335177358 

2.662852718 2.633171139 
2.555074482 2.780373648 

2.971575447 1.707869094 
2.757692031 1.628128678 

3.355763506 7.003187266 
3.376188145 6.73871616 

7.68632603 6.083873739 
7.605807235 6.179300052 

7.576512539 6.258883063 
7.605807235 6.179300052 

7.426426316 6.650709948 
7.612664635 6.707977256 

3.759373873 8.544875683 
3.582203895 8.3027258 

3.358773265 7.919052061 
3.582203895 8.3027258 

1.705090008 1.784880791 
1.743601521 1.894423254 

4.644096181 6.475621127 
4.836308654 6.420850035 

2.022461131 2.582816913 
2.096360094 2.461142925 

2.171362835 2.302561957 
2.096360094 2.461142925 

5.886614158 6.42661172 
5.860480661 6.503888315 

2.358302439 0.9284130688 
2.560225683 0.964767876 

5.258938816 7.212553724 
5.054622915 7.296654269 

3.566573967 1.76862908 
3.411536626 1.726013215 

7.172428016 5.931267075 
7.06947999 5.761492045 

6.936800016 5.67057025 
7.06947999 5.761492045 

6.887280329 5.393131203 
7.006784865 5.293845408 

1.743073108 1.159805607 
1.719040742 1.283896761 

1.615796597 1.402896755 
1.719040742 1.283896761 

5.577427454 5.383506267 
5.650508069 5.578128774 

5.712200671 5.639717353 
5.650508069 5.578128774 

1.251572074 8.749213273 
1.194100158 8.998679868 

6.046573954 6.273226539 
6.019080659 6.493284388 

5.980920185 6.590120579 
6.019080659 6.493284388 

4.452365159 5.284756568 
4.562960071 5.297847017 

4.630948535 5.318534193 
4.562960071 5.297847017 

2.384799122 8.343923857 
2.317633327 8.523008092 

2.074238739 0.7093925137 
2.028348181 0.8209630164 

5.604169412 6.500224782 
5.502771641 6.593146574 

5.374195468 6.721826051 
5.502771641 6.593146574 

4.368103215 7.611243754 
4.671680813 7.820080382 

5.012422382 8.012160654 
4.671680813 7.820080382 

1.735265465 7.62368085 
1.953930644 7.586021725 

2.595823163 7.628298319 
2.743853735 7.695406851 

2.930490399 7.76094717 
2.743853735 7.695406851 

2.894297594 7.227270403 
2.717038459 7.134313835 

4.901042207 1.985850834 
4.724705012 1.81973673 

2.168993681 3.332016895 
1.957774222 3.335323127 

0.5401920135 7.89099272 
0.4781939428 8.016953369 

2.360368925 6.41443621 
2.328426389 6.251019043 

4.901042207 1.985850834 
4.91041193 1.837807104 

4.951900423 1.717266487 
4.91041193 1.837807104 

2.360368925 6.41443621 
2.126891823 6.397309927 

1.982023963 6.336956209 
2.126891823 6.397309927 

4.96942247 7.632070043 
5.140536094 7.893953964 

6.237671447 6.739470873 
6.279169448 6.593844304 

6.383168801 6.386583085 
6.279169448 6.593844304 

4.404230366 2.863451776 
4.28301089 2.8089551 

6.019080659 6.493284388 
6.077623513 6.603415925 

7.006784865 5.293845408 
7.094467516 5.369916056 

3.193374476 1.900239292 
3.284399161 2.010718883 

3.431346463 2.071068805 
3.284399161 2.010718883 

6.076127825 6.001418411 
6.136110168 5.854923315 

3.582203895 8.3027258 
3.539390581 8.321118783 

2.198045454 7.703109116 
2.265191001 7.507869062 

2.13345898 8.418584924 
2.220580597 8.19544993 

2.26208055 8.069138997 
2.220580597 8.19544993 

5.280117802 5.552549813 
5.190526212 5.68919008 

2.555825588 0.5167896751 
2.570146531 0.4108246382 

3.055595712 2.486530751 
3.132525041 2.674897273 

6.067950849 5.655027424 
5.950855132 5.720635908 

2.174565301 9.269126528 
1.98453404 9.227323937 

2.717038459 7.134313835 
2.614241553 7.063345783 

7.443891179 6.89202493 
7.334773189 7.028244638 

2.197910588 3.662263411 
2.326580115 3.644021788 

2.42374721 3.678419476 
2.326580115 3.644021788 

4.351623074 1.045869964 
4.371136859 0.9648546511 

3.63887443 7.862185319 
3.51149691 7.963677364 

3.358773265 7.919052061 
3.51149691 7.963677364 

6.058016546 8.196597937 
6.129943253 8.14613607 

6.19043584 8.107816539 
6.129943253 8.14613607 

7.554029225 6.993178107 
7.457239257 6.797893699 

7.426426316 6.650709948 
7.457239257 6.797893699 

2.053547975 7.683782309 
2.198045454 7.703109116 

2.656358802 3.651054564 
2.608430936 3.730279897 

0.7682922652 8.11578189 
0.5588008261 8.149499364 

6.217248685 7.582867445 
6.177326586 7.489267623 

6.192508696 7.340678375 
6.177326586 7.489267623 

2.316072326 1.468712165 
2.359720804 1.592456234 

1.672052448 8.324299966 
1.645861698 8.459781965 

1.630496545 8.57340825 
1.645861698 8.459781965 

5.604169412 6.500224782 
5.703207265 6.259415343 

5.604169412 6.500224782 
5.714431297 6.403353535 

5.886614158 6.42661172 
5.714431297 6.403353535 

3.44361233 7.308505972 
3.397739743 7.409231467 

3.325248067 7.576555225 
3.397739743 7.409231467 

1.513131956 1.75190467 
1.689471133 1.966458221 

5.280117802 5.552549813 
5.385289825 5.605234358 

5.481967109 5.68710041 
5.385289825 5.605234358 

3.981898312 1.882105709 
3.856527836 1.709899915 

3.010936851 0.7606639642 
3.134323421 0.8131010868 

3.240853971 0.9146465593 
3.134323421 0.8131010868 

6.922128924 6.345570616 
7.039126336 6.298671781 

7.20129756 6.311019612 
7.039126336 6.298671781 

2.489670047 3.838923767 
2.555562895 3.77826227 

2.608430936 3.730279897 
2.555562895 3.77826227 

3.957127565 2.574444091 
3.815177636 2.588044196 

3.722164247 2.593829977 
3.815177636 2.588044196 

1.643301319 7.006544059 
1.797350212 6.929186715 

1.953651064 6.861335538 
1.797350212 6.929186715 

3.750050258 0.8420252778 
3.598632687 0.9629555353 

0.5588008261 8.149499364 
0.4191019234 8.23810017 

3.465533528 3.230103393 
3.489283206 3.437753863 

3.464104273 3.620731384 
3.489283206 3.437753863 

2.429583283 7.014755124 
2.589816573 7.164318129 

2.657410961 7.304657123 
2.589816573 7.164318129 

4.578622475 6.10275969 
4.451715477 6.096046144 

4.353534999 6.12157405 
4.451715477 6.096046144 

2.929617735 2.89711228 
3.0456547 3.076756774 

3.141601583 3.289526737 
3.0456547 3.076756774 

3.311597603 8.907778349 
3.189744443 8.827630521 

3.093623237 8.720617645 
3.189744443 8.827630521 

1.015462212 7.455522428 
1.190491713 7.582045594 

1.317488331 7.730192273 
1.190491713 7.582045594 

2.360368925 6.41443621 
2.232990086 6.523630939 

2.662852718 2.633171139 
2.685524837 2.891832892 

2.384799122 8.343923857 
2.220580597 8.19544993 

2.989374988 1.313424672 
2.969959158 1.388614564 

4.484002873 2.404884385 
4.554294006 2.584171491 

2.614241553 7.063345783 
2.530553757 7.081792458 

2.429583283 7.014755124 
2.530553757 7.081792458 

1.031241946 7.630549785 
1.190491713 7.582045594 

1.307104905 8.441014857 
1.421100151 8.407496626 

1.51408824 8.392424597 
1.421100151 8.407496626 

3.224215788 2.904089496 
3.0456547 3.076756774 

3.132525041 2.674897273 
3.188138157 2.74847266 

7.20658976 5.194490426 
7.049969401 5.130843835 

6.935656646 5.156823527 
7.049969401 5.130843835 

1.015462212 7.455522428 
0.8514188638 7.504436821 

0.6884063673 7.584780101 
0.8514188638 7.504436821 

3.310923383 2.383711546 
3.344856741 2.681508969 

5.747803723 6.526324336 
5.714431297 6.403353535 

4.802685717 1.754465989 
4.724705012 1.81973673 

2.020326956 5.917048264 
2.164417308 5.962076992 

2.181712659 6.03990654 
2.164417308 5.962076992 

7.554029225 6.993178107 
7.443891179 6.89202493 

1.90269718 1.676057716 
2.036338061 1.750626028 

2.197703373 1.730765124 
2.036338061 1.750626028 

3.981898312 1.882105709 
3.86048527 1.864465896 

3.75717707 1.847919601 
3.86048527 1.864465896 

2.024475861 8.845673616 
2.210390992 9.010440282 

2.360368925 6.41443621 
2.417063091 6.246426316 

1.625165301 3.27159154 
1.793051528 3.371287384 

1.918205913 3.484086203 
1.793051528 3.371287384 

2.685524837 2.891832892 
2.7317999 2.838450639 

6.964997083 6.634609839 
7.120681807 6.585628059 

7.252345941 6.506163582 
7.120681807 6.585628059 

4.548151353 7.321881299 
4.641701832 7.302462798 

4.75430456 7.306448204 
4.641701832 7.302462798 

6.425252999 6.009907164 
6.524638172 6.04185766 

6.520159518 6.149555234 
6.524638172 6.04185766 

2.038790559 7.021273475 
2.1712342 7.156780637 

1.30257594 6.216284463 
1.166612975 6.421028679 

1.088802512 6.594217056 
1.166612975 6.421028679 

0.7802083184 6.572527491 
0.7972464618 6.483391987 

2.038790559 7.021273475 
2.039921366 7.1390564 

2.090330146 7.275751813 
2.039921366 7.1390564 

3.106412363 7.028294556 
3.028361049 6.907762051 

5.887722136 4.736872441 
5.794145576 4.63991919 

4.19865305 6.226936946 
4.353534999 6.12157405 

4.371136859 0.9648546511 
4.407777879 0.9102176999 

0.301587547 8.193409399 
0.5658153961 8.075996201 

0.847212308 7.988021294 
0.5658153961 8.075996201 

2.13345898 8.418584924 
2.009200462 8.394458065 

6.077623513 6.603415925 
6.168234035 6.653206945 

6.237671447 6.739470873 
6.168234035 6.653206945 

2.459011729 2.553972954 
2.48536645 2.342828039 

2.658894733 8.506196187 
2.709418641 8.46985004 

2.7921497 8.468260654 
2.709418641 8.46985004 

1.30257594 6.216284463 
1.125087155 6.101871423 

2.462564155 8.038517058 
2.580359584 8.025621375 

2.779311792 7.991227321 
2.580359584 8.025621375 

4.668559903 3.139924434 
4.404230366 2.863451776 

4.880787922 2.934068684 
4.754351887 2.966288309 

2.56325929 7.787092304 
2.595823163 7.628298319 

6.067950849 5.655027424 
5.983849353 5.593483238 

1.35566703 7.207866962 
1.485954139 7.403536778 

1.580645812 7.523670681 
1.485954139 7.403536778 

4.997164242 6.333311082 
5.180585189 6.227627125 

2.762653769 0.836962062 
2.882926886 0.8895437688 

7.578684999 6.50371215 
7.518068157 6.022229063 

2.111215952 7.439916257 
2.075340573 7.525405131 

2.117653842 7.570722743 
2.075340573 7.525405131 

5.950855132 5.720635908 
5.983849353 5.593483238 

4.56720243 1.826798995 
4.36007272 1.874923177 

4.171758412 1.939961097 
4.36007272 1.874923177 

5.198596995 6.423800901 
5.192714696 6.316465805 

5.180585189 6.227627125 
5.192714696 6.316465805 

4.093431863 0.5184504401 
4.014337483 0.6779995762 

3.92873335 0.7695474661 
4.014337483 0.6779995762 

1.513131956 1.75190467 
1.545737677 1.831687495 

1.585830129 1.91188582 
1.545737677 1.831687495 

1.630496545 8.57340825 
1.780598423 8.683276285 

1.3212396 6.587346259 
1.438043218 6.641388654 

5.713576588 7.326633675 
5.745905824 7.476230887 

2.210390992 9.010440282 
2.390154417 8.831509761 

6.547110786 6.939701946 
6.677234391 6.838187099 

6.767742789 6.783926432 
6.677234391 6.838187099 

4.754351887 2.966288309 
4.651293556 2.943377718 

1.633882473 6.652352188 
1.686768603 6.549082141 

1.672073412 6.374914246 
1.686768603 6.549082141 

6.500052211 5.002085485 
6.454462855 4.905176853 

6.319800719 4.841266539 
6.454462855 4.905176853 

5.054172044 5.162985586 
4.979241067 5.299476433 

4.938048886 5.415304779 
4.979241067 5.299476433 

5.686813178 7.580150747 
5.745905824 7.476230887 

0.3944997166 6.742232234 
0.5583020049 6.810989682 

0.7299672138 6.935215345 
0.5583020049 6.810989682 

7.041968786 7.885953216 
6.929565514 7.837304837 

7.041968786 7.885953216 
7.196090474 7.84462561 

7.30881329 7.814355963 
7.196090474 7.84462561 

1.30257594 6.216284463 
1.394885785 6.121679089 

5.198596995 6.423800901 
5.196321678 6.554535039 

1.253170717 9.335177358 
1.276082898 9.23496122 

1.879460437 7.426474726 
1.888974495 7.563024737 

1.899717921 7.689557057 
1.888974495 7.563024737 

2.46988439 2.180660959 
2.343227821 2.353128794 

5.012422382 8.012160654 
5.028290698 8.149878512 

1.953930644 7.586021725 
1.888974495 7.563024737 

2.429583283 7.014755124 
2.652959483 6.926860875 

2.896834273 6.817487563 
2.652959483 6.926860875 

6.279169448 6.593844304 
6.168596477 6.532815139 

2.384799122 8.343923857 
2.398469695 8.445056322 

2.482957658 8.581560909 
2.398469695 8.445056322 

3.224215788 2.904089496 
2.929617735 2.89711228 

3.188138157 2.74847266 
3.248561468 2.796451849 

5.713576588 7.326633675 
5.559222949 7.515227166 

5.450488248 7.651783128 
5.559222949 7.515227166 

1.645966451 6.054724022 
1.681076591 5.994377453 

3.25398897 0.2166776359 
3.320430829 0.3065120264 

3.411093055 0.2962991391 
3.320430829 0.3065120264 

2.46988439 2.180660959 
2.3028525 2.192292944 

2.125542303 2.115105798 
2.3028525 2.192292944 

4.838188116 5.835848996 
4.95051168 5.847385403 

1.159692009 6.298569557 
1.130957173 6.251520204 

1.639611215 2.203694686 
1.506060925 2.256877258 

4.496684414 0.8195902045 
4.447721067 0.8726188742 

4.407777879 0.9102176999 
4.447721067 0.8726188742 

0.7972464618 6.483391987 
0.7860573224 6.43238627 

2.993130871 3.417479741 
3.207567643 3.509782169 

4.353534999 6.12157405 
4.291865098 5.9922764 

1.130957173 6.251520204 
1.136941775 6.227677768 

3.421349848 1.875235791 
3.284399161 2.010718883 

5.605665787 4.592740205 
5.646759499 4.732373664 

5.662118502 4.838492588 
5.646759499 4.732373664 

3.411353253 6.453831394 
3.308401699 6.380625715 

7.006784865 5.293845408 
7.049969401 5.130843835 

1.031241946 7.630549785 
0.8514188638 7.504436821 

2.265487835 5.831965649 
2.412265672 5.875682661 

0.7682922652 8.11578189 
0.847212308 7.988021294 

1.672293082 7.858846748 
1.542670873 8.013313786 

1.437422203 8.130521877 
1.542670873 8.013313786 

6.537638402 8.276590629 
6.62654811 8.197672806 

6.668410035 8.246013184 
6.62654811 8.197672806 

4.722987323 6.302246028 
4.836308654 6.420850035 

1.310713666 2.301051581 
1.427364529 2.305049901 

1.506060925 2.256877258 
1.427364529 2.305049901 

5.778933138 6.874787016 
5.619274612 6.930265889 

5.459610669 7.036027066 
5.619274612 6.930265889 

1.438043218 6.641388654 
1.600464275 6.857592494 

4.328062887 7.294604261 
4.310869755 7.161399974 

2.894297594 7.227270403 
2.932944514 7.104032034 

2.927883427 7.017618831 
2.932944514 7.104032034 

3.132525041 2.674897273 
3.071501846 2.723716285 

1.438043218 6.641388654 
1.527987598 6.646064549 

1.633882473 6.652352188 
1.527987598 6.646064549 

6.019080659 6.493284388 
6.168596477 6.532815139 

5.134920931 6.721057944 
5.166760174 6.658243679 

5.196321678 6.554535039 
5.166760174 6.658243679 

4.644096181 6.475621127 
4.704813279 6.643060059 

6.168234035 6.653206945 
6.279169448 6.593844304 

3.010936851 0.7606639642 
2.842294282 0.5997508111 

1.868079951 3.406788719 
1.793051528 3.371287384 

1.464198594 5.883055938 
1.499709176 6.012715015 

1.394885785 6.121679089 
1.499709176 6.012715015 

6.24846439 5.883799182 
6.247562652 5.752396923 

6.312744759 5.63881735 
6.247562652 5.752396923 

5.182803723 8.069301431 
5.134063776 8.08719436 

7.554029225 6.993178107 
7.575344454 6.908982318 

3.172224698 6.20561725 
3.12474634 6.154616198 

1.989878958 6.098921331 
2.020326956 5.917048264 

2.412265672 5.875682661 
2.483560471 5.862930899 

7.206574881 7.555176905 
7.153187978 7.499941974 

7.242242019 7.458057936 
7.153187978 7.499941974 

4.310869755 7.161399974 
4.278293965 7.09063676 

5.03971899 6.594088345 
5.196321678 6.554535039 

4.002865045 1.385660292 
3.952278809 1.503252141 

3.9188317 1.589546053 
3.952278809 1.503252141 

6.279169448 6.593844304 
6.387689993 6.678678289 

5.909343612 6.549580395 
5.928679885 6.485242635 

6.019080659 6.493284388 
5.928679885 6.485242635 

2.685524837 2.891832892 
2.689107431 3.024684809 

2.43840507 2.06101844 
2.3028525 2.192292944 

2.053547975 7.683782309 
2.103610018 7.665807423 

2.159089644 7.80186179 
2.103610018 7.665807423 

7.578684999 6.50371215 
7.576512539 6.258883063 

5.481967109 5.68710041 
5.338254198 5.708561376 

5.190526212 5.68919008 
5.338254198 5.708561376 

2.757692031 1.628128678 
2.668812209 1.574920381 

2.052065839 8.050391673 
2.195754862 7.966813757 

2.362956011 7.879138678 
2.195754862 7.966813757 

3.576095314 0.7932471476 
3.598632687 0.9629555353 

4.997164242 6.333311082 
5.026501647 6.473572226 

5.03971899 6.594088345 
5.026501647 6.473572226 

2.842294282 0.5997508111 
2.761519837 0.5236152961 

2.675652482 0.4489099127 
2.761519837 0.5236152961 

0.5913844138 7.309107889 
0.5144335211 7.372917829 

0.380227863 7.467454749 
0.5144335211 7.372917829 

4.134229575 5.901907083 
4.241403673 5.935742187 

4.291865098 5.9922764 
4.241403673 5.935742187 

3.026170726 1.551167272 
2.969959158 1.388614564 

2.359720804 1.592456234 
2.591050281 1.676536842 

6.644247866 7.943371831 
6.808928766 7.882072939 

6.929565514 7.837304837 
6.808928766 7.882072939 

6.87541537 7.971380169 
6.808928766 7.882072939 

3.224215788 2.904089496 
3.095514122 2.846541731 

2.976275174 2.693421267 
3.095514122 2.846541731 

4.651293556 2.943377718 
4.671561161 3.018145398 

6.910193214 6.006747806 
7.034916335 5.957467635 

5.577427454 5.383506267 
5.422817604 5.461170109 

5.280117802 5.552549813 
5.422817604 5.461170109 

4.300431248 6.934946531 
4.442891387 7.136298818 

3.532526757 2.296884978 
3.435775847 2.204519942 

3.324890235 2.217679397 
3.435775847 2.204519942 

4.404230366 2.863451776 
4.364862388 2.97420556 

3.759373873 8.544875683 
3.440921361 8.437392117 

3.097321909 8.315114693 
3.440921361 8.437392117 

5.91307104 7.544009687 
6.177326586 7.489267623 

5.91307104 7.544009687 
5.768444195 7.571248942 

5.686813178 7.580150747 
5.768444195 7.571248942 

1.362220451 2.770038598 
1.442216201 2.654664082 

1.506510575 2.605203027 
1.442216201 2.654664082 

2.751210376 6.539802022 
2.71381813 6.568478476 

6.033342062 5.876108357 
6.136110168 5.854923315 

1.759608683 9.320460326 
1.850765776 9.248424567 

1.98453404 9.227323937 
1.850765776 9.248424567 

2.668812209 1.574920381 
2.591050281 1.676536842 

1.342954997 9.068107147 
1.194100158 8.998679868 

7.082335652 7.165979088 
7.081752999 7.063513288 

7.068775254 6.916710695 
7.081752999 7.063513288 

4.244896877 3.620867327 
4.374776309 3.447901726 

2.891227469 2.272793534 
2.826399928 2.171271799 

2.738007797 2.080892436 
2.826399928 2.171271799 

6.918483257 6.166246375 
7.039126336 6.298671781 

6.918483257 6.166246375 
6.786318108 6.117023145 

6.678605487 6.143280564 
6.786318108 6.117023145 

6.97372202 5.903470179 
7.034916335 5.957467635 

7.006784865 5.293845408 
7.079758899 5.212939514 

2.635653528 9.467688711 
2.612070292 9.344747525 

2.590936114 9.202872877 
2.612070292 9.344747525 

4.523810286 5.756803686 
4.241403673 5.935742187 

3.140284623 7.653692206 
2.991857179 7.923773594 

3.08708691 0.3139071229 
3.151245541 0.2284485475 

3.25398897 0.2166776359 
3.151245541 0.2284485475 

4.496684414 0.8195902045 
4.298563983 0.8921700394 

2.683821783 3.37678278 
2.656358802 3.651054564 

3.776988701 1.366738863 
4.002865045 1.385660292 

4.079563985 0.9699632506 
4.18585241 0.9324835731 

4.298563983 0.8921700394 
4.18585241 0.9324835731 

3.776988701 1.366738863 
3.699655175 1.498929563 

3.64458345 1.610990487 
3.699655175 1.498929563 

7.60638081 6.318434868 
7.744840189 6.215291861 

2.652959483 6.926860875 
2.614241553 7.063345783 

3.411353253 6.453831394 
3.454149938 6.634496877 

3.562979472 0.4232474597 
3.427302455 0.4743212993 

3.330340468 0.520206365 
3.427302455 0.4743212993 

3.64080332 3.209570627 
3.572251641 3.29685039 

2.675652482 0.4489099127 
2.626487889 0.4387542517 

6.964997083 6.634609839 
6.869454389 6.559805052 

6.730453312 6.498956778 
6.869454389 6.559805052 

7.554029225 6.993178107 
7.465955785 7.145066788 

4.836308654 6.420850035 
5.026501647 6.473572226 

1.136941775 6.227677768 
1.140362431 6.198593418 

5.928679885 6.485242635 
5.886614158 6.42661172 

3.465533528 3.230103393 
3.523314467 3.262486024 

3.572251641 3.29685039 
3.523314467 3.262486024 

2.943949071 2.04374363 
2.826399928 2.171271799 

6.624992715 5.707936919 
6.548466144 5.80236188 

3.806261687 8.42533985 
3.754677527 8.319892413 

3.734741223 8.212706177 
3.754677527 8.319892413 

1.915601327 1.318311982 
1.797917785 1.410020519 

3.384597103 8.383713339 
3.440921361 8.437392117 

1.735265465 7.62368085 
1.81958704 7.503074289 

1.879460437 7.426474726 
1.81958704 7.503074289 

5.006273633 5.689601312 
4.95051168 5.847385403 

1.947246791 2.914577911 
1.970532669 2.730473036 

2.022461131 2.582816913 
1.970532669 2.730473036 

4.548151353 7.321881299 
4.518440063 7.20977801 

4.442891387 7.136298818 
4.518440063 7.20977801 

1.445989007 7.896789206 
1.542670873 8.013313786 

5.258938816 7.212553724 
5.377807393 7.110900532 

5.459610669 7.036027066 
5.377807393 7.110900532 

2.789975293 0.9735158925 
2.692097716 0.998332078 

2.560225683 0.964767876 
2.692097716 0.998332078 

2.360368925 6.41443621 
2.149676922 6.271568791 

1.989878958 6.098921331 
2.149676922 6.271568791 

4.134657152 6.735616599 
4.017699044 6.777107705 

3.162486438 8.981380818 
3.228767974 8.966598491 

1.100375333 9.289417402 
1.155556481 9.14063932 

1.194100158 8.998679868 
1.155556481 9.14063932 

2.629708157 5.870958862 
2.524186362 5.822898281 

2.483560471 5.862930899 
2.524186362 5.822898281 

3.284399161 2.010718883 
3.225010437 2.115347738 

1.70764622 8.17998186 
1.542670873 8.013313786 

4.295965946 1.56756603 
4.288905035 1.480511463 

4.288898631 1.382908565 
4.288905035 1.480511463 

1.140362431 6.198593418 
1.140968496 6.169695758 

2.779311792 7.991227321 
2.810038874 7.863021151 

2.930490399 7.76094717 
2.810038874 7.863021151 

5.139905707 2.336408026 
5.079870058 2.440405326 

5.044044863 2.553732193 
5.079870058 2.440405326 

1.957774222 3.335323127 
1.994164377 3.453252018 

2.489670047 3.838923767 
2.544820987 3.746041916 

2.590394164 3.625461409 
2.544820987 3.746041916 

3.007823687 9.105239278 
2.87865351 9.105266903 

2.744350253 9.144900573 
2.87865351 9.105266903 

0.9708825962 6.978761287 
1.152250748 7.149371223 

2.384799122 8.343923857 
2.257866709 8.339913737 

2.13345898 8.418584924 
2.257866709 8.339913737 

2.708517358 2.243183892 
2.826399928 2.171271799 

2.896834273 6.817487563 
2.95777657 6.862512684 

3.028361049 6.907762051 
2.95777657 6.862512684 

7.60638081 6.318434868 
7.576512539 6.258883063 

6.383168801 6.386583085 
6.285175656 6.48067848 

6.168596477 6.532815139 
6.285175656 6.48067848 

4.523810286 5.756803686 
4.355498241 5.790795601 

3.732962331 7.547586064 
3.784619822 7.353622737 

3.818913163 7.119908195 
3.784619822 7.353622737 

2.589816573 7.164318129 
2.614241553 7.063345783 

7.079758899 5.212939514 
7.13621255 5.187836618 

3.284399161 2.010718883 
3.280368743 2.147487623 

4.011601318 3.098928713 
3.850575863 3.059990493 

6.547110786 6.939701946 
6.559765054 6.810859949 

6.61330459 6.681869931 
6.559765054 6.810859949 

4.547104839 6.956780062 
4.442891387 7.136298818 

5.91307104 7.544009687 
5.811974211 7.52017862 

5.745905824 7.476230887 
5.811974211 7.52017862 

1.837711881 8.854027217 
1.954695491 8.961690687 

2.071802815 9.083590024 
1.954695491 8.961690687 

1.562377168 2.682851754 
1.506510575 2.605203027 

3.648760559 3.028395361 
3.74925613 3.053028017 

3.850575863 3.059990493 
3.74925613 3.053028017 

1.888974495 7.563024737 
1.81958704 7.503074289 

5.357309674 6.199948696 
5.192714696 6.316465805 

6.644247866 7.943371831 
6.480627937 7.968357846 

6.312006662 7.997931974 
6.480627937 7.968357846 

5.054622915 7.296654269 
5.215108606 7.422554126 

6.500052211 5.002085485 
6.490310064 5.132452352 

6.485091586 5.270629753 
6.490310064 5.132452352 

2.570146531 0.4108246382 
2.59831721 0.424789445 

2.626487889 0.4387542517 
2.59831721 0.424789445 

2.294167329 2.441873618 
2.368123415 2.438056346 

2.028348181 0.8209630164 
1.958882192 0.7540428537 

3.426018338 1.600930425 
3.525538902 1.646442138 

3.566573967 1.76862908 
3.525538902 1.646442138 

7.049969401 5.130843835 
7.079758899 5.212939514 

6.869454389 6.559805052 
6.828887587 6.632444028 

6.863566337 6.73963777 
6.828887587 6.632444028 

1.317488331 7.730192273 
1.445989007 7.896789206 

1.031241946 7.630549785 
0.9372762329 7.700298631 

0.8328576831 7.85619803 
0.9372762329 7.700298631 

3.85252918 6.75567853 
3.993142431 6.993608942 

1.759608683 9.320460326 
1.621962503 9.322153123 

4.093471267 7.180205284 
4.310869755 7.161399974 

3.141601583 3.289526737 
3.053256134 3.324495988 

1.499709176 6.012715015 
1.645966451 6.054724022 

3.65594408 2.042654837 
3.550351555 2.140552952 

2.797470905 1.414927302 
2.668812209 1.574920381 

2.969959158 1.388614564 
2.906224159 1.410402772 

2.398469695 8.445056322 
2.317633327 8.523008092 

6.559765054 6.810859949 
6.400959192 6.832760386 

7.518068157 6.022229063 
7.496126504 5.755528376 

7.397220806 7.321641108 
7.456043545 7.240639214 

7.465955785 7.145066788 
7.456043545 7.240639214 

2.354373067 1.341340052 
2.227061384 1.507574978 

2.197703373 1.730765124 
2.227061384 1.507574978 

1.621962503 9.322153123 
1.554805163 9.330439105 

5.054172044 5.162985586 
5.103933186 4.993062611 

5.139544256 4.785424932 
5.103933186 4.993062611 

0.301587547 8.193409399 
0.3803489246 8.165153412 

2.482957658 8.581560909 
2.457041032 8.701585245 

2.390154417 8.831509761 
2.457041032 8.701585245 

4.093471267 7.180205284 
4.037044178 7.082996917 

3.993142431 6.993608942 
4.037044178 7.082996917 

1.810945408 2.197719486 
1.749045169 2.069878342 

1.689471133 1.966458221 
1.749045169 2.069878342 

3.08708691 0.3139071229 
3.162311472 0.6135166363 

3.240853971 0.9146465593 
3.162311472 0.6135166363 

3.750050258 0.8420252778 
3.768094144 1.14057768 

6.077623513 6.603415925 
6.06358018 6.467220774 

2.198045454 7.703109116 
2.103610018 7.665807423 

0.380227863 7.467454749 
0.7329442887 7.431786015 

2.41419085 7.216171266 
2.589816573 7.164318129 

1.190491713 7.582045594 
1.268254844 7.458527572 

2.722418519 1.855023685 
2.738007797 2.080892436 

2.722418519 1.855023685 
2.735685983 1.728071041 

2.757692031 1.628128678 
2.735685983 1.728071041 

1.99871403 8.229358765 
2.220580597 8.19544993 

6.06358018 6.467220774 
6.066106274 6.357130871 

6.019080659 6.493284388 
6.06358018 6.467220774 

4.96942247 7.632070043 
4.999151342 7.823534192 

5.012422382 8.012160654 
4.999151342 7.823534192 

3.75717707 1.847919601 
3.64458345 1.610990487 

3.75717707 1.847919601 
3.783866665 1.762946004 

3.856527836 1.709899915 
3.783866665 1.762946004 

7.20658976 5.194490426 
7.163009161 5.095800381 

7.13621255 5.187836618 
7.163009161 5.095800381 

2.368123415 2.438056346 
2.343227821 2.353128794 

2.943949071 2.04374363 
3.070837847 2.100458388 

3.163639925 2.204171262 
3.070837847 2.100458388 

3.140284623 7.653692206 
3.244442448 7.81474539 

3.358773265 7.919052061 
3.244442448 7.81474539 

1.743601521 1.894423254 
1.689471133 1.966458221 

6.046573954 6.273226539 
6.04743674 6.313302873 

6.066106274 6.357130871 
6.04743674 6.313302873 

1.850765776 9.248424567 
1.710912494 9.174430855 

7.496126504 5.755528376 
7.521217804 5.619669553 

0.7299672138 6.935215345 
0.8269086837 7.157375438 

5.860480661 6.503888315 
5.928679885 6.485242635 

2.024475861 8.845673616 
1.954695491 8.961690687 

7.521217804 5.619669553 
7.484854111 5.541835965 

7.481297366 5.408736045 
7.484854111 5.541835965 

2.053547975 7.683782309 
1.996236505 7.651347468 

1.953930644 7.586021725 
1.996236505 7.651347468 

2.02168669 8.52455749 
1.904900974 8.453524495 

5.928764859 6.73635306 
5.994839508 6.923286665 

6.037998526 7.108995747 
5.994839508 6.923286665 

2.683821783 3.37678278 
2.624361404 3.516090842 

2.590394164 3.625461409 
2.624361404 3.516090842 

3.598632687 0.9629555353 
3.535538014 0.9949153316 

3.152907994 2.042258585 
3.070837847 2.100458388 

3.193374476 1.900239292 
3.056985208 1.82038037 

0.7329442887 7.431786015 
0.8514188638 7.504436821 

4.96942247 7.632070043 
4.886578173 7.563590632 

1.513131956 1.75190467 
1.570092673 1.580333497 

6.0210459 4.816879831 
6.15543865 4.7791682 

7.20658976 5.194490426 
7.347699476 5.311967791 

5.502771641 6.593146574 
5.629144116 6.752048879 

1.125087155 6.101871423 
1.128081769 6.14310385 

1.140968496 6.169695758 
1.128081769 6.14310385 

4.775917588 5.638815212 
5.006273633 5.689601312 

7.650906965 6.868018523 
7.613175547 6.887942369 

7.575344454 6.908982318 
7.613175547 6.887942369 

1.570092673 1.580333497 
1.592457571 1.491431927 

1.615796597 1.402896755 
1.592457571 1.491431927 

5.928679885 6.485242635 
5.980920185 6.590120579 

7.172428016 5.931267075 
7.115346457 5.961284395 

7.034916335 5.957467635 
7.115346457 5.961284395 

6.941233064 7.037900327 
6.85647025 6.901293505 

6.767742789 6.783926432 
6.85647025 6.901293505 

0.7487656663 6.360780036 
0.7674114944 6.396583153 

0.7860573224 6.43238627 
0.7674114944 6.396583153 

3.344856741 2.681508969 
3.248561468 2.796451849 

3.448695118 0.5750440716 
3.427302455 0.4743212993 

3.42413385 1.0253884 
3.48263624 1.036717704 

3.535538014 0.9949153316 
3.48263624 1.036717704 

4.372864756 6.642960684 
4.704813279 6.643060059 

6.367079834 8.312425483 
6.129943253 8.14613607 

6.312006662 7.997931974 
6.374865695 8.119545973 

5.56197908 6.05286361 
5.703207265 6.259415343 

5.196321678 6.554535039 
5.374195468 6.721826051 

4.671561161 3.018145398 
4.67233119 3.073680185 

6.374865695 8.119545973 
6.399287427 8.18722167 

1.99871403 8.229358765 
2.084034762 8.29735969 

2.13345898 8.418584924 
2.084034762 8.29735969 

5.901388584 5.530160178 
5.934784964 5.57376134 

5.983849353 5.593483238 
5.934784964 5.57376134 

2.316072326 1.468712165 
2.227061384 1.507574978 

4.775917588 5.638815212 
4.639377993 5.699404486 

4.523810286 5.756803686 
4.639377993 5.699404486 

2.71381813 6.568478476 
2.648590717 6.564361636 

1.645861698 8.459781965 
1.51408824 8.392424597 

6.15543865 4.7791682 
6.22611273 4.756685725 

3.056985208 1.82038037 
3.007485512 1.782026413 

2.971575447 1.707869094 
3.007485512 1.782026413 

2.530553757 7.081792458 
2.589816573 7.164318129 

3.768094144 1.14057768 
3.781989155 1.247518945 

3.776988701 1.366738863 
3.781989155 1.247518945 

2.989374988 1.313424672 
3.005912529 1.421421079 

3.026170726 1.551167272 
3.005912529 1.421421079 

2.725593881 8.244643114 
2.709418641 8.46985004 

4.017699044 6.777107705 
3.948487403 6.78299162 

6.279876668 4.70061252 
6.25233885 4.725840812 

6.22611273 4.756685725 
6.25233885 4.725840812 

5.481967109 5.68710041 
5.650508069 5.578128774 

3.055595712 2.486530751 
3.206089924 2.590873318 

3.344856741 2.681508969 
3.206089924 2.590873318 

3.454149938 6.634496877 
3.400232426 6.676040284 

3.376188145 6.73871616 
3.400232426 6.676040284 

1.879698826 0.7765163409 
1.929605152 0.7677790614 

1.958882192 0.7540428537 
1.929605152 0.7677790614 

5.873253507 7.080587503 
5.778719993 7.079467108 

5.735809542 7.01276715 
5.778719993 7.079467108 

0.4191019234 8.23810017 
0.3972803782 8.207117412 

0.3803489246 8.165153412 
0.3972803782 8.207117412 

5.714431297 6.403353535 
5.703207265 6.259415343 

4.327357391 3.15458747 
4.349057329 3.049763516 

4.364862388 2.97420556 
4.349057329 3.049763516 

2.384799122 8.343923857 
2.418031854 8.196686153 

2.462564155 8.038517058 
2.418031854 8.196686153 

2.020326956 5.917048264 
2.150241453 5.88913336 

0.7299672138 6.935215345 
0.8491506032 6.964412441 

0.9708825962 6.978761287 
0.8491506032 6.964412441 

2.111215952 7.439916257 
2.180292923 7.398873952 

1.496025665 9.37884433 
1.514745409 9.34218454 

1.554805163 9.330439105 
1.514745409 9.34218454 

2.595823163 7.628298319 
2.689580197 7.60087034 

2.787761569 7.571839963 
2.689580197 7.60087034 

5.713576588 7.326633675 
5.776518452 7.207321064 

5.873253507 7.080587503 
5.776518452 7.207321064 

6.319800719 4.841266539 
6.22611273 4.756685725 

2.265191001 7.507869062 
2.180292923 7.398873952 

6.242233006 6.947032934 
6.140814005 7.034082788 

2.232990086 6.523630939 
2.187488208 6.616182298 

0.6884063673 7.584780101 
0.7329442887 7.431786015 

3.532526757 2.296884978 
3.550954862 2.204511903 

3.550351555 2.140552952 
3.550954862 2.204511903 

7.006784865 5.293845408 
6.935656646 5.156823527 

2.362956011 7.879138678 
2.388955139 7.778292605 

2.382552064 7.682242603 
2.388955139 7.778292605 

6.168596477 6.532815139 
6.06358018 6.467220774 

3.435775847 2.204519942 
3.550954862 2.204511903 

2.052065839 8.050391673 
2.020013151 8.1414375 

1.99871403 8.229358765 
2.020013151 8.1414375 

1.834196052 6.346050988 
1.711953402 6.173281096 

4.788147584 7.49848853 
4.836705013 7.528199149 

4.886578173 7.563590632 
4.836705013 7.528199149 

0.7329442887 7.431786015 
0.7096157739 7.279066977 

7.578684999 6.50371215 
7.247392615 6.764338372 

6.941233064 7.037900327 
7.247392615 6.764338372 

4.792382103 2.416412706 
4.655145079 2.434679029 

4.484002873 2.404884385 
4.655145079 2.434679029 

3.311597603 8.907778349 
3.278422721 8.9610504 

3.228767974 8.966598491 
3.278422721 8.9610504 

3.431346463 2.071068805 
3.550351555 2.140552952 

0.7393702227 8.302982867 
0.7486176172 8.216102512 

0.7682922652 8.11578189 
0.7486176172 8.216102512 

2.429583283 7.014755124 
2.350271086 7.057282529 

2.27567926 7.0973988 
2.350271086 7.057282529 

2.635653528 9.467688711 
2.580530095 9.299324025 

2.524322766 9.106497756 
2.580530095 9.299324025 

2.797470905 1.414927302 
2.887571026 1.453659371 

2.906224159 1.410402772 
2.887571026 1.453659371 

2.265487835 5.831965649 
2.210804353 5.860015728 

2.150241453 5.88913336 
2.210804353 5.860015728 

3.373365281 0.7228698972 
3.162311472 0.6135166363 

5.778719993 7.079467108 
5.757514817 7.14006346 

5.776518452 7.207321064 
5.757514817 7.14006346 

6.399287427 8.18722167 
6.395423374 8.236713112 

5.481967109 5.68710041 
5.499757352 5.853792984 

6.395423374 8.236713112 
6.394225898 8.263102127 

2.009200462 8.394458065 
2.084034762 8.29735969 

4.782460561 6.772222207 
4.745395068 6.714625162 

4.704813279 6.643060059 
4.745395068 6.714625162 

3.759373873 8.544875683 
3.784289717 8.47753373 

3.806261687 8.42533985 
3.784289717 8.47753373 

3.330340468 0.520206365 
3.162311472 0.6135166363 

5.054622915 7.296654269 
5.006588021 7.208745777 

4.932273997 7.116489492 
5.006588021 7.208745777 

6.730173258 5.114252077 
6.500052211 5.002085485 

6.367079834 8.312425483 
6.378659536 8.288160107 

6.394225898 8.263102127 
6.378659536 8.288160107 

3.818913163 7.119908195 
3.993142431 6.993608942 

3.411093055 0.2962991391 
3.403251486 0.4115101196 

3.427302455 0.4743212993 
3.403251486 0.4115101196 

2.555562895 3.77826227 
2.544820987 3.746041916 

3.498797776 2.643321201 
3.414520712 2.515583601 

3.310923383 2.383711546 
3.414520712 2.515583601 

5.909343612 6.549580395 
5.934337508 6.587040718 

5.980920185 6.590120579 
5.934337508 6.587040718 

5.255447194 8.149987744 
5.134063776 8.08719436 

1.858295201 7.912223727 
1.942383653 7.918611894 

2.005522758 7.95099486 
1.942383653 7.918611894 

1.989878958 6.098921331 
1.910048338 6.219162474 

1.542670873 8.013313786 
1.468370095 7.998266104 

3.403251486 0.4115101196 
3.475575039 0.4233567271 

4.192464366 2.348832578 
4.049189117 2.465271901 

3.957127565 2.574444091 
4.049189117 2.465271901 

5.134063776 8.08719436 
5.110184419 8.14303581 

6.166264361 5.02368957 
6.319800719 4.841266539 

2.993130871 3.417479741 
3.01501302 3.368150783 

3.053256134 3.324495988 
3.01501302 3.368150783 

0.380227863 7.467454749 
0.5223234914 7.66720374 

0.6884063673 7.584780101 
0.5351271993 7.549059095 

0.4481361134 7.528399746 
0.3564673563 7.551632785 

0.5351271993 7.549059095 
0.4912166586 7.537937335 

0.4481361134 7.528399746 
0.4912166586 7.537937335 

4.368103215 7.611243754 
4.225861044 7.626550988 

4.072983302 7.65007831 
4.225861044 7.626550988 

1.562377168 2.682851754 
1.459900816 2.691909712 

4.95051168 5.847385403 
5.010928321 5.916222864 

4.75430456 7.306448204 
4.771890647 7.413800357 

4.788147584 7.49848853 
4.771890647 7.413800357 

4.134229575 5.901907083 
4.247463097 5.842807923 

4.355498241 5.790795601 
4.247463097 5.842807923 

2.590394164 3.625461409 
2.656358802 3.651054564 

2.090330146 7.275751813 
2.180292923 7.398873952 

0.301587547 8.193409399 
0.5136155177 8.249039104 

0.7393702227 8.302982867 
0.5136155177 8.249039104 

0.6401587838 7.988383812 
0.5658153961 8.075996201 

6.065424846 7.879700937 
5.888490059 7.603688195 

5.713576588 7.326633675 
5.888490059 7.603688195 

4.997164242 6.333311082 
5.192714696 6.316465805 

4.374776309 3.447901726 
4.454846435 3.406639153 

4.555496725 3.378425894 
4.454846435 3.406639153 

1.864458059 8.182442906 
2.020013151 8.1414375 

2.779311792 7.991227321 
2.726247945 8.109260781 

2.725593881 8.244643114 
2.726247945 8.109260781 

5.026501647 6.473572226 
5.198596995 6.423800901 

2.210390992 9.010440282 
2.130997927 9.044887838 

2.071802815 9.083590024 
2.130997927 9.044887838 

4.91041193 1.837807104 
4.802685717 1.754465989 

3.648760559 3.028395361 
3.549749098 3.120351554 

3.465533528 3.230103393 
3.549749098 3.120351554 

1.837711881 8.854027217 
1.792557354 8.780738683 

1.780598423 8.683276285 
1.792557354 8.780738683 

4.372864756 6.642960684 
4.503174196 6.559995234 

4.644096181 6.475621127 
4.503174196 6.559995234 

4.28301089 2.8089551 
4.202834798 2.835493564 

4.127156331 2.849096464 
4.202834798 2.835493564 

6.058016546 8.196597937 
6.052777979 8.015639298 

6.065424846 7.879700937 
6.052777979 8.015639298 

5.555156822 7.974517078 
5.513941289 8.087083612 

1.899717921 7.689557057 
1.996236505 7.651347468 

3.532526757 2.296884978 
3.478473366 2.181860171 

3.431346463 2.071068805 
3.478473366 2.181860171 

2.662852718 2.633171139 
2.81090628 2.669255438 

2.976275174 2.693421267 
2.81090628 2.669255438 

3.85252918 6.75567853 
3.904750609 6.775356698 

3.948487403 6.78299162 
3.904750609 6.775356698 

1.437422203 8.130521877 
1.531523975 8.204584898 

2.382552064 7.682242603 
2.343011441 7.594736088 

2.265191001 7.507869062 
2.343011441 7.594736088 

1.90269718 1.676057716 
1.875505745 1.506626204 

2.355637564 1.778764797 
2.357510709 1.685778508 

2.359720804 1.592456234 
2.357510709 1.685778508 

5.110184419 8.14303581 
5.086425316 8.115078713 

2.210390992 9.010440282 
2.186114335 9.113024687 

2.459011729 2.553972954 
2.414149351 2.490787797 

2.368123415 2.438056346 
2.414149351 2.490787797 

3.095514122 2.846541731 
3.024852014 2.875510123 

2.929617735 2.89711228 
3.024852014 2.875510123 

3.906326622 2.029644546 
3.86048527 1.864465896 

7.049969401 5.130843835 
7.108832623 5.136324818 

2.186114335 9.113024687 
2.200209573 9.188328573 

0.4781939428 8.016953369 
0.5658153961 8.075996201 

2.200209573 9.188328573 
2.182908811 9.224258752 

2.174565301 9.269126528 
2.182908811 9.224258752 

6.168596477 6.532815139 
6.168234035 6.653206945 

4.668559903 3.139924434 
4.672951457 3.108116218 

4.67233119 3.073680185 
4.672951457 3.108116218 

5.735809542 7.01276715 
5.617773594 7.028940509 

2.722418519 1.855023685 
2.660205027 1.763374666 

2.591050281 1.676536842 
2.660205027 1.763374666 

2.48536645 2.342828039 
2.414149351 2.490787797 

5.56197908 6.05286361 
5.528795136 5.954477734 

5.499757352 5.853792984 
5.528795136 5.954477734 

2.844155842 1.619246541 
2.839643127 1.521090749 

1.643301319 7.006544059 
1.616755454 6.933598559 

1.600464275 6.857592494 
1.616755454 6.933598559 

3.431346463 2.071068805 
3.435775847 2.204519942 

3.724212842 4.000760446 
3.824687742 3.916078058 

3.922875321 3.818632707 
3.824687742 3.916078058 

6.319800719 4.841266539 
6.25233885 4.725840812 

2.053547975 7.683782309 
2.069451529 7.634902056 

2.117653842 7.570722743 
2.069451529 7.634902056 

2.197910588 3.662263411 
2.283071681 3.537300513 

2.368756111 3.411335995 
2.283071681 3.537300513 

5.010928321 5.916222864 
5.045958803 5.935783837 

5.091873893 5.935716573 
5.045958803 5.935783837 

1.705090008 1.784880791 
1.545737677 1.831687495 

2.26208055 8.069138997 
2.195754862 7.966813757 

1.834196052 6.346050988 
1.871564869 6.283414722 

1.910048338 6.219162474 
1.871564869 6.283414722 

3.562979472 0.4232474597 
3.522377104 0.4239053407 

3.475575039 0.4233567271 
3.522377104 0.4239053407 

2.726247945 8.109260781 
2.580359584 8.025621375 

3.152907994 2.042258585 
3.154454939 2.125579249 

3.071501846 2.723716285 
3.095514122 2.846541731 

1.672052448 8.324299966 
1.67116519 8.2444277 

1.70764622 8.17998186 
1.67116519 8.2444277 

3.021962646 6.070955457 
3.07961102 6.121457517 

3.12474634 6.154616198 
3.07961102 6.121457517 

5.459610669 7.036027066 
5.543445343 7.042541871 

5.617773594 7.028940509 
5.543445343 7.042541871 

2.103610018 7.665807423 
2.069451529 7.634902056 

3.550351555 2.140552952 
3.478473366 2.181860171 

5.794145576 4.63991919 
5.699063085 4.624024293 

5.605665787 4.592740205 
5.699063085 4.624024293 

2.839643127 1.521090749 
2.825932121 1.472221104 

1.134779281 8.049975415 
0.9508733955 8.085777993 

0.7682922652 8.11578189 
0.9508733955 8.085777993 

6.537638402 8.276590629 
6.394225898 8.263102127 

2.322698322 7.345531153 
2.246770591 7.366698333 

2.180292923 7.398873952 
2.246770591 7.366698333 

3.498797776 2.643321201 
3.610234499 2.622474801 

3.722164247 2.593829977 
3.610234499 2.622474801 

3.64080332 3.209570627 
3.549749098 3.120351554 

6.279169448 6.593844304 
6.285175656 6.48067848 

7.578684999 6.50371215 
7.577310305 6.404849678 

7.60638081 6.318434868 
7.577310305 6.404849678 

1.672293082 7.858846748 
1.558129407 7.878355217 

1.445989007 7.896789206 
1.558129407 7.878355217 

6.624992715 5.707936919 
6.473692249 5.678882123 

1.015462212 7.455522428 
0.8709072218 7.440574775 

0.7329442887 7.431786015 
0.8709072218 7.440574775 

3.65594408 2.042654837 
3.786497294 2.108151057 

3.936162048 2.16982766 
3.786497294 2.108151057 

3.355763506 7.003187266 
3.230759831 7.017874347 

3.106412363 7.028294556 
3.230759831 7.017874347 

5.471462338 8.219555612 
5.492600819 8.154394076 

5.513941289 8.087083612 
5.492600819 8.154394076 

3.097321909 8.315114693 
3.019703274 8.645681526 

3.097321909 8.315114693 
2.912625124 8.28118546 

2.725593881 8.244643114 
2.912625124 8.28118546 

2.639626184 6.651521295 
2.653528724 6.609662053 

1.803238653 5.99970149 
1.892043144 6.051712624 

1.989878958 6.098921331 
1.892043144 6.051712624 

2.069451529 7.634902056 
1.996236505 7.651347468 

1.2843846 7.956355609 
1.27381051 7.840400729 

1.317488331 7.730192273 
1.27381051 7.840400729 

3.312688743 7.237681739 
3.397739743 7.409231467 

3.478473366 2.181860171 
3.435775847 2.204519942 

3.355763506 7.003187266 
3.345754284 7.117927947 

5.57880976 7.676894303 
5.559222949 7.515227166 

3.75717707 1.847919601 
3.955181443 1.624334899 

4.122246444 1.393438428 
3.955181443 1.624334899 

3.411536626 1.726013215 
3.525538902 1.646442138 

2.648590717 6.564361636 
2.651160182 6.586746273 

2.653528724 6.609662053 
2.651160182 6.586746273 

2.689107431 3.024684809 
2.669113738 3.107689814 

3.85252918 6.75567853 
4.084086999 7.023589122 

4.328062887 7.294604261 
4.084086999 7.023589122 

1.810945408 2.197719486 
1.878355427 2.089643056 

1.942776151 1.990085762 
1.878355427 2.089643056 

2.46988439 2.180660959 
2.708517358 2.243183892 

2.41419085 7.216171266 
2.530553757 7.081792458 

1.459900816 2.691909712 
1.410083622 2.710883253 

2.159089644 7.80186179 
2.195754862 7.966813757 

7.347699476 5.311967791 
7.430860608 5.347067118 

2.197480014 6.732558093 
2.201021394 6.672750173 

2.187488208 6.616182298 
2.201021394 6.672750173 

4.836308654 6.420850035 
4.91770175 6.377391601 

4.997164242 6.333311082 
4.91770175 6.377391601 

7.426426316 6.650709948 
7.247392615 6.764338372 

6.383168801 6.386583085 
6.465111131 6.409155799 

6.56713868 6.457960126 
6.465111131 6.409155799 

2.662852718 2.633171139 
2.566340186 2.590723978 

2.459011729 2.553972954 
2.566340186 2.590723978 

7.68632603 6.083873739 
7.696176683 6.149938001 

2.818557206 2.467608675 
2.948051234 2.474123903 

3.055595712 2.486530751 
2.948051234 2.474123903 

1.362220451 2.770038598 
1.385712794 2.731852591 

1.410083622 2.710883253 
1.385712794 2.731852591 

7.696176683 6.149938001 
7.702295948 6.183147013 

1.728157607 2.73506204 
1.970532669 2.730473036 

2.197703373 1.730765124 
2.363689464 1.851562278 

2.529956962 1.971730256 
2.363689464 1.851562278 

6.037998526 7.108995747 
6.091592246 7.074128535 

6.140814005 7.034082788 
6.091592246 7.074128535 

3.154454939 2.125579249 
3.225010437 2.115347738 

1.735265465 7.62368085 
1.701315856 7.740899397 

1.672293082 7.858846748 
1.701315856 7.740899397 

6.136110168 5.854923315 
6.187455818 5.862875382 

6.24846439 5.883799182 
6.187455818 5.862875382 

0.5136155177 8.249039104 
0.4191019234 8.23810017 

4.327357391 3.15458747 
4.242661148 3.110030071 

4.156460377 3.066002853 
4.242661148 3.110030071 

0.380227863 7.467454749 
0.3922202826 7.493143145 

4.300431248 6.934946531 
4.292976184 7.015410207 

4.278293965 7.09063676 
4.292976184 7.015410207 

3.427302455 0.4743212993 
3.475575039 0.4233567271 

2.354843286 2.932212847 
2.459784819 2.84977255 

2.555074482 2.780373648 
2.459784819 2.84977255 

1.982023963 6.336956209 
1.871564869 6.283414722 

4.554294006 2.584171491 
4.670923957 2.498405731 

4.792382103 2.416412706 
4.670923957 2.498405731 

3.274789356 6.256707367 
3.291595527 6.318666541 

3.308401699 6.380625715 
3.291595527 6.318666541 

3.005912529 1.421421079 
2.969959158 1.388614564 

3.163639925 2.204171262 
3.158212961 2.165429917 

3.154454939 2.125579249 
3.158212961 2.165429917 

3.248561468 2.796451849 
3.237249759 2.851168285 

3.224215788 2.904089496 
3.237249759 2.851168285 

3.572251641 3.29685039 
3.489283206 3.437753863 

2.358302439 0.9284130688 
2.360699753 1.071474597 

2.361351075 1.212221315 
2.360699753 1.071474597 

7.163009161 5.095800381 
7.136828877 5.121186419 

7.108832623 5.136324818 
7.136828877 5.121186419 

2.887571026 1.453659371 
2.839643127 1.521090749 

6.425252999 6.009907164 
6.484735039 5.909230629 

6.548466144 5.80236188 
6.484735039 5.909230629 

7.578684999 6.50371215 
7.496969314 6.574706944 

7.426426316 6.650709948 
7.496969314 6.574706944 

5.928764859 6.73635306 
5.934337508 6.587040718 

1.672052448 8.324299966 
1.60227548 8.264187527 

1.531523975 8.204584898 
1.60227548 8.264187527 

2.429583283 7.014755124 
2.416986727 7.115057274 

2.41419085 7.216171266 
2.416986727 7.115057274 

3.562979472 0.4232474597 
3.829385702 0.4715621022 

3.9188317 1.589546053 
3.955181443 1.624334899 

5.91307104 7.544009687 
5.888490059 7.603688195 

3.961408783 0.4950062711 
4.027420323 0.5067283556 

4.093431863 0.5184504401 
4.027420323 0.5067283556 

0.3922202826 7.493143145 
0.3743666738 7.522474977 

0.3743666738 7.522474977 
0.3654170151 7.537053881 

0.3564673563 7.551632785 
0.3654170151 7.537053881 

3.829385702 0.4715621022 
3.895397242 0.4832841867 

3.961408783 0.4950062711 
3.895397242 0.4832841867 

5.873253507 7.080587503 
5.820864907 7.117773219 

5.757514817 7.14006346 
5.820864907 7.117773219 

1.485954139 7.403536778 
1.644204114 7.372379717 

3.312688743 7.237681739 
3.328823797 7.177593664 

3.345754284 7.117927947 
3.328823797 7.177593664 

3.525538902 1.646442138 
3.64458345 1.610990487 

2.619211281 3.176506598 
2.64416251 3.142098206 

2.669113738 3.107689814 
2.64416251 3.142098206 

3.245828894 8.593766679 
3.172218336 8.626085387 

6.910193214 6.006747806 
6.786318108 6.117023145 

1.879460437 7.426474726 
1.795340706 7.338827351 

1.727085663 7.242053157 
1.795340706 7.338827351 

2.46988439 2.180660959 
2.454607684 2.120324027 

2.43840507 2.06101844 
2.454607684 2.120324027 

2.382552064 7.682242603 
2.496063311 7.654960681 

2.595823163 7.628298319 
2.496063311 7.654960681 

2.797470905 1.414927302 
2.811414103 1.443344796 

2.825932121 1.472221104 
2.811414103 1.443344796 

5.028290698 8.149878512 
5.062187081 8.127032164 

5.086425316 8.115078713 
5.062187081 8.127032164 

0.301587547 8.193409399 
0.3972803782 8.207117412 

0.301587547 8.193409399 
0.3898907449 8.105181384 

0.4781939428 8.016953369 
0.3898907449 8.105181384 

7.430860608 5.347067118 
7.456078987 5.377901581 

7.481297366 5.408736045 
7.456078987 5.377901581 

2.689580197 7.60087034 
2.743853735 7.695406851 

0.3944997166 6.742232234 
0.6093980969 6.949554449 

0.8269086837 7.157375438 
0.6093980969 6.949554449 

2.733498925 7.376453467 
2.813898259 7.301861935 

2.894297594 7.227270403 
2.813898259 7.301861935 

0.7299672138 6.935215345 
0.6093980969 6.949554449 

2.818557206 2.467608675 
2.740872856 2.55058781 

2.662852718 2.633171139 
2.740872856 2.55058781 

6.312744759 5.63881735 
6.393218504 5.658849736 

6.473692249 5.678882123 
6.393218504 5.658849736 

3.615931043 8.499210639 
3.687652458 8.522043161 

3.759373873 8.544875683 
3.687652458 8.522043161 

3.993142431 6.993608942 
4.084086999 7.023589122 

2.038790559 7.021273475 
1.996510059 6.941723818 

1.953651064 6.861335538 
1.996510059 6.941723818 

7.744840189 6.215291861 
7.723568068 6.199219437 

7.702295948 6.183147013 
7.723568068 6.199219437 

