3.225425543 0.920612778 
2.972480032 1.706547555 

4.46612378 2.723155839 
4.563720152 3.388569426 

2.052065839 8.050391673 
2.159252529 7.800519339 

2.756136668 8.839884742 
3.311597603 8.907778349 

4.756533412 4.763167563 
4.471534652 4.504793822 

6.375171847 6.371859085 
6.67993189 6.142142513 

6.913909164 6.006395834 
6.67993189 6.142142513 

1.644028968 7.01088535 
1.355210711 7.208559492 

1.66988879 7.866703441 
1.887502982 7.692144361 

6.48610874 5.273059564 
6.633587153 5.702384009 

4.46612378 2.723155839 
5.044044863 2.553732193 

7.590521061 6.505834402 
6.922808849 6.344544552 

6.67993189 6.142142513 
6.922808849 6.344544552 

3.333788589 2.213651554 
3.078494251 2.330221505 

3.757904182 1.866891694 
3.566062555 1.767160951 

4.186562927 4.130135172 
4.059870607 3.847451645 

7.391084951 7.337898164 
6.827467792 7.364863774 

5.56197908 6.05286361 
5.841313928 6.077494317 

4.471534652 4.504793822 
4.340947333 4.341108605 

4.186562927 4.130135172 
4.340947333 4.341108605 

5.253914583 7.21632542 
4.78210059 7.514929522 

1.947246791 2.914577911 
2.439322729 3.245812207 

2.530081066 1.971750507 
2.728559091 2.092179275 

1.626735655 8.570799218 
1.504485193 8.890892626 

2.726411237 8.247109004 
2.940884842 7.75483357 

2.728559091 2.092179275 
2.165411056 2.294383283 

2.165411056 2.294383283 
2.296276635 2.455702246 

5.714443958 7.32814884 
5.735809542 7.01276715 

0.6809872192 7.589260186 
1.03407365 7.63077297 

1.331563125 7.71624932 
1.03407365 7.63077297 

6.827467792 7.364863774 
6.94404456 7.03403413 

4.19307541 2.347903661 
4.484002873 2.404884385 

1.644028968 7.01088535 
1.196285112 6.926030821 

2.08783967 7.268456146 
2.11209687 7.439850845 

1.470783567 1.726509705 
2.165411056 2.294383283 

6.55230829 6.962448022 
7.150075257 6.679248661 

1.196285112 6.926030821 
0.8286824338 7.160949052 

6.827467792 7.364863774 
6.932203286 7.840398933 

5.042739647 6.593947791 
5.212804447 6.429016871 

5.577830651 7.66949225 
5.758350507 7.762656734 

6.065866358 7.876541997 
5.758350507 7.762656734 

7.150075257 6.679248661 
6.94404456 7.03403413 

2.498919175 8.594211699 
2.726411237 8.247109004 

1.66988879 7.866703441 
1.141383163 8.044684141 

3.671049411 2.053477403 
3.757904182 1.866891694 

2.477582702 3.847609892 
2.439322729 3.245812207 

6.633587153 5.702384009 
6.913909164 6.006395834 

3.208074226 1.902992011 
3.41822982 1.879213214 

3.020245711 6.072295497 
2.740602538 6.292452767 

1.253155597 8.746960419 
1.504485193 8.890892626 

3.225425543 0.920612778 
3.422775646 1.025616803 

4.46612378 2.723155839 
4.484002873 2.404884385 

3.671049411 2.053477403 
4.168069958 1.940125892 

6.037998526 7.108995747 
6.194021076 7.339798284 

2.439322729 3.245812207 
2.363162861 3.405628716 

7.150075257 6.679248661 
6.964997083 6.634609839 

5.615332543 6.502301763 
5.747136585 6.525372576 

0.8286824338 7.160949052 
1.019745414 7.452224672 

2.972480032 1.706547555 
2.8525161 1.614218096 

1.196285112 6.926030821 
1.30257594 6.216284463 

3.095594144 8.316350241 
3.068540131 8.057504141 

4.1256507 5.888978188 
4.198452054 6.218562216 

3.855640015 6.753982045 
4.198452054 6.218562216 

3.777140711 1.36593775 
3.9188317 1.589546053 

7.478127933 5.410297031 
6.938289435 5.671916892 

1.837711881 8.854027217 
1.595930509 9.061331434 

1.100375333 9.289417402 
1.595930509 9.061331434 

5.841313928 6.077494317 
6.076930953 6.007386271 

3.225425543 0.920612778 
3.127837261 1.30060993 

3.566062555 1.767160951 
3.127837261 1.30060993 

6.312675025 5.639436831 
6.141704905 5.339864533 

0.3944997166 6.742232234 
0.9931087566 6.780997847 

1.196285112 6.926030821 
0.9931087566 6.780997847 

5.253914583 7.21632542 
5.735809542 7.01276715 

4.783024434 6.773139293 
4.901421148 6.878126369 

3.311597603 8.907778349 
3.245828894 8.593766679 

6.922808849 6.344544552 
6.727156233 6.50129718 

2.530081066 1.971750507 
2.355009043 1.778568495 

2.165411056 2.294383283 
2.115018926 2.117733929 

1.311891976 2.299437112 
1.646871093 2.287863564 

2.01305968 8.53303375 
2.026911546 8.846002467 

7.308518871 7.821191543 
6.932203286 7.840398933 

3.748427688 0.8320173479 
3.577090367 0.7932395785 

4.775917588 5.638815212 
4.839327701 5.835541437 

2.358302439 0.9284130688 
2.256673314 0.6485282485 

7.303154121 6.165344026 
7.202123453 6.311429941 

4.367329196 7.629057492 
4.324986962 7.29759587 

4.324986962 7.29759587 
4.548151353 7.321881299 

1.837711881 8.854027217 
2.026911546 8.846002467 

6.317617909 8.007727938 
5.559961453 7.972969385 

7.233603274 5.21345319 
7.095387117 5.362977944 

5.559961453 7.972969385 
5.577830651 7.66949225 

1.141383163 8.044684141 
1.331563125 7.71624932 

0.3045435422 8.192038472 
0.6378269478 7.988966893 

4.445815358 1.365837256 
3.9188317 1.589546053 

5.62969178 4.975705562 
5.507099721 4.777361306 

5.184237426 4.764342653 
5.507099721 4.777361306 

3.095594144 8.316350241 
3.245828894 8.593766679 

5.841313928 6.077494317 
6.061936843 6.266170969 

2.498919175 8.594211699 
2.609917992 8.923295675 

3.08708691 0.3139071229 
3.372620959 0.7232031397 

3.422775646 1.025616803 
3.372620959 0.7232031397 

3.649512766 3.026631868 
3.761374007 3.282915857 

2.477582702 3.847609892 
2.363162861 3.405628716 

2.115018926 2.117733929 
2.728559091 2.092179275 

4.1256507 5.888978188 
4.708311598 6.294385348 

5.042739647 6.593947791 
4.708311598 6.294385348 

1.834263528 6.347126887 
1.635389805 6.652078985 

6.194021076 7.339798284 
5.714443958 7.32814884 

3.245828894 8.593766679 
3.384597103 8.383713339 

2.728559091 2.092179275 
2.502967865 2.189865532 

2.115018926 2.117733929 
1.810621635 2.196312688 

3.946723349 2.57529385 
3.609501301 2.517324749 

3.532878873 2.300508322 
3.609501301 2.517324749 

2.11209687 7.439850845 
2.255145726 7.507518883 

2.853567355 6.656342597 
3.411353253 6.453831394 

7.590521061 6.505834402 
7.250612622 6.503879427 

6.827467792 7.364863774 
6.615927355 7.482506459 

1.66988879 7.866703441 
1.467994603 7.991660786 

7.150075257 6.679248661 
7.425258283 6.649770241 

6.061936843 6.266170969 
6.076930953 6.007386271 

1.467994603 7.991660786 
1.440084376 8.131409127 

2.465061473 6.013478626 
2.706116432 6.124637158 

2.740602538 6.292452767 
2.706116432 6.124637158 

2.726411237 8.247109004 
2.384799122 8.343923857 

2.819832428 2.462838655 
2.900356629 2.26940348 

2.961848403 2.028303803 
2.900356629 2.26940348 

1.196285112 6.926030821 
1.355210711 7.208559492 

2.363162861 3.405628716 
2.170015289 3.332251541 

1.019745414 7.452224672 
1.154607833 7.145927586 

1.196285112 6.926030821 
1.154607833 7.145927586 

4.708311598 6.294385348 
4.638865115 6.479749384 

3.855640015 6.753982045 
3.822897271 7.121930283 

2.619211281 3.176506598 
2.439322729 3.245812207 

3.151109593 3.297746681 
3.207775697 3.515293887 

5.184237426 4.764342653 
4.928014694 4.959971492 

4.756533412 4.763167563 
4.928014694 4.959971492 

5.62969178 4.975705562 
5.887722136 4.736872441 

1.03407365 7.63077297 
1.019745414 7.452224672 

2.354601882 1.340724968 
2.068115561 1.353623104 

2.756136668 8.839884742 
2.609917992 8.923295675 

5.615332543 6.502301763 
5.61982875 6.750715583 

0.7381577374 8.296843315 
0.6378269478 7.988966893 

6.669539905 8.242277767 
6.642672993 7.946094167 

1.646871093 2.287863564 
1.601311714 2.41972448 

2.726411237 8.247109004 
3.068540131 8.057504141 

1.934508517 1.493644486 
1.90636266 1.677903849 

5.61982875 6.750715583 
5.931305043 6.723697193 

2.972480032 1.706547555 
2.961848403 2.028303803 

4.445815358 1.365837256 
4.564489359 1.624563607 

3.577090367 0.7932395785 
3.562337609 0.4240968854 

4.783024434 6.773139293 
4.547104839 6.956780062 

0.8286824338 7.160949052 
1.154607833 7.145927586 

3.609501301 2.517324749 
3.487995366 2.638302591 

1.311891976 2.299437112 
1.601311714 2.41972448 

2.676190996 0.4513402897 
2.764540752 0.8429145979 

3.078494251 2.330221505 
2.900356629 2.26940348 

4.46612378 2.723155839 
4.403468128 2.862802925 

1.810621635 2.196312688 
1.646871093 2.287863564 

2.853567355 6.656342597 
2.879216793 6.819045427 

2.924807179 2.896772694 
2.979665423 2.691513266 

5.577830651 7.66949225 
5.247856697 7.709220202 

0.8286824338 7.160949052 
0.9931087566 6.780997847 

4.563720152 3.388569426 
4.560584837 3.139876491 

4.327019735 3.154534072 
4.560584837 3.139876491 

2.651218799 9.464384154 
2.742849242 9.147662704 

2.756136668 8.839884742 
2.742849242 9.147662704 

6.764994376 6.782913891 
6.727156233 6.50129718 

3.734309842 7.547152234 
4.072290687 7.649029526 

1.934508517 1.493644486 
2.068115561 1.353623104 

3.422775646 1.025616803 
3.577090367 0.7932395785 

6.141704905 5.339864533 
6.317076041 5.454034717 

6.48610874 5.273059564 
6.317076041 5.454034717 

0.7288286323 8.843226332 
0.5162928466 8.628758048 

2.972480032 1.706547555 
3.02578509 1.555073132 

5.013887562 8.005737661 
5.451228804 7.651711733 

7.202123453 6.311429941 
7.250612622 6.503879427 

6.913909164 6.006395834 
6.938289435 5.671916892 

1.355210711 7.208559492 
0.9678093197 6.978310351 

3.384597103 8.383713339 
3.540344772 8.321199418 

5.901505421 5.530605723 
6.141704905 5.339864533 

1.440084376 8.131409127 
1.514800954 8.38952205 

1.626735655 8.570799218 
1.514800954 8.38952205 

2.726411237 8.247109004 
2.795591956 8.478816386 

5.253914583 7.21632542 
5.247856697 7.709220202 

6.727156233 6.50129718 
6.595263489 6.683839048 

5.481163038 5.687403511 
5.091873893 5.935716573 

2.728559091 2.092179275 
2.961848403 2.028303803 

0.6378269478 7.988966893 
0.6809872192 7.589260186 

6.669539905 8.242277767 
7.011271992 8.058134402 

0.6378269478 7.988966893 
0.8316143862 7.857022673 

0.9678093197 6.978310351 
1.196285112 6.926030821 

4.564489359 1.624563607 
4.285846064 1.57446256 

4.125742375 1.391205191 
4.285846064 1.57446256 

4.168069958 1.940125892 
3.9364638 2.169130574 

1.601311714 2.41972448 
1.522487251 2.463297248 

3.26877846 3.919941067 
3.186521677 3.623809911 

2.995370393 3.418273057 
3.186521677 3.623809911 

5.212804447 6.429016871 
5.000026094 6.334541029 

4.708311598 6.294385348 
5.000026094 6.334541029 

4.775917588 5.638815212 
5.165287608 5.427877467 

1.672429477 6.376094449 
1.834263528 6.347126887 

3.02578509 1.555073132 
2.8525161 1.614218096 

2.893493081 7.227573504 
2.657410961 7.304657123 

2.740602538 6.292452767 
2.786781723 6.457281982 

0.9931087566 6.780997847 
1.088802512 6.594217056 

1.635389805 6.652078985 
1.196285112 6.926030821 

3.127837261 1.30060993 
2.990019194 1.313273041 

1.30257594 6.216284463 
1.3212396 6.587346259 

0.6809872192 7.589260186 
0.5231074366 7.666770373 

7.425258283 6.649770241 
7.250612622 6.503879427 

4.563720152 3.388569426 
4.879082877 2.937039134 

5.044044863 2.553732193 
4.879082877 2.937039134 

2.379003043 6.41809555 
2.740602538 6.292452767 

5.887722136 4.736872441 
6.0210459 4.816879831 

3.225425543 0.920612778 
3.372620959 0.7232031397 

1.879698826 0.7765163409 
1.867989192 1.054166783 

6.764994376 6.782913891 
6.595263489 6.683839048 

5.460575003 7.035340724 
5.683046392 6.890179975 

5.61982875 6.750715583 
5.683046392 6.890179975 

4.573257513 1.834293811 
4.730203978 1.817431331 

4.972250611 1.714059781 
4.730203978 1.817431331 

1.504485193 8.890892626 
1.342954997 9.068107147 

4.901421148 6.878126369 
4.931938989 7.115340974 

2.609917992 8.923295675 
2.742849242 9.147662704 

4.928014694 4.959971492 
4.829226122 5.150454003 

6.633587153 5.702384009 
6.889956642 5.392970335 

4.829226122 5.150454003 
4.452849112 5.284626925 

1.253155597 8.746960419 
1.514800954 8.38952205 

6.938289435 5.671916892 
6.889956642 5.392970335 

4.079563985 0.9699632506 
4.130039177 0.8303419568 

2.8525161 1.614218096 
2.591725637 1.676028401 

2.355009043 1.778568495 
2.591725637 1.676028401 

3.734309842 7.547152234 
3.359794206 7.922738362 

3.734309842 7.547152234 
3.63887443 7.862185319 

4.548151353 7.321881299 
4.547104839 6.956780062 

2.530081066 1.971750507 
2.591725637 1.676028401 

3.761374007 3.282915857 
3.64080332 3.209570627 

2.454261344 8.031013683 
2.265287351 8.068569702 

2.893493081 7.227573504 
3.106412363 7.028294556 

1.887502982 7.692144361 
2.050760064 7.68367595 

3.020245711 6.072295497 
2.706116432 6.124637158 

5.086772491 2.114358232 
4.90328002 1.98719677 

4.708311598 6.294385348 
4.576382429 6.103459646 

2.174565301 9.269126528 
2.389823435 8.834504283 

1.644028968 7.01088535 
1.730785178 7.353946945 

4.125742375 1.391205191 
4.516053136 0.8178691827 

7.391084951 7.337898164 
7.194286169 7.060755429 

3.095594144 8.316350241 
2.795591956 8.478816386 

2.795591956 8.478816386 
3.018982594 8.645517718 

1.355210711 7.208559492 
1.730785178 7.353946945 

2.619211281 3.176506598 
2.683821783 3.37678278 

6.889956642 5.392970335 
7.095387117 5.362977944 

4.46612378 2.723155839 
4.554294006 2.584171491 

3.170719652 2.205687558 
3.230590315 2.124208613 

4.775917588 5.638815212 
4.864374564 5.418997145 

4.516053136 0.8178691827 
4.130039177 0.8303419568 

1.440084376 8.131409127 
1.707413283 8.1726802 

3.671049411 2.053477403 
3.432379412 2.082453132 

6.248535926 6.946654827 
6.241783711 6.745240877 

3.078494251 2.330221505 
3.170719652 2.205687558 

3.068540131 8.057504141 
3.359794206 7.922738362 

3.018982594 8.645517718 
3.096632649 8.724949037 

5.451228804 7.651711733 
5.577830651 7.66949225 

2.662002852 2.630314885 
2.731925981 2.836802799 

2.924807179 2.896772694 
2.731925981 2.836802799 

7.590521061 6.505834402 
7.61286303 6.706882019 

3.078494251 2.330221505 
3.04342086 2.496279024 

2.676190996 0.4513402897 
2.392823279 0.6951631826 

2.256673314 0.6485282485 
2.392823279 0.6951631826 

1.672429477 6.376094449 
1.711953402 6.173281096 

3.020245711 6.072295497 
3.089330621 6.319032598 

5.013887562 8.005737661 
5.140536094 7.893953964 

5.247856697 7.709220202 
5.140536094 7.893953964 

2.358302439 0.9284130688 
2.444403117 0.7403202306 

2.609917992 8.923295675 
2.525280901 9.106605535 

3.422775646 1.025616803 
3.263841933 1.113604717 

3.127837261 1.30060993 
3.263841933 1.113604717 

2.170015289 3.332251541 
2.098427786 3.493948435 

4.125742375 1.391205191 
4.002865045 1.385660292 

1.311891976 2.299437112 
1.522487251 2.463297248 

1.311891976 2.299437112 
1.534033526 2.051646857 

0.7666462403 8.116347133 
0.6378269478 7.988966893 

7.303154121 6.165344026 
7.404694396 6.161906503 

4.19307541 2.347903661 
4.46612378 2.723155839 

4.168069958 1.940125892 
4.271545759 2.129303009 

2.444403117 0.7403202306 
2.464847831 0.544831072 

1.019745414 7.452224672 
1.272300597 7.446431791 

5.042739647 6.593947791 
4.901421148 6.878126369 

1.100375333 9.289417402 
1.382743298 8.674090874 

4.547104839 6.956780062 
4.372864756 6.642960684 

0.9678093197 6.978310351 
0.8286824338 7.160949052 

7.202123453 6.311429941 
7.404694396 6.161906503 

2.01305968 8.53303375 
2.131815903 8.418299295 

7.011271992 8.058134402 
6.932203286 7.840398933 

0.3944997166 6.742232234 
0.713159683 6.624072859 

0.7381577374 8.296843315 
0.757747849 8.539807603 

7.308518871 7.821191543 
7.206669863 7.556356367 

1.253155597 8.746960419 
1.382743298 8.674090874 

3.26877846 3.919941067 
3.524307203 3.848422727 

3.724212842 4.000760446 
3.524307203 3.848422727 

5.758350507 7.762656734 
5.912741443 7.544220596 

1.141383163 8.044684141 
0.8316143862 7.857022673 

1.253155597 8.746960419 
1.055388757 8.701061906 

4.324986962 7.29759587 
3.978089568 7.448888272 

3.734309842 7.547152234 
3.978089568 7.448888272 

2.530081066 1.971750507 
2.721357877 1.856174126 

2.159252529 7.800519339 
2.200447755 7.708454285 

2.381445047 7.682479713 
2.200447755 7.708454285 

3.225425543 0.920612778 
3.263841933 1.113604717 

6.279876668 4.70061252 
6.164735422 5.025073017 

2.940884842 7.75483357 
2.990352436 7.922575619 

3.068540131 8.057504141 
2.990352436 7.922575619 

2.361394026 7.87149796 
2.200447755 7.708454285 

6.727156233 6.50129718 
6.555303892 6.471580023 

4.072290687 7.649029526 
3.978089568 7.448888272 

6.555303892 6.471580023 
6.595263489 6.683839048 

6.312675025 5.639436831 
6.036285981 5.877470467 

5.841313928 6.077494317 
6.036285981 5.877470467 

0.7487656663 6.360780036 
1.046467548 6.377170508 

2.502967865 2.189865532 
2.48615306 2.341176794 

5.380616912 6.726562163 
5.61982875 6.750715583 

2.789068126 7.572703989 
2.940884842 7.75483357 

2.768610738 7.979399911 
2.990352436 7.922575619 

4.198452054 6.218562216 
4.576382429 6.103459646 

6.764994376 6.782913891 
6.863083078 6.73822621 

6.964997083 6.634609839 
6.863083078 6.73822621 

4.198452054 6.218562216 
4.251937813 6.474736101 

4.372864756 6.642960684 
4.251937813 6.474736101 

5.735809542 7.01276715 
5.683046392 6.890179975 

5.931305043 6.723697193 
5.683046392 6.890179975 

7.404694396 6.161906503 
7.480779945 6.243932437 

7.095387117 5.362977944 
7.478127933 5.410297031 

2.439322729 3.245812207 
2.354843286 2.932212847 

3.372620959 0.7232031397 
3.577090367 0.7932395785 

4.864374564 5.418997145 
5.165287608 5.427877467 

5.013887562 8.005737661 
5.113760329 7.633271543 

4.19307541 2.347903661 
4.311322617 2.222579858 

4.271545759 2.129303009 
4.311322617 2.222579858 

5.56197908 6.05286361 
5.261610192 6.014586615 

5.091873893 5.935716573 
5.261610192 6.014586615 

7.095387117 5.362977944 
7.023312779 5.516769439 

6.938289435 5.671916892 
7.023312779 5.516769439 

4.012789934 3.096792657 
4.122934299 2.845316235 

6.55230829 6.962448022 
6.241783711 6.745240877 

7.250612622 6.503879427 
7.150075257 6.679248661 

6.061936843 6.266170969 
5.881275856 6.407211285 

5.747136585 6.525372576 
5.881275856 6.407211285 

6.076930953 6.007386271 
6.036285981 5.877470467 

4.445815358 1.365837256 
4.356703222 1.194283233 

5.897290364 6.550511777 
5.881275856 6.407211285 

1.810621635 2.196312688 
1.534033526 2.051646857 

6.922808849 6.344544552 
6.555303892 6.471580023 

0.5162928466 8.628758048 
0.6572055539 8.557568651 

0.757747849 8.539807603 
0.6572055539 8.557568651 

1.759517485 9.320110402 
1.711744933 9.174590324 

1.595930509 9.061331434 
1.711744933 9.174590324 

3.63887443 7.862185319 
3.540344772 8.321199418 

1.57999865 7.52327622 
1.741904775 7.623077811 

1.887502982 7.692144361 
1.741904775 7.623077811 

1.957774222 3.335323127 
1.918205913 3.484086203 

1.3212396 6.587346259 
1.088802512 6.594217056 

1.514800954 8.38952205 
1.671113089 8.324596592 

2.415710682 6.246495588 
2.177419061 6.044899553 

4.864374564 5.418997145 
5.054172044 5.162985586 

3.331094439 0.5204740373 
3.411093055 0.2962991391 

1.618424123 1.403862997 
1.914103668 1.317619494 

2.068115561 1.353623104 
1.914103668 1.317619494 

2.01305968 8.53303375 
1.626735655 8.570799218 

1.141383163 8.044684141 
1.286758071 7.964587097 

1.834263528 6.347126887 
1.993902854 6.334130371 

1.934508517 1.493644486 
1.914103668 1.317619494 

1.810621635 2.196312688 
1.63881614 2.202664358 

4.093431863 0.5184504401 
4.095619419 0.7373416537 

4.130039177 0.8303419568 
4.095619419 0.7373416537 

3.26877846 3.919941067 
3.387900448 3.713450795 

3.207775697 3.515293887 
3.387900448 3.713450795 

0.713159683 6.624072859 
0.7802083184 6.572527491 

2.972480032 1.706547555 
2.721357877 1.856174126 

7.171287173 5.93108688 
7.234418858 5.728343428 

2.098427786 3.493948435 
2.041979845 3.450741572 

1.957774222 3.335323127 
2.041979845 3.450741572 

2.995370393 3.418273057 
2.811834102 3.549086515 

5.212804447 6.429016871 
5.261610192 6.014586615 

3.372620959 0.7232031397 
3.331094439 0.5204740373 

6.55230829 6.962448022 
6.392487828 6.682045438 

6.375171847 6.371859085 
6.392487828 6.682045438 

3.333788589 2.213651554 
3.312825156 2.383884186 

3.311597603 8.907778349 
2.862447557 8.692083691 

2.498919175 8.594211699 
2.862447557 8.692083691 

3.566062555 1.767160951 
3.64597165 1.614299744 

5.182905307 8.070142811 
5.140536094 7.893953964 

1.947246791 2.914577911 
1.728157607 2.73506204 

6.55230829 6.962448022 
6.423592114 6.822783634 

6.248535926 6.946654827 
6.423592114 6.822783634 

3.946723349 2.57529385 
3.708649986 2.324242245 

3.671049411 2.053477403 
3.708649986 2.324242245 

2.358302439 0.9284130688 
2.392823279 0.6951631826 

3.207775697 3.515293887 
3.186521677 3.623809911 

2.464847831 0.544831072 
2.392823279 0.6951631826 

1.672429477 6.376094449 
1.3212396 6.587346259 

1.635389805 6.652078985 
1.84752764 6.727863478 

1.883839234 7.431467184 
1.730785178 7.353946945 

5.113760329 7.633271543 
4.971657014 7.632447713 

7.234418858 5.728343428 
7.303889201 5.622867131 

3.63887443 7.862185319 
3.734741223 8.212706177 

1.63881614 2.202664358 
1.646871093 2.287863564 

5.901505421 5.530605723 
5.712200671 5.639717353 

7.480779945 6.243932437 
7.531169223 6.216267949 

2.728559091 2.092179275 
2.722561031 2.245025422 

2.819832428 2.462838655 
2.722561031 2.245025422 

5.931305043 6.723697193 
5.738923677 6.643207803 

5.615332543 6.502301763 
5.738923677 6.643207803 

4.1256507 5.888978188 
4.790298577 5.961834162 

5.56197908 6.05286361 
4.790298577 5.961834162 

2.336873856 7.356960433 
2.412955419 7.217489663 

4.775917588 5.638815212 
4.790298577 5.961834162 

6.317617909 8.007727938 
6.220311458 8.004335673 

2.197910588 3.662263411 
1.994164377 3.453252018 

3.649512766 3.026631868 
3.64080332 3.209570627 

4.839327701 5.835541437 
4.790298577 5.961834162 

6.94404456 7.03403413 
7.068094346 6.917321846 

5.747136585 6.525372576 
5.738923677 6.643207803 

1.342954997 9.068107147 
1.369370614 9.182025532 

1.522487251 2.463297248 
1.506510575 2.605203027 

3.532878873 2.300508322 
3.708649986 2.324242245 

6.48610874 5.273059564 
6.730173258 5.114252077 

2.768610738 7.979399911 
2.520369164 7.945567783 

2.361394026 7.87149796 
2.520369164 7.945567783 

6.069958384 6.596930759 
5.981392419 6.587386544 

4.168069958 1.940125892 
3.982718061 1.885118384 

7.478127933 5.410297031 
7.360390462 5.576244276 

7.303889201 5.622867131 
7.360390462 5.576244276 

7.011271992 8.058134402 
7.042148956 7.887267044 

3.426018338 1.600930425 
3.331045483 1.449642017 

3.127837261 1.30060993 
3.331045483 1.449642017 

2.756136668 8.839884742 
2.862447557 8.692083691 

5.182905307 8.070142811 
5.243595583 8.162296385 

4.547104839 6.956780062 
4.300431248 6.934946531 

6.194021076 7.339798284 
6.411158593 7.247059292 

2.795591956 8.478816386 
2.862447557 8.692083691 

7.61286303 6.706882019 
7.650906965 6.868018523 

1.382743298 8.674090874 
1.514800954 8.38952205 

3.41822982 1.879213214 
3.432379412 2.082453132 

1.998580681 8.230854503 
1.89912571 8.45982478 

2.789068126 7.572703989 
2.79261057 7.456134307 

5.714443958 7.32814884 
5.686135784 7.580509147 

5.577830651 7.66949225 
5.686135784 7.580509147 

4.372864756 6.642960684 
4.134657152 6.735616599 

2.764540752 0.8429145979 
2.815746594 0.9820905905 

1.382743298 8.674090874 
1.307104905 8.441014857 

2.174565301 9.269126528 
2.408559714 9.337110956 

2.651218799 9.464384154 
2.408559714 9.337110956 

2.354601882 1.340724968 
2.668930333 1.574155 

2.972480032 1.706547555 
2.668930333 1.574155 

6.241783711 6.745240877 
6.392487828 6.682045438 

5.042739647 6.593947791 
5.139422233 6.721263293 

5.380616912 6.726562163 
5.139422233 6.721263293 

5.247856697 7.709220202 
5.113760329 7.633271543 

2.256673314 0.6485282485 
2.074238739 0.7093925137 

1.954061484 6.861933497 
1.84752764 6.727863478 

0.5231074366 7.666770373 
0.5368251129 7.552378444 

0.3810467716 7.466764775 
0.5368251129 7.552378444 

1.625165301 3.27159154 
1.868079951 3.406788719 

1.994164377 3.453252018 
1.868079951 3.406788719 

3.314033729 7.238964376 
3.443600697 7.308689709 

3.220258407 2.902310948 
3.347031632 2.678944894 

3.487995366 2.638302591 
3.347031632 2.678944894 

3.540344772 8.321199418 
3.734741223 8.212706177 

3.089330621 6.319032598 
3.115304009 6.408720583 

2.354843286 2.932212847 
2.576670495 2.876700214 

2.731925981 2.836802799 
2.576670495 2.876700214 

1.644028968 7.01088535 
1.7202533 7.221593215 

4.839327701 5.835541437 
5.005402243 5.691043461 

5.165287608 5.427877467 
5.005402243 5.691043461 

2.900356629 2.26940348 
2.722561031 2.245025422 

1.331563125 7.71624932 
0.8533168743 7.984582392 

1.355210711 7.208559492 
1.154607833 7.145927586 

4.560584837 3.139876491 
4.668559903 3.139924434 

2.815746594 0.9820905905 
2.881518341 0.8911634358 

3.010082398 0.7593189116 
2.881518341 0.8911634358 

3.411093055 0.2962991391 
3.275049299 0.3460234093 

0.9678093197 6.978310351 
0.9931087566 6.780997847 

1.90636266 1.677903849 
1.704525553 1.783739287 

6.889956642 5.392970335 
7.023312779 5.516769439 

3.946723349 2.57529385 
3.760372687 2.769610923 

3.649512766 3.026631868 
3.760372687 2.769610923 

5.738923677 6.643207803 
5.61982875 6.750715583 

1.66988879 7.866703441 
1.85704257 7.91220072 

0.6007953878 7.320809708 
0.7098663005 7.279012152 

0.8286824338 7.160949052 
0.7098663005 7.279012152 

1.618424123 1.403862997 
1.800370732 1.410251545 

1.934508517 1.493644486 
1.800370732 1.410251545 

1.730785178 7.353946945 
1.7202533 7.221593215 

3.208074226 1.902992011 
3.162060143 2.044639142 

4.300431248 6.934946531 
4.134657152 6.735616599 

1.046467548 6.377170508 
1.159692009 6.298569557 

1.141383163 8.044684141 
0.8533168743 7.984582392 

6.345063104 8.334859312 
6.290158178 8.106009247 

2.811834102 3.549086515 
2.757341231 3.622460134 

5.451228804 7.651711733 
5.247856697 7.709220202 

5.507099721 4.777361306 
5.605665787 4.592740205 

7.590521061 6.505834402 
7.480779945 6.243932437 

7.194286169 7.060755429 
6.94404456 7.03403413 

2.742849242 9.147662704 
2.650839374 9.145300287 

6.633587153 5.702384009 
6.938289435 5.671916892 

2.853567355 6.656342597 
2.639626184 6.651521295 

2.662002852 2.630314885 
2.576670495 2.876700214 

2.117534213 7.566783191 
2.255145726 7.507518883 

2.115018926 2.117733929 
1.943473535 1.990913276 

6.727156233 6.50129718 
6.863083078 6.73822621 

5.165287608 5.427877467 
5.054172044 5.162985586 

7.194286169 7.060755429 
7.082335652 7.165979088 

5.931305043 6.723697193 
5.981392419 6.587386544 

5.471703914 8.21920001 
5.355228646 8.148041949 

5.243595583 8.162296385 
5.355228646 8.148041949 

7.391084951 7.337898164 
7.241529864 7.457728172 

1.918205913 3.484086203 
1.994164377 3.453252018 

2.498919175 8.594211699 
2.630401669 8.720047347 

2.756136668 8.839884742 
2.630401669 8.720047347 

4.356703222 1.194283233 
4.351623074 1.045869964 

5.931305043 6.723697193 
5.778974179 6.873828033 

3.115304009 6.408720583 
3.196745289 6.427813565 

6.642672993 7.946094167 
6.8798609 7.96666735 

7.011271992 8.058134402 
6.8798609 7.96666735 

1.503511894 9.44022819 
1.369370614 9.182025532 

3.26877846 3.919941067 
3.464718067 3.62444996 

6.922808849 6.344544552 
6.964997083 6.634609839 

4.19307541 2.347903661 
4.566791163 2.045311773 

4.972250611 1.714059781 
4.566791163 2.045311773 

4.573257513 1.834293811 
4.669454876 1.695135593 

4.564489359 1.624563607 
4.669454876 1.695135593 

6.67993189 6.142142513 
6.630032244 6.277175263 

6.555303892 6.471580023 
6.630032244 6.277175263 

3.426018338 1.600930425 
3.64597165 1.614299744 

2.979665423 2.691513266 
3.065782868 2.733754977 

2.721357877 1.856174126 
2.668930333 1.574155 

2.174565301 9.269126528 
2.071802815 9.083590024 

2.278112463 7.100604308 
2.412955419 7.217489663 

1.728157607 2.73506204 
1.562377168 2.682851754 

3.230590315 2.124208613 
3.280807411 2.147189809 

3.432379412 2.082453132 
3.280807411 2.147189809 

3.411353253 6.453831394 
3.256342102 6.43935002 

3.196745289 6.427813565 
3.256342102 6.43935002 

6.67993189 6.142142513 
6.975207903 5.903563492 

5.778974179 6.873828033 
5.683046392 6.890179975 

3.822897271 7.121930283 
3.978089568 7.448888272 

6.069958384 6.596930759 
6.163741446 6.53040552 

6.335455356 6.147719201 
6.375171847 6.371859085 

1.618424123 1.403862997 
1.878804722 1.508801262 

2.209186578 1.734253621 
1.878804722 1.508801262 

6.290158178 8.106009247 
6.19043584 8.107816539 

3.162060143 2.044639142 
3.230590315 2.124208613 

3.311597603 8.907778349 
3.171837048 8.626782522 

3.095594144 8.316350241 
3.171837048 8.626782522 

4.576382429 6.103459646 
4.790298577 5.961834162 

3.464718067 3.62444996 
3.387900448 3.713450795 

6.335455356 6.147719201 
6.228483236 6.072800573 

6.076930953 6.007386271 
6.228483236 6.072800573 

1.918205913 3.484086203 
1.868079951 3.406788719 

6.058016546 8.196597937 
6.143697918 8.072125993 

6.220311458 8.004335673 
6.143697918 8.072125993 

3.562337609 0.4240968854 
3.411093055 0.2962991391 

3.562337609 0.4240968854 
3.45015655 0.5729989384 

3.372620959 0.7232031397 
3.45015655 0.5729989384 

5.481163038 5.687403511 
5.261610192 6.014586615 

2.498919175 8.594211699 
2.317086391 8.52396506 

2.01305968 8.53303375 
2.317086391 8.52396506 

3.208074226 1.902992011 
3.02578509 1.555073132 

6.317076041 5.454034717 
6.312675025 5.639436831 

5.881275856 6.407211285 
5.704327221 6.263628545 

7.478127933 5.410297031 
7.223865253 5.654096319 

6.975207903 5.903563492 
7.223865253 5.654096319 

6.065866358 7.876541997 
6.220311458 8.004335673 

2.879216793 6.819045427 
2.927168608 7.01646478 

3.7118183 2.587339164 
3.609501301 2.517324749 

6.317617909 8.007727938 
6.290158178 8.106009247 

4.576382429 6.103459646 
4.620985673 6.29652594 

4.638865115 6.479749384 
4.620985673 6.29652594 

6.392487828 6.682045438 
6.423592114 6.822783634 

0.6809872192 7.589260186 
0.5413773843 7.889843152 

3.7118183 2.587339164 
3.760372687 2.769610923 

4.072290687 7.649029526 
4.206437343 7.43797611 

4.324986962 7.29759587 
4.206437343 7.43797611 

0.5413773843 7.889843152 
0.6378269478 7.988966893 

5.901505421 5.530605723 
5.95152955 5.720300372 

6.036285981 5.877470467 
5.95152955 5.720300372 

1.626735655 8.570799218 
1.382743298 8.674090874 

1.883839234 7.431467184 
2.117534213 7.566783191 

1.470783567 1.726509705 
1.739436805 1.891874202 

1.943473535 1.990913276 
1.739436805 1.891874202 

3.41822982 1.879213214 
3.566062555 1.767160951 

7.194286169 7.060755429 
7.334773189 7.028244638 

7.554029225 6.993178107 
7.334773189 7.028244638 

5.165287608 5.427877467 
5.278276425 5.555142675 

6.065866358 7.876541997 
6.143697918 8.072125993 

1.355210711 7.208559492 
1.274484842 7.356696111 

1.272300597 7.446431791 
1.274484842 7.356696111 

3.9364638 2.169130574 
3.708649986 2.324242245 

2.389823435 8.834504283 
2.609917992 8.923295675 

1.503511894 9.44022819 
1.366332407 9.270496649 

3.325730381 7.575390007 
3.554289921 7.50811878 

3.734309842 7.547152234 
3.554289921 7.50811878 

4.367329196 7.629057492 
4.206437343 7.43797611 

4.803183986 2.414971812 
4.86617669 2.474947298 

5.044044863 2.553732193 
4.86617669 2.474947298 

2.354601882 1.340724968 
2.31679192 1.469338662 

1.934508517 1.493644486 
1.878804722 1.508801262 

3.275049299 0.3460234093 
3.258266604 0.2089076291 

4.669454876 1.695135593 
4.730203978 1.817431331 

5.704327221 6.263628545 
5.805085585 6.180715369 

5.841313928 6.077494317 
5.805085585 6.180715369 

6.164735422 5.025073017 
6.0210459 4.816879831 

6.141704905 5.339864533 
6.092133191 5.159664004 

3.285644122 6.24450461 
3.173165729 6.205557708 

3.9364638 2.169130574 
3.919240555 2.033313176 

3.982718061 1.885118384 
3.919240555 2.033313176 

1.867989192 1.054166783 
1.741012456 1.150766926 

3.096632649 8.724949037 
3.171837048 8.626782522 

6.065866358 7.876541997 
6.223464063 7.581885244 

1.625165301 3.27159154 
1.77585343 3.068563278 

1.947246791 2.914577911 
1.77585343 3.068563278 

2.296276635 2.455702246 
2.345960794 2.353190914 

2.48615306 2.341176794 
2.345960794 2.353190914 

4.620985673 6.29652594 
4.708311598 6.294385348 

2.381445047 7.682479713 
2.565206844 7.786482835 

5.054172044 5.162985586 
4.829226122 5.150454003 

2.379003043 6.41809555 
2.295465206 6.27906256 

3.280807411 2.147189809 
3.333788589 2.213651554 

2.961848403 2.028303803 
3.02366364 2.235837688 

3.078494251 2.330221505 
3.02366364 2.235837688 

6.94404456 7.03403413 
7.023096024 7.082432251 

7.082335652 7.165979088 
7.023096024 7.082432251 

4.864374564 5.418997145 
4.756606101 5.367544003 

2.026911546 8.846002467 
2.071802815 9.083590024 

7.531169223 6.216267949 
7.576927846 6.26048239 

1.286758071 7.964587097 
1.454089396 7.896771658 

1.467994603 7.991660786 
1.454089396 7.896771658 

1.457511572 5.877070481 
1.644675233 6.053514449 

1.711953402 6.173281096 
1.644675233 6.053514449 

5.56197908 6.05286361 
5.357309674 6.199948696 

4.445815358 1.365837256 
4.285846064 1.57446256 

1.957774222 3.335323127 
1.868079951 3.406788719 

3.220258407 2.902310948 
3.065782868 2.733754977 

2.444403117 0.7403202306 
2.392823279 0.6951631826 

1.707413283 8.1726802 
1.8635102 8.18220909 

1.998580681 8.230854503 
1.8635102 8.18220909 

6.913909164 6.006395834 
6.975207903 5.903563492 

5.261610192 6.014586615 
5.357309674 6.199948696 

3.620630871 8.491032879 
3.569624445 8.428893781 

3.540344772 8.321199418 
3.569624445 8.428893781 

2.354601882 1.340724968 
2.367582651 1.217542259 

3.01191516 9.127349949 
3.160772027 8.983597472 

3.748427688 0.8320173479 
3.927612574 0.769682095 

1.088802512 6.594217056 
1.046467548 6.377170508 

5.357309674 6.199948696 
5.180585189 6.227627125 

2.464847831 0.544831072 
2.555667337 0.515563503 

2.197480014 6.732558093 
2.019648842 6.795332191 

1.954061484 6.861933497 
2.019648842 6.795332191 

3.387900448 3.713450795 
3.524307203 3.848422727 

6.241783711 6.745240877 
6.163741446 6.53040552 

2.530081066 1.971750507 
2.43840507 2.06101844 

2.415710682 6.246495588 
2.32895239 6.25228491 

2.295465206 6.27906256 
2.32895239 6.25228491 

6.037998526 7.108995747 
5.966412446 7.114106503 

5.873253507 7.080587503 
5.966412446 7.114106503 

6.335455356 6.147719201 
6.424117181 6.011586874 

3.331094439 0.5204740373 
3.45015655 0.5729989384 

2.278112463 7.100604308 
2.171334195 7.156951079 

2.08783967 7.268456146 
2.171334195 7.156951079 

2.454261344 8.031013683 
2.520369164 7.945567783 

2.498919175 8.594211699 
2.660823184 8.510292943 

5.481163038 5.687403511 
5.712200671 5.639717353 

1.644028968 7.01088535 
1.687530483 7.456354174 

1.66988879 7.866703441 
1.687530483 7.456354174 

6.253577303 5.894016023 
6.036285981 5.877470467 

1.307104905 8.441014857 
1.387485613 8.273424965 

1.440084376 8.131409127 
1.387485613 8.273424965 

6.922808849 6.344544552 
6.630032244 6.277175263 

1.100375333 9.289417402 
1.276082898 9.23496122 

1.369370614 9.182025532 
1.276082898 9.23496122 

0.7288286323 8.843226332 
0.9297304458 8.734941271 

1.055388757 8.701061906 
0.9297304458 8.734941271 

1.534033526 2.051646857 
1.63881614 2.202664358 

6.67993189 6.142142513 
6.520159518 6.149555234 

1.741012456 1.150766926 
1.914103668 1.317619494 

2.757341231 3.622460134 
2.656358802 3.651054564 

7.068094346 6.917321846 
7.023096024 7.082432251 

3.325730381 7.575390007 
3.139476041 7.654065119 

2.940884842 7.75483357 
3.139476041 7.654065119 

1.89912571 8.45982478 
2.012765126 8.397988901 

2.01305968 8.53303375 
2.012765126 8.397988901 

3.106412363 7.028294556 
2.927168608 7.01646478 

4.756606101 5.367544003 
4.687912018 5.336559785 

3.426018338 1.600930425 
3.411536626 1.726013215 

3.41822982 1.879213214 
3.411536626 1.726013215 

5.005402243 5.691043461 
5.192470164 5.687928571 

5.253914583 7.21632542 
5.211451047 7.4256717 

5.113760329 7.633271543 
5.211451047 7.4256717 

6.312675025 5.639436831 
6.067012285 5.656964579 

5.086772491 2.114358232 
5.144300636 2.334459439 

1.57999865 7.52327622 
1.687530483 7.456354174 

3.02578509 1.555073132 
2.776398196 1.421805416 

4.775917588 5.638815212 
4.938048886 5.415304779 

4.059870607 3.847451645 
3.935923692 3.818431773 

5.931305043 6.723697193 
5.966412446 7.114106503 

3.9188317 1.589546053 
3.857326746 1.71100207 

1.635389805 6.652078985 
1.600274392 6.857247295 

1.286758071 7.964587097 
1.467994603 7.991660786 

1.883839234 7.431467184 
1.687530483 7.456354174 

1.883839234 7.431467184 
1.95129509 7.577729944 

4.687912018 5.336559785 
4.630360987 5.318201884 

1.272300597 7.446431791 
1.331563125 7.71624932 

1.803238653 5.99970149 
1.679574712 5.99352996 

1.457511572 5.877070481 
1.679574712 5.99352996 

4.938048886 5.415304779 
4.864374564 5.418997145 

6.061936843 6.266170969 
6.163741446 6.53040552 

2.209186578 1.734253621 
2.355009043 1.778568495 

6.595263489 6.683839048 
6.392487828 6.682045438 

1.03407365 7.63077297 
1.04477645 7.849688321 

1.141383163 8.044684141 
1.04477645 7.849688321 

2.525280901 9.106605535 
2.590936114 9.202872877 

2.650839374 9.145300287 
2.590936114 9.202872877 

5.735809542 7.01276715 
5.778974179 6.873828033 

2.786781723 6.457281982 
2.751777526 6.539256575 

6.922808849 6.344544552 
6.887909898 6.168769408 

5.091873893 5.935716573 
4.790298577 5.961834162 

6.932203286 7.840398933 
6.8798609 7.96666735 

2.052065839 8.050391673 
2.005522758 7.95099486 

2.628933278 5.870356978 
2.497886026 5.939355402 

2.465061473 6.013478626 
2.497886026 5.939355402 

2.900356629 2.26940348 
3.02366364 2.235837688 

3.822897271 7.121930283 
4.104599593 7.186399083 

4.324986962 7.29759587 
4.104599593 7.186399083 

1.95129509 7.577729944 
1.887502982 7.692144361 

2.660823184 8.510292943 
2.726411237 8.247109004 

0.8533168743 7.984582392 
0.8316143862 7.857022673 

4.445815358 1.365837256 
4.288898631 1.382908565 

4.125742375 1.391205191 
4.288898631 1.382908565 

5.897290364 6.550511777 
5.859642788 6.49603075 

5.747136585 6.525372576 
5.859642788 6.49603075 

4.012789934 3.096792657 
4.14888363 3.055192844 

2.197480014 6.732558093 
1.97242211 6.729850484 

1.84752764 6.727863478 
1.97242211 6.729850484 

1.730785178 7.353946945 
1.687530483 7.456354174 

1.57999865 7.52327622 
1.643771427 7.372969621 

1.730785178 7.353946945 
1.643771427 7.372969621 

2.197910588 3.662263411 
2.098427786 3.493948435 

2.477582702 3.847609892 
2.423799285 3.679735722 

2.117534213 7.566783191 
1.95129509 7.577729944 

6.411158593 7.247059292 
6.523879475 7.36000704 

6.615927355 7.482506459 
6.523879475 7.36000704 

1.534033526 2.051646857 
1.585357741 1.912606345 

5.62969178 4.975705562 
5.660923428 4.860780266 

3.170719652 2.205687558 
3.02366364 2.235837688 

6.279876668 4.70061252 
6.320664731 4.841521284 

7.171287173 5.93108688 
6.975207903 5.903563492 

6.730173258 5.114252077 
6.937662976 5.161690678 

5.805085585 6.180715369 
5.881275856 6.407211285 

7.391084951 7.337898164 
7.444640901 6.892872423 

7.590521061 6.505834402 
7.444640901 6.892872423 

0.6809872192 7.589260186 
0.5368251129 7.552378444 

6.061936843 6.266170969 
6.228483236 6.072800573 

2.657410961 7.304657123 
2.734618208 7.374971742 

2.79261057 7.456134307 
2.734618208 7.374971742 

2.8525161 1.614218096 
2.758461622 1.627924532 

4.972250611 1.714059781 
4.807054596 1.753452018 

4.669454876 1.695135593 
4.807054596 1.753452018 

1.100375333 9.289417402 
1.253170717 9.335177358 

1.366332407 9.270496649 
1.253170717 9.335177358 

2.662002852 2.630314885 
2.564969271 2.76263885 

2.972480032 1.706547555 
2.758461622 1.627924532 

3.371033863 6.994481112 
3.376523708 6.740041802 

7.68632603 6.083873739 
7.605807235 6.179300052 

7.576927846 6.26048239 
7.605807235 6.179300052 

7.425258283 6.649770241 
7.61286303 6.706882019 

3.757747618 8.542011621 
3.595502972 8.311773583 

3.359794206 7.922738362 
3.595502972 8.311773583 

1.704525553 1.783739287 
1.739436805 1.891874202 

4.638865115 6.479749384 
4.834817191 6.404668016 

2.001328298 2.564224936 
2.094773652 2.461980759 

2.165411056 2.294383283 
2.094773652 2.461980759 

5.881275856 6.407211285 
5.859642788 6.49603075 

2.358302439 0.9284130688 
2.560225683 0.964767876 

5.253914583 7.21632542 
5.066597613 7.313108661 

3.566062555 1.767160951 
3.411536626 1.726013215 

7.171287173 5.93108688 
7.068781461 5.760936496 

6.938289435 5.671916892 
7.068781461 5.760936496 

6.889956642 5.392970335 
6.996776519 5.291758468 

1.741012456 1.150766926 
1.719268506 1.282110648 

1.618424123 1.403862997 
1.719268506 1.282110648 

5.577427454 5.383506267 
5.650508069 5.578128774 

5.712200671 5.639717353 
5.650508069 5.578128774 

1.253155597 8.746960419 
1.194100158 8.998679868 

6.061936843 6.266170969 
6.012247555 6.487614905 

5.981392419 6.587386544 
6.012247555 6.487614905 

4.452849112 5.284626925 
4.556972848 5.290907488 

4.630360987 5.318201884 
4.556972848 5.290907488 

2.384799122 8.343923857 
2.317086391 8.52396506 

2.074238739 0.7093925137 
2.027348463 0.819972009 

5.615332543 6.502301763 
5.502700577 6.595583908 

5.380616912 6.726562163 
5.502700577 6.595583908 

4.367329196 7.629057492 
4.669836126 7.819361775 

5.013887562 8.005737661 
4.669836126 7.819361775 

1.741904775 7.623077811 
1.95129509 7.577729944 

2.613707169 7.6412601 
2.744228263 7.695155886 

2.940884842 7.75483357 
2.744228263 7.695155886 

2.893493081 7.227573504 
2.717038459 7.134313835 

4.90328002 1.98719677 
4.730203978 1.817431331 

2.170015289 3.332251541 
1.957774222 3.335323127 

0.5413773843 7.889843152 
0.4760598347 8.017530074 

2.379003043 6.41809555 
2.32895239 6.25228491 

4.90328002 1.98719677 
4.912218556 1.834810876 

4.972250611 1.714059781 
4.912218556 1.834810876 

1.993902854 6.334130371 
2.128317822 6.397124995 

4.971657014 7.632447713 
5.140536094 7.893953964 

6.241783711 6.745240877 
6.279568711 6.59222686 

6.375171847 6.371859085 
6.279568711 6.59222686 

4.403468128 2.862802925 
4.281846854 2.798226054 

6.012247555 6.487614905 
6.069958384 6.596930759 

6.996776519 5.291758468 
7.095387117 5.362977944 

3.208074226 1.902992011 
3.279211282 2.016943685 

3.432379412 2.082453132 
3.279211282 2.016943685 

6.076930953 6.007386271 
6.135765136 5.855950041 

3.595502972 8.311773583 
3.540344772 8.321199418 

2.200447755 7.708454285 
2.255145726 7.507518883 

2.131815903 8.418299295 
2.220580597 8.19544993 

2.265287351 8.068569702 
2.220580597 8.19544993 

5.278276425 5.555142675 
5.192470164 5.687928571 

2.555667337 0.515563503 
2.562007316 0.3911452419 

3.04342086 2.496279024 
3.131112783 2.675375949 

6.067012285 5.656964579 
5.95152955 5.720300372 

2.174565301 9.269126528 
1.983724751 9.227166047 

2.717038459 7.134313835 
2.613725577 7.063652382 

7.444640901 6.892872423 
7.334773189 7.028244638 

2.197910588 3.662263411 
2.326580115 3.644021788 

2.423799285 3.679735722 
2.326580115 3.644021788 

4.351623074 1.045869964 
4.371136859 0.9648546511 

3.63887443 7.862185319 
3.51149691 7.963677364 

3.359794206 7.922738362 
3.51149691 7.963677364 

6.058016546 8.196597937 
6.130705571 8.147806821 

6.19043584 8.107816539 
6.130705571 8.147806821 

7.554029225 6.993178107 
7.457239257 6.797893699 

7.425258283 6.649770241 
7.457239257 6.797893699 

2.050760064 7.68367595 
2.200447755 7.708454285 

2.656358802 3.651054564 
2.607963775 3.730667146 

0.7666462403 8.116347133 
0.5588008261 8.149499364 

6.223464063 7.581885244 
6.17775258 7.489799756 

6.194021076 7.339798284 
6.17775258 7.489799756 

2.31679192 1.469338662 
2.37497757 1.588590642 

1.671113089 8.324596592 
1.644830139 8.459901278 

1.626735655 8.570799218 
1.644830139 8.459901278 

5.615332543 6.502301763 
5.704327221 6.263628545 

5.615332543 6.502301763 
5.715442013 6.404895742 

5.881275856 6.407211285 
5.715442013 6.404895742 

3.443600697 7.308689709 
3.399589427 7.403278378 

3.325730381 7.575390007 
3.399589427 7.403278378 

1.470783567 1.726509705 
1.685954033 1.963047343 

5.278276425 5.555142675 
5.383970352 5.60469021 

5.481163038 5.687403511 
5.383970352 5.60469021 

3.982718061 1.885118384 
3.857326746 1.71100207 

3.010082398 0.7593189116 
3.134520503 0.8138355613 

3.225425543 0.920612778 
3.134520503 0.8138355613 

6.922808849 6.344544552 
7.035846811 6.296394903 

7.202123453 6.311429941 
7.035846811 6.296394903 

2.477582702 3.847609892 
2.549855646 3.782271411 

2.607963775 3.730667146 
2.549855646 3.782271411 

3.946723349 2.57529385 
3.813839784 2.587806585 

3.7118183 2.587339164 
3.813839784 2.587806585 

1.644028968 7.01088535 
1.797350212 6.929186715 

1.954061484 6.861933497 
1.797350212 6.929186715 

3.748427688 0.8320173479 
3.599492516 0.9619297158 

0.5588008261 8.149499364 
0.4194306736 8.238412841 

3.465533528 3.230103393 
3.489150546 3.438963286 

3.464718067 3.62444996 
3.489150546 3.438963286 

2.430175257 7.015353267 
2.589447147 7.164018894 

2.657410961 7.304657123 
2.589447147 7.164018894 

4.576382429 6.103459646 
4.451715477 6.096046144 

4.352645478 6.12216112 
4.451715477 6.096046144 

2.924807179 2.896772694 
3.045620201 3.077145041 

3.151109593 3.297746681 
3.045620201 3.077145041 

3.311597603 8.907778349 
3.189257998 8.827118385 

3.096632649 8.724949037 
3.189257998 8.827118385 

1.019745414 7.452224672 
1.202814353 7.578175436 

1.331563125 7.71624932 
1.202814353 7.578175436 

2.379003043 6.41809555 
2.237454604 6.512956891 

2.662002852 2.630314885 
2.692666097 2.895856904 

2.384799122 8.343923857 
2.220580597 8.19544993 

2.990019194 1.313273041 
2.969959158 1.388614564 

4.484002873 2.404884385 
4.554294006 2.584171491 

2.613725577 7.063652382 
2.530092133 7.088323087 

2.430175257 7.015353267 
2.530092133 7.088323087 

1.03407365 7.63077297 
1.202814353 7.578175436 

1.307104905 8.441014857 
1.421666506 8.407294072 

1.514800954 8.38952205 
1.421666506 8.407294072 

3.220258407 2.902310948 
3.045620201 3.077145041 

3.131112783 2.675375949 
3.186854386 2.747754057 

7.233603274 5.21345319 
7.053739338 5.139219546 

6.937662976 5.161690678 
7.053739338 5.139219546 

1.019745414 7.452224672 
0.8502282367 7.504980056 

0.6809872192 7.589260186 
0.8502282367 7.504980056 

3.312825156 2.383884186 
3.347031632 2.678944894 

5.747136585 6.525372576 
5.715442013 6.404895742 

4.807054596 1.753452018 
4.730203978 1.817431331 

2.020320105 5.918006792 
2.164392272 5.96269376 

2.177419061 6.044899553 
2.164392272 5.96269376 

7.554029225 6.993178107 
7.444640901 6.892872423 

1.90636266 1.677903849 
2.036924036 1.750281874 

2.209186578 1.734253621 
2.036924036 1.750281874 

3.982718061 1.885118384 
3.853644721 1.857209984 

3.757904182 1.866891694 
3.853644721 1.857209984 

2.026911546 8.846002467 
2.223139328 9.011033609 

2.379003043 6.41809555 
2.415710682 6.246495588 

1.625165301 3.27159154 
1.793051528 3.371287384 

1.918205913 3.484086203 
1.793051528 3.371287384 

2.692666097 2.895856904 
2.731925981 2.836802799 

6.964997083 6.634609839 
7.121348242 6.585078843 

7.250612622 6.503879427 
7.121348242 6.585078843 

4.548151353 7.321881299 
4.642850004 7.302724162 

4.770522586 7.316750051 
4.642850004 7.302724162 

6.424117181 6.011586874 
6.524638172 6.04185766 

6.520159518 6.149555234 
6.524638172 6.04185766 

2.038690143 7.020911806 
2.171334195 7.156951079 

1.30257594 6.216284463 
1.166612975 6.421028679 

1.088802512 6.594217056 
1.166612975 6.421028679 

0.7802083184 6.572527491 
0.7972464618 6.483391987 

2.038690143 7.020911806 
2.04011377 7.139591752 

2.08783967 7.268456146 
2.04011377 7.139591752 

3.106412363 7.028294556 
3.028361049 6.907762051 

5.887722136 4.736872441 
5.794145576 4.63991919 

4.198452054 6.218562216 
4.352645478 6.12216112 

4.371136859 0.9648546511 
4.407777879 0.9102176999 

0.3045435422 8.192038472 
0.5661743529 8.075502056 

0.8533168743 7.984582392 
0.5661743529 8.075502056 

2.131815903 8.418299295 
2.012765126 8.397988901 

6.069958384 6.596930759 
6.166913718 6.652497299 

6.241783711 6.745240877 
6.166913718 6.652497299 

2.459011729 2.553972954 
2.48615306 2.341176794 

2.660823184 8.510292943 
2.709784543 8.470477686 

2.795591956 8.478816386 
2.709784543 8.470477686 

1.30257594 6.216284463 
1.125087155 6.101871423 

2.454261344 8.031013683 
2.5787402 8.025274578 

2.768610738 7.979399911 
2.5787402 8.025274578 

4.668559903 3.139924434 
4.403468128 2.862802925 

4.879082877 2.937039134 
4.754351887 2.966288309 

2.565206844 7.786482835 
2.613707169 7.6412601 

6.067012285 5.656964579 
5.983945019 5.593973661 

1.355210711 7.208559492 
1.483320408 7.414414837 

1.57999865 7.52327622 
1.483320408 7.414414837 

5.000026094 6.334541029 
5.180585189 6.227627125 

2.764540752 0.8429145979 
2.881518341 0.8911634358 

7.590521061 6.505834402 
7.534728034 6.030272525 

2.11209687 7.439850845 
2.068097323 7.524999838 

2.117534213 7.566783191 
2.068097323 7.524999838 

5.95152955 5.720300372 
5.983945019 5.593973661 

4.573257513 1.834293811 
4.365324304 1.872617874 

4.168069958 1.940125892 
4.365324304 1.872617874 

5.212804447 6.429016871 
5.193236983 6.317897289 

5.180585189 6.227627125 
5.193236983 6.317897289 

4.093431863 0.5184504401 
4.014337483 0.6779995762 

3.927612574 0.769682095 
4.014337483 0.6779995762 

1.470783567 1.726509705 
1.543940204 1.829889014 

1.585357741 1.912606345 
1.543940204 1.829889014 

1.626735655 8.570799218 
1.779539153 8.682574735 

1.3212396 6.587346259 
1.438043218 6.641388654 

5.714443958 7.32814884 
5.745905824 7.476230887 

2.223139328 9.011033609 
2.389823435 8.834504283 

6.55230829 6.962448022 
6.682826539 6.834182693 

6.764994376 6.782913891 
6.682826539 6.834182693 

4.754351887 2.966288309 
4.651293556 2.943377718 

1.635389805 6.652078985 
1.695466791 6.554089474 

1.672429477 6.376094449 
1.695466791 6.554089474 

6.499834714 5.001375317 
6.456330817 4.900886307 

6.320664731 4.841521284 
6.456330817 4.900886307 

5.054172044 5.162985586 
4.979241067 5.299476433 

4.938048886 5.415304779 
4.979241067 5.299476433 

5.686135784 7.580509147 
5.745905824 7.476230887 

0.3944997166 6.742232234 
0.5583020049 6.810989682 

0.7305159632 6.936695071 
0.5583020049 6.810989682 

7.042148956 7.887267044 
6.932203286 7.840398933 

7.042148956 7.887267044 
7.196757978 7.84464906 

7.308518871 7.821191543 
7.196757978 7.84464906 

1.30257594 6.216284463 
1.394885785 6.121679089 

1.253170717 9.335177358 
1.276082898 9.23496122 

1.883839234 7.431467184 
1.889273075 7.564923855 

1.887502982 7.692144361 
1.889273075 7.564923855 

2.502967865 2.189865532 
2.345960794 2.353190914 

5.013887562 8.005737661 
5.028290698 8.149878512 

1.95129509 7.577729944 
1.889273075 7.564923855 

2.430175257 7.015353267 
2.653894207 6.926251371 

2.879216793 6.819045427 
2.653894207 6.926251371 

6.279568711 6.59222686 
6.163741446 6.53040552 

2.384799122 8.343923857 
2.399401572 8.446199248 

2.498919175 8.594211699 
2.399401572 8.446199248 

3.220258407 2.902310948 
2.924807179 2.896772694 

3.186854386 2.747754057 
3.248160415 2.796142416 

5.714443958 7.32814884 
5.559311096 7.515975107 

5.451228804 7.651711733 
5.559311096 7.515975107 

1.644675233 6.053514449 
1.679574712 5.99352996 

3.258266604 0.2089076291 
3.320160507 0.3057399199 

3.411093055 0.2962991391 
3.320160507 0.3057399199 

2.502967865 2.189865532 
2.304341812 2.192056074 

2.115018926 2.117733929 
2.304341812 2.192056074 

4.839327701 5.835541437 
4.944365611 5.833977783 

1.159692009 6.298569557 
1.130957173 6.251520204 

1.63881614 2.202664358 
1.506060925 2.256877258 

4.516053136 0.8178691827 
4.448595909 0.8722490715 

4.407777879 0.9102176999 
4.448595909 0.8722490715 

0.7972464618 6.483391987 
0.7860573224 6.43238627 

2.995370393 3.418273057 
3.207775697 3.515293887 

4.352645478 6.12216112 
4.291865098 5.9922764 

1.130957173 6.251520204 
1.136941775 6.227677768 

3.41822982 1.879213214 
3.279211282 2.016943685 

5.605665787 4.592740205 
5.646903538 4.734383965 

5.660923428 4.860780266 
5.646903538 4.734383965 

3.411353253 6.453831394 
3.308401699 6.380625715 

1.03407365 7.63077297 
0.8502282367 7.504980056 

2.265487835 5.831965649 
2.412265672 5.875682661 

0.7666462403 8.116347133 
0.8533168743 7.984582392 

1.66988879 7.866703441 
1.543562544 8.012556081 

1.440084376 8.131409127 
1.543562544 8.012556081 

6.5373347 8.275725683 
6.620679638 8.186889034 

6.669539905 8.242277767 
6.620679638 8.186889034 

4.708311598 6.294385348 
4.834817191 6.404668016 

1.311891976 2.299437112 
1.427364529 2.305049901 

1.506060925 2.256877258 
1.427364529 2.305049901 

5.778974179 6.873828033 
5.619486289 6.928540076 

5.460575003 7.035340724 
5.619486289 6.928540076 

1.438043218 6.641388654 
1.600274392 6.857247295 

4.324986962 7.29759587 
4.309554405 7.161340903 

2.893493081 7.227573504 
2.932944514 7.104032034 

2.927168608 7.01646478 
2.932944514 7.104032034 

3.131112783 2.675375949 
3.065782868 2.733754977 

1.438043218 6.641388654 
1.528650798 6.64610865 

1.635389805 6.652078985 
1.528650798 6.64610865 

6.012247555 6.487614905 
6.163741446 6.53040552 

5.139422233 6.721263293 
5.167642123 6.657646488 

5.223076065 6.557212592 
5.167642123 6.657646488 

4.638865115 6.479749384 
4.703887834 6.641211979 

6.166913718 6.652497299 
6.279568711 6.59222686 

3.010082398 0.7593189116 
2.847541018 0.5870983526 

1.868079951 3.406788719 
1.793051528 3.371287384 

1.457511572 5.877070481 
1.499295502 6.011757497 

1.394885785 6.121679089 
1.499295502 6.011757497 

6.253577303 5.894016023 
6.247675308 5.754350264 

6.312675025 5.639436831 
6.247675308 5.754350264 

5.182905307 8.070142811 
5.134360771 8.089610026 

7.554029225 6.993178107 
7.575344454 6.908982318 

3.173165729 6.205557708 
3.12474634 6.154616198 

1.995740184 6.094497652 
2.020320105 5.918006792 

2.412265672 5.875682661 
2.483662478 5.862377184 

7.241529864 7.457728172 
7.141645737 7.484775473 

4.309554405 7.161340903 
4.273246092 7.092793516 

5.042739647 6.593947791 
5.223076065 6.557212592 

4.002865045 1.385660292 
3.952278809 1.503252141 

3.9188317 1.589546053 
3.952278809 1.503252141 

6.279568711 6.59222686 
6.392487828 6.682045438 

5.897290364 6.550511777 
5.928499275 6.48005078 

6.012247555 6.487614905 
5.928499275 6.48005078 

2.692666097 2.895856904 
2.689311193 3.024107246 

2.43840507 2.06101844 
2.304341812 2.192056074 

2.050760064 7.68367595 
2.104656854 7.666745716 

7.590521061 6.505834402 
7.576927846 6.26048239 

5.481163038 5.687403511 
5.340194412 5.714372535 

5.192470164 5.687928571 
5.340194412 5.714372535 

2.758461622 1.627924532 
2.668930333 1.574155 

2.052065839 8.050391673 
2.198802796 7.964849755 

2.361394026 7.87149796 
2.198802796 7.964849755 

3.577090367 0.7932395785 
3.599492516 0.9619297158 

5.000026094 6.334541029 
5.027915217 6.472301767 

5.042739647 6.593947791 
5.027915217 6.472301767 

2.847541018 0.5870983526 
2.762161886 0.5236925355 

2.676190996 0.4513402897 
2.762161886 0.5236925355 

0.6007953878 7.320809708 
0.5156413925 7.36881258 

0.3810467716 7.466764775 
0.5156413925 7.36881258 

4.1256507 5.888978188 
4.238478511 5.934079297 

4.291865098 5.9922764 
4.238478511 5.934079297 

3.02578509 1.555073132 
2.969959158 1.388614564 

2.37497757 1.588590642 
2.591725637 1.676028401 

6.642672993 7.946094167 
6.808838888 7.883423155 

6.932203286 7.840398933 
6.808838888 7.883423155 

6.8798609 7.96666735 
6.808838888 7.883423155 

3.220258407 2.902310948 
3.094153522 2.844585275 

2.979665423 2.691513266 
3.094153522 2.844585275 

4.651293556 2.943377718 
4.671557823 3.018909588 

6.913909164 6.006395834 
7.033953292 5.957479703 

5.577427454 5.383506267 
5.421049148 5.462349545 

5.278276425 5.555142675 
5.421049148 5.462349545 

4.300431248 6.934946531 
4.442891387 7.136298818 

3.532878873 2.300508322 
3.435879534 2.203884279 

3.333788589 2.213651554 
3.435879534 2.203884279 

4.403468128 2.862802925 
4.364862388 2.97420556 

3.757747618 8.542011621 
3.440921361 8.437392117 

3.095594144 8.316350241 
3.440921361 8.437392117 

5.912741443 7.544220596 
6.17775258 7.489799756 

5.912741443 7.544220596 
5.768444195 7.571248942 

5.686135784 7.580509147 
5.768444195 7.571248942 

1.362220451 2.770038598 
1.442216201 2.654664082 

1.506510575 2.605203027 
1.442216201 2.654664082 

2.751777526 6.539256575 
2.71381813 6.568478476 

6.036285981 5.877470467 
6.135765136 5.855950041 

1.759517485 9.320110402 
1.850543099 9.23894145 

1.983724751 9.227166047 
1.850543099 9.23894145 

2.668930333 1.574155 
2.591725637 1.676028401 

1.342954997 9.068107147 
1.194100158 8.998679868 

7.082335652 7.165979088 
7.081752999 7.063513288 

7.068094346 6.917321846 
7.081752999 7.063513288 

4.244030439 3.62234683 
4.374776309 3.447901726 

2.900356629 2.26940348 
2.827700089 2.171115215 

2.728559091 2.092179275 
2.827700089 2.171115215 

6.887909898 6.168769408 
7.035846811 6.296394903 

6.887909898 6.168769408 
6.788392292 6.11739036 

6.67993189 6.142142513 
6.788392292 6.11739036 

6.975207903 5.903563492 
7.033953292 5.957479703 

6.996776519 5.291758468 
7.076654744 5.215816552 

2.651218799 9.464384154 
2.612869101 9.346141038 

2.590936114 9.202872877 
2.612869101 9.346141038 

4.522859013 5.756890995 
4.238478511 5.934079297 

3.139476041 7.654065119 
2.990352436 7.922575619 

3.08708691 0.3139071229 
3.151990331 0.2281448218 

3.258266604 0.2089076291 
3.151990331 0.2281448218 

4.516053136 0.8178691827 
4.300333767 0.8916829297 

2.683821783 3.37678278 
2.656358802 3.651054564 

3.777140711 1.36593775 
4.002865045 1.385660292 

4.079563985 0.9699632506 
4.18585241 0.9324835731 

4.300333767 0.8916829297 
4.18585241 0.9324835731 

3.777140711 1.36593775 
3.699655175 1.498929563 

3.64597165 1.614299744 
3.699655175 1.498929563 

7.60638081 6.318434868 
7.744840189 6.215291861 

2.653894207 6.926251371 
2.613725577 7.063652382 

3.411353253 6.453831394 
3.454149938 6.634496877 

3.562337609 0.4240968854 
3.427474654 0.4748642819 

3.331094439 0.5204740373 
3.427474654 0.4748642819 

3.64080332 3.209570627 
3.572251641 3.29685039 

2.676190996 0.4513402897 
2.626487889 0.4387542517 

6.964997083 6.634609839 
6.868900686 6.560545011 

6.727156233 6.50129718 
6.868900686 6.560545011 

7.554029225 6.993178107 
7.465955785 7.145066788 

4.834817191 6.404668016 
5.027915217 6.472301767 

1.136941775 6.227677768 
1.140362431 6.198593418 

5.928499275 6.48005078 
5.881275856 6.407211285 

3.465533528 3.230103393 
3.523314467 3.262486024 

3.572251641 3.29685039 
3.523314467 3.262486024 

2.961848403 2.028303803 
2.827700089 2.171115215 

6.633587153 5.702384009 
6.549103051 5.801601298 

3.806114137 8.426213707 
3.754677527 8.319892413 

3.734741223 8.212706177 
3.754677527 8.319892413 

1.914103668 1.317619494 
1.800370732 1.410251545 

3.384597103 8.383713339 
3.440921361 8.437392117 

1.741904775 7.623077811 
1.819637363 7.500356362 

1.883839234 7.431467184 
1.819637363 7.500356362 

5.005402243 5.691043461 
4.944365611 5.833977783 

1.947246791 2.914577911 
1.970451626 2.728088605 

2.001328298 2.564224936 
1.970451626 2.728088605 

4.548151353 7.321881299 
4.518440063 7.20977801 

4.442891387 7.136298818 
4.518440063 7.20977801 

1.454089396 7.896771658 
1.543562544 8.012556081 

5.253914583 7.21632542 
5.377807393 7.110900532 

5.460575003 7.035340724 
5.377807393 7.110900532 

2.815746594 0.9820905905 
2.694798806 0.9982198001 

2.560225683 0.964767876 
2.694798806 0.9982198001 

2.379003043 6.41809555 
2.150682243 6.271408417 

1.995740184 6.094497652 
2.150682243 6.271408417 

4.134657152 6.735616599 
4.017699044 6.777107705 

3.160772027 8.983597472 
3.228767974 8.966598491 

1.100375333 9.289417402 
1.155556481 9.14063932 

1.194100158 8.998679868 
1.155556481 9.14063932 

2.628933278 5.870356978 
2.519461419 5.812447624 

2.483662478 5.862377184 
2.519461419 5.812447624 

3.279211282 2.016943685 
3.230590315 2.124208613 

1.707413283 8.1726802 
1.543562544 8.012556081 

4.285846064 1.57446256 
4.288590291 1.481229539 

4.288898631 1.382908565 
4.288590291 1.481229539 

1.140362431 6.198593418 
1.140968496 6.169695758 

2.768610738 7.979399911 
2.810709405 7.862550018 

2.940884842 7.75483357 
2.810709405 7.862550018 

5.144300636 2.334459439 
5.08038254 2.439808655 

5.044044863 2.553732193 
5.08038254 2.439808655 

1.957774222 3.335323127 
1.994164377 3.453252018 

2.477582702 3.847609892 
2.544061631 3.747243348 

2.590394164 3.625461409 
2.544061631 3.747243348 

3.01191516 9.127349949 
2.880334875 9.106001384 

2.742849242 9.147662704 
2.880334875 9.106001384 

0.9678093197 6.978310351 
1.154607833 7.145927586 

2.384799122 8.343923857 
2.257866709 8.339913737 

2.131815903 8.418299295 
2.257866709 8.339913737 

2.722561031 2.245025422 
2.827700089 2.171115215 

2.879216793 6.819045427 
2.956882392 6.862289269 

3.028361049 6.907762051 
2.956882392 6.862289269 

7.60638081 6.318434868 
7.576927846 6.26048239 

6.375171847 6.371859085 
6.285538882 6.479740032 

6.163741446 6.53040552 
6.285538882 6.479740032 

4.522859013 5.756890995 
4.357451555 5.786907525 

3.734309842 7.547152234 
3.784619822 7.353622737 

3.822897271 7.121930283 
3.784619822 7.353622737 

2.589447147 7.164018894 
2.613725577 7.063652382 

7.076654744 5.215816552 
7.139228036 5.187764591 

3.279211282 2.016943685 
3.280807411 2.147189809 

4.012789934 3.096792657 
3.850575863 3.059990493 

6.55230829 6.962448022 
6.549016168 6.813663491 

6.595263489 6.683839048 
6.549016168 6.813663491 

4.547104839 6.956780062 
4.442891387 7.136298818 

5.912741443 7.544220596 
5.811974211 7.52017862 

5.745905824 7.476230887 
5.811974211 7.52017862 

1.837711881 8.854027217 
1.954695491 8.961690687 

2.071802815 9.083590024 
1.954695491 8.961690687 

1.562377168 2.682851754 
1.506510575 2.605203027 

3.649512766 3.026631868 
3.74925613 3.053028017 

3.850575863 3.059990493 
3.74925613 3.053028017 

1.889273075 7.564923855 
1.819637363 7.500356362 

5.357309674 6.199948696 
5.193236983 6.317897289 

6.317617909 8.007727938 
6.489926456 7.969048556 

5.066597613 7.313108661 
5.211451047 7.4256717 

6.499834714 5.001375317 
6.490310064 5.132452352 

6.48610874 5.273059564 
6.490310064 5.132452352 

2.562007316 0.3911452419 
2.597904009 0.4241152743 

2.626487889 0.4387542517 
2.597904009 0.4241152743 

2.296276635 2.455702246 
2.375066269 2.434147924 

2.027348463 0.819972009 
1.953808163 0.7483144314 

3.426018338 1.600930425 
3.525538902 1.646442138 

3.566062555 1.767160951 
3.525538902 1.646442138 

7.053739338 5.139219546 
7.076654744 5.215816552 

6.868900686 6.560545011 
6.828315199 6.62815783 

6.863083078 6.73822621 
6.828315199 6.62815783 

1.331563125 7.71624932 
1.454089396 7.896771658 

1.03407365 7.63077297 
0.9372762329 7.700298631 

0.8316143862 7.857022673 
0.9372762329 7.700298631 

3.855640015 6.753982045 
3.998363881 6.997031315 

1.759517485 9.320110402 
1.628551089 9.333897342 

4.104599593 7.186399083 
4.309554405 7.161340903 

3.151109593 3.297746681 
3.053391386 3.324542248 

1.499295502 6.011757497 
1.644675233 6.053514449 

3.671049411 2.053477403 
3.550023409 2.140401415 

2.776398196 1.421805416 
2.668930333 1.574155 

2.969959158 1.388614564 
2.906162431 1.41086102 

2.399401572 8.446199248 
2.317086391 8.52396506 

6.549016168 6.813663491 
6.423592114 6.822783634 

7.534728034 6.030272525 
7.497100963 5.756465104 

7.391084951 7.337898164 
7.455506533 7.241612937 

7.465955785 7.145066788 
7.455506533 7.241612937 

2.354601882 1.340724968 
2.22720432 1.509005815 

2.209186578 1.734253621 
2.22720432 1.509005815 

1.628551089 9.333897342 
1.555405765 9.330741715 

5.054172044 5.162985586 
5.104891738 4.991465413 

0.3045435422 8.192038472 
0.3803489246 8.165153412 

2.498919175 8.594211699 
2.457621482 8.701188998 

2.389823435 8.834504283 
2.457621482 8.701188998 

4.104599593 7.186399083 
4.037605789 7.08332771 

3.998363881 6.997031315 
4.037605789 7.08332771 

1.810621635 2.196312688 
1.749045169 2.069878342 

1.685954033 1.963047343 
1.749045169 2.069878342 

3.08708691 0.3139071229 
3.162340626 0.6154486175 

3.225425543 0.920612778 
3.162340626 0.6154486175 

3.748427688 0.8320173479 
3.768143523 1.139054531 

6.069958384 6.596930759 
6.068920163 6.466064034 

2.200447755 7.708454285 
2.104656854 7.666745716 

0.3810467716 7.466764775 
0.7324645091 7.432765155 

2.412955419 7.217489663 
2.589447147 7.164018894 

1.202814353 7.578175436 
1.272300597 7.446431791 

2.721357877 1.856174126 
2.728559091 2.092179275 

2.721357877 1.856174126 
2.735685983 1.728071041 

2.758461622 1.627924532 
2.735685983 1.728071041 

1.998580681 8.230854503 
2.220580597 8.19544993 

6.068920163 6.466064034 
6.066288155 6.357701292 

6.012247555 6.487614905 
6.068920163 6.466064034 

4.971657014 7.632447713 
4.999151342 7.823534192 

5.013887562 8.005737661 
4.999151342 7.823534192 

3.757904182 1.866891694 
3.64597165 1.614299744 

3.757904182 1.866891694 
3.78358848 1.764437265 

3.857326746 1.71100207 
3.78358848 1.764437265 

7.139228036 5.187764591 
7.164082912 5.089853152 

2.375066269 2.434147924 
2.345960794 2.353190914 

2.961848403 2.028303803 
3.065491984 2.10027877 

3.170719652 2.205687558 
3.065491984 2.10027877 

3.139476041 7.654065119 
3.244442448 7.81474539 

3.359794206 7.922738362 
3.244442448 7.81474539 

1.739436805 1.891874202 
1.685954033 1.963047343 

6.061936843 6.266170969 
6.047993555 6.312734929 

6.066288155 6.357701292 
6.047993555 6.312734929 

1.850543099 9.23894145 
1.711744933 9.174590324 

7.497100963 5.756465104 
7.528376393 5.619506927 

0.7305159632 6.936695071 
0.8286824338 7.160949052 

5.859642788 6.49603075 
5.928499275 6.48005078 

2.026911546 8.846002467 
1.954695491 8.961690687 

7.528376393 5.619506927 
7.485287051 5.542298088 

7.478127933 5.410297031 
7.485287051 5.542298088 

2.050760064 7.68367595 
1.995520762 7.654290764 

1.95129509 7.577729944 
1.995520762 7.654290764 

2.01305968 8.53303375 
1.89912571 8.45982478 

5.931305043 6.723697193 
5.994531002 6.921757273 

6.037998526 7.108995747 
5.994531002 6.921757273 

2.683821783 3.37678278 
2.624361404 3.516090842 

2.590394164 3.625461409 
2.624361404 3.516090842 

3.599492516 0.9619297158 
3.535054273 0.9958704564 

3.162060143 2.044639142 
3.065491984 2.10027877 

3.208074226 1.902992011 
3.078020543 1.805385299 

0.7324645091 7.432765155 
0.8502282367 7.504980056 

4.971657014 7.632447713 
4.886578173 7.563590632 

1.470783567 1.726509705 
1.569417633 1.580884482 

6.0210459 4.816879831 
6.15543865 4.7791682 

7.233603274 5.21345319 
7.344745556 5.309328513 

5.502700577 6.595583908 
5.61982875 6.750715583 

1.125087155 6.101871423 
1.128081769 6.14310385 

1.140968496 6.169695758 
1.128081769 6.14310385 

4.775917588 5.638815212 
5.005402243 5.691043461 

7.650906965 6.868018523 
7.613175547 6.887942369 

7.575344454 6.908982318 
7.613175547 6.887942369 

1.569417633 1.580884482 
1.626196329 1.504080279 

5.928499275 6.48005078 
5.981392419 6.587386544 

7.171287173 5.93108688 
7.115346457 5.961284395 

7.033953292 5.957479703 
7.115346457 5.961284395 

6.94404456 7.03403413 
6.857063172 6.90199716 

6.764994376 6.782913891 
6.857063172 6.90199716 

0.7487656663 6.360780036 
0.7674114944 6.396583153 

0.7860573224 6.43238627 
0.7674114944 6.396583153 

3.347031632 2.678944894 
3.248160415 2.796142416 

3.45015655 0.5729989384 
3.427474654 0.4748642819 

3.535054273 0.9958704564 
3.477091897 1.060194721 

4.372864756 6.642960684 
4.703887834 6.641211979 

6.345063104 8.334859312 
6.130705571 8.147806821 

6.317617909 8.007727938 
6.374640204 8.119123858 

5.56197908 6.05286361 
5.704327221 6.263628545 

5.223076065 6.557212592 
5.380616912 6.726562163 

4.671557823 3.018909588 
4.67195355 3.076682345 

6.374640204 8.119123858 
6.399287427 8.18722167 

1.998580681 8.230854503 
2.087894082 8.283913532 

2.131815903 8.418299295 
2.087894082 8.283913532 

5.901505421 5.530605723 
5.932000265 5.579892618 

5.983945019 5.593973661 
5.932000265 5.579892618 

2.31679192 1.469338662 
2.22720432 1.509005815 

4.775917588 5.638815212 
4.639377993 5.699404486 

4.522859013 5.756890995 
4.639377993 5.699404486 

2.71381813 6.568478476 
2.648520532 6.564563283 

1.644830139 8.459901278 
1.514800954 8.38952205 

6.15543865 4.7791682 
6.22611273 4.756685725 

3.078020543 1.805385299 
3.003001355 1.783874885 

2.972480032 1.706547555 
3.003001355 1.783874885 

2.530092133 7.088323087 
2.589447147 7.164018894 

3.768143523 1.139054531 
3.78605606 1.244659166 

3.777140711 1.36593775 
3.78605606 1.244659166 

2.990019194 1.313273041 
3.005912529 1.421421079 

3.02578509 1.555073132 
3.005912529 1.421421079 

2.726411237 8.247109004 
2.709784543 8.470477686 

4.017699044 6.777107705 
3.948487403 6.78299162 

6.279876668 4.70061252 
6.25233885 4.725840812 

6.22611273 4.756685725 
6.25233885 4.725840812 

5.481163038 5.687403511 
5.650508069 5.578128774 

3.04342086 2.496279024 
3.204863258 2.590480437 

3.347031632 2.678944894 
3.204863258 2.590480437 

3.454149938 6.634496877 
3.400232426 6.676040284 

3.376523708 6.740041802 
3.400232426 6.676040284 

1.879698826 0.7765163409 
1.929786795 0.7674243469 

1.953808163 0.7483144314 
1.929786795 0.7674243469 

5.873253507 7.080587503 
5.777981512 7.079908329 

5.735809542 7.01276715 
5.777981512 7.079908329 

0.4194306736 8.238412841 
0.3972803782 8.207117412 

0.3803489246 8.165153412 
0.3972803782 8.207117412 

5.715442013 6.404895742 
5.704327221 6.263628545 

4.327019735 3.154534072 
4.349057329 3.049763516 

4.364862388 2.97420556 
4.349057329 3.049763516 

2.384799122 8.343923857 
2.41844834 8.193834756 

2.454261344 8.031013683 
2.41844834 8.193834756 

2.020320105 5.918006792 
2.150241453 5.88913336 

0.7305159632 6.936695071 
0.8497803607 6.964433188 

0.9678093197 6.978310351 
0.8497803607 6.964433188 

2.11209687 7.439850845 
2.17472118 7.41010844 

1.555405765 9.330741715 
1.514757861 9.343427563 

2.613707169 7.6412601 
2.689052833 7.601629252 

2.789068126 7.572703989 
2.689052833 7.601629252 

5.714443958 7.32814884 
5.77580631 7.20623264 

5.873253507 7.080587503 
5.77580631 7.20623264 

6.320664731 4.841521284 
6.22611273 4.756685725 

2.255145726 7.507518883 
2.17472118 7.41010844 

6.248535926 6.946654827 
6.144755771 7.021603829 

2.237454604 6.512956891 
2.18785722 6.615320263 

0.6809872192 7.589260186 
0.7324645091 7.432765155 

3.532878873 2.300508322 
3.550811763 2.204791881 

3.550023409 2.140401415 
3.550811763 2.204791881 

6.996776519 5.291758468 
6.937662976 5.161690678 

2.361394026 7.87149796 
2.388546292 7.779701663 

2.381445047 7.682479713 
2.388546292 7.779701663 

6.163741446 6.53040552 
6.068920163 6.466064034 

3.435879534 2.203884279 
3.550811763 2.204791881 

2.052065839 8.050391673 
2.020013151 8.1414375 

1.998580681 8.230854503 
2.020013151 8.1414375 

1.834263528 6.347126887 
1.711953402 6.173281096 

4.78210059 7.514929522 
4.836224602 7.528550825 

4.886578173 7.563590632 
4.836224602 7.528550825 

0.7324645091 7.432765155 
0.7098663005 7.279012152 

7.590521061 6.505834402 
7.248040545 6.764421201 

6.94404456 7.03403413 
7.248040545 6.764421201 

4.803183986 2.414971812 
4.656292557 2.434526205 

4.484002873 2.404884385 
4.656292557 2.434526205 

3.311597603 8.907778349 
3.278422721 8.9610504 

3.228767974 8.966598491 
3.278422721 8.9610504 

3.432379412 2.082453132 
3.550023409 2.140401415 

0.7381577374 8.296843315 
0.7317760736 8.219551951 

0.7666462403 8.116347133 
0.7317760736 8.219551951 

2.430175257 7.015353267 
2.349896531 7.057619392 

2.278112463 7.100604308 
2.349896531 7.057619392 

2.651218799 9.464384154 
2.582700855 9.293037539 

2.525280901 9.106605535 
2.582700855 9.293037539 

2.776398196 1.421805416 
2.888288524 1.460252742 

2.906162431 1.41086102 
2.888288524 1.460252742 

2.265487835 5.831965649 
2.210804353 5.860015728 

2.150241453 5.88913336 
2.210804353 5.860015728 

3.372620959 0.7232031397 
3.162340626 0.6154486175 

5.777981512 7.079908329 
5.742119905 7.130880932 

5.77580631 7.20623264 
5.742119905 7.130880932 

6.399287427 8.18722167 
6.395423374 8.236713112 

5.481163038 5.687403511 
5.499757352 5.853792984 

6.395423374 8.236713112 
6.394225898 8.263102127 

2.012765126 8.397988901 
2.087894082 8.283913532 

4.783024434 6.773139293 
4.745395068 6.714625162 

4.703887834 6.641211979 
4.745395068 6.714625162 

3.757747618 8.542011621 
3.789724633 8.48503643 

3.806114137 8.426213707 
3.789724633 8.48503643 

3.331094439 0.5204740373 
3.162340626 0.6154486175 

5.066597613 7.313108661 
5.00756067 7.210344348 

4.931938989 7.115340974 
5.00756067 7.210344348 

6.730173258 5.114252077 
6.499834714 5.001375317 

6.345063104 8.334859312 
6.377929556 8.288978715 

6.394225898 8.263102127 
6.377929556 8.288978715 

3.822897271 7.121930283 
3.998363881 6.997031315 

3.411093055 0.2962991391 
3.403251486 0.4115101196 

3.427474654 0.4748642819 
3.403251486 0.4115101196 

2.549855646 3.782271411 
2.544061631 3.747243348 

3.487995366 2.638302591 
3.415038655 2.516966038 

3.312825156 2.383884186 
3.415038655 2.516966038 

5.897290364 6.550511777 
5.933690919 6.587223149 

5.981392419 6.587386544 
5.933690919 6.587223149 

5.243595583 8.162296385 
5.134360771 8.089610026 

1.85704257 7.91220072 
1.942383653 7.918611894 

2.005522758 7.95099486 
1.942383653 7.918611894 

1.995740184 6.094497652 
1.910205825 6.218450478 

1.543562544 8.012556081 
1.467994603 7.991660786 

3.403251486 0.4115101196 
3.475575039 0.4233567271 

4.19307541 2.347903661 
4.048415541 2.465942789 

3.946723349 2.57529385 
4.048415541 2.465942789 

5.134360771 8.089610026 
5.11592397 8.173818683 

6.164735422 5.025073017 
6.320664731 4.841521284 

2.995370393 3.418273057 
3.000819242 3.362459491 

0.3810467716 7.466764775 
0.5231074366 7.666770373 

0.6809872192 7.589260186 
0.5358343222 7.549334596 

0.4481361134 7.528399746 
0.3564673563 7.551632785 

0.5358343222 7.549334596 
0.4912166586 7.537937335 

0.4481361134 7.528399746 
0.4912166586 7.537937335 

4.367329196 7.629057492 
4.226691276 7.626993557 

4.072290687 7.649029526 
4.226691276 7.626993557 

1.562377168 2.682851754 
1.459900816 2.691909712 

4.944365611 5.833977783 
5.010001242 5.914953713 

4.770522586 7.316750051 
4.783867755 7.430030403 

4.78210059 7.514929522 
4.783867755 7.430030403 

4.357451555 5.786907525 
4.247348207 5.842050363 

2.590394164 3.625461409 
2.656358802 3.651054564 

2.08783967 7.268456146 
2.17472118 7.41010844 

0.3045435422 8.192038472 
0.5067916919 8.257451596 

0.7381577374 8.296843315 
0.5067916919 8.257451596 

0.6378269478 7.988966893 
0.5661743529 8.075502056 

6.065866358 7.876541997 
5.882419697 7.598782788 

5.714443958 7.32814884 
5.882419697 7.598782788 

5.000026094 6.334541029 
5.193236983 6.317897289 

4.374776309 3.447901726 
4.455697039 3.406774179 

4.563720152 3.388569426 
4.455697039 3.406774179 

1.8635102 8.18220909 
2.020013151 8.1414375 

2.768610738 7.979399911 
2.726245296 8.108197758 

2.726411237 8.247109004 
2.726245296 8.108197758 

5.027915217 6.472301767 
5.212804447 6.429016871 

2.223139328 9.011033609 
2.132371456 9.044495426 

2.071802815 9.083590024 
2.132371456 9.044495426 

4.912218556 1.834810876 
4.807054596 1.753452018 

3.649512766 3.026631868 
3.549749098 3.120351554 

3.465533528 3.230103393 
3.549749098 3.120351554 

1.837711881 8.854027217 
1.792557354 8.780738683 

1.779539153 8.682574735 
1.792557354 8.780738683 

4.372864756 6.642960684 
4.504661161 6.559140941 

4.638865115 6.479749384 
4.504661161 6.559140941 

4.281846854 2.798226054 
4.202703687 2.834980863 

4.122934299 2.845316235 
4.202703687 2.834980863 

6.058016546 8.196597937 
6.052777979 8.015639298 

6.065866358 7.876541997 
6.052777979 8.015639298 

5.559961453 7.972969385 
5.513927991 8.087522842 

1.887502982 7.692144361 
1.995520762 7.654290764 

3.532878873 2.300508322 
3.478573266 2.181473948 

3.432379412 2.082453132 
3.478573266 2.181473948 

2.662002852 2.630314885 
2.810209458 2.668752143 

2.979665423 2.691513266 
2.810209458 2.668752143 

3.855640015 6.753982045 
3.904750609 6.775356698 

3.948487403 6.78299162 
3.904750609 6.775356698 

1.440084376 8.131409127 
1.52692734 8.199808211 

2.381445047 7.682479713 
2.342345133 7.594232774 

2.255145726 7.507518883 
2.342345133 7.594232774 

1.90636266 1.677903849 
1.878804722 1.508801262 

2.355009043 1.778568495 
2.357981673 1.685102607 

2.37497757 1.588590642 
2.357981673 1.685102607 

5.11592397 8.173818683 
5.086900314 8.116436209 

2.223139328 9.011033609 
2.18682845 9.111817086 

2.459011729 2.553972954 
2.413840997 2.490014808 

2.375066269 2.434147924 
2.413840997 2.490014808 

3.094153522 2.844585275 
3.029714622 2.874802116 

2.924807179 2.896772694 
3.029714622 2.874802116 

3.919240555 2.033313176 
3.853644721 1.857209984 

7.053739338 5.139219546 
7.108832623 5.136324818 

2.18682845 9.111817086 
2.200209573 9.188328573 

0.4760598347 8.017530074 
0.5661743529 8.075502056 

2.200209573 9.188328573 
2.182908811 9.224258752 

2.174565301 9.269126528 
2.182908811 9.224258752 

6.163741446 6.53040552 
6.166913718 6.652497299 

4.668559903 3.139924434 
4.672931486 3.107803997 

4.67195355 3.076682345 
4.672931486 3.107803997 

5.735809542 7.01276715 
5.617773594 7.028940509 

2.721357877 1.856174126 
2.640659265 1.766346521 

2.591725637 1.676028401 
2.640659265 1.766346521 

2.48615306 2.341176794 
2.413840997 2.490014808 

5.56197908 6.05286361 
5.528795136 5.954477734 

5.499757352 5.853792984 
5.528795136 5.954477734 

2.8525161 1.614218096 
2.840256743 1.521324186 

1.600274392 6.857247295 
1.599602115 6.947481285 

3.432379412 2.082453132 
3.435879534 2.203884279 

3.724212842 4.000760446 
3.825592048 3.915466394 

3.935923692 3.818431773 
3.825592048 3.915466394 

6.320664731 4.841521284 
6.25233885 4.725840812 

2.050760064 7.68367595 
2.072847428 7.635333387 

2.117534213 7.566783191 
2.072847428 7.635333387 

2.197910588 3.662263411 
2.283408822 3.536303458 

2.363162861 3.405628716 
2.283408822 3.536303458 

5.010001242 5.914953713 
5.045958803 5.935783837 

5.091873893 5.935716573 
5.045958803 5.935783837 

1.704525553 1.783739287 
1.543940204 1.829889014 

2.265287351 8.068569702 
2.198802796 7.964849755 

1.834263528 6.347126887 
1.863654127 6.275334688 

1.910205825 6.218450478 
1.863654127 6.275334688 

3.562337609 0.4240968854 
3.522377104 0.4239053407 

3.475575039 0.4233567271 
3.522377104 0.4239053407 

2.726245296 8.108197758 
2.5787402 8.025274578 

3.162060143 2.044639142 
3.157536792 2.125639008 

3.065782868 2.733754977 
3.094153522 2.844585275 

1.671113089 8.324596592 
1.671377088 8.243821975 

1.707413283 8.1726802 
1.671377088 8.243821975 

3.12474634 6.154616198 
3.07961102 6.121457517 

5.460575003 7.035340724 
5.543445343 7.042541871 

5.617773594 7.028940509 
5.543445343 7.042541871 

2.104656854 7.666745716 
2.072847428 7.635333387 

3.550023409 2.140401415 
3.478573266 2.181473948 

5.794145576 4.63991919 
5.699063085 4.624024293 

5.605665787 4.592740205 
5.699063085 4.624024293 

2.840256743 1.521324186 
2.825932121 1.472221104 

1.141383163 8.044684141 
0.9508733955 8.085777993 

0.7666462403 8.116347133 
0.9508733955 8.085777993 

6.5373347 8.275725683 
6.394225898 8.263102127 

2.336873856 7.356960433 
2.247256612 7.36767416 

2.17472118 7.41010844 
2.247256612 7.36767416 

3.487995366 2.638302591 
3.609525837 2.621907818 

3.7118183 2.587339164 
3.609525837 2.621907818 

3.64080332 3.209570627 
3.549749098 3.120351554 

6.279568711 6.59222686 
6.285538882 6.479740032 

7.590521061 6.505834402 
7.577720826 6.405573206 

7.60638081 6.318434868 
7.577720826 6.405573206 

1.66988879 7.866703441 
1.558309262 7.878677131 

1.454089396 7.896771658 
1.558309262 7.878677131 

6.633587153 5.702384009 
6.490003989 5.669522644 

1.019745414 7.452224672 
0.8709072218 7.440574775 

0.7324645091 7.432765155 
0.8709072218 7.440574775 

3.671049411 2.053477403 
3.78472898 2.107381496 

3.9364638 2.169130574 
3.78472898 2.107381496 

3.371033863 6.994481112 
3.231967963 7.01752504 

3.106412363 7.028294556 
3.231967963 7.01752504 

5.471703914 8.21920001 
5.496425656 8.155572986 

5.513927991 8.087522842 
5.496425656 8.155572986 

3.095594144 8.316350241 
3.018982594 8.645517718 

3.095594144 8.316350241 
2.912625124 8.28118546 

2.726411237 8.247109004 
2.912625124 8.28118546 

2.639626184 6.651521295 
2.653428911 6.609591897 

1.803238653 5.99970149 
1.892805995 6.051863166 

1.995740184 6.094497652 
1.892805995 6.051863166 

2.072847428 7.635333387 
1.995520762 7.654290764 

1.286758071 7.964587097 
1.274883431 7.839686489 

1.331563125 7.71624932 
1.274883431 7.839686489 

3.314033729 7.238964376 
3.399589427 7.403278378 

3.478573266 2.181473948 
3.435879534 2.203884279 

3.371033863 6.994481112 
3.34627245 7.116978319 

5.577830651 7.66949225 
5.559311096 7.515975107 

3.757904182 1.866891694 
3.952853647 1.627484503 

4.125742375 1.391205191 
3.952853647 1.627484503 

3.411536626 1.726013215 
3.525538902 1.646442138 

2.648520532 6.564563283 
2.648306788 6.588990919 

2.653428911 6.609591897 
2.648306788 6.588990919 

2.689311193 3.024107246 
2.669113738 3.107689814 

3.855640015 6.753982045 
4.083697975 7.023511912 

4.324986962 7.29759587 
4.083697975 7.023511912 

1.810621635 2.196312688 
1.878355427 2.089643056 

1.943473535 1.990913276 
1.878355427 2.089643056 

2.502967865 2.189865532 
2.722561031 2.245025422 

2.412955419 7.217489663 
2.530092133 7.088323087 

1.459900816 2.691909712 
1.410083622 2.710883253 

2.159252529 7.800519339 
2.198802796 7.964849755 

7.344745556 5.309328513 
7.430860608 5.347067118 

2.197480014 6.732558093 
2.201021394 6.672750173 

2.18785722 6.615320263 
2.201021394 6.672750173 

4.834817191 6.404668016 
4.917243973 6.377136405 

5.000026094 6.334541029 
4.917243973 6.377136405 

7.425258283 6.649770241 
7.248040545 6.764421201 

6.375171847 6.371859085 
6.464646671 6.409265689 

6.555303892 6.471580023 
6.464646671 6.409265689 

2.662002852 2.630314885 
2.56748863 2.591119715 

2.459011729 2.553972954 
2.56748863 2.591119715 

7.68632603 6.083873739 
7.696176683 6.149938001 

2.819832428 2.462838655 
2.932021088 2.477441657 

3.04342086 2.496279024 
2.932021088 2.477441657 

1.362220451 2.770038598 
1.385712794 2.731852591 

1.410083622 2.710883253 
1.385712794 2.731852591 

7.696176683 6.149938001 
7.702295948 6.183147013 

1.728157607 2.73506204 
1.970451626 2.728088605 

2.209186578 1.734253621 
2.365097728 1.844804761 

2.530081066 1.971750507 
2.365097728 1.844804761 

6.037998526 7.108995747 
6.0919643 7.073538651 

6.144755771 7.021603829 
6.0919643 7.073538651 

3.157536792 2.125639008 
3.230590315 2.124208613 

1.741904775 7.623077811 
1.701005102 7.741904335 

1.66988879 7.866703441 
1.701005102 7.741904335 

6.135765136 5.855950041 
6.188287592 5.863506958 

6.253577303 5.894016023 
6.188287592 5.863506958 

0.5067916919 8.257451596 
0.4194306736 8.238412841 

4.327019735 3.154534072 
4.247550061 3.116518882 

4.14888363 3.055192844 
4.247550061 3.116518882 

0.3810467716 7.466764775 
0.3922202826 7.493143145 

4.300431248 6.934946531 
4.292736655 7.015926269 

4.273246092 7.092793516 
4.292736655 7.015926269 

3.427474654 0.4748642819 
3.475575039 0.4233567271 

2.354843286 2.932212847 
2.460620856 2.84887265 

2.564969271 2.76263885 
2.460620856 2.84887265 

1.993902854 6.334130371 
1.863654127 6.275334688 

4.554294006 2.584171491 
4.671976762 2.497870546 

4.803183986 2.414971812 
4.671976762 2.497870546 

3.285644122 6.24450461 
3.291820333 6.317928703 

3.308401699 6.380625715 
3.291820333 6.317928703 

3.005912529 1.421421079 
2.969959158 1.388614564 

3.170719652 2.205687558 
3.157461102 2.166794323 

3.157536792 2.125639008 
3.157461102 2.166794323 

3.248160415 2.796142416 
3.237249759 2.851168285 

3.220258407 2.902310948 
3.237249759 2.851168285 

3.572251641 3.29685039 
3.489150546 3.438963286 

2.358302439 0.9284130688 
2.360890608 1.072478706 

2.367582651 1.217542259 
2.360890608 1.072478706 

7.164082912 5.089853152 
7.136956704 5.1207739 

7.108832623 5.136324818 
7.136956704 5.1207739 

2.888288524 1.460252742 
2.840256743 1.521324186 

6.424117181 6.011586874 
6.484735039 5.909230629 

6.549103051 5.801601298 
6.484735039 5.909230629 

7.590521061 6.505834402 
7.497861881 6.574411328 

7.425258283 6.649770241 
7.497861881 6.574411328 

5.931305043 6.723697193 
5.933690919 6.587223149 

1.671113089 8.324596592 
1.601713072 8.26368661 

1.52692734 8.199808211 
1.601713072 8.26368661 

2.430175257 7.015353267 
2.416986727 7.115057274 

2.412955419 7.217489663 
2.416986727 7.115057274 

3.562337609 0.4240968854 
3.829385702 0.4715621022 

3.9188317 1.589546053 
3.952853647 1.627484503 

5.912741443 7.544220596 
5.882419697 7.598782788 

3.961408783 0.4950062711 
4.027420323 0.5067283556 

4.093431863 0.5184504401 
4.027420323 0.5067283556 

0.3922202826 7.493143145 
0.3743666738 7.522474977 

3.829385702 0.4715621022 
3.895397242 0.4832841867 

3.961408783 0.4950062711 
3.895397242 0.4832841867 

5.873253507 7.080587503 
5.819622203 7.117756145 

5.742119905 7.130880932 
5.819622203 7.117756145 

1.483320408 7.414414837 
1.643771427 7.372969621 

3.314033729 7.238964376 
3.328823797 7.177593664 

3.34627245 7.116978319 
3.328823797 7.177593664 

3.525538902 1.646442138 
3.64597165 1.614299744 

2.619211281 3.176506598 
2.64416251 3.142098206 

2.669113738 3.107689814 
2.64416251 3.142098206 

3.245828894 8.593766679 
3.171837048 8.626782522 

6.913909164 6.006395834 
6.788392292 6.11739036 

1.883839234 7.431467184 
1.794321154 7.336982699 

1.7202533 7.221593215 
1.794321154 7.336982699 

2.43840507 2.06101844 
2.455762292 2.12133482 

2.381445047 7.682479713 
2.497851183 7.655072456 

2.613707169 7.6412601 
2.497851183 7.655072456 

2.825932121 1.472221104 
2.810676616 1.443368869 

5.028290698 8.149878512 
5.062187081 8.127032164 

5.086900314 8.116436209 
5.062187081 8.127032164 

0.3045435422 8.192038472 
0.3972803782 8.207117412 

0.4760598347 8.017530074 
0.3574640038 8.090772505 

7.430860608 5.347067118 
7.456078987 5.377901581 

7.478127933 5.410297031 
7.456078987 5.377901581 

2.689052833 7.601629252 
2.744228263 7.695155886 

0.3944997166 6.742232234 
0.610670261 6.950948141 

0.8286824338 7.160949052 
0.610670261 6.950948141 

2.734618208 7.374971742 
2.818634022 7.28412936 

2.893493081 7.227573504 
2.818634022 7.28412936 

0.7305159632 6.936695071 
0.610670261 6.950948141 

2.819832428 2.462838655 
2.739933191 2.551463737 

2.662002852 2.630314885 
2.739933191 2.551463737 

6.312675025 5.639436831 
6.392174777 5.660015191 

6.490003989 5.669522644 
6.392174777 5.660015191 

3.620630871 8.491032879 
3.689791215 8.535689923 

3.757747618 8.542011621 
3.689791215 8.535689923 

3.998363881 6.997031315 
4.083697975 7.023511912 

2.038690143 7.020911806 
2.001618939 6.945578125 

1.954061484 6.861933497 
2.001618939 6.945578125 

7.702295948 6.183147013 
7.723568068 6.199219437 

7.723568068 6.199219437 
7.734204129 6.207255649 

7.744840189 6.215291861 
7.734204129 6.207255649 

6.887909898 6.168769408 
6.902595629 6.088479299 

6.913909164 6.006395834 
6.902595629 6.088479299 

2.365097728 1.844804761 
2.355009043 1.778568495 

5.11592397 8.173818683 
5.088010155 8.144094539 

5.062187081 8.127032164 
5.088010155 8.144094539 

1.730785178 7.353946945 
1.794321154 7.336982699 

4.059870607 3.847451645 
4.140440756 3.731082748 

4.244030439 3.62234683 
4.140440756 3.731082748 

5.340194412 5.714372535 
5.383970352 5.60469021 

1.704525553 1.783739287 
1.595213236 1.760550031 

5.104891738 4.991465413 
5.135407122 4.881654628 

3.853644721 1.857209984 
3.78358848 1.764437265 

4.1256507 5.888978188 
4.186785589 5.861319462 

4.247348207 5.842050363 
4.186785589 5.861319462 

1.470783567 1.726509705 
1.532998402 1.743529868 

1.595213236 1.760550031 
1.532998402 1.743529868 

0.3574640038 8.090772505 
0.336504945 8.144429658 

0.3045435422 8.192038472 
0.336504945 8.144429658 

7.233603274 5.21345319 
7.139228036 5.187764591 

2.940884842 7.75483357 
3.148769297 7.836333192 

3.359794206 7.922738362 
3.148769297 7.836333192 

2.336873856 7.356960433 
2.293859839 7.425891227 

2.255145726 7.507518883 
2.293859839 7.425891227 

2.502967865 2.189865532 
2.477897128 2.155238229 

2.455762292 2.12133482 
2.477897128 2.155238229 

2.776398196 1.421805416 
2.793176627 1.43239105 

2.810676616 1.443368869 
2.793176627 1.43239105 

0.3654170151 7.537053881 
0.3609421857 7.544343333 

0.3564673563 7.551632785 
0.3609421857 7.544343333 

2.379003043 6.41809555 
2.252830702 6.408199762 

2.128317822 6.397124995 
2.252830702 6.408199762 

0.3743666738 7.522474977 
0.3698918445 7.529764429 

0.3654170151 7.537053881 
0.3698918445 7.529764429 

3.065782868 2.733754977 
3.055236172 2.615190694 

3.04342086 2.496279024 
3.055236172 2.615190694 

5.619486289 6.928540076 
5.683046392 6.890179975 

5.243595583 8.162296385 
5.11592397 8.173818683 

5.481163038 5.687403511 
5.529295246 5.535454889 

5.577427454 5.383506267 
5.529295246 5.535454889 

2.582700855 9.293037539 
2.590936114 9.202872877 

7.141645737 7.484775473 
7.176087149 7.522662981 

7.206669863 7.556356367 
7.176087149 7.522662981 

3.020245711 6.072295497 
3.050786833 6.096206487 

3.07961102 6.121457517 
3.050786833 6.096206487 

7.534728034 6.030272525 
7.68632603 6.083873739 

3.432379412 2.082453132 
3.379727839 2.148813897 

3.333788589 2.213651554 
3.379727839 2.148813897 

2.159252529 7.800519339 
2.139543896 7.732171829 

2.104656854 7.666745716 
2.139543896 7.732171829 

3.477091897 1.060194721 
3.450705216 1.043177704 

3.422775646 1.025616803 
3.450705216 1.043177704 

2.768610738 7.979399911 
2.666666455 7.883310124 

2.565206844 7.786482835 
2.666666455 7.883310124 

2.961848403 2.028303803 
3.078020543 1.805385299 

2.139543896 7.732171829 
2.200447755 7.708454285 

3.609501301 2.517324749 
3.609525837 2.621907818 

2.961848403 2.028303803 
3.060673234 2.036318039 

3.162060143 2.044639142 
3.060673234 2.036318039 

1.514757861 9.343427563 
1.507471271 9.378187019 

1.599602115 6.947481285 
1.621415383 6.978131308 

1.644028968 7.01088535 
1.621415383 6.978131308 

3.000819242 3.362459491 
3.027105314 3.343500869 

3.053391386 3.324542248 
3.027105314 3.343500869 

6.092133191 5.159664004 
6.124807128 5.094131418 

6.164735422 5.025073017 
6.124807128 5.094131418 

2.979665423 2.691513266 
3.055236172 2.615190694 

6.345063104 8.334859312 
6.440904455 8.30560969 

6.5373347 8.275725683 
6.440904455 8.30560969 

1.507471271 9.378187019 
1.503905932 9.396489477 

7.233603274 5.21345319 
7.202035769 5.148711457 

7.164082912 5.089853152 
7.202035769 5.148711457 

5.223076065 6.557212592 
5.216950818 6.492053254 

5.212804447 6.429016871 
5.216950818 6.492053254 

3.279211282 2.016943685 
3.162060143 2.044639142 

1.503511894 9.44022819 
1.503708913 9.418358833 

1.503905932 9.396489477 
1.503708913 9.418358833 

5.184237426 4.764342653 
5.159822274 4.82299864 

5.135407122 4.881654628 
5.159822274 4.82299864 

6.996776519 5.291758468 
7.025257929 5.215489007 

7.053739338 5.139219546 
7.025257929 5.215489007 

2.454261344 8.031013683 
2.407827685 7.951255822 

2.361394026 7.87149796 
2.407827685 7.951255822 

1.626196329 1.504080279 
1.622310226 1.453971638 

1.618424123 1.403862997 
1.622310226 1.453971638 

6.489926456 7.969048556 
6.566299724 7.957571361 

6.642672993 7.946094167 
6.566299724 7.957571361 

3.919240555 2.033313176 
3.795144983 2.04339529 

3.671049411 2.053477403 
3.795144983 2.04339529 

