4.46313339 2.719002138 
4.566291893 3.385777238 

2.756136668 8.839884742 
3.311597603 8.907778349 

4.756533412 4.763167563 
4.471534652 4.504793822 

6.375171847 6.371859085 
6.679530148 6.144418333 

6.913909164 6.006395834 
6.679530148 6.144418333 

1.64312327 7.011129352 
1.35414761 7.208128622 

1.669009309 7.867714757 
1.891010358 7.690544219 

6.48610874 5.273059564 
6.633587153 5.702384009 

4.46313339 2.719002138 
5.043734656 2.555949029 

7.590521061 6.505834402 
6.913393329 6.34749279 

6.679530148 6.144418333 
6.913393329 6.34749279 

3.346104938 2.213644641 
3.082400715 2.328380597 

3.757568747 1.866009782 
3.565275461 1.766042258 

4.186562927 4.130135172 
4.059870607 3.847451645 

7.391084951 7.337898164 
6.828997064 7.360720707 

5.564121599 6.054553316 
5.842956698 6.084385094 

4.471534652 4.504793822 
4.340947333 4.341108605 

4.186562927 4.130135172 
4.340947333 4.341108605 

5.252918411 7.217081633 
4.78210059 7.514929522 

1.947246791 2.914577911 
2.440318666 3.245588379 

2.530081066 1.971750507 
2.730491523 2.092006327 

1.624686961 8.567691087 
1.504485193 8.890892626 

2.72858311 8.243357127 
2.953812091 7.747035735 

2.730491523 2.092006327 
2.167017368 2.296990253 

2.167017368 2.296990253 
2.29777613 2.475086235 

5.721798939 7.328220269 
5.735809542 7.01276715 

0.6751114117 7.60124127 
1.034517741 7.630941799 

1.320314914 7.71418687 
1.034517741 7.630941799 

6.828997064 7.360720707 
6.948093115 7.028466808 

4.195169635 2.347825966 
4.481240276 2.405479517 

1.64312327 7.011129352 
1.196175565 6.927295123 

2.08783967 7.268456146 
2.111334066 7.441006801 

1.472433215 1.727533828 
2.167017368 2.296990253 

6.549382386 6.959245436 
7.149045099 6.683129748 

1.196175565 6.927295123 
0.8307785025 7.160803845 

6.828997064 7.360720707 
6.934587425 7.839814016 

5.042528187 6.593215204 
5.211572598 6.429273869 

5.577827471 7.671501578 
5.758350507 7.762656734 

6.065218313 7.875209657 
5.758350507 7.762656734 

7.149045099 6.683129748 
6.948093115 7.028466808 

2.498160546 8.593249727 
2.72858311 8.243357127 

1.669009309 7.867714757 
1.142200076 8.042673555 

3.675523814 2.052988737 
3.757568747 1.866009782 

2.477582702 3.847609892 
2.440318666 3.245588379 

6.633587153 5.702384009 
6.913909164 6.006395834 

3.227144059 1.886255656 
3.417487077 1.878788544 

3.020245711 6.072295497 
2.741233335 6.293391415 

1.257791079 8.740700374 
1.504485193 8.890892626 

3.212517849 0.9280284634 
3.420461885 1.022949712 

4.46313339 2.719002138 
4.481240276 2.405479517 

3.675523814 2.052988737 
4.184276811 1.945592415 

6.040140513 7.111955045 
6.201401964 7.344331031 

2.440318666 3.245588379 
2.363162861 3.405628716 

7.149045099 6.683129748 
6.964997083 6.634609839 

5.61621293 6.501436641 
5.747226148 6.52436903 

0.8307785025 7.160803845 
1.022006989 7.451014967 

2.977492886 1.700412805 
2.855307589 1.614721486 

1.196175565 6.927295123 
1.30257594 6.216284463 

3.095594144 8.316350241 
3.068540131 8.057504141 

4.1256507 5.888978188 
4.198452054 6.218562216 

3.856621673 6.755522477 
4.198452054 6.218562216 

3.777140711 1.36593775 
3.918910197 1.588917765 

7.478127933 5.410297031 
6.938289435 5.671916892 

1.82036317 8.865565108 
1.596860736 9.060433746 

1.100375333 9.289417402 
1.596860736 9.060433746 

5.842956698 6.084385094 
6.073065463 6.010076342 

3.212517849 0.9280284634 
3.126747913 1.297865422 

3.565275461 1.766042258 
3.126747913 1.297865422 

6.310481981 5.64197587 
6.141704905 5.339864533 

0.3944997166 6.742232234 
0.9931087566 6.780997847 

1.196175565 6.927295123 
0.9931087566 6.780997847 

5.252918411 7.217081633 
5.735809542 7.01276715 

4.783024434 6.773139293 
4.901421148 6.878126369 

3.311597603 8.907778349 
3.245828894 8.593766679 

6.913393329 6.34749279 
6.722641137 6.507191342 

2.530081066 1.971750507 
2.355009043 1.778568495 

2.167017368 2.296990253 
2.113719649 2.118237973 

1.311891976 2.299437112 
1.648318325 2.286988089 

2.011215822 8.531485083 
2.026579169 8.847390902 

7.312727061 7.8055358 
6.934587425 7.839814016 

3.748427688 0.8320173479 
3.575375147 0.7925041274 

4.775917588 5.638815212 
4.839327701 5.835541437 

2.358302439 0.9284130688 
2.256673314 0.6485282485 

7.303457981 6.164641121 
7.203033497 6.30985052 

4.367329196 7.629057492 
4.324986962 7.29759587 

4.324986962 7.29759587 
4.548151353 7.321881299 

1.82036317 8.865565108 
2.026579169 8.847390902 

6.312282993 8.007362096 
5.563429299 7.97925157 

7.228556145 5.21905575 
7.096065 5.362248872 

5.563429299 7.97925157 
5.577827471 7.671501578 

1.142200076 8.042673555 
1.320314914 7.71418687 

0.3045435422 8.192038472 
0.638591157 7.988707052 

4.446628591 1.367458358 
3.918910197 1.588917765 

5.629866422 4.975253746 
5.504187591 4.776757145 

5.212841055 4.750849994 
5.504187591 4.776757145 

3.095594144 8.316350241 
3.245828894 8.593766679 

5.842956698 6.084385094 
6.044824773 6.218837224 

2.498160546 8.593249727 
2.609185706 8.924005058 

3.088311711 0.3160476665 
3.355128168 0.7127716573 

3.420461885 1.022949712 
3.355128168 0.7127716573 

3.649512766 3.026631868 
3.761374007 3.282915857 

2.477582702 3.847609892 
2.363162861 3.405628716 

2.113719649 2.118237973 
2.730491523 2.092006327 

4.1256507 5.888978188 
4.708311598 6.294385348 

5.042528187 6.593215204 
4.708311598 6.294385348 

1.830771339 6.365606799 
1.636454069 6.650809683 

6.201401964 7.344331031 
5.721798939 7.328220269 

3.245828894 8.593766679 
3.384597103 8.383713339 

2.730491523 2.092006327 
2.502024155 2.191516963 

2.113719649 2.118237973 
1.827050603 2.197579354 

3.946723349 2.57529385 
3.609501301 2.517324749 

3.532438992 2.299869456 
3.609501301 2.517324749 

2.111334066 7.441006801 
2.255173314 7.508074952 

2.853567355 6.656342597 
3.411353253 6.453831394 

7.590521061 6.505834402 
7.25132539 6.504750935 

6.828997064 7.360720707 
6.615927355 7.482506459 

1.669009309 7.867714757 
1.467701641 7.992760125 

7.149045099 6.683129748 
7.41408806 6.649642335 

6.044824773 6.218837224 
6.073065463 6.010076342 

1.467701641 7.992760125 
1.42515711 8.13723335 

2.465061473 6.013478626 
2.706116432 6.124637158 

2.741233335 6.293391415 
2.706116432 6.124637158 

2.72858311 8.243357127 
2.384725213 8.344463611 

2.819832428 2.462838655 
2.900233675 2.267110222 

2.948809823 2.024022056 
2.900233675 2.267110222 

1.196175565 6.927295123 
1.35414761 7.208128622 

2.363162861 3.405628716 
2.169180949 3.332025239 

1.022006989 7.451014967 
1.159291709 7.144091636 

1.196175565 6.927295123 
1.159291709 7.144091636 

4.708311598 6.294385348 
4.638865115 6.479749384 

3.856621673 6.755522477 
3.824075386 7.121263026 

2.616431441 3.182906786 
2.440318666 3.245588379 

3.150411019 3.296236 
3.207775697 3.515293887 

5.212841055 4.750849994 
4.932030737 4.957182583 

4.756533412 4.763167563 
4.932030737 4.957182583 

5.629866422 4.975253746 
5.887722136 4.736872441 

1.034517741 7.630941799 
1.022006989 7.451014967 

2.356523318 1.334609747 
2.070769859 1.353958968 

2.756136668 8.839884742 
2.609185706 8.924005058 

5.61621293 6.501436641 
5.61993699 6.750590371 

0.7399389818 8.294695499 
0.638591157 7.988707052 

6.669539905 8.242277767 
6.642672993 7.946094167 

1.648318325 2.286988089 
1.601311714 2.41972448 

2.72858311 8.243357127 
3.068540131 8.057504141 

1.936396306 1.490069086 
1.906588169 1.676691031 

5.61993699 6.750590371 
5.919003604 6.728541447 

2.977492886 1.700412805 
2.948809823 2.024022056 

4.446628591 1.367458358 
4.567862329 1.626855046 

3.575375147 0.7925041274 
3.562337609 0.4240968854 

4.783024434 6.773139293 
4.547104839 6.956780062 

0.8307785025 7.160803845 
1.159291709 7.144091636 

3.609501301 2.517324749 
3.487995366 2.638302591 

1.311891976 2.299437112 
1.601311714 2.41972448 

2.676726279 0.4537560844 
2.764713572 0.8451262276 

3.082400715 2.328380597 
2.900233675 2.267110222 

4.46313339 2.719002138 
4.39725441 2.865378615 

1.827050603 2.197579354 
1.648318325 2.286988089 

2.853567355 6.656342597 
2.878315721 6.819807226 

2.92546642 2.897667858 
2.979665423 2.691513266 

5.577827471 7.671501578 
5.247856697 7.709220202 

0.8307785025 7.160803845 
0.9931087566 6.780997847 

4.566291893 3.385777238 
4.560584837 3.139876491 

4.327019735 3.154534072 
4.560584837 3.139876491 

2.634266466 9.474934121 
2.741790889 9.149879531 

2.756136668 8.839884742 
2.741790889 9.149879531 

6.764695008 6.781397662 
6.722641137 6.507191342 

3.736225142 7.548231464 
4.068537859 7.664628425 

1.936396306 1.490069086 
2.070769859 1.353958968 

3.420461885 1.022949712 
3.575375147 0.7925041274 

6.141704905 5.339864533 
6.317076041 5.454034717 

6.48610874 5.273059564 
6.317076041 5.454034717 

0.7272302263 8.841950946 
0.5055198053 8.629138842 

2.977492886 1.700412805 
3.029923813 1.555049745 

5.014081823 8.004261954 
5.451228804 7.651711733 

7.203033497 6.30985052 
7.25132539 6.504750935 

6.913909164 6.006395834 
6.938289435 5.671916892 

1.35414761 7.208128622 
0.9690706271 6.979260976 

3.384597103 8.383713339 
3.54193984 8.319732921 

5.90172968 5.53168699 
6.141704905 5.339864533 

1.42515711 8.13723335 
1.513821396 8.391950872 

1.624686961 8.567691087 
1.513821396 8.391950872 

2.72858311 8.243357127 
2.795591956 8.478816386 

5.252918411 7.217081633 
5.247856697 7.709220202 

6.722641137 6.507191342 
6.594433621 6.681703142 

5.475579759 5.680013099 
5.09404213 5.934004983 

2.730491523 2.092006327 
2.948809823 2.024022056 

0.638591157 7.988707052 
0.6751114117 7.60124127 

6.669539905 8.242277767 
7.011271992 8.058134402 

0.638591157 7.988707052 
0.8316143862 7.857022673 

0.9690706271 6.979260976 
1.196175565 6.927295123 

4.567862329 1.626855046 
4.287619112 1.574831909 

4.125742375 1.391205191 
4.287619112 1.574831909 

4.184276811 1.945592415 
3.938339642 2.167920542 

1.601311714 2.41972448 
1.522487251 2.463297248 

3.271896832 3.915728989 
3.186521677 3.623809911 

2.995370393 3.418273057 
3.186521677 3.623809911 

5.211572598 6.429273869 
5.000070916 6.335364882 

4.708311598 6.294385348 
5.000070916 6.335364882 

4.775917588 5.638815212 
5.166600241 5.429455217 

1.673271503 6.376481054 
1.830771339 6.365606799 

3.029923813 1.555049745 
2.855307589 1.614721486 

2.893089926 7.226608297 
2.657354597 7.294773396 

2.741233335 6.293391415 
2.79857245 6.45560442 

0.9931087566 6.780997847 
1.088802512 6.594217056 

1.636454069 6.650809683 
1.196175565 6.927295123 

1.30257594 6.216284463 
1.3212396 6.587346259 

0.6751114117 7.60124127 
0.5183530464 7.673586393 

7.41408806 6.649642335 
7.25132539 6.504750935 

4.566291893 3.385777238 
4.901735051 2.934272257 

5.043734656 2.555949029 
4.901735051 2.934272257 

2.37773625 6.417566949 
2.741233335 6.293391415 

5.887722136 4.736872441 
6.0210459 4.816879831 

1.879698826 0.7765163409 
1.867989192 1.054166783 

6.764695008 6.781397662 
6.594433621 6.681703142 

5.460575003 7.035340724 
5.6841669 6.889326406 

5.61993699 6.750590371 
5.6841669 6.889326406 

4.579265147 1.840112321 
4.729916136 1.817594425 

4.97126737 1.714569029 
4.729916136 1.817594425 

1.504485193 8.890892626 
1.342954997 9.068107147 

4.901421148 6.878126369 
4.931938989 7.115340974 

2.609185706 8.924005058 
2.741790889 9.149879531 

4.932030737 4.957182583 
4.829226122 5.150454003 

6.633587153 5.702384009 
6.889956642 5.392970335 

4.829226122 5.150454003 
4.452849112 5.284626925 

1.257791079 8.740700374 
1.513821396 8.391950872 

6.938289435 5.671916892 
6.889956642 5.392970335 

4.079563985 0.9699632506 
4.130039177 0.8303419568 

2.855307589 1.614721486 
2.591725637 1.676028401 

2.355009043 1.778568495 
2.591725637 1.676028401 

3.736225142 7.548231464 
3.358898224 7.921641957 

3.736225142 7.548231464 
3.639878319 7.863472907 

4.548151353 7.321881299 
4.547104839 6.956780062 

2.530081066 1.971750507 
2.591725637 1.676028401 

3.761374007 3.282915857 
3.640690051 3.21001026 

2.453251168 8.031105411 
2.269409609 8.064116109 

2.893089926 7.226608297 
3.106412363 7.028294556 

1.891010358 7.690544219 
2.049373552 7.676846908 

3.020245711 6.072295497 
2.706116432 6.124637158 

5.086082512 2.104216677 
4.904360275 1.987655492 

4.708311598 6.294385348 
4.576382429 6.103459646 

2.168166655 9.279168222 
2.387484705 8.838461318 

1.64312327 7.011129352 
1.730785178 7.353946945 

4.125742375 1.391205191 
4.516053136 0.8178691827 

7.391084951 7.337898164 
7.191426825 7.060250715 

3.095594144 8.316350241 
2.795591956 8.478816386 

2.795591956 8.478816386 
3.018982594 8.645517718 

1.35414761 7.208128622 
1.730785178 7.353946945 

2.616431441 3.182906786 
2.683350725 3.375773128 

6.889956642 5.392970335 
7.096065 5.362248872 

4.46313339 2.719002138 
4.560269721 2.588760872 

3.167476326 2.21568783 
3.230821453 2.123766233 

4.775917588 5.638815212 
4.864374564 5.418997145 

4.516053136 0.8178691827 
4.130039177 0.8303419568 

1.42515711 8.13723335 
1.704255917 8.171613823 

3.675523814 2.052988737 
3.431986548 2.082909861 

6.249496173 6.944470132 
6.232584526 6.742276992 

3.082400715 2.328380597 
3.167476326 2.21568783 

3.068540131 8.057504141 
3.358898224 7.921641957 

3.018982594 8.645517718 
3.096632649 8.724949037 

5.451228804 7.651711733 
5.577827471 7.671501578 

2.661644973 2.631110435 
2.731925981 2.836802799 

2.92546642 2.897667858 
2.731925981 2.836802799 

7.590521061 6.505834402 
7.611402295 6.706535511 

3.082400715 2.328380597 
3.04342086 2.496279024 

2.676726279 0.4537560844 
2.392823279 0.6951631826 

2.256673314 0.6485282485 
2.392823279 0.6951631826 

1.673271503 6.376481054 
1.712202363 6.174182456 

3.020245711 6.072295497 
3.089330621 6.319032598 

5.014081823 8.004261954 
5.140536094 7.893953964 

5.247856697 7.709220202 
5.140536094 7.893953964 

2.358302439 0.9284130688 
2.444403117 0.7403202306 

2.609185706 8.924005058 
2.51779878 9.093589666 

3.420461885 1.022949712 
3.263261904 1.11253617 

3.126747913 1.297865422 
3.263261904 1.11253617 

2.169180949 3.332025239 
2.098427786 3.493948435 

4.125742375 1.391205191 
4.002439342 1.386255319 

1.311891976 2.299437112 
1.522487251 2.463297248 

1.311891976 2.299437112 
1.536830747 2.053597478 

0.7666462403 8.116347133 
0.638591157 7.988707052 

7.303457981 6.164641121 
7.394514997 6.139163832 

4.195169635 2.347825966 
4.46313339 2.719002138 

4.184276811 1.945592415 
4.271411109 2.128331942 

2.444403117 0.7403202306 
2.464847831 0.544831072 

1.022006989 7.451014967 
1.272135443 7.448713036 

5.042528187 6.593215204 
4.901421148 6.878126369 

1.100375333 9.289417402 
1.385060169 8.669134626 

4.547104839 6.956780062 
4.372864756 6.642960684 

0.9690706271 6.979260976 
0.8307785025 7.160803845 

7.203033497 6.30985052 
7.394514997 6.139163832 

2.011215822 8.531485083 
2.131815903 8.418299295 

7.011271992 8.058134402 
6.934587425 7.839814016 

0.3944997166 6.742232234 
0.713159683 6.624072859 

0.7399389818 8.294695499 
0.7576837456 8.538285383 

7.312727061 7.8055358 
7.207407203 7.557475706 

1.257791079 8.740700374 
1.385060169 8.669134626 

3.271896832 3.915728989 
3.524307203 3.848422727 

3.724908864 4.000656654 
3.524307203 3.848422727 

5.758350507 7.762656734 
5.912413824 7.54443024 

1.142200076 8.042673555 
0.8316143862 7.857022673 

1.257791079 8.740700374 
1.055388757 8.701061906 

4.324986962 7.29759587 
3.97854219 7.450557086 

3.736225142 7.548231464 
3.97854219 7.450557086 

2.530081066 1.971750507 
2.724531352 1.854201676 

2.158361761 7.801820563 
2.198619527 7.709013662 

2.381399047 7.682015301 
2.198619527 7.709013662 

3.212517849 0.9280284634 
3.263261904 1.11253617 

6.279876668 4.70061252 
6.164735422 5.025073017 

2.953812091 7.747035735 
2.990443448 7.921335232 

3.068540131 8.057504141 
2.990443448 7.921335232 

2.35923682 7.869308676 
2.198619527 7.709013662 

6.722641137 6.507191342 
6.54039177 6.484913213 

4.068537859 7.664628425 
3.97854219 7.450557086 

6.54039177 6.484913213 
6.594433621 6.681703142 

6.310481981 5.64197587 
6.030262759 5.885003699 

5.842956698 6.084385094 
6.030262759 5.885003699 

0.7487656663 6.360780036 
1.047279396 6.376717581 

2.502024155 2.191516963 
2.489052936 2.341580531 

5.381793475 6.727756721 
5.61993699 6.750590371 

2.790366844 7.573562832 
2.953812091 7.747035735 

2.768857757 7.98043847 
2.990443448 7.921335232 

4.198452054 6.218562216 
4.576382429 6.103459646 

6.764695008 6.781397662 
6.862195178 6.736978107 

6.964997083 6.634609839 
6.862195178 6.736978107 

4.198452054 6.218562216 
4.251937813 6.474736101 

4.372864756 6.642960684 
4.251937813 6.474736101 

5.735809542 7.01276715 
5.6841669 6.889326406 

5.919003604 6.728541447 
5.6841669 6.889326406 

7.394514997 6.139163832 
7.48001805 6.242758002 

7.096065 5.362248872 
7.478127933 5.410297031 

2.440318666 3.245588379 
2.354843286 2.932212847 

3.355128168 0.7127716573 
3.575375147 0.7925041274 

4.864374564 5.418997145 
5.166600241 5.429455217 

5.014081823 8.004261954 
5.113760329 7.633271543 

4.195169635 2.347825966 
4.310004644 2.224138944 

4.271411109 2.128331942 
4.310004644 2.224138944 

5.564121599 6.054553316 
5.263389411 6.013813333 

5.09404213 5.934004983 
5.263389411 6.013813333 

7.096065 5.362248872 
7.023312779 5.516769439 

6.938289435 5.671916892 
7.023312779 5.516769439 

4.012789934 3.096792657 
4.122934299 2.845316235 

6.549382386 6.959245436 
6.232584526 6.742276992 

7.25132539 6.504750935 
7.149045099 6.683129748 

5.747226148 6.52436903 
5.881989395 6.406471819 

6.073065463 6.010076342 
6.030262759 5.885003699 

4.446628591 1.367458358 
4.356703222 1.194283233 

5.897641915 6.549765305 
5.881989395 6.406471819 

1.827050603 2.197579354 
1.536830747 2.053597478 

6.913393329 6.34749279 
6.54039177 6.484913213 

0.5055198053 8.629138842 
0.6560368864 8.558007211 

0.7576837456 8.538285383 
0.6560368864 8.558007211 

1.759517485 9.320110402 
1.711744933 9.174590324 

1.596860736 9.060433746 
1.711744933 9.174590324 

3.639878319 7.863472907 
3.54193984 8.319732921 

1.57999865 7.52327622 
1.741904775 7.623077811 

1.891010358 7.690544219 
1.741904775 7.623077811 

1.971994715 3.328259856 
1.915709404 3.488273422 

1.3212396 6.587346259 
1.088802512 6.594217056 

1.513821396 8.391950872 
1.679169102 8.333343022 

2.415710682 6.246495588 
2.177419061 6.044899553 

4.864374564 5.418997145 
5.054172044 5.162985586 

3.329484269 0.5228823462 
3.410571687 0.2976896764 

1.618424123 1.403862997 
1.914282731 1.318568382 

2.070769859 1.353958968 
1.914282731 1.318568382 

2.011215822 8.531485083 
1.624686961 8.567691087 

1.142200076 8.042673555 
1.286758071 7.964587097 

1.830771339 6.365606799 
1.987148374 6.334295451 

1.936396306 1.490069086 
1.914282731 1.318568382 

1.827050603 2.197579354 
1.639896155 2.207638366 

4.093431863 0.5184504401 
4.095619419 0.7373416537 

4.130039177 0.8303419568 
4.095619419 0.7373416537 

3.271896832 3.915728989 
3.389593645 3.711709166 

3.207775697 3.515293887 
3.389593645 3.711709166 

0.713159683 6.624072859 
0.7802083184 6.572527491 

2.977492886 1.700412805 
2.724531352 1.854201676 

7.191804798 5.919574122 
7.234655597 5.729214506 

2.098427786 3.493948435 
2.041913717 3.44980433 

1.971994715 3.328259856 
2.041913717 3.44980433 

2.995370393 3.418273057 
2.811834102 3.549086515 

5.211572598 6.429273869 
5.263389411 6.013813333 

3.355128168 0.7127716573 
3.329484269 0.5228823462 

6.549382386 6.959245436 
6.391725834 6.683026529 

6.375171847 6.371859085 
6.391725834 6.683026529 

3.346104938 2.213644641 
3.313485406 2.381840964 

3.311597603 8.907778349 
2.862447557 8.692083691 

2.498160546 8.593249727 
2.862447557 8.692083691 

3.565275461 1.766042258 
3.645415053 1.614210121 

5.183006282 8.070979144 
5.140536094 7.893953964 

1.947246791 2.914577911 
1.728157607 2.73506204 

6.549382386 6.959245436 
6.431809577 6.817802039 

6.249496173 6.944470132 
6.431809577 6.817802039 

3.946723349 2.57529385 
3.708649986 2.324242245 

3.675523814 2.052988737 
3.708649986 2.324242245 

2.358302439 0.9284130688 
2.392823279 0.6951631826 

3.207775697 3.515293887 
3.186521677 3.623809911 

2.464847831 0.544831072 
2.392823279 0.6951631826 

1.673271503 6.376481054 
1.3212396 6.587346259 

1.636454069 6.650809683 
1.848963832 6.729508128 

1.885384675 7.43245929 
1.730785178 7.353946945 

5.113760329 7.633271543 
4.972104658 7.633211746 

7.234655597 5.729214506 
7.303889201 5.622867131 

1.639896155 2.207638366 
1.648318325 2.286988089 

5.90172968 5.53168699 
5.710646947 5.639781757 

7.48001805 6.242758002 
7.531169223 6.216267949 

2.730491523 2.092006327 
2.723522099 2.244367904 

2.819832428 2.462838655 
2.723522099 2.244367904 

5.919003604 6.728541447 
5.739708922 6.643836067 

5.61621293 6.501436641 
5.739708922 6.643836067 

4.1256507 5.888978188 
4.790298577 5.961834162 

5.564121599 6.054553316 
4.790298577 5.961834162 

2.332389297 7.3414774 
2.41750286 7.213047563 

4.775917588 5.638815212 
4.790298577 5.961834162 

2.197910588 3.662263411 
1.993836935 3.452643345 

3.649512766 3.026631868 
3.640690051 3.21001026 

4.839327701 5.835541437 
4.790298577 5.961834162 

6.948093115 7.028466808 
7.066744762 6.918533172 

5.747226148 6.52436903 
5.739708922 6.643836067 

1.342954997 9.068107147 
1.369370614 9.182025532 

1.522487251 2.463297248 
1.506510575 2.605203027 

3.532438992 2.299869456 
3.708649986 2.324242245 

6.48610874 5.273059564 
6.730173258 5.114252077 

2.768857757 7.98043847 
2.519350597 7.945057686 

2.35923682 7.869308676 
2.519350597 7.945057686 

6.080365751 6.591077878 
5.982423512 6.586836152 

4.184276811 1.945592415 
3.984316378 1.885612425 

7.478127933 5.410297031 
7.360390462 5.576244276 

7.303889201 5.622867131 
7.360390462 5.576244276 

7.011271992 8.058134402 
7.042148956 7.887267044 

3.426906733 1.601800513 
3.331045483 1.449642017 

3.126747913 1.297865422 
3.331045483 1.449642017 

2.756136668 8.839884742 
2.862447557 8.692083691 

5.183006282 8.070979144 
5.234823357 8.171743414 

4.547104839 6.956780062 
4.300431248 6.934946531 

6.201401964 7.344331031 
6.408836092 7.248366798 

2.795591956 8.478816386 
2.862447557 8.692083691 

7.611402295 6.706535511 
7.650906965 6.868018523 

1.385060169 8.669134626 
1.513821396 8.391950872 

3.417487077 1.878788544 
3.431986548 2.082909861 

1.984983201 8.238738476 
1.904722254 8.452357993 

2.790366844 7.573562832 
2.79199548 7.45596469 

5.721798939 7.328220269 
5.686182873 7.579952286 

5.577827471 7.671501578 
5.686182873 7.579952286 

4.372864756 6.642960684 
4.134657152 6.735616599 

2.764713572 0.8451262276 
2.815444544 0.9813218834 

1.385060169 8.669134626 
1.307170356 8.439482131 

2.168166655 9.279168222 
2.407920748 9.338085078 

2.634266466 9.474934121 
2.407920748 9.338085078 

2.356523318 1.334609747 
2.669134861 1.571813741 

2.977492886 1.700412805 
2.669134861 1.571813741 

6.232584526 6.742276992 
6.391725834 6.683026529 

5.042528187 6.593215204 
5.141108043 6.721163207 

5.381793475 6.727756721 
5.141108043 6.721163207 

5.247856697 7.709220202 
5.113760329 7.633271543 

2.256673314 0.6485282485 
2.074238739 0.7093925137 

1.959522291 6.864284276 
1.848963832 6.729508128 

0.5183530464 7.673586393 
0.5372921909 7.553833348 

0.3817315656 7.4681742 
0.5372921909 7.553833348 

1.625165301 3.27159154 
1.869260983 3.406735932 

1.993836935 3.452643345 
1.869260983 3.406735932 

3.314033729 7.238964376 
3.443600697 7.308689709 

3.219144941 2.903172882 
3.346680082 2.679431839 

3.487995366 2.638302591 
3.346680082 2.679431839 

3.54193984 8.319732921 
3.749030834 8.1855216 

3.089330621 6.319032598 
3.115304009 6.408720583 

2.354843286 2.932212847 
2.576670495 2.876700214 

2.731925981 2.836802799 
2.576670495 2.876700214 

1.64312327 7.011129352 
1.7202533 7.221593215 

4.839327701 5.835541437 
5.006324139 5.691111467 

5.166600241 5.429455217 
5.006324139 5.691111467 

2.900233675 2.267110222 
2.723522099 2.244367904 

1.320314914 7.71418687 
0.8558621853 7.982932416 

1.35414761 7.208128622 
1.159291709 7.144091636 

4.560584837 3.139876491 
4.666782941 3.138338976 

2.815444544 0.9813218834 
2.88082166 0.8909402917 

3.009233071 0.7579819292 
2.88082166 0.8909402917 

3.410571687 0.2976896764 
3.275049299 0.3460234093 

0.9690706271 6.979260976 
0.9931087566 6.780997847 

1.906588169 1.676691031 
1.704772749 1.784420033 

6.889956642 5.392970335 
7.023312779 5.516769439 

3.946723349 2.57529385 
3.760372687 2.769610923 

3.649512766 3.026631868 
3.760372687 2.769610923 

5.739708922 6.643836067 
5.61993699 6.750590371 

1.669009309 7.867714757 
1.85704257 7.91220072 

0.6086825916 7.329963078 
0.7094484911 7.279537538 

0.8307785025 7.160803845 
0.7094484911 7.279537538 

1.618424123 1.403862997 
1.801232193 1.410644641 

1.936396306 1.490069086 
1.801232193 1.410644641 

1.730785178 7.353946945 
1.7202533 7.221593215 

3.227144059 1.886255656 
3.171159584 2.043690557 

4.300431248 6.934946531 
4.134657152 6.735616599 

1.047279396 6.376717581 
1.164108741 6.299192171 

1.142200076 8.042673555 
0.8558621853 7.982932416 

6.345063104 8.334859312 
6.290158178 8.106009247 

2.811834102 3.549086515 
2.757341231 3.622460134 

5.451228804 7.651711733 
5.247856697 7.709220202 

5.504187591 4.776757145 
5.605665787 4.592740205 

7.590521061 6.505834402 
7.48001805 6.242758002 

7.191426825 7.060250715 
6.948093115 7.028466808 

2.741790889 9.149879531 
2.650839374 9.145300287 

6.633587153 5.702384009 
6.938289435 5.671916892 

2.853567355 6.656342597 
2.639626184 6.651521295 

2.661644973 2.631110435 
2.576670495 2.876700214 

2.121507511 7.553957387 
2.255173314 7.508074952 

2.113719649 2.118237973 
1.942287043 1.990350979 

6.722641137 6.507191342 
6.862195178 6.736978107 

5.166600241 5.429455217 
5.054172044 5.162985586 

7.191426825 7.060250715 
7.082335652 7.165979088 

5.919003604 6.728541447 
5.982423512 6.586836152 

5.471703914 8.21920001 
5.354295681 8.148410887 

5.234823357 8.171743414 
5.354295681 8.148410887 

7.391084951 7.337898164 
7.241529864 7.457728172 

1.915709404 3.488273422 
1.993836935 3.452643345 

2.498160546 8.593249727 
2.630401669 8.720047347 

2.756136668 8.839884742 
2.630401669 8.720047347 

4.356703222 1.194283233 
4.351623074 1.045869964 

5.919003604 6.728541447 
5.779519121 6.873072576 

3.115304009 6.408720583 
3.196745289 6.427813565 

6.642672993 7.946094167 
6.8798609 7.96666735 

7.011271992 8.058134402 
6.8798609 7.96666735 

1.503511894 9.44022819 
1.369370614 9.182025532 

3.271896832 3.915728989 
3.488012474 3.604084186 

6.913393329 6.34749279 
6.964997083 6.634609839 

4.195169635 2.347825966 
4.562416764 2.048991695 

4.97126737 1.714569029 
4.562416764 2.048991695 

4.579265147 1.840112321 
4.669362598 1.696397388 

4.567862329 1.626855046 
4.669362598 1.696397388 

6.679530148 6.144418333 
6.635392743 6.30284611 

3.426906733 1.601800513 
3.645415053 1.614210121 

2.979665423 2.691513266 
3.065782868 2.733754977 

2.724531352 1.854201676 
2.669134861 1.571813741 

2.168166655 9.279168222 
2.072227431 9.085004494 

2.268724023 7.092008019 
2.41750286 7.213047563 

1.728157607 2.73506204 
1.562377168 2.682851754 

3.230821453 2.123766233 
3.282421802 2.147068861 

3.431986548 2.082909861 
3.282421802 2.147068861 

3.411353253 6.453831394 
3.256342102 6.43935002 

3.196745289 6.427813565 
3.256342102 6.43935002 

6.679530148 6.144418333 
6.976999907 5.903383249 

5.779519121 6.873072576 
5.6841669 6.889326406 

3.824075386 7.121263026 
3.97854219 7.450557086 

6.080365751 6.591077878 
6.159669626 6.526283901 

6.335637586 6.147132865 
6.375171847 6.371859085 

1.618424123 1.403862997 
1.879195579 1.50860306 

2.209186578 1.734253621 
1.879195579 1.50860306 

6.290158178 8.106009247 
6.19043584 8.107816539 

3.171159584 2.043690557 
3.230821453 2.123766233 

3.311597603 8.907778349 
3.171837048 8.626782522 

3.095594144 8.316350241 
3.171837048 8.626782522 

4.576382429 6.103459646 
4.790298577 5.961834162 

3.488012474 3.604084186 
3.389593645 3.711709166 

6.335637586 6.147132865 
6.224970017 6.074511593 

6.073065463 6.010076342 
6.224970017 6.074511593 

1.915709404 3.488273422 
1.869260983 3.406735932 

6.058016546 8.196597937 
6.143821774 8.071393728 

6.209117281 7.993484909 
6.143821774 8.071393728 

3.562337609 0.4240968854 
3.410571687 0.2976896764 

3.562337609 0.4240968854 
3.448451719 0.5733168877 

3.355128168 0.7127716573 
3.448451719 0.5733168877 

5.475579759 5.680013099 
5.263389411 6.013813333 

2.498160546 8.593249727 
2.317418758 8.523424567 

2.011215822 8.531485083 
2.317418758 8.523424567 

3.227144059 1.886255656 
3.029923813 1.555049745 

6.317076041 5.454034717 
6.310481981 5.64197587 

5.881989395 6.406471819 
5.70467364 6.264195463 

7.478127933 5.410297031 
7.223865253 5.654096319 

6.976999907 5.903383249 
7.223865253 5.654096319 

6.065218313 7.875209657 
6.209117281 7.993484909 

2.878315721 6.819807226 
2.92777587 7.017859971 

3.7118183 2.587339164 
3.609501301 2.517324749 

6.312282993 8.007362096 
6.290158178 8.106009247 

4.576382429 6.103459646 
4.620985673 6.29652594 

4.638865115 6.479749384 
4.620985673 6.29652594 

6.391725834 6.683026529 
6.431809577 6.817802039 

0.6751114117 7.60124127 
0.5420655255 7.888382899 

3.7118183 2.587339164 
3.760372687 2.769610923 

4.068537859 7.664628425 
4.205519879 7.439710398 

4.324986962 7.29759587 
4.205519879 7.439710398 

0.5420655255 7.888382899 
0.638591157 7.988707052 

5.90172968 5.53168699 
5.949411607 5.719534139 

6.030262759 5.885003699 
5.949411607 5.719534139 

1.624686961 8.567691087 
1.385060169 8.669134626 

1.885384675 7.43245929 
2.121507511 7.553957387 

1.472433215 1.727533828 
1.740694415 1.892938756 

1.942287043 1.990350979 
1.740694415 1.892938756 

3.417487077 1.878788544 
3.565275461 1.766042258 

7.191426825 7.060250715 
7.334773189 7.028244638 

7.554029225 6.993178107 
7.334773189 7.028244638 

5.166600241 5.429455217 
5.27664012 5.55736749 

6.065218313 7.875209657 
6.143821774 8.071393728 

1.35414761 7.208128622 
1.274484842 7.356696111 

1.272135443 7.448713036 
1.274484842 7.356696111 

3.938339642 2.167920542 
3.708649986 2.324242245 

2.387484705 8.838461318 
2.609185706 8.924005058 

1.503511894 9.44022819 
1.366332407 9.270496649 

3.325730381 7.575390007 
3.554289921 7.50811878 

3.736225142 7.548231464 
3.554289921 7.50811878 

4.367329196 7.629057492 
4.205519879 7.439710398 

4.803183986 2.414971812 
4.86617669 2.474947298 

5.043734656 2.555949029 
4.86617669 2.474947298 

2.356523318 1.334609747 
2.317236581 1.467554842 

1.936396306 1.490069086 
1.879195579 1.50860306 

3.275049299 0.3460234093 
3.258266604 0.2089076291 

4.669362598 1.696397388 
4.729916136 1.817594425 

5.70467364 6.264195463 
5.805474605 6.179699311 

5.842956698 6.084385094 
5.805474605 6.179699311 

6.164735422 5.025073017 
6.0210459 4.816879831 

6.141704905 5.339864533 
6.092133191 5.159664004 

3.284953348 6.24413527 
3.172635606 6.201035741 

3.938339642 2.167920542 
3.918763555 2.033461775 

3.984316378 1.885612425 
3.918763555 2.033461775 

1.867989192 1.054166783 
1.741012456 1.150766926 

3.096632649 8.724949037 
3.171837048 8.626782522 

6.065218313 7.875209657 
6.223464063 7.581885244 

1.625165301 3.27159154 
1.77585343 3.068563278 

1.947246791 2.914577911 
1.77585343 3.068563278 

2.29777613 2.475086235 
2.345816132 2.346382784 

2.489052936 2.341580531 
2.345816132 2.346382784 

4.620985673 6.29652594 
4.708311598 6.294385348 

2.381399047 7.682015301 
2.565206844 7.786482835 

5.054172044 5.162985586 
4.829226122 5.150454003 

2.37773625 6.417566949 
2.29585099 6.278194233 

3.282421802 2.147068861 
3.346104938 2.213644641 

2.948809823 2.024022056 
3.023686772 2.234659012 

3.082400715 2.328380597 
3.023686772 2.234659012 

6.948093115 7.028466808 
7.0222848 7.081668195 

7.082335652 7.165979088 
7.0222848 7.081668195 

4.864374564 5.418997145 
4.756606101 5.367544003 

2.026579169 8.847390902 
2.072227431 9.085004494 

7.531169223 6.216267949 
7.576927846 6.26048239 

1.286758071 7.964587097 
1.453442896 7.896474468 

1.467701641 7.992760125 
1.453442896 7.896474468 

1.458680153 5.878141381 
1.646195204 6.053922338 

1.712202363 6.174182456 
1.646195204 6.053922338 

5.564121599 6.054553316 
5.359276434 6.210211252 

4.446628591 1.367458358 
4.287619112 1.574831909 

1.971994715 3.328259856 
1.869260983 3.406735932 

3.219144941 2.903172882 
3.065782868 2.733754977 

2.444403117 0.7403202306 
2.392823279 0.6951631826 

1.704255917 8.171613823 
1.865590645 8.182125307 

1.984983201 8.238738476 
1.865590645 8.182125307 

6.913909164 6.006395834 
6.976999907 5.903383249 

5.263389411 6.013813333 
5.359276434 6.210211252 

3.620630871 8.491032879 
3.569624445 8.428893781 

3.54193984 8.319732921 
3.569624445 8.428893781 

2.356523318 1.334609747 
2.367419652 1.218770931 

3.01191516 9.127349949 
3.160772027 8.983597472 

3.748427688 0.8320173479 
3.927612574 0.769682095 

1.088802512 6.594217056 
1.047279396 6.376717581 

5.359276434 6.210211252 
5.181704539 6.227768931 

2.464847831 0.544831072 
2.555510036 0.5143446879 

2.197480014 6.732558093 
2.019025776 6.796169646 

1.959522291 6.864284276 
2.019025776 6.796169646 

3.389593645 3.711709166 
3.524307203 3.848422727 

6.232584526 6.742276992 
6.159669626 6.526283901 

2.530081066 1.971750507 
2.43840507 2.06101844 

2.415710682 6.246495588 
2.32876304 6.252419526 

2.29585099 6.278194233 
2.32876304 6.252419526 

6.040140513 7.111955045 
5.965097107 7.111661578 

5.865418544 7.080520415 
5.965097107 7.111661578 

6.335637586 6.147132865 
6.412459162 6.019268833 

3.329484269 0.5228823462 
3.448451719 0.5733168877 

2.268724023 7.092008019 
2.17220943 7.155912502 

2.08783967 7.268456146 
2.17220943 7.155912502 

2.453251168 8.031105411 
2.519350597 7.945057686 

2.498160546 8.593249727 
2.660823184 8.510292943 

5.475579759 5.680013099 
5.710646947 5.639781757 

1.64312327 7.011129352 
1.687530483 7.456354174 

1.669009309 7.867714757 
1.687530483 7.456354174 

6.252091303 5.893509276 
6.030262759 5.885003699 

1.307170356 8.439482131 
1.36120123 8.286864813 

1.42515711 8.13723335 
1.36120123 8.286864813 

6.913393329 6.34749279 
6.635392743 6.30284611 

1.100375333 9.289417402 
1.276082898 9.23496122 

1.369370614 9.182025532 
1.276082898 9.23496122 

0.7272302263 8.841950946 
0.9297304458 8.734941271 

1.055388757 8.701061906 
0.9297304458 8.734941271 

1.536830747 2.053597478 
1.639896155 2.207638366 

6.679530148 6.144418333 
6.520159518 6.149555234 

1.741012456 1.150766926 
1.914282731 1.318568382 

2.757341231 3.622460134 
2.656358802 3.651054564 

7.066744762 6.918533172 
7.0222848 7.081668195 

3.325730381 7.575390007 
3.139095682 7.654948336 

2.953812091 7.747035735 
3.139095682 7.654948336 

1.904722254 8.452357993 
2.010926538 8.398856485 

2.011215822 8.531485083 
2.010926538 8.398856485 

3.106412363 7.028294556 
2.92777587 7.017859971 

4.756606101 5.367544003 
4.687912018 5.336559785 

3.426906733 1.601800513 
3.419441345 1.729703366 

3.417487077 1.878788544 
3.419441345 1.729703366 

5.006324139 5.691111467 
5.186853835 5.689250369 

5.252918411 7.217081633 
5.210709656 7.425171835 

5.113760329 7.633271543 
5.210709656 7.425171835 

6.310481981 5.64197587 
6.066243503 5.657287694 

5.086082512 2.104216677 
5.143934767 2.332834585 

1.57999865 7.52327622 
1.687530483 7.456354174 

3.029923813 1.555049745 
2.760143696 1.427503543 

4.775917588 5.638815212 
4.938048886 5.415304779 

4.059870607 3.847451645 
3.935349449 3.819421953 

5.919003604 6.728541447 
5.965097107 7.111661578 

3.918910197 1.588917765 
3.856394776 1.711055497 

1.636454069 6.650809683 
1.600274392 6.857247295 

1.286758071 7.964587097 
1.467701641 7.992760125 

1.885384675 7.43245929 
1.687530483 7.456354174 

1.885384675 7.43245929 
1.952348248 7.577400564 

4.687912018 5.336559785 
4.630360987 5.318201884 

1.272135443 7.448713036 
1.320314914 7.71418687 

1.803238653 5.99970149 
1.679410915 5.993902103 

1.458680153 5.878141381 
1.679410915 5.993902103 

4.938048886 5.415304779 
4.864374564 5.418997145 

6.044824773 6.218837224 
6.159669626 6.526283901 

2.209186578 1.734253621 
2.355009043 1.778568495 

6.594433621 6.681703142 
6.391725834 6.683026529 

1.034517741 7.630941799 
1.04477645 7.849688321 

1.142200076 8.042673555 
1.04477645 7.849688321 

2.51779878 9.093589666 
2.590317719 9.201904797 

2.650839374 9.145300287 
2.590317719 9.201904797 

5.735809542 7.01276715 
5.779519121 6.873072576 

2.79857245 6.45560442 
2.752341273 6.538714401 

6.913393329 6.34749279 
6.887909898 6.168769408 

5.09404213 5.934004983 
4.790298577 5.961834162 

6.934587425 7.839814016 
6.8798609 7.96666735 

2.05131125 8.051375907 
2.005793916 7.951595941 

2.628933278 5.870356978 
2.497886026 5.939355402 

2.465061473 6.013478626 
2.497886026 5.939355402 

2.900233675 2.267110222 
3.023686772 2.234659012 

3.824075386 7.121263026 
4.104599593 7.186399083 

4.324986962 7.29759587 
4.104599593 7.186399083 

1.952348248 7.577400564 
1.891010358 7.690544219 

2.660823184 8.510292943 
2.72858311 8.243357127 

0.8558621853 7.982932416 
0.8316143862 7.857022673 

4.446628591 1.367458358 
4.288898631 1.382908565 

4.125742375 1.391205191 
4.288898631 1.382908565 

5.897641915 6.549765305 
5.860444754 6.495936089 

5.747226148 6.52436903 
5.860444754 6.495936089 

4.012789934 3.096792657 
4.14888363 3.055192844 

2.197480014 6.732558093 
1.97242211 6.729850484 

1.848963832 6.729508128 
1.97242211 6.729850484 

1.730785178 7.353946945 
1.687530483 7.456354174 

1.57999865 7.52327622 
1.643771427 7.372969621 

1.730785178 7.353946945 
1.643771427 7.372969621 

2.197910588 3.662263411 
2.098427786 3.493948435 

2.477582702 3.847609892 
2.423799285 3.679735722 

2.121507511 7.553957387 
1.952348248 7.577400564 

6.408836092 7.248366798 
6.523879475 7.36000704 

6.615927355 7.482506459 
6.523879475 7.36000704 

1.536830747 2.053597478 
1.585357741 1.912606345 

5.629866422 4.975253746 
5.660498512 4.868704774 

3.167476326 2.21568783 
3.023686772 2.234659012 

6.279876668 4.70061252 
6.321661448 4.841908569 

7.191804798 5.919574122 
6.976999907 5.903383249 

6.730173258 5.114252077 
6.937662976 5.161690678 

5.805474605 6.179699311 
5.881989395 6.406471819 

7.391084951 7.337898164 
7.444640901 6.892872423 

7.590521061 6.505834402 
7.444640901 6.892872423 

0.6751114117 7.60124127 
0.5372921909 7.553833348 

6.044824773 6.218837224 
6.224970017 6.074511593 

2.657354597 7.294773396 
2.725341215 7.384973158 

2.79199548 7.45596469 
2.725341215 7.384973158 

2.855307589 1.614721486 
2.761191188 1.628682859 

4.97126737 1.714569029 
4.807319103 1.762548494 

4.669362598 1.696397388 
4.807319103 1.762548494 

1.100375333 9.289417402 
1.253170717 9.335177358 

1.366332407 9.270496649 
1.253170717 9.335177358 

2.661644973 2.631110435 
2.572446697 2.762692368 

2.977492886 1.700412805 
2.761191188 1.628682859 

3.371033863 6.994481112 
3.376523708 6.740041802 

7.68632603 6.083873739 
7.605807235 6.179300052 

7.576927846 6.26048239 
7.605807235 6.179300052 

7.41408806 6.649642335 
7.611402295 6.706535511 

3.75826672 8.541749509 
3.595502972 8.311773583 

3.358898224 7.921641957 
3.595502972 8.311773583 

1.704772749 1.784420033 
1.740694415 1.892938756 

4.638865115 6.479749384 
4.835853265 6.405071108 

1.993814402 2.557614455 
2.093987563 2.46239591 

2.167017368 2.296990253 
2.093987563 2.46239591 

5.881989395 6.406471819 
5.860444754 6.495936089 

2.358302439 0.9284130688 
2.560225683 0.964767876 

3.565275461 1.766042258 
3.419441345 1.729703366 

7.191804798 5.919574122 
7.070012024 5.761612016 

6.938289435 5.671916892 
7.070012024 5.761612016 

6.889956642 5.392970335 
6.996776519 5.291758468 

1.741012456 1.150766926 
1.719268506 1.282110648 

1.618424123 1.403862997 
1.719268506 1.282110648 

5.577427454 5.383506267 
5.6493245 5.57856271 

5.710646947 5.639781757 
5.6493245 5.57856271 

1.257791079 8.740700374 
1.194100158 8.998679868 

6.044824773 6.218837224 
6.018088827 6.492602141 

5.982423512 6.586836152 
6.018088827 6.492602141 

4.452849112 5.284626925 
4.556972848 5.290907488 

4.630360987 5.318201884 
4.556972848 5.290907488 

2.384725213 8.344463611 
2.317418758 8.523424567 

2.074238739 0.7093925137 
2.027348463 0.819972009 

5.61621293 6.501436641 
5.502003372 6.596405614 

5.381793475 6.727756721 
5.502003372 6.596405614 

4.367329196 7.629057492 
4.669836126 7.819361775 

5.014081823 8.004261954 
4.669836126 7.819361775 

1.741904775 7.623077811 
1.952348248 7.577400564 

2.613707169 7.6412601 
2.74579602 7.695280017 

2.953812091 7.747035735 
2.74579602 7.695280017 

2.893089926 7.226608297 
2.717038459 7.134313835 

4.904360275 1.987655492 
4.729916136 1.817594425 

2.169180949 3.332025239 
1.971994715 3.328259856 

0.5420655255 7.888382899 
0.4760598347 8.017530074 

2.37773625 6.417566949 
2.32876304 6.252419526 

4.904360275 1.987655492 
4.911595508 1.834595617 

4.97126737 1.714569029 
4.911595508 1.834595617 

1.987148374 6.334295451 
2.127334781 6.396736658 

4.972104658 7.633211746 
5.140536094 7.893953964 

6.232584526 6.742276992 
6.279066025 6.593056028 

6.375171847 6.371859085 
6.279066025 6.593056028 

4.39725441 2.865378615 
4.282390171 2.798690786 

6.018088827 6.492602141 
6.080365751 6.591077878 

6.996776519 5.291758468 
7.096065 5.362248872 

3.227144059 1.886255656 
3.298508122 2.01204287 

3.431986548 2.082909861 
3.298508122 2.01204287 

6.073065463 6.010076342 
6.127761628 5.866251147 

3.595502972 8.311773583 
3.54193984 8.319732921 

2.198619527 7.709013662 
2.255173314 7.508074952 

2.131815903 8.418299295 
2.219267938 8.194936527 

2.269409609 8.064116109 
2.219267938 8.194936527 

5.27664012 5.55736749 
5.186853835 5.689250369 

2.555510036 0.5143446879 
2.555495945 0.3754017249 

3.04342086 2.496279024 
3.131112783 2.675375949 

6.066243503 5.657287694 
5.949411607 5.719534139 

2.168166655 9.279168222 
1.984677834 9.227719061 

2.717038459 7.134313835 
2.613359326 7.063646483 

7.444640901 6.892872423 
7.334773189 7.028244638 

2.197910588 3.662263411 
2.326580115 3.644021788 

2.423799285 3.679735722 
2.326580115 3.644021788 

4.351623074 1.045869964 
4.371136859 0.9648546511 

3.639878319 7.863472907 
3.51149691 7.963677364 

3.358898224 7.921641957 
3.51149691 7.963677364 

6.058016546 8.196597937 
6.130705571 8.147806821 

6.19043584 8.107816539 
6.130705571 8.147806821 

7.554029225 6.993178107 
7.456712264 6.797001121 

7.41408806 6.649642335 
7.456712264 6.797001121 

2.656358802 3.651054564 
2.607963775 3.730667146 

0.7666462403 8.116347133 
0.5588008261 8.149499364 

6.223464063 7.581885244 
6.178222548 7.488203115 

6.201401964 7.344331031 
6.178222548 7.488203115 

2.317236581 1.467554842 
2.37497757 1.588590642 

1.679169102 8.333343022 
1.642939534 8.458203538 

1.624686961 8.567691087 
1.642939534 8.458203538 

5.61621293 6.501436641 
5.70467364 6.264195463 

5.61621293 6.501436641 
5.724766361 6.395539564 

5.881989395 6.406471819 
5.724766361 6.395539564 

3.443600697 7.308689709 
3.399589427 7.403278378 

3.325730381 7.575390007 
3.399589427 7.403278378 

1.472433215 1.727533828 
1.686312658 1.962652241 

5.27664012 5.55736749 
5.38307735 5.604423854 

5.475579759 5.680013099 
5.38307735 5.604423854 

3.984316378 1.885612425 
3.856394776 1.711055497 

3.009233071 0.7579819292 
3.134716403 0.814565629 

3.212517849 0.9280284634 
3.134716403 0.814565629 

6.913393329 6.34749279 
7.035846811 6.296394903 

7.203033497 6.30985052 
7.035846811 6.296394903 

2.477582702 3.847609892 
2.549855646 3.782271411 

2.607963775 3.730667146 
2.549855646 3.782271411 

3.946723349 2.57529385 
3.813839784 2.587806585 

3.7118183 2.587339164 
3.813839784 2.587806585 

1.64312327 7.011129352 
1.799386726 6.928422735 

1.959522291 6.864284276 
1.799386726 6.928422735 

3.748427688 0.8320173479 
3.599492516 0.9619297158 

0.5588008261 8.149499364 
0.4194306736 8.238412841 

3.45514974 3.228644364 
3.489962843 3.438291901 

3.488012474 3.604084186 
3.489962843 3.438291901 

2.433093128 7.016211546 
2.594972653 7.163388606 

2.657354597 7.294773396 
2.594972653 7.163388606 

4.576382429 6.103459646 
4.451715477 6.096046144 

4.352645478 6.12216112 
4.451715477 6.096046144 

2.92546642 2.897667858 
3.043432301 3.070909352 

3.150411019 3.296236 
3.043432301 3.070909352 

3.311597603 8.907778349 
3.189257998 8.827118385 

3.096632649 8.724949037 
3.189257998 8.827118385 

1.022006989 7.451014967 
1.210524443 7.576183834 

1.320314914 7.71418687 
1.210524443 7.576183834 

2.37773625 6.417566949 
2.23901338 6.505599844 

2.661644973 2.631110435 
2.692666097 2.895856904 

2.384725213 8.344463611 
2.219267938 8.194936527 

2.973137898 1.292164646 
2.97007056 1.388469696 

4.481240276 2.405479517 
4.560269721 2.588760872 

2.613359326 7.063646483 
2.527636726 7.091244436 

2.433093128 7.016211546 
2.527636726 7.091244436 

1.034517741 7.630941799 
1.210524443 7.576183834 

1.307170356 8.439482131 
1.423286954 8.40711141 

1.513821396 8.391950872 
1.423286954 8.40711141 

3.219144941 2.903172882 
3.043432301 3.070909352 

3.131112783 2.675375949 
3.187463899 2.747828147 

7.228556145 5.21905575 
7.054667108 5.139833024 

6.937662976 5.161690678 
7.054667108 5.139833024 

1.022006989 7.451014967 
0.8490632728 7.505828982 

0.6751114117 7.60124127 
0.8490632728 7.505828982 

3.313485406 2.381840964 
3.346680082 2.679431839 

5.747226148 6.52436903 
5.724766361 6.395539564 

4.807319103 1.762548494 
4.729916136 1.817594425 

2.020320105 5.918006792 
2.164392272 5.96269376 

2.177419061 6.044899553 
2.164392272 5.96269376 

7.554029225 6.993178107 
7.444640901 6.892872423 

1.906588169 1.676691031 
2.036924036 1.750281874 

2.209186578 1.734253621 
2.036924036 1.750281874 

3.984316378 1.885612425 
3.852734843 1.856386164 

3.757568747 1.866009782 
3.852734843 1.856386164 

2.026579169 8.847390902 
2.22767207 9.01124457 

2.37773625 6.417566949 
2.415710682 6.246495588 

1.625165301 3.27159154 
1.793711322 3.372117088 

1.915709404 3.488273422 
1.793711322 3.372117088 

2.692666097 2.895856904 
2.731925981 2.836802799 

6.964997083 6.634609839 
7.121348242 6.585078843 

7.25132539 6.504750935 
7.121348242 6.585078843 

4.548151353 7.321881299 
4.642850004 7.302724162 

4.770522586 7.316750051 
4.642850004 7.302724162 

6.412459162 6.019268833 
6.523685306 6.041906494 

6.520159518 6.149555234 
6.523685306 6.041906494 

2.038690143 7.020911806 
2.17220943 7.155912502 

1.30257594 6.216284463 
1.166612975 6.421028679 

1.088802512 6.594217056 
1.166612975 6.421028679 

0.7802083184 6.572527491 
0.7972464618 6.483391987 

2.038690143 7.020911806 
2.04011377 7.139591752 

2.08783967 7.268456146 
2.04011377 7.139591752 

3.106412363 7.028294556 
3.027986344 6.907309426 

5.887722136 4.736872441 
5.794145576 4.63991919 

4.198452054 6.218562216 
4.352645478 6.12216112 

4.371136859 0.9648546511 
4.407777879 0.9102176999 

0.3045435422 8.192038472 
0.5661743529 8.075502056 

0.8558621853 7.982932416 
0.5661743529 8.075502056 

2.131815903 8.418299295 
2.010926538 8.398856485 

6.080365751 6.591077878 
6.165797503 6.651808169 

6.232584526 6.742276992 
6.165797503 6.651808169 

2.459287909 2.552713682 
2.489052936 2.341580531 

2.660823184 8.510292943 
2.709784543 8.470477686 

2.795591956 8.478816386 
2.709784543 8.470477686 

1.30257594 6.216284463 
1.125087155 6.101871423 

2.453251168 8.031105411 
2.580126442 8.026037889 

2.768857757 7.98043847 
2.580126442 8.026037889 

4.666782941 3.138338976 
4.39725441 2.865378615 

4.901735051 2.934272257 
4.755779839 2.966029808 

2.565206844 7.786482835 
2.613707169 7.6412601 

6.066243503 5.657287694 
5.983674641 5.59467472 

1.35414761 7.208128622 
1.483320408 7.414414837 

1.57999865 7.52327622 
1.483320408 7.414414837 

5.000070916 6.335364882 
5.181704539 6.227768931 

2.764713572 0.8451262276 
2.88082166 0.8909402917 

7.590521061 6.505834402 
7.534728034 6.030272525 

2.111334066 7.441006801 
2.060864573 7.528876796 

2.121507511 7.553957387 
2.060864573 7.528876796 

5.949411607 5.719534139 
5.983674641 5.59467472 

4.579265147 1.840112321 
4.366046245 1.873131861 

4.184276811 1.945592415 
4.366046245 1.873131861 

5.211572598 6.429273869 
5.194280422 6.317497474 

5.181704539 6.227768931 
5.194280422 6.317497474 

4.093431863 0.5184504401 
4.014337483 0.6779995762 

3.927612574 0.769682095 
4.014337483 0.6779995762 

1.472433215 1.727533828 
1.543940204 1.829889014 

1.585357741 1.912606345 
1.543940204 1.829889014 

1.624686961 8.567691087 
1.779539153 8.682574735 

1.3212396 6.587346259 
1.438043218 6.641388654 

5.721798939 7.328220269 
5.735521449 7.478524511 

2.22767207 9.01124457 
2.387484705 8.838461318 

6.549382386 6.959245436 
6.682826539 6.834182693 

6.764695008 6.781397662 
6.682826539 6.834182693 

4.755779839 2.966029808 
4.651293556 2.943377718 

1.636454069 6.650809683 
1.695466791 6.554089474 

1.673271503 6.376481054 
1.695466791 6.554089474 

6.499756411 5.000803476 
6.462421511 4.90192277 

6.321661448 4.841908569 
6.462421511 4.90192277 

5.054172044 5.162985586 
4.979241067 5.299476433 

4.938048886 5.415304779 
4.979241067 5.299476433 

5.686182873 7.579952286 
5.735521449 7.478524511 

0.3944997166 6.742232234 
0.5583020049 6.810989682 

0.7305159632 6.936695071 
0.5583020049 6.810989682 

7.042148956 7.887267044 
6.934587425 7.839814016 

7.042148956 7.887267044 
7.197554789 7.844038642 

1.30257594 6.216284463 
1.394885785 6.121679089 

1.253170717 9.335177358 
1.276082898 9.23496122 

1.885384675 7.43245929 
1.888103767 7.557064434 

1.891010358 7.690544219 
1.888103767 7.557064434 

2.502024155 2.191516963 
2.345816132 2.346382784 

5.014081823 8.004261954 
5.028290698 8.149878512 

1.952348248 7.577400564 
1.888103767 7.557064434 

2.433093128 7.016211546 
2.651298366 6.927684929 

2.878315721 6.819807226 
2.651298366 6.927684929 

6.279066025 6.593056028 
6.159669626 6.526283901 

2.384725213 8.344463611 
2.394017453 8.443735979 

2.498160546 8.593249727 
2.394017453 8.443735979 

3.219144941 2.903172882 
2.92546642 2.897667858 

3.187463899 2.747828147 
3.256216312 2.788934403 

5.721798939 7.328220269 
5.559311096 7.515975107 

5.451228804 7.651711733 
5.559311096 7.515975107 

1.646195204 6.053922338 
1.679410915 5.993902103 

3.258266604 0.2089076291 
3.320160507 0.3057399199 

3.410571687 0.2976896764 
3.320160507 0.3057399199 

2.502024155 2.191516963 
2.304341812 2.192056074 

2.113719649 2.118237973 
2.304341812 2.192056074 

4.839327701 5.835541437 
4.944365611 5.833977783 

1.164108741 6.299192171 
1.131262084 6.251821178 

1.639896155 2.207638366 
1.506852466 2.256701333 

4.516053136 0.8178691827 
4.448595909 0.8722490715 

4.407777879 0.9102176999 
4.448595909 0.8722490715 

0.7972464618 6.483391987 
0.7860573224 6.43238627 

2.995370393 3.418273057 
3.207775697 3.515293887 

4.352645478 6.12216112 
4.291865098 5.9922764 

1.131262084 6.251821178 
1.136941775 6.227677768 

3.417487077 1.878788544 
3.298508122 2.01204287 

5.605665787 4.592740205 
5.64697491 4.735380078 

5.660498512 4.868704774 
5.64697491 4.735380078 

3.411353253 6.453831394 
3.308401699 6.380625715 

1.034517741 7.630941799 
0.8490632728 7.505828982 

2.265487835 5.831965649 
2.412265672 5.875682661 

0.7666462403 8.116347133 
0.8558621853 7.982932416 

1.669009309 7.867714757 
1.538646152 8.017670049 

1.42515711 8.13723335 
1.538646152 8.017670049 

6.534372155 8.284176062 
6.620090692 8.187675565 

6.669539905 8.242277767 
6.620090692 8.187675565 

4.708311598 6.294385348 
4.835853265 6.405071108 

1.311891976 2.299437112 
1.427364529 2.305049901 

1.506852466 2.256701333 
1.427364529 2.305049901 

5.779519121 6.873072576 
5.619486289 6.928540076 

5.460575003 7.035340724 
5.619486289 6.928540076 

1.438043218 6.641388654 
1.600274392 6.857247295 

4.324986962 7.29759587 
4.309215406 7.160981381 

2.893089926 7.226608297 
2.949137886 7.114489493 

2.92777587 7.017859971 
2.949137886 7.114489493 

3.131112783 2.675375949 
3.065782868 2.733754977 

1.438043218 6.641388654 
1.528650798 6.64610865 

1.636454069 6.650809683 
1.528650798 6.64610865 

6.018088827 6.492602141 
6.159669626 6.526283901 

5.141108043 6.721163207 
5.168817216 6.66474557 

5.22376104 6.559075209 
5.168817216 6.66474557 

4.638865115 6.479749384 
4.703887834 6.641211979 

6.165797503 6.651808169 
6.279066025 6.593056028 

3.009233071 0.7579819292 
2.851738408 0.5769763858 

1.869260983 3.406735932 
1.793711322 3.372117088 

1.458680153 5.878141381 
1.500213379 6.012020276 

1.394885785 6.121679089 
1.500213379 6.012020276 

6.252091303 5.893509276 
6.246504897 5.76271508 

6.310481981 5.64197587 
6.246504897 5.76271508 

5.183006282 8.070979144 
5.134753013 8.090329555 

7.554029225 6.993178107 
7.575344454 6.908982318 

3.172635606 6.201035741 
3.125020953 6.154786188 

1.995740184 6.094497652 
2.020320105 5.918006792 

2.412265672 5.875682661 
2.483662478 5.862377184 

7.241529864 7.457728172 
7.141645737 7.484775473 

4.309215406 7.160981381 
4.269207793 7.094518921 

5.042528187 6.593215204 
5.22376104 6.559075209 

4.002439342 1.386255319 
3.948205965 1.499568001 

3.918910197 1.588917765 
3.948205965 1.499568001 

6.279066025 6.593056028 
6.391725834 6.683026529 

5.897641915 6.549765305 
5.928245639 6.483907968 

6.018088827 6.492602141 
5.928245639 6.483907968 

2.692666097 2.895856904 
2.689311193 3.024107246 

2.43840507 2.06101844 
2.304341812 2.192056074 

2.049373552 7.676846908 
2.108186398 7.666011495 

7.590521061 6.505834402 
7.576927846 6.26048239 

5.475579759 5.680013099 
5.33979239 5.713917473 

5.186853835 5.689250369 
5.33979239 5.713917473 

2.761191188 1.628682859 
2.669134861 1.571813741 

2.05131125 8.051375907 
2.199352846 7.965228187 

2.35923682 7.869308676 
2.199352846 7.965228187 

3.575375147 0.7925041274 
3.599492516 0.9619297158 

5.000070916 6.335364882 
5.023831436 6.472211389 

5.042528187 6.593215204 
5.023831436 6.472211389 

2.851738408 0.5769763858 
2.762800082 0.5237693114 

2.676726279 0.4537560844 
2.762800082 0.5237693114 

0.3817315656 7.4681742 
0.5163889326 7.368799164 

4.1256507 5.888978188 
4.238478511 5.934079297 

4.291865098 5.9922764 
4.238478511 5.934079297 

3.029923813 1.555049745 
2.97007056 1.388469696 

2.37497757 1.588590642 
2.591725637 1.676028401 

6.642672993 7.946094167 
6.808838888 7.883423155 

6.934587425 7.839814016 
6.808838888 7.883423155 

6.8798609 7.96666735 
6.808838888 7.883423155 

3.219144941 2.903172882 
3.094153522 2.844585275 

2.979665423 2.691513266 
3.094153522 2.844585275 

4.651293556 2.943377718 
4.671557823 3.018909588 

6.913909164 6.006395834 
7.033953292 5.957479703 

5.577427454 5.383506267 
5.419301851 5.463514871 

5.27664012 5.55736749 
5.419301851 5.463514871 

4.300431248 6.934946531 
4.442891387 7.136298818 

3.532438992 2.299869456 
3.435207977 2.203936162 

3.346104938 2.213644641 
3.435207977 2.203936162 

4.39725441 2.865378615 
4.364907611 2.973614415 

3.75826672 8.541749509 
3.440921361 8.437392117 

3.095594144 8.316350241 
3.440921361 8.437392117 

5.912413824 7.54443024 
6.178222548 7.488203115 

5.912413824 7.54443024 
5.768444195 7.571248942 

5.686182873 7.579952286 
5.768444195 7.571248942 

1.362220451 2.770038598 
1.442216201 2.654664082 

1.506510575 2.605203027 
1.442216201 2.654664082 

2.752341273 6.538714401 
2.71381813 6.568478476 

6.030262759 5.885003699 
6.127761628 5.866251147 

1.759517485 9.320110402 
1.850543099 9.23894145 

1.984677834 9.227719061 
1.850543099 9.23894145 

2.669134861 1.571813741 
2.591725637 1.676028401 

1.342954997 9.068107147 
1.194100158 8.998679868 

7.082335652 7.165979088 
7.081752999 7.063513288 

7.066744762 6.918533172 
7.081752999 7.063513288 

4.244030439 3.62234683 
4.374776309 3.447901726 

2.900233675 2.267110222 
2.839042759 2.163253024 

2.730491523 2.092006327 
2.839042759 2.163253024 

6.887909898 6.168769408 
7.035846811 6.296394903 

6.887909898 6.168769408 
6.788392292 6.11739036 

6.679530148 6.144418333 
6.788392292 6.11739036 

6.976999907 5.903383249 
7.033953292 5.957479703 

6.996776519 5.291758468 
7.076654744 5.215816552 

2.634266466 9.474934121 
2.612590629 9.347166995 

2.590317719 9.201904797 
2.612590629 9.347166995 

4.522859013 5.756890995 
4.238478511 5.934079297 

3.139095682 7.654948336 
2.990443448 7.921335232 

3.088311711 0.3160476665 
3.151990331 0.2281448218 

3.258266604 0.2089076291 
3.151990331 0.2281448218 

4.516053136 0.8178691827 
4.300333767 0.8916829297 

2.683350725 3.375773128 
2.656358802 3.651054564 

3.777140711 1.36593775 
4.002439342 1.386255319 

4.079563985 0.9699632506 
4.18585241 0.9324835731 

4.300333767 0.8916829297 
4.18585241 0.9324835731 

3.777140711 1.36593775 
3.699655175 1.498929563 

3.645415053 1.614210121 
3.699655175 1.498929563 

7.60638081 6.318434868 
7.744840189 6.215291861 

2.651298366 6.927684929 
2.613359326 7.063646483 

3.411353253 6.453831394 
3.454149938 6.634496877 

3.562337609 0.4240968854 
3.426854997 0.4751834284 

3.329484269 0.5228823462 
3.426854997 0.4751834284 

3.640690051 3.21001026 
3.582186353 3.294048863 

2.676726279 0.4537560844 
2.626487889 0.4387542517 

6.964997083 6.634609839 
6.867977879 6.560362995 

6.722641137 6.507191342 
6.867977879 6.560362995 

7.554029225 6.993178107 
7.465955785 7.145066788 

4.835853265 6.405071108 
5.023831436 6.472211389 

1.136941775 6.227677768 
1.140362431 6.198593418 

5.928245639 6.483907968 
5.881989395 6.406471819 

3.45514974 3.228644364 
3.523244382 3.262369365 

3.582186353 3.294048863 
3.523244382 3.262369365 

2.948809823 2.024022056 
2.839042759 2.163253024 

6.633587153 5.702384009 
6.549103051 5.801601298 

3.80634304 8.426646383 
3.754986597 8.318433758 

3.749030834 8.1855216 
3.754986597 8.318433758 

1.914282731 1.318568382 
1.801232193 1.410644641 

3.384597103 8.383713339 
3.440921361 8.437392117 

1.741904775 7.623077811 
1.820020098 7.500507984 

1.885384675 7.43245929 
1.820020098 7.500507984 

5.006324139 5.691111467 
4.944365611 5.833977783 

1.947246791 2.914577911 
1.970411469 2.726907108 

1.993814402 2.557614455 
1.970411469 2.726907108 

4.548151353 7.321881299 
4.518440063 7.20977801 

4.442891387 7.136298818 
4.518440063 7.20977801 

1.453442896 7.896474468 
1.538646152 8.017670049 

5.252918411 7.217081633 
5.377807393 7.110900532 

5.460575003 7.035340724 
5.377807393 7.110900532 

2.815444544 0.9813218834 
2.694798806 0.9982198001 

2.560225683 0.964767876 
2.694798806 0.9982198001 

2.37773625 6.417566949 
2.150682243 6.271408417 

1.995740184 6.094497652 
2.150682243 6.271408417 

4.134657152 6.735616599 
4.017699044 6.777107705 

3.160772027 8.983597472 
3.228767974 8.966598491 

1.100375333 9.289417402 
1.155556481 9.14063932 

1.194100158 8.998679868 
1.155556481 9.14063932 

2.628933278 5.870356978 
2.519461419 5.812447624 

2.483662478 5.862377184 
2.519461419 5.812447624 

3.298508122 2.01204287 
3.230821453 2.123766233 

1.704255917 8.171613823 
1.538646152 8.017670049 

4.287619112 1.574831909 
4.288590291 1.481229539 

4.288898631 1.382908565 
4.288590291 1.481229539 

1.140362431 6.198593418 
1.140968496 6.169695758 

2.768857757 7.98043847 
2.811878275 7.861669785 

2.953812091 7.747035735 
2.811878275 7.861669785 

5.143934767 2.332834585 
5.08038254 2.439808655 

5.043734656 2.555949029 
5.08038254 2.439808655 

1.971994715 3.328259856 
1.993836935 3.452643345 

2.477582702 3.847609892 
2.544061631 3.747243348 

2.590394164 3.625461409 
2.544061631 3.747243348 

3.01191516 9.127349949 
2.880334875 9.106001384 

2.741790889 9.149879531 
2.880334875 9.106001384 

0.9690706271 6.979260976 
1.159291709 7.144091636 

2.384725213 8.344463611 
2.257866709 8.339913737 

2.131815903 8.418299295 
2.257866709 8.339913737 

2.723522099 2.244367904 
2.839042759 2.163253024 

2.878315721 6.819807226 
2.958687939 6.856296315 

3.027986344 6.907309426 
2.958687939 6.856296315 

7.60638081 6.318434868 
7.576927846 6.26048239 

6.375171847 6.371859085 
6.285538882 6.479740032 

6.159669626 6.526283901 
6.285538882 6.479740032 

4.522859013 5.756890995 
4.357451555 5.786907525 

3.736225142 7.548231464 
3.784619822 7.353622737 

3.824075386 7.121263026 
3.784619822 7.353622737 

2.594972653 7.163388606 
2.613359326 7.063646483 

7.076654744 5.215816552 
7.139642874 5.188086799 

3.298508122 2.01204287 
3.282421802 2.147068861 

4.012789934 3.096792657 
3.850575863 3.059990493 

6.549382386 6.959245436 
6.540707561 6.815349033 

6.594433621 6.681703142 
6.540707561 6.815349033 

4.547104839 6.956780062 
4.442891387 7.136298818 

5.912413824 7.54443024 
5.81126627 7.519983742 

5.735521449 7.478524511 
5.81126627 7.519983742 

1.82036317 8.865565108 
1.953473128 8.961390843 

2.072227431 9.085004494 
1.953473128 8.961390843 

1.562377168 2.682851754 
1.506510575 2.605203027 

3.649512766 3.026631868 
3.74925613 3.053028017 

3.850575863 3.059990493 
3.74925613 3.053028017 

1.888103767 7.557064434 
1.820020098 7.500507984 

5.359276434 6.210211252 
5.194280422 6.317497474 

6.312282993 8.007362096 
6.489926456 7.969048556 

5.070855284 7.318959112 
5.210709656 7.425171835 

6.499756411 5.000803476 
6.490310064 5.132452352 

6.48610874 5.273059564 
6.490310064 5.132452352 

2.626487889 0.4387542517 
2.597493288 0.4234451485 

2.027348463 0.819972009 
1.953808163 0.7483144314 

3.426906733 1.601800513 
3.530571758 1.637689092 

3.565275461 1.766042258 
3.530571758 1.637689092 

7.054667108 5.139833024 
7.076654744 5.215816552 

6.867977879 6.560362995 
6.828315199 6.62815783 

6.862195178 6.736978107 
6.828315199 6.62815783 

1.320314914 7.71418687 
1.453442896 7.896474468 

1.034517741 7.630941799 
0.9372762329 7.700298631 

0.8316143862 7.857022673 
0.9372762329 7.700298631 

3.856621673 6.755522477 
4.002541042 6.999769214 

1.759517485 9.320110402 
1.628551089 9.333897342 

4.104599593 7.186399083 
4.309215406 7.160981381 

3.150411019 3.296236 
3.053391386 3.324542248 

1.500213379 6.012020276 
1.646195204 6.053922338 

3.675523814 2.052988737 
3.549480661 2.14072319 

2.760143696 1.427503543 
2.669134861 1.571813741 

2.97007056 1.388469696 
2.906162431 1.41086102 

2.394017453 8.443735979 
2.317418758 8.523424567 

6.540707561 6.815349033 
6.431809577 6.817802039 

7.534728034 6.030272525 
7.497460422 5.755639452 

7.391084951 7.337898164 
7.455506533 7.241612937 

7.465955785 7.145066788 
7.455506533 7.241612937 

2.356523318 1.334609747 
2.228720807 1.506747418 

2.209186578 1.734253621 
2.228720807 1.506747418 

1.628551089 9.333897342 
1.554897802 9.330502153 

5.054172044 5.162985586 
5.104891738 4.991465413 

0.3045435422 8.192038472 
0.3803489246 8.165153412 

2.498160546 8.593249727 
2.457621482 8.701188998 

2.387484705 8.838461318 
2.457621482 8.701188998 

4.104599593 7.186399083 
4.037495653 7.082892068 

4.002541042 6.999769214 
4.037495653 7.082892068 

1.827050603 2.197579354 
1.749941734 2.07066952 

1.686312658 1.962652241 
1.749941734 2.07066952 

3.088311711 0.3160476665 
3.164107857 0.6171561125 

3.212517849 0.9280284634 
3.164107857 0.6171561125 

3.748427688 0.8320173479 
3.768143523 1.139054531 

6.080365751 6.591077878 
6.069038465 6.467920514 

2.198619527 7.709013662 
2.108186398 7.666011495 

0.3817315656 7.4681742 
0.7320061275 7.43404737 

2.41750286 7.213047563 
2.594972653 7.163388606 

1.210524443 7.576183834 
1.272135443 7.448713036 

2.724531352 1.854201676 
2.730491523 2.092006327 

2.724531352 1.854201676 
2.735685983 1.728071041 

2.761191188 1.628682859 
2.735685983 1.728071041 

1.984983201 8.238738476 
2.219267938 8.194936527 

6.069038465 6.467920514 
6.061653626 6.357006449 

6.018088827 6.492602141 
6.069038465 6.467920514 

4.972104658 7.633211746 
5.008573925 7.810784659 

5.014081823 8.004261954 
5.008573925 7.810784659 

3.757568747 1.866009782 
3.645415053 1.614210121 

3.757568747 1.866009782 
3.767270475 1.755531115 

3.856394776 1.711055497 
3.767270475 1.755531115 

7.139642874 5.188086799 
7.164082912 5.089853152 

2.374427955 2.433879847 
2.345816132 2.346382784 

2.948809823 2.024022056 
3.0657997 2.100404173 

3.167476326 2.21568783 
3.0657997 2.100404173 

3.139095682 7.654948336 
3.23764671 7.799797156 

3.358898224 7.921641957 
3.23764671 7.799797156 

1.740694415 1.892938756 
1.686312658 1.962652241 

6.044824773 6.218837224 
6.047682131 6.310417436 

6.061653626 6.357006449 
6.047682131 6.310417436 

1.850543099 9.23894145 
1.711744933 9.174590324 

7.497460422 5.755639452 
7.534103265 5.619376827 

0.7305159632 6.936695071 
0.8307785025 7.160803845 

5.860444754 6.495936089 
5.928245639 6.483907968 

2.026579169 8.847390902 
1.953473128 8.961390843 

7.534103265 5.619376827 
7.485717393 5.542757438 

7.478127933 5.410297031 
7.485717393 5.542757438 

2.049373552 7.676846908 
1.998437407 7.653271705 

1.952348248 7.577400564 
1.998437407 7.653271705 

2.011215822 8.531485083 
1.904722254 8.452357993 

5.919003604 6.728541447 
5.993782603 6.92071424 

6.040140513 7.111955045 
5.993782603 6.92071424 

2.683350725 3.375773128 
2.624361404 3.516090842 

2.590394164 3.625461409 
2.624361404 3.516090842 

3.599492516 0.9619297158 
3.534785292 0.9962845667 

3.171159584 2.043690557 
3.0657997 2.100404173 

0.7320061275 7.43404737 
0.8490632728 7.505828982 

4.972104658 7.633211746 
4.886578173 7.563590632 

1.472433215 1.727533828 
1.569417633 1.580884482 

6.0210459 4.816879831 
6.15543865 4.7791682 

7.228556145 5.21905575 
7.343927288 5.308921338 

5.502003372 6.596405614 
5.61993699 6.750590371 

1.125087155 6.101871423 
1.128081769 6.14310385 

1.140968496 6.169695758 
1.128081769 6.14310385 

4.775917588 5.638815212 
5.006324139 5.691111467 

7.650906965 6.868018523 
7.613175547 6.887942369 

7.575344454 6.908982318 
7.613175547 6.887942369 

1.569417633 1.580884482 
1.626196329 1.504080279 

5.928245639 6.483907968 
5.982423512 6.586836152 

7.033953292 5.957479703 
7.11629763 5.960757827 

6.948093115 7.028466808 
6.858238364 6.90339183 

6.764695008 6.781397662 
6.858238364 6.90339183 

0.7487656663 6.360780036 
0.7674114944 6.396583153 

0.7860573224 6.43238627 
0.7674114944 6.396583153 

3.346680082 2.679431839 
3.256216312 2.788934403 

3.448451719 0.5733168877 
3.426854997 0.4751834284 

3.534785292 0.9962845667 
3.479718323 1.061133546 

4.372864756 6.642960684 
4.703887834 6.641211979 

6.345063104 8.334859312 
6.130705571 8.147806821 

6.312282993 8.007362096 
6.374640204 8.119123858 

5.564121599 6.054553316 
5.70467364 6.264195463 

5.22376104 6.559075209 
5.381793475 6.727756721 

4.671557823 3.018909588 
4.67195355 3.076682345 

6.374640204 8.119123858 
6.399287427 8.18722167 

1.984983201 8.238738476 
2.086987985 8.283758866 

2.131815903 8.418299295 
2.086987985 8.283758866 

5.90172968 5.53168699 
5.932000265 5.579892618 

5.983674641 5.59467472 
5.932000265 5.579892618 

2.317236581 1.467554842 
2.228720807 1.506747418 

4.775917588 5.638815212 
4.639377993 5.699404486 

4.522859013 5.756890995 
4.639377993 5.699404486 

2.71381813 6.568478476 
2.648520532 6.564563283 

1.642939534 8.458203538 
1.513821396 8.391950872 

6.15543865 4.7791682 
6.22611273 4.756685725 

3.076937208 1.806670945 
3.002805248 1.782767423 

2.977492886 1.700412805 
3.002805248 1.782767423 

2.527636726 7.091244436 
2.594972653 7.163388606 

3.768143523 1.139054531 
3.78605606 1.244659166 

3.777140711 1.36593775 
3.78605606 1.244659166 

2.973137898 1.292164646 
3.005593784 1.420883714 

3.029923813 1.555049745 
3.005593784 1.420883714 

2.72858311 8.243357127 
2.709784543 8.470477686 

4.017699044 6.777107705 
3.948487403 6.78299162 

6.279876668 4.70061252 
6.25233885 4.725840812 

6.22611273 4.756685725 
6.25233885 4.725840812 

5.475579759 5.680013099 
5.6493245 5.57856271 

3.04342086 2.496279024 
3.204863258 2.590480437 

3.346680082 2.679431839 
3.204863258 2.590480437 

3.454149938 6.634496877 
3.400232426 6.676040284 

3.376523708 6.740041802 
3.400232426 6.676040284 

1.879698826 0.7765163409 
1.929786795 0.7674243469 

1.953808163 0.7483144314 
1.929786795 0.7674243469 

5.865418544 7.080520415 
5.778132427 7.080180575 

5.735809542 7.01276715 
5.778132427 7.080180575 

0.4194306736 8.238412841 
0.3972803782 8.207117412 

0.3803489246 8.165153412 
0.3972803782 8.207117412 

5.724766361 6.395539564 
5.70467364 6.264195463 

4.327019735 3.154534072 
4.349057329 3.049763516 

4.364907611 2.973614415 
4.349057329 3.049763516 

2.384725213 8.344463611 
2.41844834 8.193834756 

2.453251168 8.031105411 
2.41844834 8.193834756 

2.020320105 5.918006792 
2.150241453 5.88913336 

0.7305159632 6.936695071 
0.8497803607 6.964433188 

0.9690706271 6.979260976 
0.8497803607 6.964433188 

2.111334066 7.441006801 
2.175118577 7.409848697 

1.554897802 9.330502153 
1.505955366 9.332904997 

2.613707169 7.6412601 
2.689052833 7.601629252 

2.790366844 7.573562832 
2.689052833 7.601629252 

5.721798939 7.328220269 
5.765907224 7.192123064 

5.865418544 7.080520415 
5.765907224 7.192123064 

6.321661448 4.841908569 
6.22611273 4.756685725 

2.255173314 7.508074952 
2.175118577 7.409848697 

6.249496173 6.944470132 
6.144755771 7.021603829 

2.23901338 6.505599844 
2.173586778 6.616956684 

0.6751114117 7.60124127 
0.7320061275 7.43404737 

3.532438992 2.299869456 
3.550811763 2.204791881 

3.549480661 2.14072319 
3.550811763 2.204791881 

6.996776519 5.291758468 
6.937662976 5.161690678 

2.35923682 7.869308676 
2.388318662 7.780186763 

2.381399047 7.682015301 
2.388318662 7.780186763 

6.159669626 6.526283901 
6.069038465 6.467920514 

3.435207977 2.203936162 
3.550811763 2.204791881 

2.05131125 8.051375907 
2.012112839 8.138381296 

1.984983201 8.238738476 
2.012112839 8.138381296 

1.830771339 6.365606799 
1.712202363 6.174182456 

4.78210059 7.514929522 
4.836224602 7.528550825 

4.886578173 7.563590632 
4.836224602 7.528550825 

0.7320061275 7.43404737 
0.7094484911 7.279537538 

7.590521061 6.505834402 
7.245257572 6.766778362 

6.948093115 7.028466808 
7.245257572 6.766778362 

4.803183986 2.414971812 
4.656292557 2.434526205 

4.481240276 2.405479517 
4.656292557 2.434526205 

3.311597603 8.907778349 
3.278422721 8.9610504 

3.228767974 8.966598491 
3.278422721 8.9610504 

3.431986548 2.082909861 
3.549480661 2.14072319 

0.7399389818 8.294695499 
0.731867801 8.219951264 

0.7666462403 8.116347133 
0.731867801 8.219951264 

2.433093128 7.016211546 
2.348635446 7.057769219 

2.268724023 7.092008019 
2.348635446 7.057769219 

2.51779878 9.093589666 
2.582034994 9.292864983 

2.760143696 1.427503543 
2.88708979 1.460175367 

2.906162431 1.41086102 
2.88708979 1.460175367 

2.265487835 5.831965649 
2.210804353 5.860015728 

2.150241453 5.88913336 
2.210804353 5.860015728 

3.355128168 0.7127716573 
3.164107857 0.6171561125 

5.778132427 7.080180575 
5.741464408 7.132041545 

5.765907224 7.192123064 
5.741464408 7.132041545 

6.399287427 8.18722167 
6.395423374 8.236713112 

5.475579759 5.680013099 
5.499478288 5.852572935 

6.395423374 8.236713112 
6.394995674 8.26343138 

2.010926538 8.398856485 
2.086987985 8.283758866 

4.783024434 6.773139293 
4.745395068 6.714625162 

4.703887834 6.641211979 
4.745395068 6.714625162 

3.75826672 8.541749509 
3.800632632 8.4876944 

3.80634304 8.426646383 
3.800632632 8.4876944 

3.329484269 0.5228823462 
3.164107857 0.6171561125 

5.070855284 7.318959112 
5.008042622 7.211136448 

4.931938989 7.115340974 
5.008042622 7.211136448 

6.730173258 5.114252077 
6.499756411 5.000803476 

6.345063104 8.334859312 
6.377929556 8.288978715 

6.394995674 8.26343138 
6.377929556 8.288978715 

3.824075386 7.121263026 
4.002541042 6.999769214 

3.410571687 0.2976896764 
3.403251486 0.4115101196 

3.426854997 0.4751834284 
3.403251486 0.4115101196 

2.549855646 3.782271411 
2.544061631 3.747243348 

3.487995366 2.638302591 
3.415038655 2.516966038 

3.313485406 2.381840964 
3.415038655 2.516966038 

5.897641915 6.549765305 
5.93330756 6.588187321 

5.982423512 6.586836152 
5.93330756 6.588187321 

5.234823357 8.171743414 
5.134753013 8.090329555 

1.85704257 7.91220072 
1.942383653 7.918611894 

2.005793916 7.951595941 
1.942383653 7.918611894 

1.995740184 6.094497652 
1.910205825 6.218450478 

1.538646152 8.017670049 
1.467701641 7.992760125 

3.403251486 0.4115101196 
3.475575039 0.4233567271 

4.195169635 2.347825966 
4.050242989 2.464590281 

3.946723349 2.57529385 
4.050242989 2.464590281 

5.134753013 8.090329555 
5.116426832 8.17403296 

6.164735422 5.025073017 
6.321661448 4.841908569 

2.995370393 3.418273057 
3.000819242 3.362459491 

0.3817315656 7.4681742 
0.5183530464 7.673586393 

0.6751114117 7.60124127 
0.5365557217 7.549917395 

0.4481361134 7.528399746 
0.3564673563 7.551632785 

0.5365557217 7.549917395 
0.4912166586 7.537937335 

0.4481361134 7.528399746 
0.4912166586 7.537937335 

4.367329196 7.629057492 
4.225652288 7.627593739 

4.068537859 7.664628425 
4.225652288 7.627593739 

1.562377168 2.682851754 
1.459900816 2.691909712 

4.944365611 5.833977783 
5.010001242 5.914953713 

4.770522586 7.316750051 
4.783867755 7.430030403 

4.78210059 7.514929522 
4.783867755 7.430030403 

4.357451555 5.786907525 
4.247348207 5.842050363 

2.590394164 3.625461409 
2.656358802 3.651054564 

2.08783967 7.268456146 
2.175118577 7.409848697 

0.3045435422 8.192038472 
0.5082333255 8.257623512 

0.7399389818 8.294695499 
0.5082333255 8.257623512 

0.638591157 7.988707052 
0.5661743529 8.075502056 

6.065218313 7.875209657 
5.877563407 7.594858462 

5.721798939 7.328220269 
5.877563407 7.594858462 

5.000070916 6.335364882 
5.194280422 6.317497474 

4.374776309 3.447901726 
4.455697039 3.406774179 

4.566291893 3.385777238 
4.455697039 3.406774179 

1.865590645 8.182125307 
2.012112839 8.138381296 

2.72858311 8.243357127 
2.742952339 8.117056821 

5.023831436 6.472211389 
5.211572598 6.429273869 

2.22767207 9.01124457 
2.133052045 9.044300984 

2.072227431 9.085004494 
2.133052045 9.044300984 

4.911595508 1.834595617 
4.807319103 1.762548494 

3.649512766 3.026631868 
3.548932291 3.120966294 

3.45514974 3.228644364 
3.548932291 3.120966294 

1.82036317 8.865565108 
1.79230782 8.781524551 

1.779539153 8.682574735 
1.79230782 8.781524551 

4.372864756 6.642960684 
4.504661161 6.559140941 

4.638865115 6.479749384 
4.504661161 6.559140941 

4.282390171 2.798690786 
4.202703687 2.834980863 

4.122934299 2.845316235 
4.202703687 2.834980863 

6.058016546 8.196597937 
6.052777979 8.015639298 

6.065218313 7.875209657 
6.052777979 8.015639298 

5.563429299 7.97925157 
5.514308227 8.087023987 

1.891010358 7.690544219 
1.998437407 7.653271705 

3.532438992 2.299869456 
3.474771685 2.183985274 

3.431986548 2.082909861 
3.474771685 2.183985274 

2.661644973 2.631110435 
2.810209458 2.668752143 

2.979665423 2.691513266 
2.810209458 2.668752143 

3.856621673 6.755522477 
3.904750609 6.775356698 

3.948487403 6.78299162 
3.904750609 6.775356698 

1.42515711 8.13723335 
1.525945126 8.19940215 

2.381399047 7.682015301 
2.348631775 7.59640176 

2.255173314 7.508074952 
2.348631775 7.59640176 

1.906588169 1.676691031 
1.879195579 1.50860306 

2.355009043 1.778568495 
2.357981673 1.685102607 

2.37497757 1.588590642 
2.357981673 1.685102607 

5.116426832 8.17403296 
5.086900314 8.116436209 

2.22767207 9.01124457 
2.187663256 9.111702702 

2.459287909 2.552713682 
2.414388201 2.489139285 

2.374427955 2.433879847 
2.414388201 2.489139285 

3.094153522 2.844585275 
3.029714622 2.874802116 

2.92546642 2.897667858 
3.029714622 2.874802116 

3.918763555 2.033461775 
3.852734843 1.856386164 

7.054667108 5.139833024 
7.108832623 5.136324818 

2.187663256 9.111702702 
2.21366204 9.189256588 

0.4760598347 8.017530074 
0.5661743529 8.075502056 

2.21366204 9.189256588 
2.183175622 9.224638046 

2.168166655 9.279168222 
2.183175622 9.224638046 

6.159669626 6.526283901 
6.165797503 6.651808169 

4.666782941 3.138338976 
4.672931486 3.107803997 

4.67195355 3.076682345 
4.672931486 3.107803997 

5.735809542 7.01276715 
5.617773594 7.028940509 

2.724531352 1.854201676 
2.640659265 1.766346521 

2.591725637 1.676028401 
2.640659265 1.766346521 

2.489052936 2.341580531 
2.414388201 2.489139285 

5.564121599 6.054553316 
5.528795136 5.954477734 

5.499478288 5.852572935 
5.528795136 5.954477734 

2.855307589 1.614721486 
2.840256743 1.521324186 

1.600274392 6.857247295 
1.598962978 6.948105712 

3.431986548 2.082909861 
3.435207977 2.203936162 

3.724908864 4.000656654 
3.828516944 3.929065462 

3.935349449 3.819421953 
3.828516944 3.929065462 

6.321661448 4.841908569 
6.25233885 4.725840812 

2.049373552 7.676846908 
2.072298965 7.629002853 

2.121507511 7.553957387 
2.072298965 7.629002853 

2.197910588 3.662263411 
2.283408822 3.536303458 

2.363162861 3.405628716 
2.283408822 3.536303458 

5.010001242 5.914953713 
5.045958803 5.935783837 

5.09404213 5.934004983 
5.045958803 5.935783837 

1.704772749 1.784420033 
1.543940204 1.829889014 

2.269409609 8.064116109 
2.199352846 7.965228187 

1.830771339 6.365606799 
1.863955578 6.27666231 

1.910205825 6.218450478 
1.863955578 6.27666231 

3.562337609 0.4240968854 
3.522377104 0.4239053407 

3.475575039 0.4233567271 
3.522377104 0.4239053407 

2.742952339 8.117056821 
2.580126442 8.026037889 

3.171159584 2.043690557 
3.157779047 2.125165251 

3.065782868 2.733754977 
3.094153522 2.844585275 

1.679169102 8.333343022 
1.671693094 8.244536236 

1.704255917 8.171613823 
1.671693094 8.244536236 

3.125020953 6.154786188 
3.07961102 6.121457517 

5.460575003 7.035340724 
5.543445343 7.042541871 

5.617773594 7.028940509 
5.543445343 7.042541871 

2.108186398 7.666011495 
2.072298965 7.629002853 

3.549480661 2.14072319 
3.474771685 2.183985274 

5.794145576 4.63991919 
5.699063085 4.624024293 

5.605665787 4.592740205 
5.699063085 4.624024293 

2.840256743 1.521324186 
2.825932121 1.472221104 

1.142200076 8.042673555 
0.9508733955 8.085777993 

0.7666462403 8.116347133 
0.9508733955 8.085777993 

6.534372155 8.284176062 
6.394995674 8.26343138 

2.332389297 7.3414774 
2.246401032 7.366987535 

2.175118577 7.409848697 
2.246401032 7.366987535 

3.487995366 2.638302591 
3.609525837 2.621907818 

3.7118183 2.587339164 
3.609525837 2.621907818 

3.640690051 3.21001026 
3.548932291 3.120966294 

6.279066025 6.593056028 
6.285538882 6.479740032 

7.590521061 6.505834402 
7.577720826 6.405573206 

7.60638081 6.318434868 
7.577720826 6.405573206 

1.669009309 7.867714757 
1.558309262 7.878677131 

1.453442896 7.896474468 
1.558309262 7.878677131 

6.633587153 5.702384009 
6.490003989 5.669522644 

1.022006989 7.451014967 
0.8709072218 7.440574775 

0.7320061275 7.43404737 
0.8709072218 7.440574775 

3.675523814 2.052988737 
3.78472898 2.107381496 

3.938339642 2.167920542 
3.78472898 2.107381496 

3.371033863 6.994481112 
3.231967963 7.01752504 

3.106412363 7.028294556 
3.231967963 7.01752504 

5.471703914 8.21920001 
5.496425656 8.155572986 

5.514308227 8.087023987 
5.496425656 8.155572986 

3.095594144 8.316350241 
3.018982594 8.645517718 

3.095594144 8.316350241 
2.912625124 8.28118546 

2.72858311 8.243357127 
2.912625124 8.28118546 

2.639626184 6.651521295 
2.653428911 6.609591897 

1.803238653 5.99970149 
1.892805995 6.051863166 

1.995740184 6.094497652 
1.892805995 6.051863166 

2.072298965 7.629002853 
1.998437407 7.653271705 

1.286758071 7.964587097 
1.274899342 7.838905889 

1.320314914 7.71418687 
1.274899342 7.838905889 

3.314033729 7.238964376 
3.399589427 7.403278378 

3.474771685 2.183985274 
3.435207977 2.203936162 

3.371033863 6.994481112 
3.34627245 7.116978319 

5.577827471 7.671501578 
5.559311096 7.515975107 

3.757568747 1.866009782 
3.952853647 1.627484503 

4.125742375 1.391205191 
3.952853647 1.627484503 

3.419441345 1.729703366 
3.530571758 1.637689092 

2.648520532 6.564563283 
2.648306788 6.588990919 

2.653428911 6.609591897 
2.648306788 6.588990919 

2.689311193 3.024107246 
2.669113738 3.107689814 

3.856621673 6.755522477 
4.083311286 7.023435165 

4.324986962 7.29759587 
4.083311286 7.023435165 

1.827050603 2.197579354 
1.878476131 2.090315646 

1.942287043 1.990350979 
1.878476131 2.090315646 

2.502024155 2.191516963 
2.723522099 2.244367904 

2.41750286 7.213047563 
2.527636726 7.091244436 

1.459900816 2.691909712 
1.410083622 2.710883253 

2.158361761 7.801820563 
2.199352846 7.965228187 

7.343927288 5.308921338 
7.430860608 5.347067118 

2.197480014 6.732558093 
2.200505493 6.672475251 

2.173586778 6.616956684 
2.200505493 6.672475251 

4.835853265 6.405071108 
4.917243973 6.377136405 

5.000070916 6.335364882 
4.917243973 6.377136405 

7.41408806 6.649642335 
7.245257572 6.766778362 

6.375171847 6.371859085 
6.465157603 6.410506516 

6.54039177 6.484913213 
6.465157603 6.410506516 

2.661644973 2.631110435 
2.56748863 2.591119715 

2.459287909 2.552713682 
2.56748863 2.591119715 

7.68632603 6.083873739 
7.696176683 6.149938001 

2.819832428 2.462838655 
2.932021088 2.477441657 

3.04342086 2.496279024 
2.932021088 2.477441657 

1.362220451 2.770038598 
1.385712794 2.731852591 

1.410083622 2.710883253 
1.385712794 2.731852591 

7.696176683 6.149938001 
7.702295948 6.183147013 

1.728157607 2.73506204 
1.970411469 2.726907108 

2.209186578 1.734253621 
2.365097728 1.844804761 

2.530081066 1.971750507 
2.365097728 1.844804761 

6.040140513 7.111955045 
6.0919643 7.073538651 

6.144755771 7.021603829 
6.0919643 7.073538651 

3.157779047 2.125165251 
3.230821453 2.123766233 

1.741904775 7.623077811 
1.701005102 7.741904335 

1.669009309 7.867714757 
1.701005102 7.741904335 

6.127761628 5.866251147 
6.187752302 5.863763305 

6.252091303 5.893509276 
6.187752302 5.863763305 

0.5082333255 8.257623512 
0.4194306736 8.238412841 

4.327019735 3.154534072 
4.247550061 3.116518882 

4.14888363 3.055192844 
4.247550061 3.116518882 

0.3817315656 7.4681742 
0.3922202826 7.493143145 

4.300431248 6.934946531 
4.292498562 7.016439235 

4.269207793 7.094518921 
4.292498562 7.016439235 

3.426854997 0.4751834284 
3.475575039 0.4233567271 

2.354843286 2.932212847 
2.461471269 2.848356853 

2.572446697 2.762692368 
2.461471269 2.848356853 

1.987148374 6.334295451 
1.863955578 6.27666231 

4.560269721 2.588760872 
4.671449937 2.498526033 

4.803183986 2.414971812 
4.671449937 2.498526033 

3.284953348 6.24413527 
3.291820333 6.317928703 

3.308401699 6.380625715 
3.291820333 6.317928703 

3.005593784 1.420883714 
2.97007056 1.388469696 

3.167476326 2.21568783 
3.157443354 2.16732769 

3.157779047 2.125165251 
3.157443354 2.16732769 

3.256216312 2.788934403 
3.2375569 2.850621889 

3.219144941 2.903172882 
3.2375569 2.850621889 

3.582186353 3.294048863 
3.489962843 3.438291901 

2.358302439 0.9284130688 
2.360890608 1.072478706 

2.367419652 1.218770931 
2.360890608 1.072478706 

7.164082912 5.089853152 
7.136956704 5.1207739 

7.108832623 5.136324818 
7.136956704 5.1207739 

2.88708979 1.460175367 
2.840256743 1.521324186 

6.412459162 6.019268833 
6.484021591 5.910075226 

6.549103051 5.801601298 
6.484021591 5.910075226 

7.590521061 6.505834402 
7.497091153 6.574859645 

7.41408806 6.649642335 
7.497091153 6.574859645 

5.919003604 6.728541447 
5.93330756 6.588187321 

1.679169102 8.333343022 
1.602447061 8.264281683 

1.525945126 8.19940215 
1.602447061 8.264281683 

2.433093128 7.016211546 
2.417114344 7.115595278 

2.41750286 7.213047563 
2.417114344 7.115595278 

3.562337609 0.4240968854 
3.829385702 0.4715621022 

3.918910197 1.588917765 
3.952853647 1.627484503 

5.912413824 7.54443024 
5.877563407 7.594858462 

3.961408783 0.4950062711 
4.027420323 0.5067283556 

4.093431863 0.5184504401 
4.027420323 0.5067283556 

0.3922202826 7.493143145 
0.3743666738 7.522474977 

3.829385702 0.4715621022 
3.895397242 0.4832841867 

3.961408783 0.4950062711 
3.895397242 0.4832841867 

5.865418544 7.080520415 
5.81927493 7.11757558 

5.741464408 7.132041545 
5.81927493 7.11757558 

1.483320408 7.414414837 
1.643771427 7.372969621 

3.314033729 7.238964376 
3.328823797 7.177593664 

3.34627245 7.116978319 
3.328823797 7.177593664 

3.530571758 1.637689092 
3.645415053 1.614210121 

2.616431441 3.182906786 
2.643929407 3.142496662 

2.669113738 3.107689814 
2.643929407 3.142496662 

3.245828894 8.593766679 
3.171837048 8.626782522 

6.913909164 6.006395834 
6.788392292 6.11739036 

1.885384675 7.43245929 
1.794321154 7.336982699 

1.7202533 7.221593215 
1.794321154 7.336982699 

2.43840507 2.06101844 
2.455762292 2.12133482 

2.381399047 7.682015301 
2.497851183 7.655072456 

2.613707169 7.6412601 
2.497851183 7.655072456 

2.825932121 1.472221104 
2.810676616 1.443368869 

5.028290698 8.149878512 
5.062187081 8.127032164 

5.086900314 8.116436209 
5.062187081 8.127032164 

0.3045435422 8.192038472 
0.3972803782 8.207117412 

0.4760598347 8.017530074 
0.3574640038 8.090772505 

7.430860608 5.347067118 
7.456078987 5.377901581 

7.478127933 5.410297031 
7.456078987 5.377901581 

2.689052833 7.601629252 
2.74579602 7.695280017 

0.3944997166 6.742232234 
0.610670261 6.950948141 

0.8307785025 7.160803845 
0.610670261 6.950948141 

2.725341215 7.384973158 
2.817862791 7.284991772 

2.893089926 7.226608297 
2.817862791 7.284991772 

0.7305159632 6.936695071 
0.610670261 6.950948141 

2.819832428 2.462838655 
2.739933191 2.551463737 

2.661644973 2.631110435 
2.739933191 2.551463737 

6.310481981 5.64197587 
6.392174777 5.660015191 

6.490003989 5.669522644 
6.392174777 5.660015191 

3.620630871 8.491032879 
3.689791215 8.535689923 

3.75826672 8.541749509 
3.689791215 8.535689923 

4.002541042 6.999769214 
4.083311286 7.023435165 

2.038690143 7.020911806 
2.001211582 6.944618037 

1.959522291 6.864284276 
2.001211582 6.944618037 

7.702295948 6.183147013 
7.723568068 6.199219437 

7.723568068 6.199219437 
7.734204129 6.207255649 

7.744840189 6.215291861 
7.734204129 6.207255649 

6.887909898 6.168769408 
6.902595629 6.088479299 

6.913909164 6.006395834 
6.902595629 6.088479299 

2.365097728 1.844804761 
2.355009043 1.778568495 

5.116426832 8.17403296 
5.088010155 8.144094539 

5.062187081 8.127032164 
5.088010155 8.144094539 

1.730785178 7.353946945 
1.794321154 7.336982699 

4.059870607 3.847451645 
4.140440756 3.731082748 

4.244030439 3.62234683 
4.140440756 3.731082748 

5.33979239 5.713917473 
5.38307735 5.604423854 

1.704772749 1.784420033 
1.595213236 1.760550031 

5.104891738 4.991465413 
5.135407122 4.881654628 

3.852734843 1.856386164 
3.767270475 1.755531115 

4.1256507 5.888978188 
4.186785589 5.861319462 

4.247348207 5.842050363 
4.186785589 5.861319462 

1.472433215 1.727533828 
1.532998402 1.743529868 

1.595213236 1.760550031 
1.532998402 1.743529868 

0.3574640038 8.090772505 
0.336504945 8.144429658 

0.3045435422 8.192038472 
0.336504945 8.144429658 

7.228556145 5.21905575 
7.139642874 5.188086799 

2.953812091 7.747035735 
3.147909808 7.83561026 

3.358898224 7.921641957 
3.147909808 7.83561026 

2.255173314 7.508074952 
2.294371865 7.424793715 

2.502024155 2.191516963 
2.477897128 2.155238229 

2.455762292 2.12133482 
2.477897128 2.155238229 

2.760143696 1.427503543 
2.792548565 1.432480845 

2.810676616 1.443368869 
2.792548565 1.432480845 

0.3654170151 7.537053881 
0.3609421857 7.544343333 

0.3564673563 7.551632785 
0.3609421857 7.544343333 

2.37773625 6.417566949 
2.252830702 6.408199762 

2.127334781 6.396736658 
2.252830702 6.408199762 

0.3743666738 7.522474977 
0.3698918445 7.529764429 

0.3654170151 7.537053881 
0.3698918445 7.529764429 

3.065782868 2.733754977 
3.055236172 2.615190694 

3.04342086 2.496279024 
3.055236172 2.615190694 

5.619486289 6.928540076 
5.6841669 6.889326406 

5.234823357 8.171743414 
5.116426832 8.17403296 

5.475579759 5.680013099 
5.528838954 5.536144868 

5.577427454 5.383506267 
5.528838954 5.536144868 

2.582034994 9.292864983 
2.590317719 9.201904797 

7.141645737 7.484775473 
7.176087149 7.522662981 

7.207407203 7.557475706 
7.176087149 7.522662981 

3.020245711 6.072295497 
3.050786833 6.096206487 

3.07961102 6.121457517 
3.050786833 6.096206487 

7.534728034 6.030272525 
7.68632603 6.083873739 

3.431986548 2.082909861 
3.382703485 2.146608445 

3.346104938 2.213644641 
3.382703485 2.146608445 

2.158361761 7.801820563 
2.135318502 7.739044959 

2.108186398 7.666011495 
2.135318502 7.739044959 

3.479718323 1.061133546 
3.450942328 1.04330797 

3.420461885 1.022949712 
3.450942328 1.04330797 

2.768857757 7.98043847 
2.666666455 7.883310124 

2.565206844 7.786482835 
2.666666455 7.883310124 

2.948809823 2.024022056 
3.076937208 1.806670945 

2.135318502 7.739044959 
2.198619527 7.709013662 

3.609501301 2.517324749 
3.609525837 2.621907818 

2.948809823 2.024022056 
3.060512478 2.036279884 

3.171159584 2.043690557 
3.060512478 2.036279884 

1.505955366 9.332904997 
1.507250915 9.377662785 

1.64312327 7.011129352 
1.595748151 6.992815515 

3.000819242 3.362459491 
3.027105314 3.343500869 

3.053391386 3.324542248 
3.027105314 3.343500869 

6.092133191 5.159664004 
6.124807128 5.094131418 

6.164735422 5.025073017 
6.124807128 5.094131418 

2.979665423 2.691513266 
3.055236172 2.615190694 

6.345063104 8.334859312 
6.44139416 8.305683898 

6.534372155 8.284176062 
6.44139416 8.305683898 

1.507250915 9.377662785 
1.503905932 9.396489477 

7.228556145 5.21905575 
7.20207376 5.149267985 

7.164082912 5.089853152 
7.20207376 5.149267985 

5.22376104 6.559075209 
5.216950818 6.492053254 

5.211572598 6.429273869 
5.216950818 6.492053254 

3.298508122 2.01204287 
3.171159584 2.043690557 

1.503511894 9.44022819 
1.503708913 9.418358833 

1.503905932 9.396489477 
1.503708913 9.418358833 

5.135407122 4.881654628 
5.161064971 4.821848474 

6.996776519 5.291758468 
7.025257929 5.215489007 

7.054667108 5.139833024 
7.025257929 5.215489007 

2.453251168 8.031105411 
2.407484367 7.950711596 

2.35923682 7.869308676 
2.407484367 7.950711596 

1.626196329 1.504080279 
1.622310226 1.453971638 

1.618424123 1.403862997 
1.622310226 1.453971638 

6.489926456 7.969048556 
6.566299724 7.957571361 

6.642672993 7.946094167 
6.566299724 7.957571361 

3.918763555 2.033461775 
3.804064106 2.04633215 

3.675523814 2.052988737 
3.804064106 2.04633215 

5.881989395 6.406471819 
5.969984101 6.32450446 

3.076937208 1.806670945 
3.144019282 1.853992452 

3.227144059 1.886255656 
3.18574236 1.870341845 

3.144019282 1.853992452 
3.18574236 1.870341845 

5.070855284 7.318959112 
5.161886847 7.268020372 

5.252918411 7.217081633 
5.161886847 7.268020372 

5.008573925 7.810784659 
5.113760329 7.633271543 

7.312727061 7.8055358 
7.255140925 7.824787221 

7.197554789 7.844038642 
7.255140925 7.824787221 

2.29777613 2.475086235 
2.335568259 2.451186522 

2.374427955 2.433879847 
2.335568259 2.451186522 

3.804064106 2.04633215 
3.78472898 2.107381496 

2.572446697 2.762692368 
2.576670495 2.876700214 

2.555495945 0.3754017249 
2.576494617 0.3994234367 

2.597493288 0.4234451485 
2.576494617 0.3994234367 

6.044824773 6.218837224 
6.008687268 6.271488879 

5.969984101 6.32450446 
6.008687268 6.271488879 

3.043432301 3.070909352 
3.029714622 2.874802116 

3.749030834 8.1855216 
3.694454577 8.024497253 

3.639878319 7.863472907 
3.694454577 8.024497253 

6.246504897 5.76271508 
6.187752302 5.863763305 

2.973137898 1.292164646 
3.049820906 1.296108652 

3.126747913 1.297865422 
3.049820906 1.296108652 

5.212841055 4.750849994 
5.186953013 4.786349234 

5.161064971 4.821848474 
5.186953013 4.786349234 

3.767270475 1.755531115 
3.645415053 1.614210121 

3.212517849 0.9280284634 
3.29257323 0.823114739 

3.355128168 0.7127716573 
3.29257323 0.823114739 

2.23901338 6.505599844 
2.252830702 6.408199762 

1.36120123 8.286864813 
1.423286954 8.40711141 

2.121507511 7.553957387 
2.111334066 7.441006801 

0.6086825916 7.329963078 
0.5625357621 7.349381121 

0.5163889326 7.368799164 
0.5625357621 7.349381121 

2.742952339 8.117056821 
2.755905048 8.048747645 

2.768857757 7.98043847 
2.755905048 8.048747645 

6.209117281 7.993484909 
6.260700137 8.000423503 

6.312282993 8.007362096 
6.260700137 8.000423503 

2.634266466 9.474934121 
2.608434929 9.38465812 

2.582034994 9.292864983 
2.608434929 9.38465812 

7.191804798 5.919574122 
7.154051214 5.940165975 

7.11629763 5.960757827 
7.154051214 5.940165975 

2.332389297 7.3414774 
2.322419443 7.383770682 

2.294371865 7.424793715 
2.322419443 7.383770682 

6.635392743 6.30284611 
6.722641137 6.507191342 

1.595748151 6.992815515 
1.597355564 6.970460613 

1.598962978 6.948105712 
1.597355564 6.970460613 

6.722641137 6.507191342 
6.828315199 6.62815783 

2.345816132 2.346382784 
2.304341812 2.192056074 

6.635392743 6.30284611 
6.587892256 6.393879662 

6.54039177 6.484913213 
6.587892256 6.393879662 

