4.463859625 2.718330836 
4.566291893 3.385777238 

2.755647088 8.837673081 
3.317429176 8.89397805 

4.756533412 4.763167563 
4.471534652 4.504793822 

6.374571857 6.373019043 
6.681346692 6.14295923 

6.914319434 6.005764866 
6.681346692 6.14295923 

1.64312327 7.011129352 
1.354207659 7.208597556 

1.665112138 7.87584965 
1.891555065 7.689657378 

6.48610874 5.273059564 
6.633587153 5.702384009 

4.463859625 2.718330836 
5.043734656 2.555949029 

7.590521061 6.505834402 
6.913393329 6.34749279 

6.681346692 6.14295923 
6.913393329 6.34749279 

3.344951193 2.213933802 
3.086579679 2.33101253 

3.75677687 1.866456033 
3.562464264 1.763174921 

4.186562927 4.130135172 
4.059870607 3.847451645 

7.389999449 7.336003125 
6.828997064 7.360720707 

5.564121599 6.054553316 
5.842318682 6.084545669 

4.471534652 4.504793822 
4.340947333 4.341108605 

4.186562927 4.130135172 
4.340947333 4.341108605 

5.262094047 7.205134145 
4.785129072 7.512812667 

1.950296043 2.916562849 
2.443242953 3.246751961 

2.530081066 1.971750507 
2.728178474 2.09228636 

1.628640072 8.585087453 
1.505324997 8.889475308 

2.729070295 8.242811943 
2.954595546 7.749183323 

2.728178474 2.09228636 
2.166486655 2.295633018 

2.166486655 2.295633018 
2.298051202 2.474106522 

5.721864416 7.328254884 
5.736444091 7.013506651 

0.6740318179 7.601843836 
1.034517741 7.630941799 

1.320314914 7.71418687 
1.034517741 7.630941799 

6.828997064 7.360720707 
6.949465738 7.0292023 

4.194101701 2.348696488 
4.48185787 2.40668935 

1.64312327 7.011129352 
1.196066675 6.928551839 

2.088425912 7.26963853 
2.11265255 7.441530943 

1.472433215 1.727533828 
2.166486655 2.295633018 

6.549382386 6.959245436 
7.150367272 6.682925754 

1.196066675 6.928551839 
0.8328619948 7.160659509 

6.828997064 7.360720707 
6.934587425 7.839814016 

5.039912676 6.583474529 
5.210526666 6.430016482 

5.578583842 7.671326237 
5.758350507 7.762656734 

6.065218313 7.875209657 
5.758350507 7.762656734 

7.150367272 6.682925754 
6.949465738 7.0292023 

2.498706396 8.593853685 
2.729070295 8.242811943 

1.665112138 7.87584965 
1.145244017 8.041867849 

3.664662749 2.031096313 
3.75677687 1.866456033 

2.477142246 3.841607027 
2.443242953 3.246751961 

6.633587153 5.702384009 
6.914319434 6.005764866 

3.228697498 1.88704267 
3.416763252 1.879664895 

3.020245711 6.072295497 
2.741233335 6.293391415 

1.257791079 8.740700374 
1.505324997 8.889475308 

3.211823198 0.9301892097 
3.420461885 1.022949712 

4.463859625 2.718330836 
4.48185787 2.40668935 

6.039582305 7.111895016 
6.201401964 7.344331031 

2.443242953 3.246751961 
2.376206889 3.412879514 

7.150367272 6.682925754 
6.964416689 6.635537155 

5.616383233 6.50070829 
5.748795574 6.522693433 

0.8328619948 7.160659509 
1.02294311 7.449129364 

2.977012716 1.702328286 
2.855307589 1.614721486 

1.196066675 6.928551839 
1.30257594 6.216284463 

3.076968281 8.340241401 
3.067559863 8.058198058 

4.129201963 5.891070865 
4.198452054 6.218562216 

3.857597441 6.757053667 
4.198452054 6.218562216 

3.777140711 1.36593775 
3.918910197 1.588917765 

7.478127933 5.410297031 
6.938289435 5.671916892 

1.82036317 8.865565108 
1.596860736 9.060433746 

1.100375333 9.289417402 
1.596860736 9.060433746 

5.842318682 6.084545669 
6.073065463 6.010076342 

3.211823198 0.9301892097 
3.120746864 1.295922906 

3.562464264 1.763174921 
3.120746864 1.295922906 

6.310481981 5.64197587 
6.141704905 5.339864533 

0.3944997166 6.742232234 
0.9931087566 6.780997847 

1.196066675 6.928551839 
0.9931087566 6.780997847 

4.783024434 6.773139293 
4.902236125 6.876175867 

3.317429176 8.89397805 
3.245050822 8.594305678 

6.913393329 6.34749279 
6.723738428 6.509599786 

2.530081066 1.971750507 
2.355009043 1.778568495 

2.166486655 2.295633018 
2.106785394 2.109306407 

1.313063217 2.297832329 
1.651312961 2.285284914 

2.008502883 8.531704032 
2.026579169 8.847390902 

7.312727061 7.8055358 
6.934587425 7.839814016 

3.748427688 0.8320173479 
3.575375147 0.7925041274 

4.775917588 5.638815212 
4.839327701 5.835541437 

2.357671705 0.9265967224 
2.255974685 0.6439603326 

7.303457981 6.164641121 
7.203033497 6.30985052 

4.366977938 7.627290832 
4.321746799 7.304999519 

4.321746799 7.304999519 
4.546715162 7.321957696 

1.82036317 8.865565108 
2.026579169 8.847390902 

6.3164255 7.998367446 
5.568046696 7.979150393 

7.228556145 5.21905575 
7.096065 5.362248872 

5.568046696 7.979150393 
5.578583842 7.671326237 

1.145244017 8.041867849 
1.320314914 7.71418687 

0.3045435422 8.192038472 
0.638591157 7.988707052 

4.446628591 1.367458358 
3.918910197 1.588917765 

5.631778762 4.973331108 
5.504691064 4.775504589 

5.212841055 4.750849994 
5.504691064 4.775504589 

5.842318682 6.084545669 
6.044319545 6.222044916 

2.498706396 8.593853685 
2.609996201 8.923459916 

3.088311711 0.3160476665 
3.355128168 0.7127716573 

3.420461885 1.022949712 
3.355128168 0.7127716573 

3.649512766 3.026631868 
3.761374007 3.282915857 

2.477142246 3.841607027 
2.376206889 3.412879514 

2.106785394 2.109306407 
2.728178474 2.09228636 

4.129201963 5.891070865 
4.712117429 6.284679709 

5.039912676 6.583474529 
4.712117429 6.284679709 

1.831573577 6.365407571 
1.63702385 6.650334513 

6.201401964 7.344331031 
5.721864416 7.328254884 

3.245050822 8.594305678 
3.384597103 8.383713339 

2.728178474 2.09228636 
2.500170164 2.191999544 

3.947146093 2.574799565 
3.609501301 2.517324749 

3.532438992 2.299869456 
3.609501301 2.517324749 

2.11265255 7.441530943 
2.255267253 7.507055205 

2.853567355 6.656342597 
3.411353253 6.453831394 

7.590521061 6.505834402 
7.25203388 6.505617214 

6.828997064 7.360720707 
6.615927355 7.482506459 

1.665112138 7.87584965 
1.468792572 7.992253899 

7.150367272 6.682925754 
7.405151882 6.649540011 

6.044319545 6.222044916 
6.073065463 6.010076342 

1.468792572 7.992253899 
1.42515711 8.13723335 

2.465061473 6.013478626 
2.706116432 6.124637158 

2.741233335 6.293391415 
2.706116432 6.124637158 

2.729070295 8.242811943 
2.384725213 8.344463611 

2.819832428 2.462838655 
2.900987689 2.265860527 

2.939713909 2.024188864 
2.900987689 2.265860527 

1.196066675 6.928551839 
1.354207659 7.208597556 

2.376206889 3.412879514 
2.16960255 3.332555585 

1.02294311 7.449129364 
1.163038811 7.142622875 

1.196066675 6.928551839 
1.163038811 7.142622875 

4.712117429 6.284679709 
4.639337092 6.478297434 

3.857597441 6.757053667 
3.825246431 7.120599773 

2.615465585 3.183281751 
2.443242953 3.246751961 

3.14971439 3.29593457 
3.207775697 3.515293887 

5.212841055 4.750849994 
4.932030737 4.957182583 

4.756533412 4.763167563 
4.932030737 4.957182583 

5.631778762 4.973331108 
5.899895643 4.720460778 

1.034517741 7.630941799 
1.02294311 7.449129364 

2.367041966 1.338188842 
2.072799939 1.353950245 

2.755647088 8.837673081 
2.609996201 8.923459916 

5.616383233 6.50070829 
5.61993699 6.750590371 

0.7399389818 8.294695499 
0.638591157 7.988707052 

6.669539905 8.242277767 
6.642672993 7.946094167 

1.651312961 2.285284914 
1.601311714 2.41972448 

2.729070295 8.242811943 
3.067559863 8.058198058 

1.936396306 1.490069086 
1.906588169 1.676691031 

5.61993699 6.750590371 
5.918441224 6.731261907 

2.977012716 1.702328286 
2.939713909 2.024188864 

4.446628591 1.367458358 
4.567862329 1.626855046 

3.575375147 0.7925041274 
3.562337609 0.4240968854 

4.783024434 6.773139293 
4.547104839 6.956780062 

0.8328619948 7.160659509 
1.163038811 7.142622875 

3.609501301 2.517324749 
3.487995366 2.638302591 

1.313063217 2.297832329 
1.601311714 2.41972448 

2.676726279 0.4537560844 
2.764713572 0.8451262276 

3.086579679 2.33101253 
2.900987689 2.265860527 

4.463859625 2.718330836 
4.39725441 2.865378615 

1.85085288 2.198343048 
1.651312961 2.285284914 

2.853567355 6.656342597 
2.8793637 6.819956983 

2.92546642 2.897667858 
2.979665423 2.691513266 

5.578583842 7.671326237 
5.248090642 7.705937604 

0.8328619948 7.160659509 
0.9931087566 6.780997847 

4.566291893 3.385777238 
4.560584837 3.139876491 

4.327019735 3.154534072 
4.560584837 3.139876491 

2.634266466 9.474934121 
2.741805753 9.147979142 

2.755647088 8.837673081 
2.741805753 9.147979142 

6.765316427 6.78144425 
6.723738428 6.509599786 

3.730916281 7.539610254 
4.066384717 7.663671407 

1.936396306 1.490069086 
2.072799939 1.353950245 

3.420461885 1.022949712 
3.575375147 0.7925041274 

6.141704905 5.339864533 
6.317076041 5.454034717 

6.48610874 5.273059564 
6.317076041 5.454034717 

0.7272302263 8.841950946 
0.5055198053 8.629138842 

2.977012716 1.702328286 
3.029923813 1.555049745 

4.99211789 7.98964002 
5.445268843 7.655443708 

7.203033497 6.30985052 
7.25203388 6.505617214 

6.914319434 6.005764866 
6.938289435 5.671916892 

1.354207659 7.208597556 
0.9703243666 6.980205897 

3.384597103 8.383713339 
3.54193984 8.319732921 

5.90172968 5.53168699 
6.141704905 5.339864533 

1.42515711 8.13723335 
1.514605183 8.393527204 

1.628640072 8.585087453 
1.514605183 8.393527204 

2.729070295 8.242811943 
2.796833193 8.478558324 

5.262094047 7.205134145 
5.248090642 7.705937604 

6.723738428 6.509599786 
6.594433621 6.681703142 

5.475579759 5.680013099 
5.09404213 5.934004983 

2.728178474 2.09228636 
2.939713909 2.024188864 

0.638591157 7.988707052 
0.6740318179 7.601843836 

6.669539905 8.242277767 
7.011271992 8.058134402 

0.638591157 7.988707052 
0.8316143862 7.857022673 

0.9703243666 6.980205897 
1.196066675 6.928551839 

4.567862329 1.626855046 
4.287619112 1.574831909 

4.125742375 1.391205191 
4.287619112 1.574831909 

4.180924685 1.945561171 
3.938339642 2.167920542 

1.601311714 2.41972448 
1.522487251 2.463297248 

3.273442 3.913641885 
3.186521677 3.623809911 

2.995370393 3.418273057 
3.186521677 3.623809911 

5.210526666 6.430016482 
4.998375657 6.334779239 

4.712117429 6.284679709 
4.998375657 6.334779239 

4.775917588 5.638815212 
5.166600241 5.429455217 

1.673620379 6.377651857 
1.831573577 6.365407571 

3.029923813 1.555049745 
2.855307589 1.614721486 

2.892468317 7.227098907 
2.657354597 7.294773396 

2.741233335 6.293391415 
2.79857245 6.45560442 

0.9931087566 6.780997847 
1.088802512 6.594217056 

1.63702385 6.650334513 
1.196066675 6.928551839 

1.30257594 6.216284463 
1.3212396 6.587346259 

0.6740318179 7.601843836 
0.5130935402 7.677917113 

7.405151882 6.649540011 
7.25203388 6.505617214 

4.566291893 3.385777238 
4.901735051 2.934272257 

5.043734656 2.555949029 
4.901735051 2.934272257 

2.37773625 6.417566949 
2.741233335 6.293391415 

5.899895643 4.720460778 
6.020611163 4.815907437 

1.879698826 0.7765163409 
1.867989192 1.054166783 

6.765316427 6.78144425 
6.594433621 6.681703142 

5.460575003 7.035340724 
5.685243313 6.889622977 

5.61993699 6.750590371 
5.685243313 6.889622977 

4.575427111 1.837203605 
4.728026578 1.817803659 

4.97126737 1.714569029 
4.728026578 1.817803659 

1.505324997 8.889475308 
1.342954997 9.068107147 

4.902236125 6.876175867 
4.931938989 7.115340974 

2.609996201 8.923459916 
2.741805753 9.147979142 

4.932030737 4.957182583 
4.829226122 5.150454003 

6.633587153 5.702384009 
6.889956642 5.392970335 

4.829226122 5.150454003 
4.452849112 5.284626925 

1.257791079 8.740700374 
1.514605183 8.393527204 

6.938289435 5.671916892 
6.889956642 5.392970335 

4.080314737 0.9694600579 
4.130039177 0.8303419568 

2.855307589 1.614721486 
2.591725637 1.676028401 

2.355009043 1.778568495 
2.591725637 1.676028401 

3.730916281 7.539610254 
3.361002919 7.919142858 

3.730916281 7.539610254 
3.640297135 7.861322822 

4.546715162 7.321957696 
4.547104839 6.956780062 

2.530081066 1.971750507 
2.591725637 1.676028401 

3.761374007 3.282915857 
3.640348387 3.210672059 

2.453251168 8.031105411 
2.269409609 8.064116109 

2.892468317 7.227098907 
3.106412363 7.028294556 

1.891555065 7.689657378 
2.052082857 7.673003838 

3.020245711 6.072295497 
2.706116432 6.124637158 

5.086082512 2.104216677 
4.904360275 1.987655492 

4.712117429 6.284679709 
4.577229302 6.104265434 

2.168166655 9.279168222 
2.387484705 8.838461318 

1.64312327 7.011129352 
1.732046787 7.354153908 

4.125742375 1.391205191 
4.516053136 0.8178691827 

7.389999449 7.336003125 
7.195175044 7.052612236 

3.076968281 8.340241401 
2.796833193 8.478558324 

2.796833193 8.478558324 
3.018883488 8.644259448 

1.354207659 7.208597556 
1.732046787 7.354153908 

2.615465585 3.183281751 
2.683350725 3.375773128 

6.889956642 5.392970335 
7.096065 5.362248872 

4.463859625 2.718330836 
4.565050293 2.592432376 

3.167290257 2.21584746 
3.22531485 2.121627784 

4.775917588 5.638815212 
4.864374564 5.418997145 

4.516053136 0.8178691827 
4.130039177 0.8303419568 

1.42515711 8.13723335 
1.704255917 8.171613823 

3.664662749 2.031096313 
3.432549678 2.081143697 

6.249496173 6.944470132 
6.23284006 6.741214443 

3.086579679 2.33101253 
3.167290257 2.21584746 

3.067559863 8.058198058 
3.361002919 7.919142858 

3.018883488 8.644259448 
3.096632649 8.724949037 

5.445268843 7.655443708 
5.578583842 7.671326237 

2.661289242 2.631901211 
2.731925981 2.836802799 

2.92546642 2.897667858 
2.731925981 2.836802799 

7.590521061 6.505834402 
7.609950324 6.706191082 

3.086579679 2.33101253 
3.043780108 2.495350591 

2.676726279 0.4537560844 
2.391985421 0.6947463355 

2.255974685 0.6439603326 
2.391985421 0.6947463355 

1.673620379 6.377651857 
1.712202363 6.174182456 

3.020245711 6.072295497 
3.089330621 6.319032598 

4.99211789 7.98964002 
5.13829326 7.894787754 

5.248090642 7.705937604 
5.13829326 7.894787754 

2.357671705 0.9265967224 
2.444403117 0.7403202306 

2.609996201 8.923459916 
2.51779878 9.093589666 

3.420461885 1.022949712 
3.262262789 1.11358987 

3.120746864 1.295922906 
3.262262789 1.11358987 

2.16960255 3.332555585 
2.098427786 3.493948435 

4.125742375 1.391205191 
4.002439342 1.386255319 

1.313063217 2.297832329 
1.522487251 2.463297248 

1.313063217 2.297832329 
1.535812337 2.051657034 

0.7666462403 8.116347133 
0.638591157 7.988707052 

7.303457981 6.164641121 
7.394514997 6.139163832 

4.194101701 2.348696488 
4.463859625 2.718330836 

4.180924685 1.945561171 
4.271411109 2.128331942 

2.444403117 0.7403202306 
2.464847831 0.544831072 

1.02294311 7.449129364 
1.272135443 7.448713036 

5.039912676 6.583474529 
4.902236125 6.876175867 

1.100375333 9.289417402 
1.386616523 8.669047856 

4.547104839 6.956780062 
4.371285665 6.643204261 

0.9703243666 6.980205897 
0.8328619948 7.160659509 

7.203033497 6.30985052 
7.394514997 6.139163832 

2.008502883 8.531704032 
2.131815903 8.418299295 

7.011271992 8.058134402 
6.934587425 7.839814016 

0.3944997166 6.742232234 
0.713159683 6.624072859 

0.7399389818 8.294695499 
0.7576837456 8.538285383 

7.312727061 7.8055358 
7.207407203 7.557475706 

1.257791079 8.740700374 
1.386616523 8.669047856 

3.273442 3.913641885 
3.524307203 3.848422727 

3.72560071 4.000553485 
3.524307203 3.848422727 

5.758350507 7.762656734 
5.912413824 7.54443024 

1.145244017 8.041867849 
0.8316143862 7.857022673 

1.257791079 8.740700374 
1.055388757 8.701061906 

4.321746799 7.304999519 
3.978898597 7.450193012 

3.730916281 7.539610254 
3.978898597 7.450193012 

2.530081066 1.971750507 
2.724531352 1.854201676 

2.158183192 7.801386921 
2.198053677 7.70755989 

2.381399047 7.682015301 
2.198053677 7.70755989 

3.211823198 0.9301892097 
3.262262789 1.11358987 

6.279953216 4.701444137 
6.165502818 5.023957871 

2.954595546 7.749183323 
3.002126765 7.923093858 

3.067559863 8.058198058 
3.002126765 7.923093858 

2.35923682 7.869308676 
2.198053677 7.70755989 

6.723738428 6.509599786 
6.54039177 6.484913213 

4.066384717 7.663671407 
3.978898597 7.450193012 

6.54039177 6.484913213 
6.594433621 6.681703142 

6.310481981 5.64197587 
6.030262759 5.885003699 

5.842318682 6.084545669 
6.030262759 5.885003699 

0.7487656663 6.360780036 
1.047279396 6.376717581 

2.500170164 2.191999544 
2.488180347 2.341401852 

5.381793475 6.727756721 
5.61993699 6.750590371 

2.790366844 7.573562832 
2.954595546 7.749183323 

2.771854005 7.979793627 
3.002126765 7.923093858 

4.198452054 6.218562216 
4.577229302 6.104265434 

6.765316427 6.78144425 
6.862793297 6.746700393 

6.964416689 6.635537155 
6.862793297 6.746700393 

4.198452054 6.218562216 
4.251937813 6.474736101 

4.371285665 6.643204261 
4.251937813 6.474736101 

5.736444091 7.013506651 
5.685243313 6.889622977 

5.918441224 6.731261907 
5.685243313 6.889622977 

7.394514997 6.139163832 
7.48001805 6.242758002 

7.096065 5.362248872 
7.478127933 5.410297031 

2.443242953 3.246751961 
2.355446959 2.934091975 

3.355128168 0.7127716573 
3.575375147 0.7925041274 

4.864374564 5.418997145 
5.166600241 5.429455217 

4.99211789 7.98964002 
5.111837841 7.637224137 

4.194101701 2.348696488 
4.310004644 2.224138944 

4.271411109 2.128331942 
4.310004644 2.224138944 

5.564121599 6.054553316 
5.263389411 6.013813333 

5.09404213 5.934004983 
5.263389411 6.013813333 

7.096065 5.362248872 
7.023312779 5.516769439 

6.938289435 5.671916892 
7.023312779 5.516769439 

4.012789934 3.096792657 
4.122934299 2.845316235 

6.549382386 6.959245436 
6.23284006 6.741214443 

7.25203388 6.505617214 
7.150367272 6.682925754 

5.748795574 6.522693433 
5.875908268 6.403072383 

6.073065463 6.010076342 
6.030262759 5.885003699 

4.446628591 1.367458358 
4.356703222 1.194283233 

5.897140769 6.548491247 
5.875908268 6.403072383 

1.85085288 2.198343048 
1.535812337 2.051657034 

6.913393329 6.34749279 
6.54039177 6.484913213 

0.5055198053 8.629138842 
0.6560368864 8.558007211 

0.7576837456 8.538285383 
0.6560368864 8.558007211 

1.759517485 9.320110402 
1.711744933 9.174590324 

1.596860736 9.060433746 
1.711744933 9.174590324 

3.640297135 7.861322822 
3.54193984 8.319732921 

1.579753975 7.522279984 
1.742372379 7.622276252 

1.891555065 7.689657378 
1.742372379 7.622276252 

1.974396321 3.324086968 
1.916119164 3.487188154 

1.3212396 6.587346259 
1.088802512 6.594217056 

1.514605183 8.393527204 
1.679169102 8.333343022 

2.415710682 6.246495588 
2.177419061 6.044899553 

4.864374564 5.418997145 
5.054172044 5.162985586 

3.329484269 0.5228823462 
3.410571687 0.2976896764 

1.618424123 1.403862997 
1.914282731 1.318568382 

2.072799939 1.353950245 
1.914282731 1.318568382 

2.008502883 8.531704032 
1.628640072 8.585087453 

1.145244017 8.041867849 
1.286758071 7.964587097 

1.831573577 6.365407571 
1.982614241 6.333916804 

1.936396306 1.490069086 
1.914282731 1.318568382 

1.85085288 2.198343048 
1.643916099 2.199473015 

4.093431863 0.5184504401 
4.095619419 0.7373416537 

4.130039177 0.8303419568 
4.095619419 0.7373416537 

3.273442 3.913641885 
3.390432631 3.710846181 

3.207775697 3.515293887 
3.390432631 3.710846181 

0.713159683 6.624072859 
0.7802083184 6.572527491 

2.977012716 1.702328286 
2.724531352 1.854201676 

7.190547694 5.919464084 
7.234655597 5.729214506 

2.098427786 3.493948435 
2.041566251 3.448949877 

1.974396321 3.324086968 
2.041566251 3.448949877 

2.995370393 3.418273057 
2.811834102 3.549086515 

5.210526666 6.430016482 
5.263389411 6.013813333 

3.355128168 0.7127716573 
3.329484269 0.5228823462 

6.549382386 6.959245436 
6.39102652 6.682319483 

6.374571857 6.373019043 
6.39102652 6.682319483 

3.344951193 2.213933802 
3.313485406 2.381840964 

3.317429176 8.89397805 
2.864694278 8.693815903 

2.498706396 8.593853685 
2.864694278 8.693815903 

3.562464264 1.763174921 
3.645415053 1.614210121 

5.183006282 8.070979144 
5.13829326 7.894787754 

1.950296043 2.916562849 
1.728157607 2.73506204 

6.549382386 6.959245436 
6.431809577 6.817802039 

6.249496173 6.944470132 
6.431809577 6.817802039 

3.947146093 2.574799565 
3.708151621 2.321939101 

3.664662749 2.031096313 
3.708151621 2.321939101 

2.357671705 0.9265967224 
2.391985421 0.6947463355 

3.207775697 3.515293887 
3.186521677 3.623809911 

2.464847831 0.544831072 
2.391985421 0.6947463355 

1.673620379 6.377651857 
1.3212396 6.587346259 

1.63702385 6.650334513 
1.848963832 6.729508128 

1.895774255 7.425458728 
1.732046787 7.354153908 

5.111837841 7.637224137 
4.972104658 7.633211746 

7.234655597 5.729214506 
7.303889201 5.622867131 

1.643916099 2.199473015 
1.651312961 2.285284914 

5.90172968 5.53168699 
5.710646947 5.639781757 

7.48001805 6.242758002 
7.531169223 6.216267949 

2.728178474 2.09228636 
2.724149103 2.244289221 

2.819832428 2.462838655 
2.724149103 2.244289221 

5.616383233 6.50070829 
5.739708922 6.643836067 

4.129201963 5.891070865 
4.790298577 5.961834162 

5.564121599 6.054553316 
4.790298577 5.961834162 

2.332624473 7.341873426 
2.41750286 7.213047563 

4.775917588 5.638815212 
4.790298577 5.961834162 

2.197910588 3.662263411 
1.993777929 3.451771857 

3.649512766 3.026631868 
3.640348387 3.210672059 

4.839327701 5.835541437 
4.790298577 5.961834162 

6.949465738 7.0292023 
7.06583182 6.919971388 

5.748795574 6.522693433 
5.739708922 6.643836067 

1.342954997 9.068107147 
1.369370614 9.182025532 

1.522487251 2.463297248 
1.506510575 2.605203027 

3.532438992 2.299869456 
3.708151621 2.321939101 

6.48610874 5.273059564 
6.730173258 5.114252077 

2.771854005 7.979793627 
2.519350597 7.945057686 

2.35923682 7.869308676 
2.519350597 7.945057686 

6.079435311 6.589832082 
5.982664853 6.585641105 

4.180924685 1.945561171 
3.984316378 1.885612425 

7.478127933 5.410297031 
7.360390462 5.576244276 

7.303889201 5.622867131 
7.360390462 5.576244276 

7.011271992 8.058134402 
7.042148956 7.887267044 

3.426906733 1.601800513 
3.329639666 1.448673082 

3.120746864 1.295922906 
3.329639666 1.448673082 

2.755647088 8.837673081 
2.864694278 8.693815903 

5.183006282 8.070979144 
5.234823357 8.171743414 

4.547104839 6.956780062 
4.299286758 6.933438193 

6.201401964 7.344331031 
6.408836092 7.248366798 

2.796833193 8.478558324 
2.864694278 8.693815903 

7.609950324 6.706191082 
7.650906965 6.868018523 

1.386616523 8.669047856 
1.514605183 8.393527204 

3.416763252 1.879664895 
3.432549678 2.081143697 

1.984615034 8.239979213 
1.908502227 8.450991987 

2.790366844 7.573562832 
2.79199548 7.45596469 

5.721864416 7.328254884 
5.689724143 7.592417434 

5.578583842 7.671326237 
5.689724143 7.592417434 

4.371285665 6.643204261 
4.129662303 6.725204653 

2.764713572 0.8451262276 
2.814766673 0.9816016161 

1.386616523 8.669047856 
1.307170356 8.439482131 

2.168166655 9.279168222 
2.407920748 9.338085078 

2.634266466 9.474934121 
2.407920748 9.338085078 

2.367041966 1.338188842 
2.667574752 1.57049789 

2.977012716 1.702328286 
2.667574752 1.57049789 

6.23284006 6.741214443 
6.39102652 6.682319483 

5.039912676 6.583474529 
5.140484898 6.720154485 

5.381793475 6.727756721 
5.140484898 6.720154485 

5.248090642 7.705937604 
5.111837841 7.637224137 

2.255974685 0.6439603326 
2.075312387 0.7088902907 

1.959522291 6.864284276 
1.848963832 6.729508128 

0.5130935402 7.677917113 
0.5361503458 7.553836975 

0.3836988134 7.45715798 
0.5361503458 7.553836975 

1.625165301 3.27159154 
1.869949433 3.406139889 

1.993777929 3.451771857 
1.869949433 3.406139889 

3.314033729 7.238964376 
3.443600697 7.308689709 

3.219144941 2.903172882 
3.346680082 2.679431839 

3.487995366 2.638302591 
3.346680082 2.679431839 

3.54193984 8.319732921 
3.749030834 8.1855216 

3.089330621 6.319032598 
3.115304009 6.408720583 

2.355446959 2.934091975 
2.57682461 2.876017452 

2.731925981 2.836802799 
2.57682461 2.876017452 

1.64312327 7.011129352 
1.7202533 7.221593215 

4.839327701 5.835541437 
5.006324139 5.691111467 

5.166600241 5.429455217 
5.006324139 5.691111467 

2.900987689 2.265860527 
2.724149103 2.244289221 

1.320314914 7.71418687 
0.8558621853 7.982932416 

1.354207659 7.208597556 
1.163038811 7.142622875 

4.560584837 3.139876491 
4.666782941 3.138338976 

2.814766673 0.9816016161 
2.88082166 0.8909402917 

3.009233071 0.7579819292 
2.88082166 0.8909402917 

3.410571687 0.2976896764 
3.275049299 0.3460234093 

0.9703243666 6.980205897 
0.9931087566 6.780997847 

1.906588169 1.676691031 
1.704772749 1.784420033 

6.889956642 5.392970335 
7.023312779 5.516769439 

3.947146093 2.574799565 
3.760372687 2.769610923 

3.649512766 3.026631868 
3.760372687 2.769610923 

5.739708922 6.643836067 
5.61993699 6.750590371 

1.665112138 7.87584965 
1.855797456 7.912177851 

0.6086825916 7.329963078 
0.7094484911 7.279537538 

0.8328619948 7.160659509 
0.7094484911 7.279537538 

1.618424123 1.403862997 
1.801232193 1.410644641 

1.936396306 1.490069086 
1.801232193 1.410644641 

1.732046787 7.354153908 
1.7202533 7.221593215 

3.228697498 1.88704267 
3.172872824 2.04255847 

4.299286758 6.933438193 
4.129662303 6.725204653 

1.047279396 6.376717581 
1.164108741 6.299192171 

1.145244017 8.041867849 
0.8558621853 7.982932416 

6.345063104 8.334859312 
6.290415202 8.105147525 

2.811834102 3.549086515 
2.757341231 3.622460134 

5.445268843 7.655443708 
5.248090642 7.705937604 

5.504691064 4.775504589 
5.602152602 4.58779173 

7.590521061 6.505834402 
7.48001805 6.242758002 

7.195175044 7.052612236 
6.949465738 7.0292023 

2.741805753 9.147979142 
2.650839374 9.145300287 

6.633587153 5.702384009 
6.938289435 5.671916892 

2.853567355 6.656342597 
2.639626184 6.651521295 

2.661289242 2.631901211 
2.57682461 2.876017452 

2.12124872 7.55267188 
2.255267253 7.507055205 

2.106785394 2.109306407 
1.943104712 1.990833579 

6.723738428 6.509599786 
6.862793297 6.746700393 

5.166600241 5.429455217 
5.054172044 5.162985586 

7.195175044 7.052612236 
7.082102197 7.165069383 

5.918441224 6.731261907 
5.982664853 6.585641105 

5.471703914 8.21920001 
5.354295681 8.148410887 

5.234823357 8.171743414 
5.354295681 8.148410887 

7.389999449 7.336003125 
7.240775961 7.458124871 

1.916119164 3.487188154 
1.993777929 3.451771857 

2.498706396 8.593853685 
2.622695018 8.715362657 

2.755647088 8.837673081 
2.622695018 8.715362657 

4.356703222 1.194283233 
4.351623074 1.045869964 

5.918441224 6.731261907 
5.782945422 6.861310675 

3.115304009 6.408720583 
3.196745289 6.427813565 

6.642672993 7.946094167 
6.8798609 7.96666735 

7.011271992 8.058134402 
6.8798609 7.96666735 

1.503511894 9.44022819 
1.369370614 9.182025532 

3.273442 3.913641885 
3.49629493 3.596843023 

6.913393329 6.34749279 
6.964416689 6.635537155 

4.194101701 2.348696488 
4.562416764 2.048991695 

4.97126737 1.714569029 
4.562416764 2.048991695 

4.575427111 1.837203605 
4.668197503 1.698056622 

4.567862329 1.626855046 
4.668197503 1.698056622 

6.681346692 6.14295923 
6.635392743 6.30284611 

3.426906733 1.601800513 
3.645415053 1.614210121 

2.979665423 2.691513266 
3.065782868 2.733754977 

2.724531352 1.854201676 
2.667574752 1.57049789 

2.168166655 9.279168222 
2.072227431 9.085004494 

2.268724023 7.092008019 
2.41750286 7.213047563 

1.728157607 2.73506204 
1.562377168 2.682851754 

3.22531485 2.121627784 
3.28282122 2.14456432 

3.432549678 2.081143697 
3.28282122 2.14456432 

3.411353253 6.453831394 
3.256342102 6.43935002 

3.196745289 6.427813565 
3.256342102 6.43935002 

6.681346692 6.14295923 
6.978057422 5.902953499 

5.782945422 6.861310675 
5.685243313 6.889622977 

3.825246431 7.120599773 
3.978898597 7.450193012 

6.079435311 6.589832082 
6.158475127 6.526043917 

6.335637586 6.147132865 
6.374571857 6.373019043 

1.618424123 1.403862997 
1.879195579 1.50860306 

2.209186578 1.734253621 
1.879195579 1.50860306 

6.290415202 8.105147525 
6.19043584 8.107816539 

3.172872824 2.04255847 
3.22531485 2.121627784 

3.317429176 8.89397805 
3.171944214 8.62692652 

3.076968281 8.340241401 
3.171944214 8.62692652 

4.577229302 6.104265434 
4.790298577 5.961834162 

3.49629493 3.596843023 
3.390432631 3.710846181 

6.335637586 6.147132865 
6.224970017 6.074511593 

6.073065463 6.010076342 
6.224970017 6.074511593 

1.916119164 3.487188154 
1.869949433 3.406139889 

6.058016546 8.196597937 
6.143821774 8.071393728 

6.209117281 7.993484909 
6.143821774 8.071393728 

3.562337609 0.4240968854 
3.410571687 0.2976896764 

3.562337609 0.4240968854 
3.448451719 0.5733168877 

3.355128168 0.7127716573 
3.448451719 0.5733168877 

5.475579759 5.680013099 
5.263389411 6.013813333 

2.498706396 8.593853685 
2.317418758 8.523424567 

2.008502883 8.531704032 
2.317418758 8.523424567 

3.228697498 1.88704267 
3.029923813 1.555049745 

6.317076041 5.454034717 
6.310481981 5.64197587 

5.875908268 6.403072383 
5.705443024 6.264739017 

7.478127933 5.410297031 
7.222415786 5.655579148 

6.978057422 5.902953499 
7.222415786 5.655579148 

6.065218313 7.875209657 
6.209117281 7.993484909 

2.8793637 6.819956983 
2.92777587 7.017859971 

3.7118183 2.587339164 
3.609501301 2.517324749 

6.3164255 7.998367446 
6.290415202 8.105147525 

4.577229302 6.104265434 
4.621564926 6.29617333 

4.639337092 6.478297434 
4.621564926 6.29617333 

6.39102652 6.682319483 
6.431809577 6.817802039 

0.6740318179 7.601843836 
0.5420655255 7.888382899 

3.7118183 2.587339164 
3.760372687 2.769610923 

4.066384717 7.663671407 
4.206139476 7.43907982 

4.321746799 7.304999519 
4.206139476 7.43907982 

0.5420655255 7.888382899 
0.638591157 7.988707052 

5.90172968 5.53168699 
5.949411607 5.719534139 

6.030262759 5.885003699 
5.949411607 5.719534139 

1.628640072 8.585087453 
1.386616523 8.669047856 

1.472433215 1.727533828 
1.740694415 1.892938756 

1.943104712 1.990833579 
1.740694415 1.892938756 

3.416763252 1.879664895 
3.562464264 1.763174921 

7.195175044 7.052612236 
7.334025558 7.02820752 

7.554029225 6.993178107 
7.334025558 7.02820752 

5.166600241 5.429455217 
5.27664012 5.55736749 

6.065218313 7.875209657 
6.143821774 8.071393728 

1.354207659 7.208597556 
1.274484842 7.356696111 

1.272135443 7.448713036 
1.274484842 7.356696111 

3.938339642 2.167920542 
3.708151621 2.321939101 

2.387484705 8.838461318 
2.609996201 8.923459916 

1.503511894 9.44022819 
1.366332407 9.270496649 

3.325730381 7.575390007 
3.555222267 7.50810082 

3.730916281 7.539610254 
3.555222267 7.50810082 

4.366977938 7.627290832 
4.206139476 7.43907982 

4.803183986 2.414971812 
4.86617669 2.474947298 

5.043734656 2.555949029 
4.86617669 2.474947298 

2.367041966 1.338188842 
2.317787861 1.466864545 

1.936396306 1.490069086 
1.879195579 1.50860306 

3.275049299 0.3460234093 
3.258266604 0.2089076291 

4.668197503 1.698056622 
4.728026578 1.817803659 

5.705443024 6.264739017 
5.791980499 6.167010933 

5.842318682 6.084545669 
5.791980499 6.167010933 

6.165502818 5.023957871 
6.020611163 4.815907437 

6.141704905 5.339864533 
6.092133191 5.159664004 

3.284953348 6.24413527 
3.172635606 6.201035741 

3.938339642 2.167920542 
3.918763555 2.033461775 

3.984316378 1.885612425 
3.918763555 2.033461775 

1.867989192 1.054166783 
1.741012456 1.150766926 

3.096632649 8.724949037 
3.171944214 8.62692652 

6.065218313 7.875209657 
6.223464063 7.581885244 

1.625165301 3.27159154 
1.77585343 3.068563278 

1.950296043 2.916562849 
1.77585343 3.068563278 

2.298051202 2.474106522 
2.345399759 2.338530555 

2.488180347 2.341401852 
2.345399759 2.338530555 

4.621564926 6.29617333 
4.712117429 6.284679709 

2.381399047 7.682015301 
2.565206844 7.786482835 

5.054172044 5.162985586 
4.829226122 5.150454003 

2.37773625 6.417566949 
2.29585099 6.278194233 

3.28282122 2.14456432 
3.344951193 2.213933802 

2.939713909 2.024188864 
3.023404225 2.234006456 

3.086579679 2.33101253 
3.023404225 2.234006456 

6.949465738 7.0292023 
7.000745391 7.096981737 

4.864374564 5.418997145 
4.756606101 5.367544003 

2.026579169 8.847390902 
2.072227431 9.085004494 

7.531169223 6.216267949 
7.576927846 6.26048239 

1.286758071 7.964587097 
1.453442896 7.896474468 

1.468792572 7.992253899 
1.453442896 7.896474468 

1.458680153 5.878141381 
1.646195204 6.053922338 

1.712202363 6.174182456 
1.646195204 6.053922338 

5.564121599 6.054553316 
5.359276434 6.210211252 

4.446628591 1.367458358 
4.287619112 1.574831909 

1.974396321 3.324086968 
1.869949433 3.406139889 

3.219144941 2.903172882 
3.065782868 2.733754977 

2.444403117 0.7403202306 
2.391985421 0.6947463355 

1.704255917 8.171613823 
1.865590645 8.182125307 

1.984615034 8.239979213 
1.865590645 8.182125307 

6.914319434 6.005764866 
6.978057422 5.902953499 

5.263389411 6.013813333 
5.359276434 6.210211252 

3.620630871 8.491032879 
3.569624445 8.428893781 

3.54193984 8.319732921 
3.569624445 8.428893781 

2.367041966 1.338188842 
2.367669833 1.219573337 

3.01191516 9.127349949 
3.160772027 8.983597472 

3.748427688 0.8320173479 
3.927612574 0.769682095 

1.088802512 6.594217056 
1.047279396 6.376717581 

5.359276434 6.210211252 
5.181704539 6.227768931 

2.464847831 0.544831072 
2.555510036 0.5143446879 

2.197480014 6.732558093 
2.019025776 6.796169646 

1.959522291 6.864284276 
2.019025776 6.796169646 

3.390432631 3.710846181 
3.524307203 3.848422727 

6.23284006 6.741214443 
6.158475127 6.526043917 

2.530081066 1.971750507 
2.437877756 2.061560866 

2.415710682 6.246495588 
2.32876304 6.252419526 

2.29585099 6.278194233 
2.32876304 6.252419526 

6.039582305 7.111895016 
5.961498853 7.109719298 

5.865908668 7.080648993 
5.961498853 7.109719298 

6.335637586 6.147132865 
6.412459162 6.019268833 

3.329484269 0.5228823462 
3.448451719 0.5733168877 

2.268724023 7.092008019 
2.17220943 7.155912502 

2.088425912 7.26963853 
2.17220943 7.155912502 

2.453251168 8.031105411 
2.519350597 7.945057686 

2.498706396 8.593853685 
2.660823184 8.510292943 

5.475579759 5.680013099 
5.710646947 5.639781757 

1.64312327 7.011129352 
1.688824946 7.458642631 

1.665112138 7.87584965 
1.688824946 7.458642631 

6.252091303 5.893509276 
6.030262759 5.885003699 

1.307170356 8.439482131 
1.36120123 8.286864813 

1.42515711 8.13723335 
1.36120123 8.286864813 

6.913393329 6.34749279 
6.635392743 6.30284611 

1.100375333 9.289417402 
1.276082898 9.23496122 

1.369370614 9.182025532 
1.276082898 9.23496122 

0.7272302263 8.841950946 
0.9297304458 8.734941271 

1.055388757 8.701061906 
0.9297304458 8.734941271 

1.535812337 2.051657034 
1.643916099 2.199473015 

6.681346692 6.14295923 
6.520159518 6.149555234 

1.741012456 1.150766926 
1.914282731 1.318568382 

2.757341231 3.622460134 
2.656358802 3.651054564 

7.06583182 6.919971388 
7.000745391 7.096981737 

3.325730381 7.575390007 
3.137662404 7.658197657 

2.954595546 7.749183323 
3.137662404 7.658197657 

1.908502227 8.450991987 
2.010402711 8.399136514 

2.008502883 8.531704032 
2.010402711 8.399136514 

3.106412363 7.028294556 
2.92777587 7.017859971 

4.756606101 5.367544003 
4.687912018 5.336559785 

3.426906733 1.601800513 
3.419441345 1.729703366 

3.416763252 1.879664895 
3.419441345 1.729703366 

5.006324139 5.691111467 
5.186853835 5.689250369 

5.262094047 7.205134145 
5.211166484 7.423593527 

5.111837841 7.637224137 
5.211166484 7.423593527 

6.310481981 5.64197587 
6.066243503 5.657287694 

5.086082512 2.104216677 
5.143934767 2.332834585 

1.579753975 7.522279984 
1.688824946 7.458642631 

3.029923813 1.555049745 
2.760143696 1.427503543 

4.775917588 5.638815212 
4.938048886 5.415304779 

4.059870607 3.847451645 
3.934778651 3.820406191 

5.918441224 6.731261907 
5.961498853 7.109719298 

3.918910197 1.588917765 
3.856394776 1.711055497 

1.63702385 6.650334513 
1.600274392 6.857247295 

1.286758071 7.964587097 
1.468792572 7.992253899 

1.895774255 7.425458728 
1.688824946 7.458642631 

1.895774255 7.425458728 
1.951776567 7.576987083 

4.687912018 5.336559785 
4.630360987 5.318201884 

1.272135443 7.448713036 
1.320314914 7.71418687 

1.803238653 5.99970149 
1.679410915 5.993902103 

1.458680153 5.878141381 
1.679410915 5.993902103 

4.938048886 5.415304779 
4.864374564 5.418997145 

6.044319545 6.222044916 
6.158475127 6.526043917 

2.209186578 1.734253621 
2.355009043 1.778568495 

6.594433621 6.681703142 
6.39102652 6.682319483 

1.034517741 7.630941799 
1.04477645 7.849688321 

1.145244017 8.041867849 
1.04477645 7.849688321 

2.51779878 9.093589666 
2.590317719 9.201904797 

2.650839374 9.145300287 
2.590317719 9.201904797 

5.736444091 7.013506651 
5.782945422 6.861310675 

2.79857245 6.45560442 
2.752341273 6.538714401 

6.913393329 6.34749279 
6.887909898 6.168769408 

5.09404213 5.934004983 
4.790298577 5.961834162 

6.934587425 7.839814016 
6.8798609 7.96666735 

2.05131125 8.051375907 
2.005793916 7.951595941 

2.628933278 5.870356978 
2.497886026 5.939355402 

2.465061473 6.013478626 
2.497886026 5.939355402 

2.900987689 2.265860527 
3.023404225 2.234006456 

3.825246431 7.120599773 
4.105824713 7.187288373 

4.321746799 7.304999519 
4.105824713 7.187288373 

1.951776567 7.576987083 
1.891555065 7.689657378 

2.660823184 8.510292943 
2.729070295 8.242811943 

0.8558621853 7.982932416 
0.8316143862 7.857022673 

4.446628591 1.367458358 
4.288898631 1.382908565 

4.125742375 1.391205191 
4.288898631 1.382908565 

5.897140769 6.548491247 
5.864925319 6.504630736 

5.748795574 6.522693433 
5.864925319 6.504630736 

4.012789934 3.096792657 
4.14888363 3.055192844 

2.197480014 6.732558093 
1.97242211 6.729850484 

1.848963832 6.729508128 
1.97242211 6.729850484 

1.732046787 7.354153908 
1.688824946 7.458642631 

1.579753975 7.522279984 
1.643144115 7.372875225 

1.732046787 7.354153908 
1.643144115 7.372875225 

2.197910588 3.662263411 
2.098427786 3.493948435 

2.477142246 3.841607027 
2.423799285 3.679735722 

2.12124872 7.55267188 
1.951776567 7.576987083 

6.408836092 7.248366798 
6.523879475 7.36000704 

6.615927355 7.482506459 
6.523879475 7.36000704 

1.535812337 2.051657034 
1.584888187 1.913322548 

5.631778762 4.973331108 
5.660498512 4.868704774 

3.167290257 2.21584746 
3.023404225 2.234006456 

6.279953216 4.701444137 
6.315856115 4.841369932 

7.190547694 5.919464084 
6.978057422 5.902953499 

6.730173258 5.114252077 
6.937662976 5.161690678 

5.791980499 6.167010933 
5.875908268 6.403072383 

7.389999449 7.336003125 
7.444640901 6.892872423 

7.590521061 6.505834402 
7.444640901 6.892872423 

0.6740318179 7.601843836 
0.5361503458 7.553836975 

6.044319545 6.222044916 
6.224970017 6.074511593 

2.657354597 7.294773396 
2.725726098 7.384513579 

2.79199548 7.45596469 
2.725726098 7.384513579 

2.855307589 1.614721486 
2.761191188 1.628682859 

4.97126737 1.714569029 
4.807319103 1.762548494 

4.668197503 1.698056622 
4.807319103 1.762548494 

1.100375333 9.289417402 
1.253170717 9.335177358 

1.366332407 9.270496649 
1.253170717 9.335177358 

2.661289242 2.631901211 
2.578428638 2.762735182 

2.977012716 1.702328286 
2.761191188 1.628682859 

3.371033863 6.994481112 
3.376523708 6.740041802 

7.68632603 6.083873739 
7.605807235 6.179300052 

7.576927846 6.26048239 
7.605807235 6.179300052 

7.405151882 6.649540011 
7.609950324 6.706191082 

3.75826672 8.541749509 
3.595502972 8.311773583 

3.361002919 7.919142858 
3.595502972 8.311773583 

1.704772749 1.784420033 
1.740694415 1.892938756 

4.639337092 6.478297434 
4.835143313 6.404067227 

1.993814402 2.557614455 
2.093987563 2.46239591 

2.166486655 2.295633018 
2.093987563 2.46239591 

5.875908268 6.403072383 
5.864925319 6.504630736 

2.357671705 0.9265967224 
2.561079125 0.9651469328 

3.562464264 1.763174921 
3.419441345 1.729703366 

7.190547694 5.919464084 
7.070012024 5.761612016 

6.938289435 5.671916892 
7.070012024 5.761612016 

6.889956642 5.392970335 
6.996776519 5.291758468 

1.741012456 1.150766926 
1.719268506 1.282110648 

1.618424123 1.403862997 
1.719268506 1.282110648 

5.577427454 5.383506267 
5.6493245 5.57856271 

5.710646947 5.639781757 
5.6493245 5.57856271 

1.257791079 8.740700374 
1.194100158 8.998679868 

6.044319545 6.222044916 
6.011894654 6.491412699 

5.982664853 6.585641105 
6.011894654 6.491412699 

4.452849112 5.284626925 
4.556972848 5.290907488 

4.630360987 5.318201884 
4.556972848 5.290907488 

2.384725213 8.344463611 
2.317418758 8.523424567 

2.075312387 0.7088902907 
2.027348463 0.819972009 

5.616383233 6.50070829 
5.502003372 6.596405614 

5.381793475 6.727756721 
5.502003372 6.596405614 

4.366977938 7.627290832 
4.673224747 7.821087985 

4.99211789 7.98964002 
4.673224747 7.821087985 

1.742372379 7.622276252 
1.951776567 7.576987083 

2.613707169 7.6412601 
2.74579602 7.695280017 

2.954595546 7.749183323 
2.74579602 7.695280017 

2.892468317 7.227098907 
2.717038459 7.134313835 

4.904360275 1.987655492 
4.728026578 1.817803659 

2.16960255 3.332555585 
1.974396321 3.324086968 

0.5420655255 7.888382899 
0.4760598347 8.017530074 

2.37773625 6.417566949 
2.32876304 6.252419526 

4.904360275 1.987655492 
4.911595508 1.834595617 

4.97126737 1.714569029 
4.911595508 1.834595617 

1.982614241 6.333916804 
2.126357639 6.396350651 

4.972104658 7.633211746 
5.13829326 7.894787754 

6.23284006 6.741214443 
6.278287522 6.587481918 

6.374571857 6.373019043 
6.278287522 6.587481918 

4.39725441 2.865378615 
4.282390171 2.798690786 

6.011894654 6.491412699 
6.079435311 6.589832082 

6.996776519 5.291758468 
7.096065 5.362248872 

3.228697498 1.88704267 
3.319560465 1.990440947 

3.432549678 2.081143697 
3.319560465 1.990440947 

6.073065463 6.010076342 
6.127761628 5.866251147 

3.595502972 8.311773583 
3.54193984 8.319732921 

2.198053677 7.70755989 
2.255267253 7.507055205 

2.131815903 8.418299295 
2.219267938 8.194936527 

2.269409609 8.064116109 
2.219267938 8.194936527 

5.27664012 5.55736749 
5.186853835 5.689250369 

2.555510036 0.5143446879 
2.555495945 0.3754017249 

3.043780108 2.495350591 
3.131112783 2.675375949 

6.066243503 5.657287694 
5.949411607 5.719534139 

2.168166655 9.279168222 
1.984677834 9.227719061 

2.717038459 7.134313835 
2.613359326 7.063646483 

7.444640901 6.892872423 
7.334025558 7.02820752 

2.197910588 3.662263411 
2.326580115 3.644021788 

2.423799285 3.679735722 
2.326580115 3.644021788 

4.351623074 1.045869964 
4.371136859 0.9648546511 

3.640297135 7.861322822 
3.51149691 7.963677364 

3.361002919 7.919142858 
3.51149691 7.963677364 

6.058016546 8.196597937 
6.130705571 8.147806821 

6.19043584 8.107816539 
6.130705571 8.147806821 

7.554029225 6.993178107 
7.456188434 6.796113899 

7.405151882 6.649540011 
7.456188434 6.796113899 

2.656358802 3.651054564 
2.607963775 3.730667146 

0.7666462403 8.116347133 
0.5588008261 8.149499364 

6.223464063 7.581885244 
6.178222548 7.488203115 

6.201401964 7.344331031 
6.178222548 7.488203115 

2.317787861 1.466864545 
2.37497757 1.588590642 

1.679169102 8.333343022 
1.642948611 8.459382354 

1.628640072 8.585087453 
1.642948611 8.459382354 

5.616383233 6.50070829 
5.705443024 6.264739017 

5.616383233 6.50070829 
5.709396528 6.392426497 

3.443600697 7.308689709 
3.399589427 7.403278378 

3.325730381 7.575390007 
3.399589427 7.403278378 

1.472433215 1.727533828 
1.686312658 1.962652241 

5.27664012 5.55736749 
5.38307735 5.604423854 

5.475579759 5.680013099 
5.38307735 5.604423854 

3.984316378 1.885612425 
3.856394776 1.711055497 

3.009233071 0.7579819292 
3.134716403 0.814565629 

3.211823198 0.9301892097 
3.134716403 0.814565629 

6.913393329 6.34749279 
7.035846811 6.296394903 

7.203033497 6.30985052 
7.035846811 6.296394903 

2.477142246 3.841607027 
2.549855646 3.782271411 

2.607963775 3.730667146 
2.549855646 3.782271411 

3.947146093 2.574799565 
3.813839784 2.587806585 

3.7118183 2.587339164 
3.813839784 2.587806585 

1.64312327 7.011129352 
1.799386726 6.928422735 

1.959522291 6.864284276 
1.799386726 6.928422735 

3.748427688 0.8320173479 
3.599492516 0.9619297158 

0.5588008261 8.149499364 
0.4194306736 8.238412841 

3.45514974 3.228644364 
3.490758938 3.438365776 

3.49629493 3.596843023 
3.490758938 3.438365776 

2.433093128 7.016211546 
2.594972653 7.163388606 

2.657354597 7.294773396 
2.594972653 7.163388606 

4.577229302 6.104265434 
4.451715477 6.096046144 

4.352645478 6.12216112 
4.451715477 6.096046144 

2.92546642 2.897667858 
3.043432301 3.070909352 

3.14971439 3.29593457 
3.043432301 3.070909352 

3.317429176 8.89397805 
3.190270774 8.827199351 

3.096632649 8.724949037 
3.190270774 8.827199351 

1.02294311 7.449129364 
1.210524443 7.576183834 

1.320314914 7.71418687 
1.210524443 7.576183834 

2.37773625 6.417566949 
2.23901338 6.505599844 

2.661289242 2.631901211 
2.692666097 2.895856904 

2.384725213 8.344463611 
2.219267938 8.194936527 

2.973137898 1.292164646 
2.97007056 1.388469696 

4.48185787 2.40668935 
4.565050293 2.592432376 

2.613359326 7.063646483 
2.527636726 7.091244436 

2.433093128 7.016211546 
2.527636726 7.091244436 

1.034517741 7.630941799 
1.210524443 7.576183834 

1.307170356 8.439482131 
1.423286954 8.40711141 

1.514605183 8.393527204 
1.423286954 8.40711141 

3.219144941 2.903172882 
3.043432301 3.070909352 

3.131112783 2.675375949 
3.187463899 2.747828147 

7.228556145 5.21905575 
7.054667108 5.139833024 

6.937662976 5.161690678 
7.054667108 5.139833024 

1.02294311 7.449129364 
0.8490632728 7.505828982 

0.6740318179 7.601843836 
0.8490632728 7.505828982 

3.313485406 2.381840964 
3.346680082 2.679431839 

5.748795574 6.522693433 
5.709396528 6.392426497 

4.807319103 1.762548494 
4.728026578 1.817803659 

2.020320105 5.918006792 
2.164392272 5.96269376 

2.177419061 6.044899553 
2.164392272 5.96269376 

7.554029225 6.993178107 
7.444640901 6.892872423 

1.906588169 1.676691031 
2.036924036 1.750281874 

2.209186578 1.734253621 
2.036924036 1.750281874 

3.984316378 1.885612425 
3.852734843 1.856386164 

3.75677687 1.866456033 
3.852734843 1.856386164 

2.026579169 8.847390902 
2.22767207 9.01124457 

2.37773625 6.417566949 
2.415710682 6.246495588 

1.625165301 3.27159154 
1.793711322 3.372117088 

1.916119164 3.487188154 
1.793711322 3.372117088 

2.692666097 2.895856904 
2.731925981 2.836802799 

6.964416689 6.635537155 
7.121348242 6.585078843 

7.25203388 6.505617214 
7.121348242 6.585078843 

4.546715162 7.321957696 
4.642850004 7.302724162 

4.770522586 7.316750051 
4.642850004 7.302724162 

6.412459162 6.019268833 
6.523685306 6.041906494 

6.520159518 6.149555234 
6.523685306 6.041906494 

2.038690143 7.020911806 
2.17220943 7.155912502 

1.30257594 6.216284463 
1.166612975 6.421028679 

1.088802512 6.594217056 
1.166612975 6.421028679 

0.7802083184 6.572527491 
0.7972464618 6.483391987 

2.038690143 7.020911806 
2.04011377 7.139591752 

2.088425912 7.26963853 
2.04011377 7.139591752 

3.106412363 7.028294556 
3.027243664 6.906412306 

5.899895643 4.720460778 
5.795072241 4.64000856 

4.198452054 6.218562216 
4.352645478 6.12216112 

4.371136859 0.9648546511 
4.407777879 0.9102176999 

0.3045435422 8.192038472 
0.5661743529 8.075502056 

0.8558621853 7.982932416 
0.5661743529 8.075502056 

2.131815903 8.418299295 
2.010402711 8.399136514 

6.079435311 6.589832082 
6.166453759 6.651288433 

6.23284006 6.741214443 
6.166453759 6.651288433 

2.459287909 2.552713682 
2.488180347 2.341401852 

2.660823184 8.510292943 
2.709784543 8.470477686 

2.796833193 8.478558324 
2.709784543 8.470477686 

1.30257594 6.216284463 
1.125087155 6.101871423 

2.453251168 8.031105411 
2.581504367 8.02679662 

2.771854005 7.979793627 
2.581504367 8.02679662 

4.666782941 3.138338976 
4.39725441 2.865378615 

4.901735051 2.934272257 
4.755779839 2.966029808 

2.565206844 7.786482835 
2.613707169 7.6412601 

6.066243503 5.657287694 
5.983674641 5.59467472 

1.579753975 7.522279984 
1.49450021 7.402979244 

4.998375657 6.334779239 
5.181704539 6.227768931 

2.764713572 0.8451262276 
2.88082166 0.8909402917 

7.590521061 6.505834402 
7.534728034 6.030272525 

2.11265255 7.441530943 
2.060864573 7.528876796 

2.12124872 7.55267188 
2.060864573 7.528876796 

5.949411607 5.719534139 
5.983674641 5.59467472 

4.575427111 1.837203605 
4.368510026 1.872676645 

4.180924685 1.945561171 
4.368510026 1.872676645 

5.210526666 6.430016482 
5.194280422 6.317497474 

5.181704539 6.227768931 
5.194280422 6.317497474 

4.093431863 0.5184504401 
4.014337483 0.6779995762 

3.927612574 0.769682095 
4.014337483 0.6779995762 

1.472433215 1.727533828 
1.543940204 1.829889014 

1.584888187 1.913322548 
1.543940204 1.829889014 

1.3212396 6.587346259 
1.438043218 6.641388654 

5.721864416 7.328254884 
5.735331656 7.479507032 

2.22767207 9.01124457 
2.387484705 8.838461318 

6.549382386 6.959245436 
6.682826539 6.834182693 

6.765316427 6.78144425 
6.682826539 6.834182693 

4.755779839 2.966029808 
4.651293556 2.943377718 

1.63702385 6.650334513 
1.70265693 6.557594544 

1.673620379 6.377651857 
1.70265693 6.557594544 

6.499756411 5.000803476 
6.46140279 4.901546526 

6.315856115 4.841369932 
6.46140279 4.901546526 

5.054172044 5.162985586 
4.979241067 5.299476433 

4.938048886 5.415304779 
4.979241067 5.299476433 

5.689724143 7.592417434 
5.735331656 7.479507032 

0.3944997166 6.742232234 
0.5583020049 6.810989682 

0.7305159632 6.936695071 
0.5583020049 6.810989682 

7.042148956 7.887267044 
6.934587425 7.839814016 

7.042148956 7.887267044 
7.197554789 7.844038642 

1.30257594 6.216284463 
1.394885785 6.121679089 

1.253170717 9.335177358 
1.276082898 9.23496122 

1.895774255 7.425458728 
1.874904692 7.560587788 

1.891555065 7.689657378 
1.874904692 7.560587788 

2.500170164 2.191999544 
2.345399759 2.338530555 

4.99211789 7.98964002 
5.027390768 8.14765042 

1.951776567 7.576987083 
1.874904692 7.560587788 

2.433093128 7.016211546 
2.651298366 6.927684929 

2.8793637 6.819956983 
2.651298366 6.927684929 

6.278287522 6.587481918 
6.158475127 6.526043917 

2.384725213 8.344463611 
2.394017453 8.443735979 

2.498706396 8.593853685 
2.394017453 8.443735979 

3.219144941 2.903172882 
2.92546642 2.897667858 

3.187463899 2.747828147 
3.256216312 2.788934403 

5.721864416 7.328254884 
5.559311096 7.515975107 

5.445268843 7.655443708 
5.559311096 7.515975107 

1.646195204 6.053922338 
1.679410915 5.993902103 

3.258266604 0.2089076291 
3.320160507 0.3057399199 

3.410571687 0.2976896764 
3.320160507 0.3057399199 

2.500170164 2.191999544 
2.312346439 2.18401317 

2.106785394 2.109306407 
2.312346439 2.18401317 

4.839327701 5.835541437 
4.944365611 5.833977783 

1.164108741 6.299192171 
1.131262084 6.251821178 

1.643916099 2.199473015 
1.507703073 2.256191498 

4.516053136 0.8178691827 
4.448595909 0.8722490715 

4.407777879 0.9102176999 
4.448595909 0.8722490715 

0.7972464618 6.483391987 
0.7860573224 6.43238627 

2.995370393 3.418273057 
3.207775697 3.515293887 

4.352645478 6.12216112 
4.291865098 5.9922764 

1.131262084 6.251821178 
1.136941775 6.227677768 

3.416763252 1.879664895 
3.319560465 1.990440947 

5.602152602 4.58779173 
5.646621659 4.734375785 

5.660498512 4.868704774 
5.646621659 4.734375785 

3.411353253 6.453831394 
3.308401699 6.380625715 

1.034517741 7.630941799 
0.8490632728 7.505828982 

2.265487835 5.831965649 
2.412265672 5.875682661 

0.7666462403 8.116347133 
0.8558621853 7.982932416 

1.665112138 7.87584965 
1.539311416 8.017014364 

1.42515711 8.13723335 
1.539311416 8.017014364 

6.534372155 8.284176062 
6.620090692 8.187675565 

6.669539905 8.242277767 
6.620090692 8.187675565 

4.712117429 6.284679709 
4.835143313 6.404067227 

1.313063217 2.297832329 
1.427364529 2.305049901 

1.507703073 2.256191498 
1.427364529 2.305049901 

5.782945422 6.861310675 
5.620553412 6.927833534 

5.460575003 7.035340724 
5.620553412 6.927833534 

1.438043218 6.641388654 
1.600274392 6.857247295 

4.321746799 7.304999519 
4.30921283 7.162023177 

2.892468317 7.227098907 
2.949137886 7.114489493 

2.92777587 7.017859971 
2.949137886 7.114489493 

3.131112783 2.675375949 
3.065782868 2.733754977 

1.438043218 6.641388654 
1.528650798 6.64610865 

1.63702385 6.650334513 
1.528650798 6.64610865 

6.011894654 6.491412699 
6.158475127 6.526043917 

5.140484898 6.720154485 
5.168817216 6.66474557 

5.222641977 6.559039014 
5.168817216 6.66474557 

4.639337092 6.478297434 
4.703887834 6.641211979 

6.166453759 6.651288433 
6.278287522 6.587481918 

3.009233071 0.7579819292 
2.851738408 0.5769763858 

1.869949433 3.406139889 
1.793711322 3.372117088 

1.458680153 5.878141381 
1.500213379 6.012020276 

1.394885785 6.121679089 
1.500213379 6.012020276 

6.252091303 5.893509276 
6.246504897 5.76271508 

6.310481981 5.64197587 
6.246504897 5.76271508 

5.183006282 8.070979144 
5.134753013 8.090329555 

7.554029225 6.993178107 
7.575344454 6.908982318 

3.172635606 6.201035741 
3.125020953 6.154786188 

1.995740184 6.094497652 
2.020320105 5.918006792 

2.412265672 5.875682661 
2.483662478 5.862377184 

7.240775961 7.458124871 
7.136492488 7.492589315 

4.30921283 7.162023177 
4.269207793 7.094518921 

5.039912676 6.583474529 
5.222641977 6.559039014 

4.002439342 1.386255319 
3.948205965 1.499568001 

3.918910197 1.588917765 
3.948205965 1.499568001 

6.278287522 6.587481918 
6.39102652 6.682319483 

5.897140769 6.548491247 
5.928089686 6.483852256 

6.011894654 6.491412699 
5.928089686 6.483852256 

2.692666097 2.895856904 
2.689311193 3.024107246 

2.437877756 2.061560866 
2.312346439 2.18401317 

2.052082857 7.673003838 
2.109206298 7.663257589 

7.590521061 6.505834402 
7.576927846 6.26048239 

5.475579759 5.680013099 
5.33979239 5.713917473 

5.186853835 5.689250369 
5.33979239 5.713917473 

2.761191188 1.628682859 
2.667574752 1.57049789 

2.05131125 8.051375907 
2.199352846 7.965228187 

2.35923682 7.869308676 
2.199352846 7.965228187 

3.575375147 0.7925041274 
3.599492516 0.9619297158 

4.998375657 6.334779239 
5.023911951 6.472696378 

5.039912676 6.583474529 
5.023911951 6.472696378 

2.851738408 0.5769763858 
2.762800082 0.5237693114 

2.676726279 0.4537560844 
2.762800082 0.5237693114 

0.3836988134 7.45715798 
0.5156198183 7.36902065 

4.129201963 5.891070865 
4.238478511 5.934079297 

4.291865098 5.9922764 
4.238478511 5.934079297 

3.029923813 1.555049745 
2.97007056 1.388469696 

2.37497757 1.588590642 
2.591725637 1.676028401 

6.642672993 7.946094167 
6.808838888 7.883423155 

6.934587425 7.839814016 
6.808838888 7.883423155 

6.8798609 7.96666735 
6.808838888 7.883423155 

3.219144941 2.903172882 
3.094153522 2.844585275 

2.979665423 2.691513266 
3.094153522 2.844585275 

4.651293556 2.943377718 
4.671557823 3.018909588 

6.914319434 6.005764866 
7.033643297 5.957142232 

5.577427454 5.383506267 
5.419301851 5.463514871 

5.27664012 5.55736749 
5.419301851 5.463514871 

4.299286758 6.933438193 
4.442891387 7.136298818 

3.532438992 2.299869456 
3.435207977 2.203936162 

3.344951193 2.213933802 
3.435207977 2.203936162 

4.39725441 2.865378615 
4.364907611 2.973614415 

3.75826672 8.541749509 
3.438290621 8.4373826 

3.076968281 8.340241401 
3.438290621 8.4373826 

5.912413824 7.54443024 
6.178222548 7.488203115 

5.912413824 7.54443024 
5.768056865 7.571675117 

5.689724143 7.592417434 
5.768056865 7.571675117 

1.362220451 2.770038598 
1.442216201 2.654664082 

1.506510575 2.605203027 
1.442216201 2.654664082 

2.752341273 6.538714401 
2.71381813 6.568478476 

6.030262759 5.885003699 
6.127761628 5.866251147 

1.759517485 9.320110402 
1.850543099 9.23894145 

1.984677834 9.227719061 
1.850543099 9.23894145 

2.667574752 1.57049789 
2.591725637 1.676028401 

1.342954997 9.068107147 
1.194100158 8.998679868 

7.082102197 7.165069383 
7.081752999 7.063513288 

7.06583182 6.919971388 
7.081752999 7.063513288 

4.244030439 3.62234683 
4.374776309 3.447901726 

2.900987689 2.265860527 
2.837119169 2.176163988 

2.728178474 2.09228636 
2.837119169 2.176163988 

6.887909898 6.168769408 
7.035846811 6.296394903 

6.887909898 6.168769408 
6.788392292 6.11739036 

6.681346692 6.14295923 
6.788392292 6.11739036 

6.978057422 5.902953499 
7.033643297 5.957142232 

6.996776519 5.291758468 
7.076654744 5.215816552 

2.634266466 9.474934121 
2.612590629 9.347166995 

2.590317719 9.201904797 
2.612590629 9.347166995 

4.522859013 5.756890995 
4.238478511 5.934079297 

3.137662404 7.658197657 
3.002126765 7.923093858 

3.088311711 0.3160476665 
3.151990331 0.2281448218 

3.258266604 0.2089076291 
3.151990331 0.2281448218 

4.516053136 0.8178691827 
4.299759901 0.891649419 

2.683350725 3.375773128 
2.656358802 3.651054564 

3.777140711 1.36593775 
4.002439342 1.386255319 

4.080314737 0.9694600579 
4.189619797 0.9232064197 

4.299759901 0.891649419 
4.189619797 0.9232064197 

3.777140711 1.36593775 
3.699655175 1.498929563 

3.645415053 1.614210121 
3.699655175 1.498929563 

7.60638081 6.318434868 
7.744840189 6.215291861 

2.651298366 6.927684929 
2.613359326 7.063646483 

3.411353253 6.453831394 
3.454149938 6.634496877 

3.562337609 0.4240968854 
3.426854997 0.4751834284 

3.329484269 0.5228823462 
3.426854997 0.4751834284 

3.640348387 3.210672059 
3.582498295 3.29930111 

2.676726279 0.4537560844 
2.626487889 0.4387542517 

6.964416689 6.635537155 
6.86733465 6.560770734 

6.723738428 6.509599786 
6.86733465 6.560770734 

7.554029225 6.993178107 
7.465955785 7.145066788 

4.835143313 6.404067227 
5.023911951 6.472696378 

1.136941775 6.227677768 
1.140362431 6.198593418 

5.928089686 6.483852256 
5.875908268 6.403072383 

3.45514974 3.228644364 
3.523607392 3.26271701 

3.582498295 3.29930111 
3.523607392 3.26271701 

2.939713909 2.024188864 
2.837119169 2.176163988 

6.633587153 5.702384009 
6.549103051 5.801601298 

3.80634304 8.426646383 
3.754986597 8.318433758 

3.749030834 8.1855216 
3.754986597 8.318433758 

1.914282731 1.318568382 
1.801232193 1.410644641 

3.384597103 8.383713339 
3.438290621 8.4373826 

1.742372379 7.622276252 
1.821117226 7.49845036 

1.895774255 7.425458728 
1.821117226 7.49845036 

5.006324139 5.691111467 
4.944365611 5.833977783 

1.950296043 2.916562849 
1.970411469 2.726907108 

1.993814402 2.557614455 
1.970411469 2.726907108 

4.546715162 7.321957696 
4.518440063 7.20977801 

4.442891387 7.136298818 
4.518440063 7.20977801 

1.453442896 7.896474468 
1.539311416 8.017014364 

5.262094047 7.205134145 
5.377261634 7.111207851 

5.460575003 7.035340724 
5.377261634 7.111207851 

2.814766673 0.9816016161 
2.696332273 1.004164641 

2.561079125 0.9651469328 
2.696332273 1.004164641 

2.37773625 6.417566949 
2.150682243 6.271408417 

1.995740184 6.094497652 
2.150682243 6.271408417 

4.129662303 6.725204653 
4.018250947 6.7765464 

3.160772027 8.983597472 
3.228767974 8.966598491 

1.100375333 9.289417402 
1.155556481 9.14063932 

1.194100158 8.998679868 
1.155556481 9.14063932 

2.628933278 5.870356978 
2.519461419 5.812447624 

2.483662478 5.862377184 
2.519461419 5.812447624 

1.704255917 8.171613823 
1.539311416 8.017014364 

4.287619112 1.574831909 
4.288590291 1.481229539 

4.288898631 1.382908565 
4.288590291 1.481229539 

1.140362431 6.198593418 
1.140968496 6.169695758 

2.771854005 7.979793627 
2.811878275 7.861669785 

2.954595546 7.749183323 
2.811878275 7.861669785 

5.143934767 2.332834585 
5.08038254 2.439808655 

5.043734656 2.555949029 
5.08038254 2.439808655 

1.974396321 3.324086968 
1.993777929 3.451771857 

2.477142246 3.841607027 
2.544061631 3.747243348 

2.590394164 3.625461409 
2.544061631 3.747243348 

3.01191516 9.127349949 
2.880334875 9.106001384 

2.741805753 9.147979142 
2.880334875 9.106001384 

0.9703243666 6.980205897 
1.163038811 7.142622875 

2.384725213 8.344463611 
2.257866709 8.339913737 

2.131815903 8.418299295 
2.257866709 8.339913737 

2.724149103 2.244289221 
2.837119169 2.176163988 

2.8793637 6.819956983 
2.961287928 6.847666461 

3.027243664 6.906412306 
2.961287928 6.847666461 

7.60638081 6.318434868 
7.576927846 6.26048239 

6.374571857 6.373019043 
6.285476689 6.480252705 

6.158475127 6.526043917 
6.285476689 6.480252705 

4.522859013 5.756890995 
4.357451555 5.786907525 

3.730916281 7.539610254 
3.784170189 7.354531753 

3.825246431 7.120599773 
3.784170189 7.354531753 

2.594972653 7.163388606 
2.613359326 7.063646483 

7.076654744 5.215816552 
7.139642874 5.188086799 

3.319560465 1.990440947 
3.28282122 2.14456432 

4.012789934 3.096792657 
3.850575863 3.059990493 

6.549382386 6.959245436 
6.540707561 6.815349033 

6.594433621 6.681703142 
6.540707561 6.815349033 

4.547104839 6.956780062 
4.442891387 7.136298818 

5.912413824 7.54443024 
5.81126627 7.519983742 

5.735331656 7.479507032 
5.81126627 7.519983742 

1.82036317 8.865565108 
1.953473128 8.961390843 

2.072227431 9.085004494 
1.953473128 8.961390843 

1.562377168 2.682851754 
1.506510575 2.605203027 

3.649512766 3.026631868 
3.74925613 3.053028017 

3.850575863 3.059990493 
3.74925613 3.053028017 

1.874904692 7.560587788 
1.821117226 7.49845036 

5.359276434 6.210211252 
5.194280422 6.317497474 

6.3164255 7.998367446 
6.48898487 7.969008597 

5.070855284 7.318959112 
5.211166484 7.423593527 

6.499756411 5.000803476 
6.490310064 5.132452352 

6.48610874 5.273059564 
6.490310064 5.132452352 

2.626487889 0.4387542517 
2.597493288 0.4234451485 

2.027348463 0.819972009 
1.953808163 0.7483144314 

3.426906733 1.601800513 
3.530571758 1.637689092 

3.562464264 1.763174921 
3.530571758 1.637689092 

7.054667108 5.139833024 
7.076654744 5.215816552 

6.86733465 6.560770734 
6.814998512 6.628962986 

6.862793297 6.746700393 
6.814998512 6.628962986 

1.320314914 7.71418687 
1.453442896 7.896474468 

1.034517741 7.630941799 
0.9372762329 7.700298631 

0.8316143862 7.857022673 
0.9372762329 7.700298631 

3.857597441 6.757053667 
4.00588277 7.001959533 

1.759517485 9.320110402 
1.628551089 9.333897342 

4.105824713 7.187288373 
4.30921283 7.162023177 

3.14971439 3.29593457 
3.049574327 3.308833337 

1.500213379 6.012020276 
1.646195204 6.053922338 

3.664662749 2.031096313 
3.543919401 2.13865499 

2.760143696 1.427503543 
2.667574752 1.57049789 

2.97007056 1.388469696 
2.906162431 1.41086102 

2.394017453 8.443735979 
2.317418758 8.523424567 

6.540707561 6.815349033 
6.431809577 6.817802039 

7.534728034 6.030272525 
7.498172882 5.75400298 

7.389999449 7.336003125 
7.455506533 7.241612937 

7.465955785 7.145066788 
7.455506533 7.241612937 

2.367041966 1.338188842 
2.229803181 1.505821965 

2.209186578 1.734253621 
2.229803181 1.505821965 

1.628551089 9.333897342 
1.554897802 9.330502153 

5.054172044 5.162985586 
5.104891738 4.991465413 

0.3045435422 8.192038472 
0.3803489246 8.165153412 

2.498706396 8.593853685 
2.457621482 8.701188998 

2.387484705 8.838461318 
2.457621482 8.701188998 

4.105824713 7.187288373 
4.037386177 7.082459041 

4.00588277 7.001959533 
4.037386177 7.082459041 

1.85085288 2.198343048 
1.751718759 2.072237662 

1.686312658 1.962652241 
1.751718759 2.072237662 

3.088311711 0.3160476665 
3.164107857 0.6171561125 

3.211823198 0.9301892097 
3.164107857 0.6171561125 

3.748427688 0.8320173479 
3.768143523 1.139054531 

6.079435311 6.589832082 
6.068243544 6.468148173 

2.198053677 7.70755989 
2.109206298 7.663257589 

0.3836988134 7.45715798 
0.7299433099 7.433877367 

2.41750286 7.213047563 
2.594972653 7.163388606 

1.210524443 7.576183834 
1.272135443 7.448713036 

2.724531352 1.854201676 
2.728178474 2.09228636 

2.724531352 1.854201676 
2.735685983 1.728071041 

2.761191188 1.628682859 
2.735685983 1.728071041 

1.984615034 8.239979213 
2.219267938 8.194936527 

6.068243544 6.468148173 
6.061653626 6.357006449 

6.011894654 6.491412699 
6.068243544 6.468148173 

4.972104658 7.633211746 
5.007909887 7.812613486 

4.99211789 7.98964002 
5.007909887 7.812613486 

3.75677687 1.866456033 
3.645415053 1.614210121 

3.75677687 1.866456033 
3.767270475 1.755531115 

3.856394776 1.711055497 
3.767270475 1.755531115 

7.139642874 5.188086799 
7.164082912 5.089853152 

2.374243116 2.433147372 
2.345399759 2.338530555 

2.939713909 2.024188864 
3.064789689 2.099919706 

3.167290257 2.21584746 
3.064789689 2.099919706 

3.137662404 7.658197657 
3.23764671 7.799797156 

3.361002919 7.919142858 
3.23764671 7.799797156 

1.740694415 1.892938756 
1.686312658 1.962652241 

6.044319545 6.222044916 
6.047682131 6.310417436 

6.061653626 6.357006449 
6.047682131 6.310417436 

1.850543099 9.23894145 
1.711744933 9.174590324 

7.498172882 5.75400298 
7.542349959 5.619189482 

0.7305159632 6.936695071 
0.8328619948 7.160659509 

5.864925319 6.504630736 
5.928089686 6.483852256 

2.026579169 8.847390902 
1.953473128 8.961390843 

7.542349959 5.619189482 
7.486570347 5.543667886 

7.478127933 5.410297031 
7.486570347 5.543667886 

2.052082857 7.673003838 
2.002371198 7.651739782 

1.951776567 7.576987083 
2.002371198 7.651739782 

2.008502883 8.531704032 
1.908502227 8.450991987 

5.918441224 6.731261907 
5.993782603 6.92071424 

6.039582305 7.111895016 
5.993782603 6.92071424 

2.683350725 3.375773128 
2.624361404 3.516090842 

2.590394164 3.625461409 
2.624361404 3.516090842 

3.599492516 0.9619297158 
3.534785292 0.9962845667 

3.172872824 2.04255847 
3.064789689 2.099919706 

0.7299433099 7.433877367 
0.8490632728 7.505828982 

4.972104658 7.633211746 
4.886578173 7.563590632 

1.472433215 1.727533828 
1.569417633 1.580884482 

6.020611163 4.815907437 
6.15543865 4.7791682 

7.228556145 5.21905575 
7.343927288 5.308921338 

5.502003372 6.596405614 
5.61993699 6.750590371 

1.125087155 6.101871423 
1.128081769 6.14310385 

1.140968496 6.169695758 
1.128081769 6.14310385 

4.775917588 5.638815212 
5.006324139 5.691111467 

7.650906965 6.868018523 
7.613175547 6.887942369 

7.575344454 6.908982318 
7.613175547 6.887942369 

1.569417633 1.580884482 
1.626196329 1.504080279 

5.928089686 6.483852256 
5.982664853 6.585641105 

7.033643297 5.957142232 
7.11629763 5.960757827 

6.949465738 7.0292023 
6.858238364 6.90339183 

6.765316427 6.78144425 
6.858238364 6.90339183 

0.7487656663 6.360780036 
0.7674114944 6.396583153 

0.7860573224 6.43238627 
0.7674114944 6.396583153 

3.346680082 2.679431839 
3.256216312 2.788934403 

3.448451719 0.5733168877 
3.426854997 0.4751834284 

3.534785292 0.9962845667 
3.479718323 1.061133546 

4.371285665 6.643204261 
4.703887834 6.641211979 

6.345063104 8.334859312 
6.130705571 8.147806821 

6.3164255 7.998367446 
6.374390335 8.118183448 

5.564121599 6.054553316 
5.705443024 6.264739017 

5.222641977 6.559039014 
5.381793475 6.727756721 

4.671557823 3.018909588 
4.67195355 3.076682345 

6.374390335 8.118183448 
6.399287427 8.18722167 

1.984615034 8.239979213 
2.086987985 8.283758866 

2.131815903 8.418299295 
2.086987985 8.283758866 

5.90172968 5.53168699 
5.932000265 5.579892618 

5.983674641 5.59467472 
5.932000265 5.579892618 

2.317787861 1.466864545 
2.229803181 1.505821965 

4.775917588 5.638815212 
4.639377993 5.699404486 

4.522859013 5.756890995 
4.639377993 5.699404486 

2.71381813 6.568478476 
2.648520532 6.564563283 

1.642948611 8.459382354 
1.514605183 8.393527204 

6.15543865 4.7791682 
6.226511862 4.757180903 

3.075860372 1.807948877 
3.002805248 1.782767423 

2.977012716 1.702328286 
3.002805248 1.782767423 

2.527636726 7.091244436 
2.594972653 7.163388606 

3.768143523 1.139054531 
3.78605606 1.244659166 

3.777140711 1.36593775 
3.78605606 1.244659166 

2.973137898 1.292164646 
3.005593784 1.420883714 

3.029923813 1.555049745 
3.005593784 1.420883714 

2.729070295 8.242811943 
2.709784543 8.470477686 

4.018250947 6.7765464 
3.948487403 6.78299162 

6.279953216 4.701444137 
6.252580625 4.72652106 

6.226511862 4.757180903 
6.252580625 4.72652106 

5.475579759 5.680013099 
5.6493245 5.57856271 

3.043780108 2.495350591 
3.204863258 2.590480437 

3.346680082 2.679431839 
3.204863258 2.590480437 

3.454149938 6.634496877 
3.400232426 6.676040284 

3.376523708 6.740041802 
3.400232426 6.676040284 

1.879698826 0.7765163409 
1.929786795 0.7674243469 

1.953808163 0.7483144314 
1.929786795 0.7674243469 

5.865908668 7.080648993 
5.777968407 7.079807916 

5.736444091 7.013506651 
5.777968407 7.079807916 

0.4194306736 8.238412841 
0.3972803782 8.207117412 

0.3803489246 8.165153412 
0.3972803782 8.207117412 

5.709396528 6.392426497 
5.705443024 6.264739017 

4.327019735 3.154534072 
4.349057329 3.049763516 

4.364907611 2.973614415 
4.349057329 3.049763516 

2.384725213 8.344463611 
2.41844834 8.193834756 

2.453251168 8.031105411 
2.41844834 8.193834756 

2.020320105 5.918006792 
2.150241453 5.88913336 

0.7305159632 6.936695071 
0.8497803607 6.964433188 

0.9703243666 6.980205897 
0.8497803607 6.964433188 

2.11265255 7.441530943 
2.177600818 7.421436006 

1.554897802 9.330502153 
1.505955366 9.332904997 

2.613707169 7.6412601 
2.689052833 7.601629252 

2.790366844 7.573562832 
2.689052833 7.601629252 

5.721864416 7.328254884 
5.765907224 7.192123064 

5.865908668 7.080648993 
5.765907224 7.192123064 

6.315856115 4.841369932 
6.226511862 4.757180903 

2.255267253 7.507055205 
2.177600818 7.421436006 

6.249496173 6.944470132 
6.144755771 7.021603829 

2.23901338 6.505599844 
2.173586778 6.616956684 

0.6740318179 7.601843836 
0.7299433099 7.433877367 

3.532438992 2.299869456 
3.550625979 2.204374272 

3.543919401 2.13865499 
3.550625979 2.204374272 

6.996776519 5.291758468 
6.937662976 5.161690678 

2.35923682 7.869308676 
2.388318662 7.780186763 

2.381399047 7.682015301 
2.388318662 7.780186763 

6.158475127 6.526043917 
6.068243544 6.468148173 

3.435207977 2.203936162 
3.550625979 2.204374272 

2.05131125 8.051375907 
2.012112839 8.138381296 

1.984615034 8.239979213 
2.012112839 8.138381296 

1.831573577 6.365407571 
1.712202363 6.174182456 

4.785129072 7.512812667 
4.836224602 7.528550825 

4.886578173 7.563590632 
4.836224602 7.528550825 

0.7299433099 7.433877367 
0.7094484911 7.279537538 

7.590521061 6.505834402 
7.246002469 6.766072477 

6.949465738 7.0292023 
7.246002469 6.766072477 

4.803183986 2.414971812 
4.656292557 2.434526205 

4.48185787 2.40668935 
4.656292557 2.434526205 

3.317429176 8.89397805 
3.278900509 8.960327774 

3.228767974 8.966598491 
3.278900509 8.960327774 

3.432549678 2.081143697 
3.543919401 2.13865499 

0.7399389818 8.294695499 
0.731867801 8.219951264 

0.7666462403 8.116347133 
0.731867801 8.219951264 

2.433093128 7.016211546 
2.348635446 7.057769219 

2.268724023 7.092008019 
2.348635446 7.057769219 

2.51779878 9.093589666 
2.582034994 9.292864983 

2.760143696 1.427503543 
2.88708979 1.460175367 

2.906162431 1.41086102 
2.88708979 1.460175367 

2.265487835 5.831965649 
2.210804353 5.860015728 

2.150241453 5.88913336 
2.210804353 5.860015728 

3.355128168 0.7127716573 
3.164107857 0.6171561125 

5.777968407 7.079807916 
5.741464408 7.132041545 

5.765907224 7.192123064 
5.741464408 7.132041545 

6.399287427 8.18722167 
6.395423374 8.236713112 

5.475579759 5.680013099 
5.499478288 5.852572935 

6.395423374 8.236713112 
6.394995674 8.26343138 

2.010402711 8.399136514 
2.086987985 8.283758866 

4.783024434 6.773139293 
4.745395068 6.714625162 

4.703887834 6.641211979 
4.745395068 6.714625162 

3.75826672 8.541749509 
3.800632632 8.4876944 

3.80634304 8.426646383 
3.800632632 8.4876944 

3.329484269 0.5228823462 
3.164107857 0.6171561125 

5.070855284 7.318959112 
5.008042622 7.211136448 

4.931938989 7.115340974 
5.008042622 7.211136448 

6.730173258 5.114252077 
6.499756411 5.000803476 

6.345063104 8.334859312 
6.377929556 8.288978715 

6.394995674 8.26343138 
6.377929556 8.288978715 

3.825246431 7.120599773 
4.00588277 7.001959533 

3.410571687 0.2976896764 
3.403251486 0.4115101196 

3.426854997 0.4751834284 
3.403251486 0.4115101196 

2.549855646 3.782271411 
2.544061631 3.747243348 

3.487995366 2.638302591 
3.415038655 2.516966038 

3.313485406 2.381840964 
3.415038655 2.516966038 

5.897140769 6.548491247 
5.93330756 6.588187321 

5.982664853 6.585641105 
5.93330756 6.588187321 

5.234823357 8.171743414 
5.134753013 8.090329555 

1.855797456 7.912177851 
1.942383653 7.918611894 

2.005793916 7.951595941 
1.942383653 7.918611894 

1.995740184 6.094497652 
1.910205825 6.218450478 

1.539311416 8.017014364 
1.468792572 7.992253899 

3.403251486 0.4115101196 
3.475575039 0.4233567271 

4.194101701 2.348696488 
4.043630536 2.470254826 

3.947146093 2.574799565 
4.043630536 2.470254826 

5.134753013 8.090329555 
5.116426832 8.17403296 

6.165502818 5.023957871 
6.315856115 4.841369932 

2.995370393 3.418273057 
3.000819242 3.362459491 

0.3836988134 7.45715798 
0.5130935402 7.677917113 

0.6740318179 7.601843836 
0.5365557217 7.549917395 

0.4481361134 7.528399746 
0.3564673563 7.551632785 

0.5365557217 7.549917395 
0.4912166586 7.537937335 

0.4481361134 7.528399746 
0.4912166586 7.537937335 

4.366977938 7.627290832 
4.225652288 7.627593739 

4.066384717 7.663671407 
4.225652288 7.627593739 

1.562377168 2.682851754 
1.459900816 2.691909712 

4.944365611 5.833977783 
5.010001242 5.914953713 

4.770522586 7.316750051 
4.783867755 7.430030403 

4.785129072 7.512812667 
4.783867755 7.430030403 

4.357451555 5.786907525 
4.247348207 5.842050363 

2.590394164 3.625461409 
2.656358802 3.651054564 

2.088425912 7.26963853 
2.177600818 7.421436006 

0.3045435422 8.192038472 
0.5082333255 8.257623512 

0.7399389818 8.294695499 
0.5082333255 8.257623512 

0.638591157 7.988707052 
0.5661743529 8.075502056 

6.065218313 7.875209657 
5.877563407 7.594858462 

5.721864416 7.328254884 
5.877563407 7.594858462 

4.998375657 6.334779239 
5.194280422 6.317497474 

4.374776309 3.447901726 
4.455697039 3.406774179 

4.566291893 3.385777238 
4.455697039 3.406774179 

1.865590645 8.182125307 
2.012112839 8.138381296 

2.729070295 8.242811943 
2.756317973 8.124144072 

5.023911951 6.472696378 
5.210526666 6.430016482 

2.22767207 9.01124457 
2.133052045 9.044300984 

2.072227431 9.085004494 
2.133052045 9.044300984 

4.911595508 1.834595617 
4.807319103 1.762548494 

3.649512766 3.026631868 
3.548932291 3.120966294 

3.45514974 3.228644364 
3.548932291 3.120966294 

1.82036317 8.865565108 
1.79230782 8.781524551 

1.778728633 8.682407324 
1.79230782 8.781524551 

4.371285665 6.643204261 
4.504661161 6.559140941 

4.639337092 6.478297434 
4.504661161 6.559140941 

4.282390171 2.798690786 
4.202703687 2.834980863 

4.122934299 2.845316235 
4.202703687 2.834980863 

6.058016546 8.196597937 
6.052777979 8.015639298 

6.065218313 7.875209657 
6.052777979 8.015639298 

5.568046696 7.979150393 
5.514308227 8.087023987 

1.891555065 7.689657378 
2.002371198 7.651739782 

3.532438992 2.299869456 
3.475042142 2.183692504 

3.432549678 2.081143697 
3.475042142 2.183692504 

2.661289242 2.631901211 
2.810209458 2.668752143 

2.979665423 2.691513266 
2.810209458 2.668752143 

3.857597441 6.757053667 
3.904750609 6.775356698 

3.948487403 6.78299162 
3.904750609 6.775356698 

1.42515711 8.13723335 
1.525945126 8.19940215 

2.381399047 7.682015301 
2.348086467 7.595848728 

2.255267253 7.507055205 
2.348086467 7.595848728 

1.906588169 1.676691031 
1.879195579 1.50860306 

2.355009043 1.778568495 
2.357981673 1.685102607 

2.37497757 1.588590642 
2.357981673 1.685102607 

5.116426832 8.17403296 
5.086900314 8.116436209 

2.22767207 9.01124457 
2.187663256 9.111702702 

2.459287909 2.552713682 
2.414388201 2.489139285 

2.374243116 2.433147372 
2.414388201 2.489139285 

3.094153522 2.844585275 
3.029714622 2.874802116 

2.92546642 2.897667858 
3.029714622 2.874802116 

3.918763555 2.033461775 
3.852734843 1.856386164 

7.054667108 5.139833024 
7.108832623 5.136324818 

2.187663256 9.111702702 
2.21366204 9.189256588 

0.4760598347 8.017530074 
0.5661743529 8.075502056 

2.21366204 9.189256588 
2.183175622 9.224638046 

2.168166655 9.279168222 
2.183175622 9.224638046 

6.158475127 6.526043917 
6.166453759 6.651288433 

4.666782941 3.138338976 
4.672931486 3.107803997 

4.67195355 3.076682345 
4.672931486 3.107803997 

5.736444091 7.013506651 
5.618571726 7.02887529 

2.724531352 1.854201676 
2.640659265 1.766346521 

2.591725637 1.676028401 
2.640659265 1.766346521 

2.488180347 2.341401852 
2.414388201 2.489139285 

5.564121599 6.054553316 
5.528795136 5.954477734 

5.499478288 5.852572935 
5.528795136 5.954477734 

2.855307589 1.614721486 
2.840256743 1.521324186 

1.600274392 6.857247295 
1.598962978 6.948105712 

3.432549678 2.081143697 
3.435207977 2.203936162 

3.72560071 4.000553485 
3.830856861 3.939944716 

3.934778651 3.820406191 
3.830856861 3.939944716 

6.315856115 4.841369932 
6.252580625 4.72652106 

2.052082857 7.673003838 
2.071727216 7.629549953 

2.12124872 7.55267188 
2.071727216 7.629549953 

2.197910588 3.662263411 
2.284265377 3.535760006 

2.376206889 3.412879514 
2.284265377 3.535760006 

5.010001242 5.914953713 
5.045958803 5.935783837 

5.09404213 5.934004983 
5.045958803 5.935783837 

1.704772749 1.784420033 
1.543940204 1.829889014 

2.269409609 8.064116109 
2.199352846 7.965228187 

1.831573577 6.365407571 
1.864558711 6.276996749 

1.910205825 6.218450478 
1.864558711 6.276996749 

3.562337609 0.4240968854 
3.522377104 0.4239053407 

3.475575039 0.4233567271 
3.522377104 0.4239053407 

2.756317973 8.124144072 
2.581504367 8.02679662 

3.172872824 2.04255847 
3.158033935 2.125117432 

3.065782868 2.733754977 
3.094153522 2.844585275 

1.679169102 8.333343022 
1.671693094 8.244536236 

1.704255917 8.171613823 
1.671693094 8.244536236 

3.125020953 6.154786188 
3.07961102 6.121457517 

5.460575003 7.035340724 
5.543445343 7.042541871 

5.618571726 7.02887529 
5.543445343 7.042541871 

2.109206298 7.663257589 
2.071727216 7.629549953 

3.543919401 2.13865499 
3.475042142 2.183692504 

5.795072241 4.64000856 
5.698397306 4.623688134 

5.602152602 4.58779173 
5.698397306 4.623688134 

2.840256743 1.521324186 
2.825932121 1.472221104 

1.145244017 8.041867849 
0.9508733955 8.085777993 

0.7666462403 8.116347133 
0.9508733955 8.085777993 

6.534372155 8.284176062 
6.394995674 8.26343138 

2.332624473 7.341873426 
2.246035906 7.36757873 

2.177600818 7.421436006 
2.246035906 7.36757873 

3.487995366 2.638302591 
3.609525837 2.621907818 

3.7118183 2.587339164 
3.609525837 2.621907818 

3.640348387 3.210672059 
3.548932291 3.120966294 

6.278287522 6.587481918 
6.285476689 6.480252705 

7.590521061 6.505834402 
7.577720826 6.405573206 

7.60638081 6.318434868 
7.577720826 6.405573206 

1.665112138 7.87584965 
1.558856547 7.878855403 

1.453442896 7.896474468 
1.558856547 7.878855403 

6.633587153 5.702384009 
6.490003989 5.669522644 

1.02294311 7.449129364 
0.8709072218 7.440574775 

0.7299433099 7.433877367 
0.8709072218 7.440574775 

3.664662749 2.031096313 
3.783774141 2.106379517 

3.938339642 2.167920542 
3.783774141 2.106379517 

3.371033863 6.994481112 
3.231967963 7.01752504 

3.106412363 7.028294556 
3.231967963 7.01752504 

5.471703914 8.21920001 
5.496425656 8.155572986 

5.514308227 8.087023987 
5.496425656 8.155572986 

3.076968281 8.340241401 
3.018883488 8.644259448 

3.076968281 8.340241401 
2.913164162 8.282113184 

2.729070295 8.242811943 
2.913164162 8.282113184 

2.639626184 6.651521295 
2.653428911 6.609591897 

1.803238653 5.99970149 
1.892805995 6.051863166 

1.995740184 6.094497652 
1.892805995 6.051863166 

2.071727216 7.629549953 
2.002371198 7.651739782 

1.286758071 7.964587097 
1.274899342 7.838905889 

1.320314914 7.71418687 
1.274899342 7.838905889 

3.314033729 7.238964376 
3.399589427 7.403278378 

3.475042142 2.183692504 
3.435207977 2.203936162 

3.371033863 6.994481112 
3.34627245 7.116978319 

5.578583842 7.671326237 
5.559311096 7.515975107 

3.75677687 1.866456033 
3.952853647 1.627484503 

4.125742375 1.391205191 
3.952853647 1.627484503 

3.419441345 1.729703366 
3.530571758 1.637689092 

2.648520532 6.564563283 
2.648306788 6.588990919 

2.653428911 6.609591897 
2.648306788 6.588990919 

2.689311193 3.024107246 
2.669113738 3.107689814 

3.857597441 6.757053667 
4.084271648 7.02521475 

4.321746799 7.304999519 
4.084271648 7.02521475 

1.85085288 2.198343048 
1.87871537 2.091648742 

1.943104712 1.990833579 
1.87871537 2.091648742 

2.500170164 2.191999544 
2.724149103 2.244289221 

2.41750286 7.213047563 
2.527636726 7.091244436 

1.459900816 2.691909712 
1.410083622 2.710883253 

2.158183192 7.801386921 
2.199352846 7.965228187 

7.343927288 5.308921338 
7.430860608 5.347067118 

2.197480014 6.732558093 
2.200505493 6.672475251 

2.173586778 6.616956684 
2.200505493 6.672475251 

4.835143313 6.404067227 
4.917243973 6.377136405 

4.998375657 6.334779239 
4.917243973 6.377136405 

7.405151882 6.649540011 
7.246002469 6.766072477 

6.374571857 6.373019043 
6.465157603 6.410506516 

6.54039177 6.484913213 
6.465157603 6.410506516 

2.661289242 2.631901211 
2.56748863 2.591119715 

2.459287909 2.552713682 
2.56748863 2.591119715 

7.68632603 6.083873739 
7.696176683 6.149938001 

2.819832428 2.462838655 
2.932021088 2.477441657 

3.043780108 2.495350591 
2.932021088 2.477441657 

1.362220451 2.770038598 
1.385712794 2.731852591 

1.410083622 2.710883253 
1.385712794 2.731852591 

7.696176683 6.149938001 
7.702295948 6.183147013 

1.728157607 2.73506204 
1.970411469 2.726907108 

2.209186578 1.734253621 
2.365097728 1.844804761 

2.530081066 1.971750507 
2.365097728 1.844804761 

6.039582305 7.111895016 
6.0919643 7.073538651 

6.144755771 7.021603829 
6.0919643 7.073538651 

3.158033935 2.125117432 
3.22531485 2.121627784 

1.742372379 7.622276252 
1.700696212 7.742903245 

1.665112138 7.87584965 
1.700696212 7.742903245 

6.127761628 5.866251147 
6.187752302 5.863763305 

6.252091303 5.893509276 
6.187752302 5.863763305 

0.5082333255 8.257623512 
0.4194306736 8.238412841 

4.327019735 3.154534072 
4.247550061 3.116518882 

4.14888363 3.055192844 
4.247550061 3.116518882 

0.3836988134 7.45715798 
0.3921961801 7.492618567 

4.299286758 6.933438193 
4.292498562 7.016439235 

4.269207793 7.094518921 
4.292498562 7.016439235 

3.426854997 0.4751834284 
3.475575039 0.4233567271 

2.355446959 2.934091975 
2.46231658 2.847844151 

2.578428638 2.762735182 
2.46231658 2.847844151 

1.982614241 6.333916804 
1.864558711 6.276996749 

4.565050293 2.592432376 
4.670926273 2.499177588 

4.803183986 2.414971812 
4.670926273 2.499177588 

3.284953348 6.24413527 
3.291820333 6.317928703 

3.308401699 6.380625715 
3.291820333 6.317928703 

3.005593784 1.420883714 
2.97007056 1.388469696 

3.167290257 2.21584746 
3.157443354 2.16732769 

3.158033935 2.125117432 
3.157443354 2.16732769 

3.256216312 2.788934403 
3.2375569 2.850621889 

3.219144941 2.903172882 
3.2375569 2.850621889 

3.582498295 3.29930111 
3.490758938 3.438365776 

2.357671705 0.9265967224 
2.360890608 1.072478706 

2.367669833 1.219573337 
2.360890608 1.072478706 

7.164082912 5.089853152 
7.136956704 5.1207739 

7.108832623 5.136324818 
7.136956704 5.1207739 

2.88708979 1.460175367 
2.840256743 1.521324186 

6.412459162 6.019268833 
6.484021591 5.910075226 

6.549103051 5.801601298 
6.484021591 5.910075226 

7.590521061 6.505834402 
7.496325049 6.575305271 

7.405151882 6.649540011 
7.496325049 6.575305271 

5.918441224 6.731261907 
5.93330756 6.588187321 

1.679169102 8.333343022 
1.602447061 8.264281683 

1.525945126 8.19940215 
1.602447061 8.264281683 

2.433093128 7.016211546 
2.417114344 7.115595278 

2.41750286 7.213047563 
2.417114344 7.115595278 

3.562337609 0.4240968854 
3.829385702 0.4715621022 

3.918910197 1.588917765 
3.952853647 1.627484503 

5.912413824 7.54443024 
5.877563407 7.594858462 

3.961408783 0.4950062711 
4.027420323 0.5067283556 

4.093431863 0.5184504401 
4.027420323 0.5067283556 

0.3921961801 7.492618567 
0.3743666738 7.522474977 

3.829385702 0.4715621022 
3.895397242 0.4832841867 

3.961408783 0.4950062711 
3.895397242 0.4832841867 

5.865908668 7.080648993 
5.81927493 7.11757558 

5.741464408 7.132041545 
5.81927493 7.11757558 

1.49450021 7.402979244 
1.643144115 7.372875225 

3.314033729 7.238964376 
3.328823797 7.177593664 

3.34627245 7.116978319 
3.328823797 7.177593664 

3.530571758 1.637689092 
3.645415053 1.614210121 

2.615465585 3.183281751 
2.643929407 3.142496662 

2.669113738 3.107689814 
2.643929407 3.142496662 

3.245050822 8.594305678 
3.171944214 8.62692652 

6.914319434 6.005764866 
6.788392292 6.11739036 

1.895774255 7.425458728 
1.795201547 7.337291448 

1.7202533 7.221593215 
1.795201547 7.337291448 

2.437877756 2.061560866 
2.455762292 2.12133482 

2.381399047 7.682015301 
2.497851183 7.655072456 

2.613707169 7.6412601 
2.497851183 7.655072456 

2.825932121 1.472221104 
2.810676616 1.443368869 

5.027390768 8.14765042 
5.062187081 8.127032164 

5.086900314 8.116436209 
5.062187081 8.127032164 

0.3045435422 8.192038472 
0.3972803782 8.207117412 

0.4760598347 8.017530074 
0.3574640038 8.090772505 

7.430860608 5.347067118 
7.456078987 5.377901581 

7.478127933 5.410297031 
7.456078987 5.377901581 

2.689052833 7.601629252 
2.74579602 7.695280017 

0.3944997166 6.742232234 
0.610670261 6.950948141 

0.8328619948 7.160659509 
0.610670261 6.950948141 

2.725726098 7.384513579 
2.812187905 7.289668746 

2.892468317 7.227098907 
2.812187905 7.289668746 

0.7305159632 6.936695071 
0.610670261 6.950948141 

2.819832428 2.462838655 
2.739933191 2.551463737 

2.661289242 2.631901211 
2.739933191 2.551463737 

6.310481981 5.64197587 
6.392174777 5.660015191 

6.490003989 5.669522644 
6.392174777 5.660015191 

3.620630871 8.491032879 
3.689791215 8.535689923 

3.75826672 8.541749509 
3.689791215 8.535689923 

4.00588277 7.001959533 
4.084271648 7.02521475 

2.038690143 7.020911806 
2.001211582 6.944618037 

1.959522291 6.864284276 
2.001211582 6.944618037 

7.702295948 6.183147013 
7.723568068 6.199219437 

7.723568068 6.199219437 
7.734204129 6.207255649 

7.744840189 6.215291861 
7.734204129 6.207255649 

6.887909898 6.168769408 
6.902595629 6.088479299 

6.914319434 6.005764866 
6.902595629 6.088479299 

2.365097728 1.844804761 
2.355009043 1.778568495 

5.116426832 8.17403296 
5.088010155 8.144094539 

5.062187081 8.127032164 
5.088010155 8.144094539 

1.732046787 7.354153908 
1.795201547 7.337291448 

4.059870607 3.847451645 
4.140440756 3.731082748 

4.244030439 3.62234683 
4.140440756 3.731082748 

5.33979239 5.713917473 
5.38307735 5.604423854 

1.704772749 1.784420033 
1.595213236 1.760550031 

5.104891738 4.991465413 
5.135407122 4.881654628 

3.852734843 1.856386164 
3.767270475 1.755531115 

4.129201963 5.891070865 
4.186785589 5.861319462 

4.247348207 5.842050363 
4.186785589 5.861319462 

1.472433215 1.727533828 
1.532998402 1.743529868 

1.595213236 1.760550031 
1.532998402 1.743529868 

0.3574640038 8.090772505 
0.336504945 8.144429658 

0.3045435422 8.192038472 
0.336504945 8.144429658 

7.228556145 5.21905575 
7.139642874 5.188086799 

2.954595546 7.749183323 
3.147909808 7.83561026 

3.361002919 7.919142858 
3.147909808 7.83561026 

2.255267253 7.507055205 
2.294612619 7.425167083 

2.500170164 2.191999544 
2.477897128 2.155238229 

2.455762292 2.12133482 
2.477897128 2.155238229 

2.760143696 1.427503543 
2.792548565 1.432480845 

2.810676616 1.443368869 
2.792548565 1.432480845 

0.3654170151 7.537053881 
0.3609421857 7.544343333 

0.3564673563 7.551632785 
0.3609421857 7.544343333 

2.37773625 6.417566949 
2.252830702 6.408199762 

2.126357639 6.396350651 
2.252830702 6.408199762 

0.3743666738 7.522474977 
0.3698918445 7.529764429 

0.3654170151 7.537053881 
0.3698918445 7.529764429 

3.065782868 2.733754977 
3.055236172 2.615190694 

3.043780108 2.495350591 
3.055236172 2.615190694 

5.620553412 6.927833534 
5.685243313 6.889622977 

5.234823357 8.171743414 
5.116426832 8.17403296 

5.475579759 5.680013099 
5.528838954 5.536144868 

5.577427454 5.383506267 
5.528838954 5.536144868 

2.582034994 9.292864983 
2.590317719 9.201904797 

7.136492488 7.492589315 
7.175725903 7.522670071 

7.207407203 7.557475706 
7.175725903 7.522670071 

3.020245711 6.072295497 
3.050786833 6.096206487 

3.07961102 6.121457517 
3.050786833 6.096206487 

7.534728034 6.030272525 
7.68632603 6.083873739 

3.432549678 2.081143697 
3.38519614 2.144228756 

3.344951193 2.213933802 
3.38519614 2.144228756 

2.158183192 7.801386921 
2.133871408 7.736719791 

2.109206298 7.663257589 
2.133871408 7.736719791 

3.479718323 1.061133546 
3.450942328 1.04330797 

3.420461885 1.022949712 
3.450942328 1.04330797 

2.771854005 7.979793627 
2.666666455 7.883310124 

2.565206844 7.786482835 
2.666666455 7.883310124 

2.939713909 2.024188864 
3.075860372 1.807948877 

2.133871408 7.736719791 
2.198053677 7.70755989 

3.609501301 2.517324749 
3.609525837 2.621907818 

2.939713909 2.024188864 
3.079147689 2.024604756 

3.172872824 2.04255847 
3.079147689 2.024604756 

1.505955366 9.332904997 
1.507250915 9.377662785 

1.64312327 7.011129352 
1.595748151 6.992815515 

3.000819242 3.362459491 
3.027148519 3.34291585 

3.049574327 3.308833337 
3.027148519 3.34291585 

6.092133191 5.159664004 
6.124807128 5.094131418 

6.165502818 5.023957871 
6.124807128 5.094131418 

2.979665423 2.691513266 
3.055236172 2.615190694 

6.345063104 8.334859312 
6.44139416 8.305683898 

6.534372155 8.284176062 
6.44139416 8.305683898 

1.507250915 9.377662785 
1.503905932 9.396489477 

7.228556145 5.21905575 
7.20207376 5.149267985 

7.164082912 5.089853152 
7.20207376 5.149267985 

5.222641977 6.559039014 
5.216950818 6.492053254 

5.210526666 6.430016482 
5.216950818 6.492053254 

3.319560465 1.990440947 
3.172872824 2.04255847 

1.503511894 9.44022819 
1.503708913 9.418358833 

1.503905932 9.396489477 
1.503708913 9.418358833 

5.135407122 4.881654628 
5.161064971 4.821848474 

6.996776519 5.291758468 
7.025257929 5.215489007 

7.054667108 5.139833024 
7.025257929 5.215489007 

2.453251168 8.031105411 
2.407484367 7.950711596 

2.35923682 7.869308676 
2.407484367 7.950711596 

1.626196329 1.504080279 
1.622310226 1.453971638 

1.618424123 1.403862997 
1.622310226 1.453971638 

6.48898487 7.969008597 
6.566299724 7.957571361 

6.642672993 7.946094167 
6.566299724 7.957571361 

3.918763555 2.033461775 
3.802993257 2.045696467 

3.664662749 2.031096313 
3.802993257 2.045696467 

5.875908268 6.403072383 
5.969342927 6.324913059 

3.075860372 1.807948877 
3.144019282 1.853992452 

3.228697498 1.88704267 
3.18574236 1.870341845 

3.144019282 1.853992452 
3.18574236 1.870341845 

5.070855284 7.318959112 
5.162636611 7.267384973 

5.262094047 7.205134145 
5.162636611 7.267384973 

5.007909887 7.812613486 
5.111837841 7.637224137 

7.312727061 7.8055358 
7.255140925 7.824787221 

7.197554789 7.844038642 
7.255140925 7.824787221 

2.298051202 2.474106522 
2.335568259 2.451186522 

2.374243116 2.433147372 
2.335568259 2.451186522 

3.802993257 2.045696467 
3.783774141 2.106379517 

2.578428638 2.762735182 
2.57682461 2.876017452 

2.555495945 0.3754017249 
2.576494617 0.3994234367 

2.597493288 0.4234451485 
2.576494617 0.3994234367 

6.044319545 6.222044916 
6.008687268 6.271488879 

5.969342927 6.324913059 
6.008687268 6.271488879 

3.043432301 3.070909352 
3.029714622 2.874802116 

3.749030834 8.1855216 
3.694454577 8.024497253 

3.640297135 7.861322822 
3.694454577 8.024497253 

6.246504897 5.76271508 
6.187752302 5.863763305 

2.973137898 1.292164646 
3.050102436 1.296060917 

3.120746864 1.295922906 
3.050102436 1.296060917 

5.212841055 4.750849994 
5.186953013 4.786349234 

5.161064971 4.821848474 
5.186953013 4.786349234 

3.767270475 1.755531115 
3.645415053 1.614210121 

3.211823198 0.9301892097 
3.29257323 0.823114739 

3.355128168 0.7127716573 
3.29257323 0.823114739 

2.23901338 6.505599844 
2.252830702 6.408199762 

1.36120123 8.286864813 
1.423286954 8.40711141 

2.12124872 7.55267188 
2.11265255 7.441530943 

0.6086825916 7.329963078 
0.5625357621 7.349381121 

0.5156198183 7.36902065 
0.5625357621 7.349381121 

2.756317973 8.124144072 
2.756228301 8.049370118 

2.771854005 7.979793627 
2.756228301 8.049370118 

6.209117281 7.993484909 
6.26113391 8.000195295 

6.3164255 7.998367446 
6.26113391 8.000195295 

2.634266466 9.474934121 
2.608434929 9.38465812 

2.582034994 9.292864983 
2.608434929 9.38465812 

7.190547694 5.919464084 
7.154051214 5.940165975 

7.11629763 5.960757827 
7.154051214 5.940165975 

2.332624473 7.341873426 
2.332252624 7.388512891 

2.294612619 7.425167083 
2.332252624 7.388512891 

6.635392743 6.30284611 
6.723738428 6.509599786 

1.595748151 6.992815515 
1.597355564 6.970460613 

1.598962978 6.948105712 
1.597355564 6.970460613 

6.723738428 6.509599786 
6.814998512 6.628962986 

2.345399759 2.338530555 
2.312346439 2.18401317 

6.635392743 6.30284611 
6.587892256 6.393879662 

6.54039177 6.484913213 
6.587892256 6.393879662 

5.918441224 6.731261907 
5.82944057 6.687308983 

5.739708922 6.643836067 
5.82944057 6.687308983 

3.319560465 1.990440947 
3.270986489 2.061065554 

3.22531485 2.121627784 
3.270986489 2.061065554 

2.312346439 2.18401317 
2.455762292 2.12133482 

1.49450021 7.402979244 
1.424353934 7.3057884 

1.354207659 7.208597556 
1.424353934 7.3057884 

3.664662749 2.031096313 
3.923230784 1.988014575 

4.180924685 1.945561171 
3.923230784 1.988014575 

4.189619797 0.9232064197 
4.130039177 0.8303419568 

3.076968281 8.340241401 
3.160668495 8.466530158 

3.245050822 8.594305678 
3.160668495 8.466530158 

5.782945422 6.861310675 
5.82944057 6.687308983 

1.628640072 8.585087453 
1.703684352 8.633747389 

1.778728633 8.682407324 
1.703684352 8.633747389 

2.622695018 8.715362657 
2.457621482 8.701188998 

1.85085288 2.198343048 
1.976536002 2.157954918 

2.106785394 2.109306407 
1.976536002 2.157954918 

1.895774255 7.425458728 
2.008722497 7.488523377 

2.12124872 7.55267188 
2.008722497 7.488523377 

3.002126765 7.923093858 
3.147909808 7.83561026 

5.709396528 6.392426497 
5.792661513 6.39739191 

5.875908268 6.403072383 
5.792661513 6.39739191 

1.874904692 7.560587788 
1.742372379 7.622276252 

7.000745391 7.096981737 
7.041423794 7.13102556 

7.082102197 7.165069383 
7.041423794 7.13102556 

