4.470990923 2.721679621 
4.565892314 3.381904977 

2.754807554 8.838108798 
3.317429176 8.89397805 

4.757526663 4.764565944 
4.471534652 4.504793822 

6.36903524 6.363546073 
6.679332892 6.144047097 

6.914316882 6.001628671 
6.679332892 6.144047097 

1.638859819 7.012270255 
1.355467588 7.204894031 

1.663430588 7.875827833 
1.889420866 7.68722587 

6.48610874 5.273059564 
6.639872591 5.697882367 

4.470990923 2.721679621 
5.04047042 2.557055736 

7.599878258 6.507857895 
6.916604729 6.349650178 

6.679332892 6.144047097 
6.916604729 6.349650178 

3.760492065 1.854323299 
3.576821088 1.769206561 

4.186562927 4.130135172 
4.059363816 3.84725174 

7.389117594 7.336766505 
6.82953041 7.363802271 

5.56576887 6.05478467 
5.843123874 6.085400275 

4.471534652 4.504793822 
4.340947333 4.341108605 

4.186562927 4.130135172 
4.340947333 4.341108605 

5.267044746 7.196531407 
4.788139382 7.510708514 

1.951910198 2.917844793 
2.446191667 3.244112939 

2.530399098 1.972813463 
2.730976228 2.087629577 

1.628640072 8.585087453 
1.503666601 8.888611791 

2.728439638 8.245482271 
2.950307834 7.750631191 

2.730976228 2.087629577 
2.169908144 2.294274727 

2.169908144 2.294274727 
2.298051202 2.474106522 

5.727287505 7.327319342 
5.736008926 7.011992514 

0.6706166455 7.609361028 
1.033468614 7.630636854 

1.32251492 7.718401834 
1.033468614 7.630636854 

6.82953041 7.363802271 
6.949465738 7.0292023 

4.195935263 2.351046711 
4.481863433 2.409510826 

1.638859819 7.012270255 
1.228596807 6.904249092 

2.077437713 7.259432489 
2.113088651 7.439454681 

1.474072965 1.728551807 
2.169908144 2.294274727 

6.545168248 6.95532392 
7.151353997 6.682176371 

1.228596807 6.904249092 
0.8471920961 7.150073103 

6.82953041 7.363802271 
6.934563629 7.847621585 

5.041280522 6.582021241 
5.215695239 6.431236201 

5.578583842 7.671326237 
5.758350507 7.762656734 

6.066316957 7.873426138 
5.758350507 7.762656734 

7.151353997 6.682176371 
6.949465738 7.0292023 

2.501699998 8.593460931 
2.728439638 8.245482271 

1.663430588 7.875827833 
1.150946403 8.047598541 

3.672135266 2.037011781 
3.760492065 1.854323299 

2.477012125 3.838029791 
2.446191667 3.244112939 

6.639872591 5.697882367 
6.914316882 6.001628671 

3.231564825 1.877880196 
3.416682266 1.882016978 

3.012848044 6.078671808 
2.742685479 6.292256129 

1.252017999 8.741671459 
1.503666601 8.888611791 

3.211823198 0.9301892097 
3.420461885 1.022949712 

4.470990923 2.721679621 
4.481863433 2.409510826 

6.040655996 7.113489049 
6.191950657 7.310392916 

2.446191667 3.244112939 
2.376682381 3.411874643 

7.151353997 6.682176371 
6.964416689 6.635537155 

5.617310699 6.50087727 
5.754550068 6.523045551 

0.8471920961 7.150073103 
1.025144695 7.448307937 

2.974897157 1.702534549 
2.85809114 1.622466479 

3.076968281 8.340241401 
3.068942681 8.056310664 

4.132967659 5.893677747 
4.200968271 6.217672941 

3.857597441 6.757053667 
4.200968271 6.217672941 

3.777140711 1.36593775 
3.918910197 1.588917765 

7.471379976 5.413285013 
6.929832929 5.663836355 

1.82036317 8.865565108 
1.593634606 9.06200588 

1.093073612 9.296373499 
1.593634606 9.06200588 

3.211823198 0.9301892097 
3.127927696 1.302685881 

3.576821088 1.769206561 
3.127927696 1.302685881 

6.291338185 5.629535181 
6.133073099 5.341810841 

0.3944997166 6.742232234 
0.9959984672 6.783985712 

1.228596807 6.904249092 
0.9959984672 6.783985712 

3.317429176 8.89397805 
3.24607438 8.592855944 

6.916604729 6.349650178 
6.722274093 6.517444973 

2.530399098 1.972813463 
2.355009043 1.778568495 

2.169908144 2.294274727 
2.111748514 2.109682249 

1.300765806 2.296377967 
1.64881675 2.285002183 

2.008354722 8.529908183 
2.026579169 8.847390902 

7.314020288 7.792382897 
6.934563629 7.847621585 

3.751960902 0.8198422811 
3.576519458 0.7923759547 

4.776544019 5.63998428 
4.847526711 5.835165098 

2.357126847 0.9248610923 
2.258152166 0.6426332737 

7.303457981 6.164641121 
7.203704225 6.311339589 

4.366635752 7.63854074 
4.345918068 7.297288074 

4.345918068 7.297288074 
4.545272079 7.321441982 

1.82036317 8.865565108 
2.026579169 8.847390902 

6.3164255 7.998367446 
5.568046696 7.979150393 

7.228556145 5.21905575 
7.093496694 5.362274778 

5.568046696 7.979150393 
5.578583842 7.671326237 

1.150946403 8.047598541 
1.32251492 7.718401834 

0.3045435422 8.192038472 
0.6386960155 7.986653617 

4.446628591 1.367458358 
3.918910197 1.588917765 

5.631778762 4.973331108 
5.503754199 4.773969451 

5.221205619 4.747553675 
5.503754199 4.773969451 

5.843123874 6.085400275 
6.042747225 6.221291505 

2.501699998 8.593460931 
2.611141936 8.920826427 

3.076943531 0.3108550548 
3.353001849 0.7091621197 

3.420461885 1.022949712 
3.353001849 0.7091621197 

3.649512766 3.026631868 
3.761374007 3.282915857 

2.477012125 3.838029791 
2.376682381 3.411874643 

2.111748514 2.109682249 
2.730976228 2.087629577 

4.132967659 5.893677747 
4.721885401 6.292037503 

5.041280522 6.582021241 
4.721885401 6.292037503 

1.834929085 6.364735984 
1.633380289 6.653105557 

6.191950657 7.310392916 
5.727287505 7.327319342 

3.24607438 8.592855944 
3.390806448 8.377507327 

2.730976228 2.087629577 
2.500426828 2.191386046 

3.947146093 2.574799565 
3.608020484 2.517351592 

3.536225675 2.292756 
3.608020484 2.517351592 

2.113088651 7.439454681 
2.250645134 7.505050085 

2.853567355 6.656342597 
3.411353253 6.453831394 

7.599878258 6.507857895 
7.266481141 6.516194632 

6.82953041 7.363802271 
6.615758611 7.481594454 

1.663430588 7.875827833 
1.467685581 7.991038547 

7.151353997 6.682176371 
7.404609899 6.648990942 

6.042747225 6.221291505 
6.058624473 6.023117135 

1.467685581 7.991038547 
1.405331757 8.122609702 

2.465061473 6.013478626 
2.707779278 6.124514397 

2.742685479 6.292256129 
2.707779278 6.124514397 

2.728439638 8.245482271 
2.384784751 8.345071068 

2.820427153 2.46183712 
2.890957684 2.27097503 

2.934996948 2.037407041 
2.890957684 2.27097503 

1.228596807 6.904249092 
1.355467588 7.204894031 

2.376682381 3.411874643 
2.168770686 3.332327459 

1.025144695 7.448307937 
1.162888096 7.139140467 

1.228596807 6.904249092 
1.162888096 7.139140467 

4.721885401 6.292037503 
4.642451092 6.475675823 

3.857597441 6.757053667 
3.825246431 7.120599773 

2.607211085 3.175244822 
2.446191667 3.244112939 

3.14971439 3.29593457 
3.207775697 3.515293887 

5.221205619 4.747553675 
4.931631637 4.963886757 

4.757526663 4.764565944 
4.931631637 4.963886757 

5.631778762 4.973331108 
5.899409769 4.719733171 

1.033468614 7.630636854 
1.025144695 7.448307937 

2.353327075 1.328106978 
2.073372705 1.354286507 

2.754807554 8.838108798 
2.611141936 8.920826427 

5.617310699 6.50087727 
5.618755504 6.751266541 

0.7401238531 8.294133125 
0.6386960155 7.986653617 

6.671478381 8.241209723 
6.642672993 7.946094167 

1.64881675 2.285002183 
1.599180896 2.418981866 

2.728439638 8.245482271 
3.068942681 8.056310664 

1.937906537 1.487208766 
1.905779044 1.676329583 

5.618755504 6.751266541 
5.915998574 6.735322066 

2.974897157 1.702534549 
2.934996948 2.037407041 

4.446628591 1.367458358 
4.568304063 1.627383144 

3.576519458 0.7923759547 
3.562337609 0.4240968854 

4.773532743 6.803927695 
4.545227843 6.954426806 

0.8471920961 7.150073103 
1.162888096 7.139140467 

3.608020484 2.517351592 
3.489076826 2.63509293 

1.300765806 2.296377967 
1.599180896 2.418981866 

2.676726279 0.4537560844 
2.764713572 0.8451262276 

3.076040247 2.332418686 
2.890957684 2.27097503 

4.470990923 2.721679621 
4.397869055 2.864628745 

1.847710386 2.197771036 
1.64881675 2.285002183 

2.853567355 6.656342597 
2.8793637 6.819956983 

2.927585971 2.89710764 
2.970621703 2.695681103 

5.578583842 7.671326237 
5.247887533 7.701685623 

0.8471920961 7.150073103 
0.9959984672 6.783985712 

4.565892314 3.381904977 
4.560584837 3.139876491 

4.326684104 3.154480994 
4.560584837 3.139876491 

2.636685616 9.486840166 
2.741011074 9.149878057 

2.754807554 8.838108798 
2.741011074 9.149878057 

6.76602782 6.781126494 
6.722274093 6.517444973 

3.743935026 7.546503737 
4.064812772 7.663086095 

1.937906537 1.487208766 
2.073372705 1.354286507 

3.420461885 1.022949712 
3.576519458 0.7923759547 

6.133073099 5.341810841 
6.31524846 5.454124603 

6.48610874 5.273059564 
6.31524846 5.454124603 

0.7272302263 8.841950946 
0.5055198053 8.629138842 

2.974897157 1.702534549 
3.032287041 1.559082466 

4.993176022 7.988188497 
5.445268843 7.655443708 

7.203704225 6.311339589 
7.266481141 6.516194632 

6.914316882 6.001628671 
6.929832929 5.663836355 

1.355467588 7.204894031 
0.9736217405 6.979629489 

3.390806448 8.377507327 
3.541182063 8.319930623 

5.904227092 5.503493139 
6.133073099 5.341810841 

1.405331757 8.122609702 
1.511186017 8.392122257 

1.628640072 8.585087453 
1.511186017 8.392122257 

2.728439638 8.245482271 
2.795729948 8.477807596 

5.267044746 7.196531407 
5.247887533 7.701685623 

6.722274093 6.517444973 
6.609118655 6.671261764 

5.475579759 5.680013099 
5.09404213 5.934004983 

2.730976228 2.087629577 
2.934996948 2.037407041 

0.6386960155 7.986653617 
0.6706166455 7.609361028 

6.671478381 8.241209723 
7.007165313 8.057658189 

0.6386960155 7.986653617 
0.8336837668 7.858298005 

0.9736217405 6.979629489 
1.228596807 6.904249092 

4.568304063 1.627383144 
4.287619112 1.574831909 

4.127785417 1.387623756 
4.287619112 1.574831909 

4.179879064 1.946895992 
3.952002622 2.167942722 

1.599180896 2.418981866 
1.52082938 2.462293197 

3.261494619 3.927451785 
3.186640281 3.625979729 

2.995370393 3.418273057 
3.186640281 3.625979729 

5.215695239 6.431236201 
4.998362971 6.335332218 

4.721885401 6.292037503 
4.998362971 6.335332218 

4.776544019 5.63998428 
5.165720542 5.427566197 

1.673620379 6.377651857 
1.834929085 6.364735984 

3.032287041 1.559082466 
2.85809114 1.622466479 

2.891911948 7.226344752 
2.658256888 7.295748616 

2.742685479 6.292256129 
2.79857245 6.45560442 

0.9959984672 6.783985712 
1.088802512 6.594217056 

1.633380289 6.653105557 
1.228596807 6.904249092 

1.302435855 6.223964377 
1.3212396 6.587346259 

0.6706166455 7.609361028 
0.5139513844 7.677728418 

7.404609899 6.648990942 
7.266481141 6.516194632 

4.565892314 3.381904977 
4.901735051 2.934272257 

5.04047042 2.557055736 
4.901735051 2.934272257 

2.377936746 6.416559821 
2.742685479 6.292256129 

5.899409769 4.719733171 
6.021679337 4.816663081 

1.879698826 0.7765163409 
1.867353586 1.054737231 

6.76602782 6.781126494 
6.609118655 6.671261764 

5.462132152 7.034307432 
5.67949504 6.887959641 

5.618755504 6.751266541 
5.67949504 6.887959641 

4.575823456 1.836469611 
4.72846888 1.816964694 

4.969318551 1.715578376 
4.72846888 1.816964694 

1.503666601 8.888611791 
1.342954997 9.068107147 

4.901236104 6.8764813 
4.932341502 7.116322307 

2.611141936 8.920826427 
2.741011074 9.149878057 

4.931631637 4.963886757 
4.830920897 5.149314944 

6.639872591 5.697882367 
6.886771062 5.384773212 

4.830920897 5.149314944 
4.452849112 5.284626925 

1.252017999 8.741671459 
1.511186017 8.392122257 

6.929832929 5.663836355 
6.886771062 5.384773212 

4.080314737 0.9694600579 
4.132056438 0.830125701 

2.85809114 1.622466479 
2.595485184 1.674697576 

2.355009043 1.778568495 
2.595485184 1.674697576 

3.743935026 7.546503737 
3.367755105 7.907494358 

3.743935026 7.546503737 
3.641281715 7.859551601 

4.545272079 7.321441982 
4.545227843 6.954426806 

2.530399098 1.972813463 
2.595485184 1.674697576 

3.761374007 3.282915857 
3.640348387 3.210672059 

2.452048243 8.031479012 
2.266080413 8.069967319 

2.891911948 7.226344752 
3.106412363 7.028294556 

1.889420866 7.68722587 
2.047150401 7.67560662 

3.012848044 6.078671808 
2.707779278 6.124514397 

5.086609215 2.100683261 
4.906558048 1.988977346 

4.721885401 6.292037503 
4.586209779 6.098544456 

2.168166655 9.279168222 
2.388854146 8.838892305 

1.638859819 7.012270255 
1.726601981 7.342221022 

4.127785417 1.387623756 
4.50609237 0.813155209 

7.389117594 7.336766505 
7.195175044 7.052612236 

3.076968281 8.340241401 
2.795729948 8.477807596 

2.795729948 8.477807596 
3.018883488 8.644259448 

1.355467588 7.204894031 
1.726601981 7.342221022 

2.607211085 3.175244822 
2.68271882 3.374368127 

6.886771062 5.384773212 
7.093496694 5.362274778 

4.470990923 2.721679621 
4.544737464 2.583701502 

3.168746696 2.211353964 
3.223043261 2.133530071 

4.776544019 5.63998428 
4.86530822 5.417170874 

4.50609237 0.813155209 
4.132056438 0.830125701 

1.405331757 8.122609702 
1.700266659 8.170754905 

3.672135266 2.037011781 
3.434977796 2.080028837 

6.252414788 6.940900044 
6.241372541 6.740439714 

3.076040247 2.332418686 
3.168746696 2.211353964 

3.068942681 8.056310664 
3.367755105 7.907494358 

3.018883488 8.644259448 
3.096632649 8.724949037 

5.445268843 7.655443708 
5.578583842 7.671326237 

2.669869676 2.636082784 
2.731391824 2.834500062 

2.927585971 2.89710764 
2.731391824 2.834500062 

7.599878258 6.507857895 
7.610165005 6.705106561 

3.076040247 2.332418686 
3.04296809 2.493298083 

2.676726279 0.4537560844 
2.391234681 0.6944018077 

2.258152166 0.6426332737 
2.391234681 0.6944018077 

1.673620379 6.377651857 
1.711485393 6.172763184 

3.012848044 6.078671808 
3.088694182 6.317743465 

4.993176022 7.988188497 
5.13829326 7.894787754 

5.247887533 7.701685623 
5.13829326 7.894787754 

2.357126847 0.9248610923 
2.444403117 0.7403202306 

2.611141936 8.920826427 
2.518789399 9.093481197 

3.420461885 1.022949712 
3.262262789 1.11358987 

3.127927696 1.302685881 
3.262262789 1.11358987 

2.168770686 3.332327459 
2.098427786 3.493948435 

4.127785417 1.387623756 
4.002439342 1.386255319 

1.300765806 2.296377967 
1.52082938 2.462293197 

1.300765806 2.296377967 
1.535149196 2.058395344 

0.7682441571 8.116645091 
0.6386960155 7.986653617 

7.303457981 6.164641121 
7.394514997 6.139163832 

4.195935263 2.351046711 
4.470990923 2.721679621 

4.179879064 1.946895992 
4.271411109 2.128331942 

2.444403117 0.7403202306 
2.464847831 0.544831072 

1.025144695 7.448307937 
1.281285815 7.46363058 

5.041280522 6.582021241 
4.901236104 6.8764813 

1.093073612 9.296373499 
1.383717502 8.673403831 

4.545227843 6.954426806 
4.361643836 6.642874243 

0.9736217405 6.979629489 
0.8471920961 7.150073103 

7.203704225 6.311339589 
7.394514997 6.139163832 

2.008354722 8.529908183 
2.127597927 8.425652048 

7.007165313 8.057658189 
6.934563629 7.847621585 

0.3944997166 6.742232234 
0.7135329088 6.623871795 

0.7401238531 8.294133125 
0.7576837456 8.538285383 

7.314020288 7.792382897 
7.221109219 7.568088745 

1.252017999 8.741671459 
1.383717502 8.673403831 

3.261494619 3.927451785 
3.521107562 3.848877961 

3.703628705 4.012045736 
3.521107562 3.848877961 

5.758350507 7.762656734 
5.912413824 7.54443024 

1.150946403 8.047598541 
0.8336837668 7.858298005 

1.252017999 8.741671459 
1.056429978 8.701328869 

4.345918068 7.297288074 
3.982744645 7.448816381 

3.743935026 7.546503737 
3.982744645 7.448816381 

2.530399098 1.972813463 
2.724604573 1.855491972 

2.155251955 7.814362584 
2.200836964 7.711662779 

2.382717802 7.682645029 
2.200836964 7.711662779 

3.211823198 0.9301892097 
3.262262789 1.11358987 

6.279544354 4.703704535 
6.172853307 5.006526008 

2.950307834 7.750631191 
2.998560492 7.923577589 

3.068942681 8.056310664 
2.998560492 7.923577589 

2.342996417 7.868590308 
2.200836964 7.711662779 

6.722274093 6.517444973 
6.54195942 6.485072347 

4.064812772 7.663086095 
3.982744645 7.448816381 

6.54195942 6.485072347 
6.609118655 6.671261764 

6.291338185 5.629535181 
6.026801932 5.886479001 

5.843123874 6.085400275 
6.026801932 5.886479001 

0.7268938289 6.340541847 
1.044832159 6.37601481 

2.500426828 2.191386046 
2.488180347 2.341401852 

5.380498892 6.72792676 
5.618755504 6.751266541 

2.79902293 7.571755637 
2.950307834 7.750631191 

2.773138208 7.979491896 
2.998560492 7.923577589 

4.200968271 6.217672941 
4.586209779 6.098544456 

6.76602782 6.781126494 
6.860167376 6.745122965 

6.964416689 6.635537155 
6.860167376 6.745122965 

4.200968271 6.217672941 
4.252364646 6.475737009 

4.361643836 6.642874243 
4.252364646 6.475737009 

5.736008926 7.011992514 
5.67949504 6.887959641 

5.915998574 6.735322066 
5.67949504 6.887959641 

7.394514997 6.139163832 
7.481012324 6.24445408 

7.093496694 5.362274778 
7.471379976 5.413285013 

2.446191667 3.244112939 
2.361506189 2.925634511 

3.353001849 0.7091621197 
3.576519458 0.7923759547 

4.86530822 5.417170874 
5.165720542 5.427566197 

4.993176022 7.988188497 
5.124613222 7.617345 

4.195935263 2.351046711 
4.310004644 2.224138944 

4.271411109 2.128331942 
4.310004644 2.224138944 

5.56576887 6.05478467 
5.263227292 6.016347143 

5.09404213 5.934004983 
5.263227292 6.016347143 

7.093496694 5.362274778 
7.020328646 5.516682614 

6.929832929 5.663836355 
7.020328646 5.516682614 

4.013432258 3.103038113 
4.121601577 2.848512617 

6.545168248 6.95532392 
6.241372541 6.740439714 

7.266481141 6.516194632 
7.151353997 6.682176371 

5.754550068 6.523045551 
5.874038944 6.403597978 

6.058624473 6.023117135 
6.026801932 5.886479001 

4.446628591 1.367458358 
4.356703222 1.194283233 

5.897685602 6.545164556 
5.874038944 6.403597978 

1.847710386 2.197771036 
1.535149196 2.058395344 

6.916604729 6.349650178 
6.54195942 6.485072347 

0.5055198053 8.629138842 
0.6560368864 8.558007211 

0.7576837456 8.538285383 
0.6560368864 8.558007211 

1.764011158 9.324243508 
1.713536661 9.175911717 

1.593634606 9.06200588 
1.713536661 9.175911717 

3.641281715 7.859551601 
3.541182063 8.319930623 

1.598804486 7.525045048 
1.741853125 7.621503218 

1.889420866 7.68722587 
1.741853125 7.621503218 

1.984970635 3.316938974 
1.914469737 3.489640025 

1.3212396 6.587346259 
1.088802512 6.594217056 

1.511186017 8.392122257 
1.678619516 8.333050853 

2.414798997 6.24713894 
2.17882146 6.04612843 

4.86530822 5.417170874 
5.047334401 5.153312199 

3.328427103 0.5239169487 
3.410053448 0.2990718705 

1.618424123 1.403862997 
1.913546284 1.318489956 

2.073372705 1.354286507 
1.913546284 1.318489956 

2.008354722 8.529908183 
1.628640072 8.585087453 

1.150946403 8.047598541 
1.290442832 7.963394032 

1.834929085 6.364735984 
2.000644341 6.330949035 

1.937906537 1.487208766 
1.913546284 1.318489956 

1.847710386 2.197771036 
1.642221833 2.204482855 

4.111295702 0.5238491231 
4.096142209 0.7361902669 

4.132056438 0.830125701 
4.096142209 0.7361902669 

3.261494619 3.927451785 
3.390035109 3.713235838 

3.207775697 3.515293887 
3.390035109 3.713235838 

0.7135329088 6.623871795 
0.7792394519 6.576134442 

2.974897157 1.702534549 
2.724604573 1.855491972 

7.207213215 5.910275885 
7.234890915 5.730080358 

2.098427786 3.493948435 
2.041157605 3.447179617 

1.984970635 3.316938974 
2.041157605 3.447179617 

2.995370393 3.418273057 
2.811834102 3.549086515 

5.215695239 6.431236201 
5.263227292 6.016347143 

3.353001849 0.7091621197 
3.328427103 0.5239169487 

6.545168248 6.95532392 
6.391854339 6.682559724 

6.36903524 6.363546073 
6.391854339 6.682559724 

3.344313433 2.220387104 
3.307028165 2.378631651 

3.317429176 8.89397805 
2.864694278 8.693815903 

2.501699998 8.593460931 
2.864694278 8.693815903 

3.576821088 1.769206561 
3.64702196 1.620164598 

5.183006282 8.070979144 
5.13829326 7.894787754 

1.951910198 2.917844793 
1.725964788 2.748720641 

6.252414788 6.940900044 
6.414008277 6.81514852 

3.947146093 2.574799565 
3.708909068 2.319200841 

3.672135266 2.037011781 
3.708909068 2.319200841 

2.357126847 0.9248610923 
2.391234681 0.6944018077 

3.207775697 3.515293887 
3.186640281 3.625979729 

2.464847831 0.544831072 
2.391234681 0.6944018077 

1.673620379 6.377651857 
1.3212396 6.587346259 

1.633380289 6.653105557 
1.850733814 6.728087197 

1.893513523 7.428661343 
1.726601981 7.342221022 

5.124613222 7.617345 
4.973326318 7.632639446 

7.234890915 5.730080358 
7.303889201 5.622867131 

1.642221833 2.204482855 
1.64881675 2.285002183 

5.904227092 5.503493139 
5.711816832 5.638266021 

7.481012324 6.24445408 
7.531169223 6.216267949 

2.730976228 2.087629577 
2.724930877 2.243532478 

2.820427153 2.46183712 
2.724930877 2.243532478 

5.617310699 6.50087727 
5.739896434 6.643146281 

4.132967659 5.893677747 
4.789800619 5.961720823 

5.56576887 6.05478467 
4.789800619 5.961720823 

2.332624473 7.341873426 
2.418167317 7.212455951 

4.776544019 5.63998428 
4.789800619 5.961720823 

2.198922343 3.66188224 
1.993398396 3.450318179 

3.649512766 3.026631868 
3.640348387 3.210672059 

4.847526711 5.835165098 
4.789800619 5.961720823 

6.949465738 7.0292023 
7.06583182 6.919971388 

5.754550068 6.523045551 
5.739896434 6.643146281 

1.342954997 9.068107147 
1.369370614 9.182025532 

1.52082938 2.462293197 
1.506510575 2.605203027 

3.536225675 2.292756 
3.708909068 2.319200841 

6.48610874 5.273059564 
6.730173258 5.114252077 

2.773138208 7.979491896 
2.514919115 7.943235695 

2.342996417 7.868590308 
2.514919115 7.943235695 

6.083336725 6.59692049 
5.982237992 6.581548695 

4.179879064 1.946895992 
3.984316378 1.885612425 

7.471379976 5.413285013 
7.360390462 5.576244276 

7.303889201 5.622867131 
7.360390462 5.576244276 

7.007165313 8.057658189 
7.037996537 7.888009641 

3.4265651 1.601002904 
3.337705314 1.452711596 

3.127927696 1.302685881 
3.337705314 1.452711596 

2.754807554 8.838108798 
2.864694278 8.693815903 

5.183006282 8.070979144 
5.234823357 8.171743414 

4.545227843 6.954426806 
4.293516221 6.928521031 

2.795729948 8.477807596 
2.864694278 8.693815903 

7.610165005 6.705106561 
7.650906965 6.868018523 

1.383717502 8.673403831 
1.511186017 8.392122257 

3.416682266 1.882016978 
3.434977796 2.080028837 

1.983923156 8.241438541 
1.901356591 8.456815265 

2.79902293 7.571755637 
2.803719691 7.459100161 

5.727287505 7.327319342 
5.689724143 7.592417434 

5.578583842 7.671326237 
5.689724143 7.592417434 

4.361643836 6.642874243 
4.131662351 6.725798025 

2.764713572 0.8451262276 
2.814766673 0.9816016161 

1.383717502 8.673403831 
1.307170356 8.439482131 

2.168166655 9.279168222 
2.410622941 9.340151472 

2.636685616 9.486840166 
2.410622941 9.340151472 

2.353327075 1.328106978 
2.665360108 1.568801579 

2.974897157 1.702534549 
2.665360108 1.568801579 

6.241372541 6.740439714 
6.391854339 6.682559724 

5.041280522 6.582021241 
5.129399656 6.729395619 

5.380498892 6.72792676 
5.129399656 6.729395619 

5.247887533 7.701685623 
5.124613222 7.617345 

2.258152166 0.6426332737 
2.076461686 0.7084608992 

1.95891204 6.863432991 
1.850733814 6.728087197 

0.5139513844 7.677728418 
0.5368698492 7.55439276 

0.3860380366 7.456834098 
0.5368698492 7.55439276 

1.611425623 3.263307444 
1.869893555 3.404450679 

1.993398396 3.450318179 
1.869893555 3.404450679 

3.294119953 7.244077056 
3.442652055 7.30826105 

3.229275635 2.920238661 
3.34613433 2.677767431 

3.489076826 2.63509293 
3.34613433 2.677767431 

3.541182063 8.319930623 
3.749030834 8.1855216 

3.088694182 6.317743465 
3.115304009 6.408720583 

2.361506189 2.925634511 
2.576985246 2.873290549 

2.731391824 2.834500062 
2.576985246 2.873290549 

1.638859819 7.012270255 
1.722243198 7.216561491 

4.847526711 5.835165098 
5.005568131 5.691966757 

5.165720542 5.427566197 
5.005568131 5.691966757 

2.890957684 2.27097503 
2.724930877 2.243532478 

1.32251492 7.718401834 
0.8577860791 7.983452289 

1.355467588 7.204894031 
1.162888096 7.139140467 

4.560584837 3.139876491 
4.666782941 3.138338976 

2.814766673 0.9816016161 
2.88082166 0.8909402917 

3.00838884 0.7566529687 
2.88082166 0.8909402917 

3.410053448 0.2990718705 
3.275049299 0.3460234093 

0.9736217405 6.979629489 
0.9959984672 6.783985712 

1.905779044 1.676329583 
1.710934546 1.791310896 

6.886771062 5.384773212 
7.020328646 5.516682614 

3.947146093 2.574799565 
3.760372687 2.769610923 

3.649512766 3.026631868 
3.760372687 2.769610923 

5.739896434 6.643146281 
5.618755504 6.751266541 

1.663430588 7.875827833 
1.856415237 7.911857776 

0.6149923547 7.337285774 
0.7104565245 7.279879097 

0.8471920961 7.150073103 
0.7104565245 7.279879097 

1.618424123 1.403862997 
1.802088484 1.411035378 

1.937906537 1.487208766 
1.802088484 1.411035378 

3.231564825 1.877880196 
3.1746725 2.043990526 

4.293516221 6.928521031 
4.131662351 6.725798025 

1.044832159 6.37601481 
1.164108741 6.299192171 

1.150946403 8.047598541 
0.8577860791 7.983452289 

6.345063104 8.334859312 
6.290415202 8.105147525 

2.811834102 3.549086515 
2.757341231 3.622460134 

5.445268843 7.655443708 
5.247887533 7.701685623 

5.503754199 4.773969451 
5.599342053 4.583832949 

7.599878258 6.507857895 
7.481012324 6.24445408 

7.195175044 7.052612236 
6.949465738 7.0292023 

2.741011074 9.149878057 
2.650839374 9.145300287 

6.639872591 5.697882367 
6.929832929 5.663836355 

2.853567355 6.656342597 
2.639626184 6.651521295 

2.669869676 2.636082784 
2.576985246 2.873290549 

2.121926136 7.552350065 
2.250645134 7.505050085 

2.111748514 2.109682249 
1.941920433 1.990271759 

6.722274093 6.517444973 
6.860167376 6.745122965 

5.165720542 5.427566197 
5.047334401 5.153312199 

7.195175044 7.052612236 
7.082102197 7.165069383 

5.915998574 6.735322066 
5.982237992 6.581548695 

5.489671372 8.259317664 
5.356297472 8.150591051 

5.234823357 8.171743414 
5.356297472 8.150591051 

7.389117594 7.336766505 
7.241225503 7.459146519 

1.914469737 3.489640025 
1.993398396 3.450318179 

2.501699998 8.593460931 
2.622695018 8.715362657 

2.754807554 8.838108798 
2.622695018 8.715362657 

4.356703222 1.194283233 
4.351623074 1.045869964 

5.915998574 6.735322066 
5.774705086 6.867670369 

3.115304009 6.408720583 
3.196745289 6.427813565 

6.642672993 7.946094167 
6.880764244 7.966702178 

7.007165313 8.057658189 
6.880764244 7.966702178 

1.503511894 9.44022819 
1.369370614 9.182025532 

6.916604729 6.349650178 
6.964416689 6.635537155 

4.195935263 2.351046711 
4.562416764 2.048991695 

4.969318551 1.715578376 
4.562416764 2.048991695 

4.575823456 1.836469611 
4.664396869 1.70248596 

4.568304063 1.627383144 
4.664396869 1.70248596 

6.679332892 6.144047097 
6.635925174 6.304782654 

3.4265651 1.601002904 
3.64702196 1.620164598 

2.970621703 2.695681103 
3.066223674 2.735155813 

2.724604573 1.855491972 
2.665360108 1.568801579 

2.168166655 9.279168222 
2.072227431 9.085004494 

2.2685912 7.092464878 
2.418167317 7.212455951 

1.725964788 2.748720641 
1.563306066 2.683574774 

3.223043261 2.133530071 
3.282218976 2.145068517 

3.434977796 2.080028837 
3.282218976 2.145068517 

3.411353253 6.453831394 
3.256342102 6.43935002 

3.196745289 6.427813565 
3.256342102 6.43935002 

6.679332892 6.144047097 
6.979832329 5.902776916 

5.774705086 6.867670369 
5.67949504 6.887959641 

3.825246431 7.120599773 
3.982744645 7.448816381 

6.083336725 6.59692049 
6.156913351 6.528798194 

6.33569804 6.148195691 
6.36903524 6.363546073 

1.618424123 1.403862997 
1.87958409 1.508406046 

2.209186578 1.734253621 
1.87958409 1.508406046 

6.290415202 8.105147525 
6.19043584 8.107816539 

3.1746725 2.043990526 
3.223043261 2.133530071 

3.317429176 8.89397805 
3.171944214 8.62692652 

3.076968281 8.340241401 
3.171944214 8.62692652 

4.586209779 6.098544456 
4.789800619 5.961720823 

3.494554894 3.599174643 
3.390035109 3.713235838 

6.33569804 6.148195691 
6.22167697 6.07382809 

6.058624473 6.023117135 
6.22167697 6.07382809 

1.914469737 3.489640025 
1.869893555 3.404450679 

6.058016546 8.196597937 
6.143821774 8.071393728 

6.209117281 7.993484909 
6.143821774 8.071393728 

3.562337609 0.4240968854 
3.410053448 0.2990718705 

3.562337609 0.4240968854 
3.447706199 0.5730453185 

3.353001849 0.7091621197 
3.447706199 0.5730453185 

5.475579759 5.680013099 
5.263227292 6.016347143 

2.501699998 8.593460931 
2.317882135 8.522958258 

2.008354722 8.529908183 
2.317882135 8.522958258 

3.231564825 1.877880196 
3.032287041 1.559082466 

6.31524846 5.454124603 
6.291338185 5.629535181 

5.874038944 6.403597978 
5.706977243 6.264910034 

7.471379976 5.413285013 
7.222415786 5.655579148 

6.979832329 5.902776916 
7.222415786 5.655579148 

6.066316957 7.873426138 
6.209117281 7.993484909 

2.8793637 6.819956983 
2.92777587 7.017859971 

3.710174795 2.58738141 
3.608020484 2.517351592 

6.3164255 7.998367446 
6.290415202 8.105147525 

4.586209779 6.098544456 
4.622349116 6.294993598 

4.642451092 6.475675823 
4.622349116 6.294993598 

6.391854339 6.682559724 
6.414008277 6.81514852 

0.6706166455 7.609361028 
0.5426029136 7.887577974 

3.710174795 2.58738141 
3.760372687 2.769610923 

4.064812772 7.663086095 
4.209257686 7.438717601 

4.345918068 7.297288074 
4.209257686 7.438717601 

0.5426029136 7.887577974 
0.6386960155 7.986653617 

5.904227092 5.503493139 
5.954826841 5.719744936 

6.026801932 5.886479001 
5.954826841 5.719744936 

1.628640072 8.585087453 
1.383717502 8.673403831 

1.474072965 1.728551807 
1.741657893 1.893324663 

1.941920433 1.990271759 
1.741657893 1.893324663 

3.416682266 1.882016978 
3.576821088 1.769206561 

7.195175044 7.052612236 
7.334025558 7.02820752 

7.554029225 6.993178107 
7.334025558 7.02820752 

5.165720542 5.427566197 
5.27664012 5.55736749 

6.066316957 7.873426138 
6.143821774 8.071393728 

1.355467588 7.204894031 
1.274749979 7.35767911 

1.281285815 7.46363058 
1.274749979 7.35767911 

3.952002622 2.167942722 
3.708909068 2.319200841 

2.388854146 8.838892305 
2.611141936 8.920826427 

1.503511894 9.44022819 
1.365626073 9.270998165 

3.325730381 7.575390007 
3.556717297 7.508448931 

3.743935026 7.546503737 
3.556717297 7.508448931 

4.366635752 7.63854074 
4.209257686 7.438717601 

4.803183986 2.414971812 
4.86617669 2.474947298 

5.04047042 2.557055736 
4.86617669 2.474947298 

2.353327075 1.328106978 
2.318381935 1.466434064 

1.937906537 1.487208766 
1.87958409 1.508406046 

3.275049299 0.3460234093 
3.257526917 0.208863788 

4.664396869 1.70248596 
4.72846888 1.816964694 

5.706977243 6.264910034 
5.795030642 6.167559132 

5.843123874 6.085400275 
5.795030642 6.167559132 

6.172853307 5.006526008 
6.021679337 4.816663081 

6.133073099 5.341810841 
6.092188675 5.160753447 

3.293775315 6.234446932 
3.173574171 6.201003688 

3.952002622 2.167942722 
3.918813599 2.034412055 

3.984316378 1.885612425 
3.918813599 2.034412055 

1.867353586 1.054737231 
1.745220925 1.15046183 

3.096632649 8.724949037 
3.171944214 8.62692652 

6.066316957 7.873426138 
6.228436364 7.581099484 

1.611425623 3.263307444 
1.774537111 3.069532925 

1.951910198 2.917844793 
1.774537111 3.069532925 

2.298051202 2.474106522 
2.345174174 2.337769942 

2.488180347 2.341401852 
2.345174174 2.337769942 

4.622349116 6.294993598 
4.721885401 6.292037503 

2.382717802 7.682645029 
2.565767944 7.773882119 

5.047334401 5.153312199 
4.830920897 5.149314944 

2.377936746 6.416559821 
2.29585099 6.278194233 

3.282218976 2.145068517 
3.344313433 2.220387104 

2.934996948 2.037407041 
3.022909145 2.234464785 

3.076040247 2.332418686 
3.022909145 2.234464785 

6.949465738 7.0292023 
7.000745391 7.096981737 

4.86530822 5.417170874 
4.756606101 5.367544003 

2.026579169 8.847390902 
2.072227431 9.085004494 

7.531169223 6.216267949 
7.577340662 6.262072122 

1.290442832 7.963394032 
1.462810465 7.896789248 

1.467685581 7.991038547 
1.462810465 7.896789248 

1.455479789 5.875321248 
1.647556705 6.05373865 

1.711485393 6.172763184 
1.647556705 6.05373865 

5.56576887 6.05478467 
5.359276434 6.210211252 

4.446628591 1.367458358 
4.287619112 1.574831909 

1.984970635 3.316938974 
1.869893555 3.404450679 

3.229275635 2.920238661 
3.066223674 2.735155813 

2.444403117 0.7403202306 
2.391234681 0.6944018077 

1.700266659 8.170754905 
1.865590645 8.182125307 

1.983923156 8.241438541 
1.865590645 8.182125307 

6.914316882 6.001628671 
6.979832329 5.902776916 

5.263227292 6.016347143 
5.359276434 6.210211252 

3.620630871 8.491032879 
3.569624445 8.428893781 

3.541182063 8.319930623 
3.569624445 8.428893781 

2.353327075 1.328106978 
2.367254619 1.219982574 

3.011536358 9.126439425 
3.160772027 8.983597472 

3.751960902 0.8198422811 
3.926643461 0.7696908545 

1.088802512 6.594217056 
1.044832159 6.37601481 

5.359276434 6.210211252 
5.181704539 6.227768931 

2.464847831 0.544831072 
2.555510036 0.5143446879 

2.197480014 6.732558093 
2.019025776 6.796169646 

1.95891204 6.863432991 
2.019025776 6.796169646 

3.390035109 3.713235838 
3.521107562 3.848877961 

6.241372541 6.740439714 
6.156913351 6.528798194 

2.530399098 1.972813463 
2.425128515 2.060560228 

2.414798997 6.24713894 
2.329257376 6.252403283 

2.29585099 6.278194233 
2.329257376 6.252403283 

6.040655996 7.113489049 
5.957609111 7.107788423 

5.866338773 7.078309532 
5.957609111 7.107788423 

6.33569804 6.148195691 
6.412459162 6.019268833 

3.328427103 0.5239169487 
3.447706199 0.5730453185 

2.2685912 7.092464878 
2.163758219 7.166975489 

2.077437713 7.259432489 
2.163758219 7.166975489 

2.452048243 8.031479012 
2.514919115 7.943235695 

2.501699998 8.593460931 
2.662481699 8.512960327 

5.475579759 5.680013099 
5.711816832 5.638266021 

1.638859819 7.012270255 
1.690600278 7.458200634 

1.663430588 7.875827833 
1.690600278 7.458200634 

6.250656177 5.893472507 
6.026801932 5.886479001 

1.307170356 8.439482131 
1.361316278 8.284627033 

6.916604729 6.349650178 
6.635925174 6.304782654 

1.093073612 9.296373499 
1.274624407 9.236197768 

1.369370614 9.182025532 
1.274624407 9.236197768 

0.7272302263 8.841950946 
0.9297304458 8.734941271 

1.056429978 8.701328869 
0.9297304458 8.734941271 

1.535149196 2.058395344 
1.642221833 2.204482855 

6.679332892 6.144047097 
6.520159518 6.149555234 

1.745220925 1.15046183 
1.913546284 1.318489956 

2.757341231 3.622460134 
2.656358802 3.651054564 

7.06583182 6.919971388 
7.000745391 7.096981737 

3.325730381 7.575390007 
3.135547709 7.660413174 

2.950307834 7.750631191 
3.135547709 7.660413174 

1.901356591 8.456815265 
2.011426446 8.390861345 

2.008354722 8.529908183 
2.011426446 8.390861345 

3.106412363 7.028294556 
2.92777587 7.017859971 

4.756606101 5.367544003 
4.687912018 5.336559785 

3.4265651 1.601002904 
3.421519009 1.731255712 

3.416682266 1.882016978 
3.421519009 1.731255712 

5.005568131 5.691966757 
5.186853835 5.689250369 

5.267044746 7.196531407 
5.211405135 7.422719511 

5.124613222 7.617345 
5.211405135 7.422719511 

6.291338185 5.629535181 
6.066669163 5.65723157 

5.086609215 2.100683261 
5.143266272 2.330026716 

1.598804486 7.525045048 
1.690600278 7.458200634 

3.032287041 1.559082466 
2.762684801 1.428681002 

4.776544019 5.63998428 
4.938048886 5.415304779 

4.059363816 3.84725174 
3.942287888 3.820137643 

5.915998574 6.735322066 
5.957609111 7.107788423 

3.918910197 1.588917765 
3.856394776 1.711055497 

1.633380289 6.653105557 
1.6003466 6.857757413 

1.290442832 7.963394032 
1.467685581 7.991038547 

1.893513523 7.428661343 
1.690600278 7.458200634 

1.893513523 7.428661343 
1.950783486 7.576590846 

4.687912018 5.336559785 
4.630360987 5.318201884 

1.281285815 7.46363058 
1.32251492 7.718401834 

1.803238653 5.99970149 
1.677612226 5.99380517 

1.455479789 5.875321248 
1.677612226 5.99380517 

4.938048886 5.415304779 
4.86530822 5.417170874 

6.042747225 6.221291505 
6.156913351 6.528798194 

2.209186578 1.734253621 
2.355009043 1.778568495 

6.609118655 6.671261764 
6.391854339 6.682559724 

1.033468614 7.630636854 
1.045566858 7.851007659 

1.150946403 8.047598541 
1.045566858 7.851007659 

2.518789399 9.093481197 
2.590289193 9.202239622 

2.650839374 9.145300287 
2.590289193 9.202239622 

5.736008926 7.011992514 
5.774705086 6.867670369 

2.79857245 6.45560442 
2.752341273 6.538714401 

6.916604729 6.349650178 
6.887909898 6.168769408 

5.09404213 5.934004983 
4.789800619 5.961720823 

6.934563629 7.847621585 
6.880764244 7.966702178 

2.051069506 8.046479047 
2.005775975 7.951488421 

2.628933278 5.870356978 
2.497886026 5.939355402 

2.465061473 6.013478626 
2.497886026 5.939355402 

2.890957684 2.27097503 
3.022909145 2.234464785 

3.825246431 7.120599773 
4.109207622 7.188359544 

4.345918068 7.297288074 
4.109207622 7.188359544 

1.950783486 7.576590846 
1.889420866 7.68722587 

2.662481699 8.512960327 
2.728439638 8.245482271 

0.8577860791 7.983452289 
0.8336837668 7.858298005 

4.446628591 1.367458358 
4.288898631 1.382908565 

4.127785417 1.387623756 
4.288898631 1.382908565 

5.897685602 6.545164556 
5.866175745 6.504206921 

5.754550068 6.523045551 
5.866175745 6.504206921 

4.013432258 3.103038113 
4.147983496 3.056417119 

2.197480014 6.732558093 
1.97173446 6.729805802 

1.850733814 6.728087197 
1.97173446 6.729805802 

1.726601981 7.342221022 
1.690600278 7.458200634 

1.598804486 7.525045048 
1.643323685 7.374269316 

1.726601981 7.342221022 
1.643323685 7.374269316 

2.198922343 3.66188224 
2.098427786 3.493948435 

2.477012125 3.838029791 
2.423455708 3.679249717 

2.121926136 7.552350065 
1.950783486 7.576590846 

6.415899208 7.238058878 
6.536283577 7.35330992 

6.615758611 7.481594454 
6.536283577 7.35330992 

1.535149196 2.058395344 
1.584607432 1.914280867 

5.631778762 4.973331108 
5.660498512 4.868704774 

3.168746696 2.211353964 
3.022909145 2.234464785 

6.279544354 4.703704535 
6.311464744 4.84173001 

7.207213215 5.910275885 
6.979832329 5.902776916 

6.730173258 5.114252077 
6.937662976 5.161690678 

5.795030642 6.167559132 
5.874038944 6.403597978 

7.389117594 7.336766505 
7.445847438 6.890667814 

7.599878258 6.507857895 
7.445847438 6.890667814 

0.6706166455 7.609361028 
0.5368698492 7.55439276 

6.042747225 6.221291505 
6.22167697 6.07382809 

2.658256888 7.295748616 
2.729168646 7.382334462 

2.803719691 7.459100161 
2.729168646 7.382334462 

2.85809114 1.622466479 
2.76288128 1.628812245 

4.969318551 1.715578376 
4.806902972 1.775383638 

4.664396869 1.70248596 
4.806902972 1.775383638 

1.093073612 9.296373499 
1.251327393 9.338897365 

1.365626073 9.270998165 
1.251327393 9.338897365 

2.669869676 2.636082784 
2.579730923 2.76131859 

2.974897157 1.702534549 
2.76288128 1.628812245 

3.393023176 6.981944249 
3.377188805 6.742669272 

7.685796178 6.083655507 
7.605807235 6.179300052 

7.577340662 6.262072122 
7.605807235 6.179300052 

7.404609899 6.648990942 
7.610165005 6.705106561 

3.75826672 8.541749509 
3.594219468 8.309130162 

3.367755105 7.907494358 
3.594219468 8.309130162 

1.710934546 1.791310896 
1.741657893 1.893324663 

4.642451092 6.475675823 
4.837096966 6.378850742 

1.993814402 2.557614455 
2.093987563 2.46239591 

2.169908144 2.294274727 
2.093987563 2.46239591 

5.874038944 6.403597978 
5.866175745 6.504206921 

2.357126847 0.9248610923 
2.561079125 0.9651469328 

3.576821088 1.769206561 
3.421519009 1.731255712 

7.207213215 5.910275885 
7.069355311 5.761060298 

6.929832929 5.663836355 
7.069355311 5.761060298 

6.886771062 5.384773212 
6.995396101 5.292627721 

1.745220925 1.15046183 
1.719525223 1.281313433 

1.618424123 1.403862997 
1.719525223 1.281313433 

5.577427454 5.383506267 
5.6493245 5.57856271 

5.711816832 5.638266021 
5.6493245 5.57856271 

1.252017999 8.741671459 
1.194309111 8.997161124 

6.042747225 6.221291505 
6.013165314 6.498335055 

5.982237992 6.581548695 
6.013165314 6.498335055 

4.452849112 5.284626925 
4.556972848 5.290907488 

4.630360987 5.318201884 
4.556972848 5.290907488 

2.384784751 8.345071068 
2.317882135 8.522958258 

2.076461686 0.7084608992 
2.027348463 0.819972009 

5.617310699 6.50087727 
5.50131035 6.597222391 

5.380498892 6.72792676 
5.50131035 6.597222391 

4.366635752 7.63854074 
4.671370797 7.820363332 

4.993176022 7.988188497 
4.671370797 7.820363332 

1.741853125 7.621503218 
1.950783486 7.576590846 

2.604444796 7.63015748 
2.745865252 7.694976665 

2.950307834 7.750631191 
2.745865252 7.694976665 

2.891911948 7.226344752 
2.733578818 7.127732345 

4.906558048 1.988977346 
4.72846888 1.816964694 

0.5426029136 7.887577974 
0.484343999 8.013382901 

2.377936746 6.416559821 
2.329257376 6.252403283 

4.906558048 1.988977346 
4.910360603 1.834168967 

4.969318551 1.715578376 
4.910360603 1.834168967 

2.000644341 6.330949035 
2.124438806 6.395125424 

4.973326318 7.632639446 
5.13829326 7.894787754 

6.241372541 6.740439714 
6.27819243 6.587192119 

6.36903524 6.363546073 
6.27819243 6.587192119 

4.397869055 2.864628745 
4.282390171 2.798690786 

6.995396101 5.292627721 
7.093496694 5.362274778 

3.231564825 1.877880196 
3.317954394 1.989640801 

3.434977796 2.080028837 
3.317954394 1.989640801 

3.594219468 8.309130162 
3.541182063 8.319930623 

2.200836964 7.711662779 
2.250645134 7.505050085 

2.127597927 8.425652048 
2.218836591 8.195904466 

2.266080413 8.069967319 
2.218836591 8.195904466 

5.27664012 5.55736749 
5.186853835 5.689250369 

2.555510036 0.5143446879 
2.555495945 0.3754017249 

3.04296809 2.493298083 
3.131416422 2.675792971 

6.066669163 5.65723157 
5.954826841 5.719744936 

2.168166655 9.279168222 
1.982810985 9.227374662 

2.733578818 7.127732345 
2.613960219 7.064176478 

7.445847438 6.890667814 
7.334025558 7.02820752 

2.198922343 3.66188224 
2.334571398 3.634964408 

2.423455708 3.679249717 
2.334571398 3.634964408 

4.351623074 1.045869964 
4.371136859 0.9648546511 

3.641281715 7.859551601 
3.510717442 7.96312252 

3.367755105 7.907494358 
3.510717442 7.96312252 

6.058016546 8.196597937 
6.130705571 8.147806821 

6.19043584 8.107816539 
6.130705571 8.147806821 

7.554029225 6.993178107 
7.456188434 6.796113899 

7.404609899 6.648990942 
7.456188434 6.796113899 

2.656358802 3.651054564 
2.607963775 3.730667146 

0.7682441571 8.116645091 
0.5588008261 8.149499364 

6.228436364 7.581099484 
6.178601354 7.48588603 

6.191950657 7.310392916 
6.178601354 7.48588603 

2.318381935 1.466434064 
2.387182982 1.585498169 

1.678619516 8.333050853 
1.642948611 8.459382354 

1.628640072 8.585087453 
1.642948611 8.459382354 

5.617310699 6.50087727 
5.706977243 6.264910034 

5.617310699 6.50087727 
5.709765915 6.393245168 

3.442652055 7.30826105 
3.398727539 7.401865669 

3.325730381 7.575390007 
3.398727539 7.401865669 

1.474072965 1.728551807 
1.686669131 1.962259509 

5.27664012 5.55736749 
5.38307735 5.604423854 

5.475579759 5.680013099 
5.38307735 5.604423854 

3.984316378 1.885612425 
3.856394776 1.711055497 

3.00838884 0.7566529687 
3.134716403 0.814565629 

3.211823198 0.9301892097 
3.134716403 0.814565629 

6.916604729 6.349650178 
7.035846811 6.296394903 

7.203704225 6.311339589 
7.035846811 6.296394903 

2.477012125 3.838029791 
2.549855646 3.782271411 

2.607963775 3.730667146 
2.549855646 3.782271411 

3.947146093 2.574799565 
3.813839784 2.587806585 

3.710174795 2.58738141 
3.813839784 2.587806585 

1.638859819 7.012270255 
1.799386726 6.928422735 

1.95891204 6.863432991 
1.799386726 6.928422735 

3.751960902 0.8198422811 
3.600492123 0.9607849896 

0.5588008261 8.149499364 
0.4194306736 8.238412841 

3.45514974 3.228644364 
3.490758938 3.438365776 

3.494554894 3.599174643 
3.490758938 3.438365776 

2.433347194 7.017019779 
2.59457229 7.163094948 

2.658256888 7.295748616 
2.59457229 7.163094948 

4.586209779 6.098544456 
4.452712113 6.095891965 

4.352645478 6.12216112 
4.452712113 6.095891965 

2.927585971 2.89710764 
3.044790498 3.070414907 

3.14971439 3.29593457 
3.044790498 3.070414907 

3.317429176 8.89397805 
3.190270774 8.827199351 

3.096632649 8.724949037 
3.190270774 8.827199351 

1.025144695 7.448307937 
1.21690234 7.573465768 

1.32251492 7.718401834 
1.21690234 7.573465768 

2.377936746 6.416559821 
2.23901338 6.505599844 

2.669869676 2.636082784 
2.692601645 2.892847643 

2.384784751 8.345071068 
2.218836591 8.195904466 

2.973321458 1.292843047 
2.97074687 1.38962488 

4.481863433 2.409510826 
4.544737464 2.583701502 

2.613960219 7.064176478 
2.527758508 7.09588467 

2.433347194 7.017019779 
2.527758508 7.09588467 

1.033468614 7.630636854 
1.21690234 7.573465768 

1.307170356 8.439482131 
1.423286954 8.40711141 

1.511186017 8.392122257 
1.423286954 8.40711141 

3.229275635 2.920238661 
3.044790498 3.070414907 

3.131416422 2.675792971 
3.18692773 2.74731563 

7.228556145 5.21905575 
7.054667108 5.139833024 

6.937662976 5.161690678 
7.054667108 5.139833024 

1.025144695 7.448307937 
0.8474550527 7.506060603 

0.6706166455 7.609361028 
0.8474550527 7.506060603 

3.307028165 2.378631651 
3.34613433 2.677767431 

5.754550068 6.523045551 
5.709765915 6.393245168 

4.806902972 1.775383638 
4.72846888 1.816964694 

2.020320105 5.918006792 
2.164392272 5.96269376 

2.17882146 6.04612843 
2.164392272 5.96269376 

7.554029225 6.993178107 
7.445847438 6.890667814 

1.905779044 1.676329583 
2.036924036 1.750281874 

2.209186578 1.734253621 
2.036924036 1.750281874 

3.984316378 1.885612425 
3.85122598 1.856124252 

3.760492065 1.854323299 
3.85122598 1.856124252 

2.026579169 8.847390902 
2.22767207 9.01124457 

2.377936746 6.416559821 
2.414798997 6.24713894 

1.611425623 3.263307444 
1.792939757 3.372085191 

1.914469737 3.489640025 
1.792939757 3.372085191 

2.692601645 2.892847643 
2.731391824 2.834500062 

6.964416689 6.635537155 
7.122509081 6.584916542 

7.266481141 6.516194632 
7.122509081 6.584916542 

4.545272079 7.321441982 
4.640176679 7.306353282 

4.75604182 7.283405763 
4.640176679 7.306353282 

6.412459162 6.019268833 
6.523685306 6.041906494 

6.520159518 6.149555234 
6.523685306 6.041906494 

2.039274074 7.022028465 
2.163758219 7.166975489 

1.302435855 6.223964377 
1.166612975 6.421028679 

1.088802512 6.594217056 
1.166612975 6.421028679 

0.7792394519 6.576134442 
0.797115167 6.484035008 

2.039274074 7.022028465 
2.040275514 7.140806564 

2.077437713 7.259432489 
2.040275514 7.140806564 

3.106412363 7.028294556 
3.027243664 6.906412306 

5.899409769 4.719733171 
5.799841097 4.631845442 

4.200968271 6.217672941 
4.352645478 6.12216112 

4.371136859 0.9648546511 
4.407777879 0.9102176999 

0.3045435422 8.192038472 
0.5658821908 8.075029809 

0.8577860791 7.983452289 
0.5658821908 8.075029809 

2.127597927 8.425652048 
2.011426446 8.390861345 

6.083336725 6.59692049 
6.172279006 6.650517718 

6.241372541 6.740439714 
6.172279006 6.650517718 

2.460175525 2.552802994 
2.488180347 2.341401852 

2.662481699 8.512960327 
2.689942387 8.448301568 

1.302435855 6.223964377 
1.125087155 6.101871423 

2.452048243 8.031479012 
2.581504367 8.02679662 

2.773138208 7.979491896 
2.581504367 8.02679662 

4.666782941 3.138338976 
4.397869055 2.864628745 

4.901735051 2.934272257 
4.755779839 2.966029808 

2.565767944 7.773882119 
2.604444796 7.63015748 

6.066669163 5.65723157 
5.983254026 5.595511713 

1.598804486 7.525045048 
1.496153298 7.404498451 

4.998362971 6.335332218 
5.181704539 6.227768931 

2.764713572 0.8451262276 
2.88082166 0.8909402917 

7.599878258 6.507857895 
7.547975968 6.036668686 

2.113088651 7.439454681 
2.060864573 7.528876796 

2.121926136 7.552350065 
2.060864573 7.528876796 

5.954826841 5.719744936 
5.983254026 5.595511713 

4.575823456 1.836469611 
4.368510026 1.872676645 

4.179879064 1.946895992 
4.368510026 1.872676645 

5.215695239 6.431236201 
5.194532956 6.31820918 

5.181704539 6.227768931 
5.194532956 6.31820918 

4.111295702 0.5238491231 
4.015347965 0.6772042419 

3.926643461 0.7696908545 
4.015347965 0.6772042419 

1.474072965 1.728551807 
1.545084156 1.829806686 

1.584607432 1.914280867 
1.545084156 1.829806686 

1.3212396 6.587346259 
1.437531317 6.64260976 

5.727287505 7.327319342 
5.735331656 7.479507032 

2.22767207 9.01124457 
2.388854146 8.838892305 

6.545168248 6.95532392 
6.683834652 6.833568776 

6.76602782 6.781126494 
6.683834652 6.833568776 

4.755779839 2.966029808 
4.651293556 2.943377718 

1.633380289 6.653105557 
1.70265693 6.557594544 

1.673620379 6.377651857 
1.70265693 6.557594544 

6.499678578 5.000235067 
6.465436024 4.902071532 

6.311464744 4.84173001 
6.465436024 4.902071532 

5.047334401 5.153312199 
4.979485524 5.298367286 

4.938048886 5.415304779 
4.979485524 5.298367286 

5.689724143 7.592417434 
5.735331656 7.479507032 

0.3944997166 6.742232234 
0.559471571 6.812133637 

0.7359409978 6.950753135 
0.559471571 6.812133637 

7.037996537 7.888009641 
6.934563629 7.847621585 

7.037996537 7.888009641 
7.196523892 7.844290237 

1.302435855 6.223964377 
1.394885785 6.121679089 

1.251327393 9.338897365 
1.274624407 9.236197768 

1.893513523 7.428661343 
1.875109993 7.559755067 

1.889420866 7.68722587 
1.875109993 7.559755067 

2.500426828 2.191386046 
2.345174174 2.337769942 

4.993176022 7.988188497 
5.019108212 8.157484365 

1.950783486 7.576590846 
1.875109993 7.559755067 

2.433347194 7.017019779 
2.651298366 6.927684929 

2.8793637 6.819956983 
2.651298366 6.927684929 

6.27819243 6.587192119 
6.156913351 6.528798194 

2.384784751 8.345071068 
2.39414361 8.444130053 

2.501699998 8.593460931 
2.39414361 8.444130053 

3.229275635 2.920238661 
2.927585971 2.89710764 

3.18692773 2.74731563 
3.262303444 2.78295653 

5.727287505 7.327319342 
5.559311096 7.515975107 

5.445268843 7.655443708 
5.559311096 7.515975107 

1.647556705 6.05373865 
1.677612226 5.99380517 

3.257526917 0.208863788 
3.320160507 0.3057399199 

3.410053448 0.2990718705 
3.320160507 0.3057399199 

2.500426828 2.191386046 
2.311751172 2.188929194 

2.111748514 2.109682249 
2.311751172 2.188929194 

4.847526711 5.835165098 
4.943981353 5.833975875 

1.164108741 6.299192171 
1.131262084 6.251821178 

1.642221833 2.204482855 
1.508484761 2.256019688 

4.50609237 0.813155209 
4.448701829 0.871781373 

4.407777879 0.9102176999 
4.448701829 0.871781373 

0.797115167 6.484035008 
0.7860573224 6.43238627 

2.995370393 3.418273057 
3.207775697 3.515293887 

4.352645478 6.12216112 
4.291865098 5.9922764 

1.131262084 6.251821178 
1.136941775 6.227677768 

3.416682266 1.882016978 
3.317954394 1.989640801 

5.599342053 4.583832949 
5.646270529 4.733377517 

5.660498512 4.868704774 
5.646270529 4.733377517 

3.411353253 6.453831394 
3.308401699 6.380625715 

1.033468614 7.630636854 
0.8474550527 7.506060603 

2.265487835 5.831965649 
2.412265672 5.875682661 

0.7682441571 8.116645091 
0.8577860791 7.983452289 

1.663430588 7.875827833 
1.535703522 8.014920899 

1.405331757 8.122609702 
1.535703522 8.014920899 

6.534372155 8.284176062 
6.620090692 8.187675565 

6.671478381 8.241209723 
6.620090692 8.187675565 

4.721885401 6.292037503 
4.837096966 6.378850742 

1.300765806 2.296377967 
1.426277394 2.304995335 

1.508484761 2.256019688 
1.426277394 2.304995335 

5.774705086 6.867670369 
5.621504762 6.92734439 

5.462132152 7.034307432 
5.621504762 6.92734439 

1.437531317 6.64260976 
1.6003466 6.857757413 

4.345918068 7.297288074 
4.310162404 7.163396621 

2.891911948 7.226344752 
2.949137886 7.114489493 

2.92777587 7.017859971 
2.949137886 7.114489493 

3.131416422 2.675792971 
3.066223674 2.735155813 

1.437531317 6.64260976 
1.522724521 6.642765455 

1.633380289 6.653105557 
1.522724521 6.642765455 

6.013165314 6.498335055 
6.156913351 6.528798194 

5.129399656 6.729395619 
5.173983983 6.664602145 

5.241501634 6.560308752 
5.173983983 6.664602145 

4.642451092 6.475675823 
4.701602966 6.641214032 

6.172279006 6.650517718 
6.27819243 6.587192119 

3.00838884 0.7566529687 
2.855096319 0.5688788123 

1.869893555 3.404450679 
1.792939757 3.372085191 

1.455479789 5.875321248 
1.501620932 6.011599168 

1.394885785 6.121679089 
1.501620932 6.011599168 

6.250656177 5.893472507 
6.24638715 5.761625605 

6.291338185 5.629535181 
6.24638715 5.761625605 

5.183006282 8.070979144 
5.134753013 8.090329555 

7.554029225 6.993178107 
7.575344454 6.908982318 

3.173574171 6.201003688 
3.125020953 6.154786188 

1.995740184 6.094497652 
2.020320105 5.918006792 

2.412265672 5.875682661 
2.483662478 5.862377184 

7.241225503 7.459146519 
7.137402978 7.492549793 

4.310162404 7.163396621 
4.269207793 7.094518921 

5.041280522 6.582021241 
5.241501634 6.560308752 

4.002439342 1.386255319 
3.948205965 1.499568001 

3.918910197 1.588917765 
3.948205965 1.499568001 

6.27819243 6.587192119 
6.391854339 6.682559724 

5.897685602 6.545164556 
5.926595005 6.486647617 

6.013165314 6.498335055 
5.926595005 6.486647617 

2.692601645 2.892847643 
2.689311193 3.024107246 

2.425128515 2.060560228 
2.311751172 2.188929194 

2.047150401 7.67560662 
2.108759023 7.663389854 

7.599878258 6.507857895 
7.577340662 6.262072122 

5.475579759 5.680013099 
5.33979239 5.713917473 

5.186853835 5.689250369 
5.33979239 5.713917473 

2.76288128 1.628812245 
2.665360108 1.568801579 

2.051069506 8.046479047 
2.201307354 7.962524543 

2.342996417 7.868590308 
2.201307354 7.962524543 

3.576519458 0.7923759547 
3.600492123 0.9607849896 

4.998362971 6.335332218 
5.022987939 6.470830429 

5.041280522 6.582021241 
5.022987939 6.470830429 

2.855096319 0.5688788123 
2.76343445 0.5238456266 

2.676726279 0.4537560844 
2.76343445 0.5238456266 

0.3860380366 7.456834098 
0.5156198183 7.36902065 

4.132967659 5.893677747 
4.238478511 5.934079297 

4.291865098 5.9922764 
4.238478511 5.934079297 

3.032287041 1.559082466 
2.97074687 1.38962488 

2.387182982 1.585498169 
2.595485184 1.674697576 

6.642672993 7.946094167 
6.809493183 7.883368505 

6.934563629 7.847621585 
6.809493183 7.883368505 

6.880764244 7.966702178 
6.809493183 7.883368505 

3.229275635 2.920238661 
3.0942549 2.844660137 

2.970621703 2.695681103 
3.0942549 2.844660137 

4.651293556 2.943377718 
4.671557823 3.018909588 

6.914316882 6.001628671 
7.033643297 5.957142232 

5.577427454 5.383506267 
5.419301851 5.463514871 

5.27664012 5.55736749 
5.419301851 5.463514871 

4.293516221 6.928521031 
4.441856643 7.13493414 

3.536225675 2.292756 
3.435451478 2.204453698 

3.344313433 2.220387104 
3.435451478 2.204453698 

4.397869055 2.864628745 
4.364907611 2.973614415 

3.75826672 8.541749509 
3.438154741 8.436874404 

3.076968281 8.340241401 
3.438154741 8.436874404 

5.912413824 7.54443024 
6.178601354 7.48588603 

5.912413824 7.54443024 
5.768056865 7.571675117 

5.689724143 7.592417434 
5.768056865 7.571675117 

1.362220451 2.770038598 
1.442216201 2.654664082 

1.506510575 2.605203027 
1.442216201 2.654664082 

2.752341273 6.538714401 
2.71381813 6.568478476 

6.026801932 5.886479001 
6.12581327 5.868468911 

1.764011158 9.324243508 
1.84319957 9.225039534 

1.982810985 9.227374662 
1.84319957 9.225039534 

2.665360108 1.568801579 
2.595485184 1.674697576 

1.342954997 9.068107147 
1.194309111 8.997161124 

7.082102197 7.165069383 
7.081752999 7.063513288 

7.06583182 6.919971388 
7.081752999 7.063513288 

4.244030439 3.62234683 
4.374776309 3.447901726 

2.890957684 2.27097503 
2.83699342 2.175648962 

2.730976228 2.087629577 
2.83699342 2.175648962 

6.887909898 6.168769408 
7.035846811 6.296394903 

6.887909898 6.168769408 
6.788392292 6.11739036 

6.679332892 6.144047097 
6.788392292 6.11739036 

6.979832329 5.902776916 
7.033643297 5.957142232 

6.995396101 5.292627721 
7.076654744 5.215816552 

2.636685616 9.486840166 
2.612844152 9.349124734 

2.590289193 9.202239622 
2.612844152 9.349124734 

4.522859013 5.756890995 
4.238478511 5.934079297 

3.135547709 7.660413174 
2.998560492 7.923577589 

3.076943531 0.3108550548 
3.148002467 0.2231491516 

3.257526917 0.208863788 
3.148002467 0.2231491516 

4.50609237 0.813155209 
4.300758837 0.8910653183 

2.68271882 3.374368127 
2.656358802 3.651054564 

3.777140711 1.36593775 
4.002439342 1.386255319 

4.080314737 0.9694600579 
4.189619797 0.9232064197 

4.300758837 0.8910653183 
4.189619797 0.9232064197 

3.777140711 1.36593775 
3.699655175 1.498929563 

3.64702196 1.620164598 
3.699655175 1.498929563 

7.60638081 6.318434868 
7.744840189 6.215291861 

2.651298366 6.927684929 
2.613960219 7.064176478 

3.411353253 6.453831394 
3.454149938 6.634496877 

3.562337609 0.4240968854 
3.426239058 0.4755006599 

3.328427103 0.5239169487 
3.426239058 0.4755006599 

3.640348387 3.210672059 
3.582498295 3.29930111 

2.676726279 0.4537560844 
2.626487889 0.4387542517 

6.964416689 6.635537155 
6.865785706 6.560990224 

6.722274093 6.517444973 
6.865785706 6.560990224 

7.554029225 6.993178107 
7.465955785 7.145066788 

4.837096966 6.378850742 
5.022987939 6.470830429 

1.136941775 6.227677768 
1.140362431 6.198593418 

5.926595005 6.486647617 
5.874038944 6.403597978 

3.45514974 3.228644364 
3.523607392 3.26271701 

3.582498295 3.29930111 
3.523607392 3.26271701 

2.934996948 2.037407041 
2.83699342 2.175648962 

6.639872591 5.697882367 
6.549103051 5.801601298 

3.80634304 8.426646383 
3.754986597 8.318433758 

3.749030834 8.1855216 
3.754986597 8.318433758 

1.913546284 1.318489956 
1.802088484 1.411035378 

3.390806448 8.377507327 
3.438154741 8.436874404 

1.741853125 7.621503218 
1.821968002 7.497659277 

1.893513523 7.428661343 
1.821968002 7.497659277 

5.005568131 5.691966757 
4.943981353 5.833975875 

1.951910198 2.917844793 
1.968892162 2.727365796 

1.993814402 2.557614455 
1.968892162 2.727365796 

4.545272079 7.321441982 
4.518440063 7.20977801 

4.441856643 7.13493414 
4.518440063 7.20977801 

1.462810465 7.896789248 
1.535703522 8.014920899 

5.267044746 7.196531407 
5.37671915 7.111513327 

5.462132152 7.034307432 
5.37671915 7.111513327 

2.814766673 0.9816016161 
2.696332273 1.004164641 

2.561079125 0.9651469328 
2.696332273 1.004164641 

2.377936746 6.416559821 
2.150682243 6.271408417 

1.995740184 6.094497652 
2.150682243 6.271408417 

4.131662351 6.725798025 
4.018250947 6.7765464 

3.160772027 8.983597472 
3.228767974 8.966598491 

1.093073612 9.296373499 
1.154978177 9.141730221 

1.194309111 8.997161124 
1.154978177 9.141730221 

2.628933278 5.870356978 
2.519461419 5.812447624 

2.483662478 5.862377184 
2.519461419 5.812447624 

1.700266659 8.170754905 
1.535703522 8.014920899 

4.287619112 1.574831909 
4.288590291 1.481229539 

4.288898631 1.382908565 
4.288590291 1.481229539 

1.140362431 6.198593418 
1.140968496 6.169695758 

2.773138208 7.979491896 
2.812621665 7.861040171 

2.950307834 7.750631191 
2.812621665 7.861040171 

5.143266272 2.330026716 
5.08038254 2.439808655 

5.04047042 2.557055736 
5.08038254 2.439808655 

1.984970635 3.316938974 
1.993398396 3.450318179 

2.477012125 3.838029791 
2.544061631 3.747243348 

2.590394164 3.625461409 
2.544061631 3.747243348 

2.741011074 9.149878057 
2.894024197 9.079920298 

0.9736217405 6.979629489 
1.162888096 7.139140467 

2.384784751 8.345071068 
2.257004001 8.340617543 

2.127597927 8.425652048 
2.257004001 8.340617543 

2.724930877 2.243532478 
2.83699342 2.175648962 

2.8793637 6.819956983 
2.961287928 6.847666461 

3.027243664 6.906412306 
2.961287928 6.847666461 

7.60638081 6.318434868 
7.577340662 6.262072122 

6.36903524 6.363546073 
6.285838109 6.479316811 

6.156913351 6.528798194 
6.285838109 6.479316811 

4.522859013 5.756890995 
4.357451555 5.786907525 

3.743935026 7.546503737 
3.784291531 7.355801279 

3.825246431 7.120599773 
3.784291531 7.355801279 

2.59457229 7.163094948 
2.613960219 7.064176478 

7.076654744 5.215816552 
7.139642874 5.188086799 

3.317954394 1.989640801 
3.282218976 2.145068517 

4.013432258 3.103038113 
3.865875687 3.063236518 

6.545168248 6.95532392 
6.538942997 6.814196665 

6.609118655 6.671261764 
6.538942997 6.814196665 

4.545227843 6.954426806 
4.441856643 7.13493414 

5.912413824 7.54443024 
5.81126627 7.519983742 

5.735331656 7.479507032 
5.81126627 7.519983742 

1.82036317 8.865565108 
1.953473128 8.961390843 

2.072227431 9.085004494 
1.953473128 8.961390843 

1.563306066 2.683574774 
1.506510575 2.605203027 

3.649512766 3.026631868 
3.750276825 3.0531521 

3.865875687 3.063236518 
3.750276825 3.0531521 

1.875109993 7.559755067 
1.821968002 7.497659277 

5.359276434 6.210211252 
5.194532956 6.31820918 

6.3164255 7.998367446 
6.48898487 7.969008597 

5.070424298 7.318718736 
5.211405135 7.422719511 

6.499678578 5.000235067 
6.490310064 5.132452352 

6.48610874 5.273059564 
6.490310064 5.132452352 

2.626487889 0.4387542517 
2.597493288 0.4234451485 

2.027348463 0.819972009 
1.953808163 0.7483144314 

3.4265651 1.601002904 
3.531372009 1.639337935 

3.576821088 1.769206561 
3.531372009 1.639337935 

7.054667108 5.139833024 
7.076654744 5.215816552 

6.865785706 6.560990224 
6.803619082 6.628242537 

1.32251492 7.718401834 
1.462810465 7.896789248 

1.033468614 7.630636854 
0.9372762329 7.700298631 

0.8336837668 7.858298005 
0.9372762329 7.700298631 

3.857597441 6.757053667 
4.00588277 7.001959533 

1.764011158 9.324243508 
1.62944822 9.333984135 

4.109207622 7.188359544 
4.310162404 7.163396621 

3.14971439 3.29593457 
3.049574327 3.308833337 

1.501620932 6.011599168 
1.647556705 6.05373865 

3.672135266 2.037011781 
3.556639788 2.127467666 

2.762684801 1.428681002 
2.665360108 1.568801579 

2.97074687 1.38962488 
2.906101074 1.411316519 

2.39414361 8.444130053 
2.317882135 8.522958258 

6.538942997 6.814196665 
6.414008277 6.81514852 

7.547975968 6.036668686 
7.498771949 5.755763973 

7.389117594 7.336766505 
7.455506533 7.241612937 

7.465955785 7.145066788 
7.455506533 7.241612937 

2.209186578 1.734253621 
2.230215167 1.50451371 

1.62944822 9.333984135 
1.554897802 9.330502153 

5.047334401 5.153312199 
5.104382291 4.992204333 

0.3045435422 8.192038472 
0.3803489246 8.165153412 

2.501699998 8.593460931 
2.457621482 8.701188998 

2.388854146 8.838892305 
2.457621482 8.701188998 

4.109207622 7.188359544 
4.037386177 7.082459041 

4.00588277 7.001959533 
4.037386177 7.082459041 

1.847710386 2.197771036 
1.751718759 2.072237662 

1.686669131 1.962259509 
1.751718759 2.072237662 

3.076943531 0.3108550548 
3.164266906 0.6146905193 

3.211823198 0.9301892097 
3.164266906 0.6146905193 

3.751960902 0.8198422811 
3.768131224 1.136847056 

6.083336725 6.59692049 
6.067875502 6.470293687 

2.200836964 7.711662779 
2.108759023 7.663389854 

0.3860380366 7.456834098 
0.7381729092 7.4290498 

2.418167317 7.212455951 
2.59457229 7.163094948 

2.724604573 1.855491972 
2.730976228 2.087629577 

2.724604573 1.855491972 
2.735685983 1.728071041 

2.76288128 1.628812245 
2.735685983 1.728071041 

1.983923156 8.241438541 
2.218836591 8.195904466 

6.067875502 6.470293687 
6.061653626 6.357006449 

6.013165314 6.498335055 
6.067875502 6.470293687 

4.973326318 7.632639446 
5.008916716 7.810964776 

4.993176022 7.988188497 
5.008916716 7.810964776 

3.760492065 1.854323299 
3.64702196 1.620164598 

3.760492065 1.854323299 
3.767290758 1.757073724 

3.856394776 1.711055497 
3.767290758 1.757073724 

7.139642874 5.188086799 
7.164082912 5.089853152 

2.374243116 2.433147372 
2.345174174 2.337769942 

2.934996948 2.037407041 
3.059653823 2.102961196 

3.168746696 2.211353964 
3.059653823 2.102961196 

3.135547709 7.660413174 
3.238510343 7.800225594 

3.367755105 7.907494358 
3.238510343 7.800225594 

1.741657893 1.893324663 
1.686669131 1.962259509 

6.042747225 6.221291505 
6.047682131 6.310417436 

6.061653626 6.357006449 
6.047682131 6.310417436 

1.84319957 9.225039534 
1.713536661 9.175911717 

7.498771949 5.755763973 
7.542349959 5.619189482 

0.7359409978 6.950753135 
0.8471920961 7.150073103 

5.866175745 6.504206921 
5.926595005 6.486647617 

2.026579169 8.847390902 
1.953473128 8.961390843 

7.542349959 5.619189482 
7.486570347 5.543667886 

7.471379976 5.413285013 
7.486570347 5.543667886 

2.047150401 7.67560662 
1.997460423 7.661176921 

1.950783486 7.576590846 
1.997460423 7.661176921 

2.008354722 8.529908183 
1.901356591 8.456815265 

5.915998574 6.735322066 
5.993782603 6.92071424 

6.040655996 7.113489049 
5.993782603 6.92071424 

2.68271882 3.374368127 
2.624361404 3.516090842 

2.590394164 3.625461409 
2.624361404 3.516090842 

3.600492123 0.9607849896 
3.534785292 0.9962845667 

3.1746725 2.043990526 
3.059653823 2.102961196 

0.7381729092 7.4290498 
0.8474550527 7.506060603 

4.973326318 7.632639446 
4.886578173 7.563590632 

1.474072965 1.728551807 
1.569417633 1.580884482 

6.021679337 4.816663081 
6.15543865 4.7791682 

7.228556145 5.21905575 
7.344853726 5.308821516 

5.50131035 6.597222391 
5.618755504 6.751266541 

1.125087155 6.101871423 
1.128081769 6.14310385 

1.140968496 6.169695758 
1.128081769 6.14310385 

4.776544019 5.63998428 
5.005568131 5.691966757 

7.650906965 6.868018523 
7.613175547 6.887942369 

7.575344454 6.908982318 
7.613175547 6.887942369 

1.569417633 1.580884482 
1.626196329 1.504080279 

5.926595005 6.486647617 
5.982237992 6.581548695 

7.033643297 5.957142232 
7.11629763 5.960757827 

6.949465738 7.0292023 
6.857147851 6.901949894 

6.76602782 6.781126494 
6.857147851 6.901949894 

0.7860573224 6.43238627 
0.7666434643 6.395761189 

3.34613433 2.677767431 
3.262303444 2.78295653 

3.447706199 0.5730453185 
3.426239058 0.4755006599 

3.534785292 0.9962845667 
3.479718323 1.061133546 

4.361643836 6.642874243 
4.701602966 6.641214032 

6.345063104 8.334859312 
6.130705571 8.147806821 

6.3164255 7.998367446 
6.374390335 8.118183448 

5.56576887 6.05478467 
5.706977243 6.264910034 

5.241501634 6.560308752 
5.380498892 6.72792676 

4.671557823 3.018909588 
4.67195355 3.076682345 

6.374390335 8.118183448 
6.399287427 8.18722167 

1.983923156 8.241438541 
2.086726041 8.285216972 

2.127597927 8.425652048 
2.086726041 8.285216972 

5.983254026 5.595511713 
5.929627638 5.58361181 

2.318381935 1.466434064 
2.230215167 1.50451371 

4.776544019 5.63998428 
4.639377993 5.699404486 

4.522859013 5.756890995 
4.639377993 5.699404486 

2.71381813 6.568478476 
2.648381423 6.564962955 

1.642948611 8.459382354 
1.511186017 8.392122257 

6.15543865 4.7791682 
6.2269086 4.757673109 

3.074871042 1.809577526 
3.002805248 1.782767423 

2.974897157 1.702534549 
3.002805248 1.782767423 

2.527758508 7.09588467 
2.59457229 7.163094948 

3.768131224 1.136847056 
3.78605606 1.244659166 

3.777140711 1.36593775 
3.78605606 1.244659166 

2.973321458 1.292843047 
3.005432535 1.418446466 

3.032287041 1.559082466 
3.005432535 1.418446466 

2.728439638 8.245482271 
2.689942387 8.448301568 

4.018250947 6.7765464 
3.948487403 6.78299162 

6.279544354 4.703704535 
6.25282095 4.727197226 

6.2269086 4.757673109 
6.25282095 4.727197226 

5.475579759 5.680013099 
5.6493245 5.57856271 

3.04296809 2.493298083 
3.204863258 2.590480437 

3.34613433 2.677767431 
3.204863258 2.590480437 

3.454149938 6.634496877 
3.400232426 6.676040284 

3.377188805 6.742669272 
3.400232426 6.676040284 

1.879698826 0.7765163409 
1.929786795 0.7674243469 

1.953808163 0.7483144314 
1.929786795 0.7674243469 

5.866338773 7.078309532 
5.778327609 7.080175873 

5.736008926 7.011992514 
5.778327609 7.080175873 

0.4194306736 8.238412841 
0.3972803782 8.207117412 

0.3803489246 8.165153412 
0.3972803782 8.207117412 

5.709765915 6.393245168 
5.706977243 6.264910034 

4.326684104 3.154480994 
4.349057329 3.049763516 

4.364907611 2.973614415 
4.349057329 3.049763516 

2.384784751 8.345071068 
2.41844834 8.193834756 

2.452048243 8.031479012 
2.41844834 8.193834756 

2.020320105 5.918006792 
2.150241453 5.88913336 

0.7359409978 6.950753135 
0.8492010567 6.964656483 

0.9736217405 6.979629489 
0.8492010567 6.964656483 

2.113088651 7.439454681 
2.178017043 7.423518095 

1.554897802 9.330502153 
1.505955366 9.332904997 

2.604444796 7.63015748 
2.689162131 7.601288362 

2.79902293 7.571755637 
2.689162131 7.601288362 

5.727287505 7.327319342 
5.7665533 7.189819621 

5.866338773 7.078309532 
5.7665533 7.189819621 

6.311464744 4.84173001 
6.2269086 4.757673109 

2.250645134 7.505050085 
2.178017043 7.423518095 

6.252414788 6.940900044 
6.144755771 7.021603829 

2.23901338 6.505599844 
2.173586778 6.616956684 

0.6706166455 7.609361028 
0.7381729092 7.4290498 

3.536225675 2.292756 
3.550950668 2.204010922 

3.556639788 2.127467666 
3.550950668 2.204010922 

6.995396101 5.292627721 
6.937662976 5.161690678 

2.342996417 7.868590308 
2.392758945 7.77383843 

2.382717802 7.682645029 
2.392758945 7.77383843 

6.156913351 6.528798194 
6.067875502 6.470293687 

3.435451478 2.204453698 
3.550950668 2.204010922 

2.051069506 8.046479047 
2.012340777 8.137712358 

1.983923156 8.241438541 
2.012340777 8.137712358 

1.834929085 6.364735984 
1.711485393 6.172763184 

4.788139382 7.510708514 
4.836224602 7.528550825 

4.886578173 7.563590632 
4.836224602 7.528550825 

0.7381729092 7.4290498 
0.7104565245 7.279879097 

7.599878258 6.507857895 
7.248400837 6.764628668 

6.949465738 7.0292023 
7.248400837 6.764628668 

4.803183986 2.414971812 
4.656292557 2.434526205 

4.481863433 2.409510826 
4.656292557 2.434526205 

3.228767974 8.966598491 
3.278900509 8.960327774 

3.434977796 2.080028837 
3.556639788 2.127467666 

0.7401238531 8.294133125 
0.7396444136 8.216154301 

0.7682441571 8.116645091 
0.7396444136 8.216154301 

2.433347194 7.017019779 
2.354901602 7.056795982 

2.2685912 7.092464878 
2.354901602 7.056795982 

2.518789399 9.093481197 
2.582960909 9.286420383 

2.762684801 1.428681002 
2.888859079 1.46549579 

2.906101074 1.411316519 
2.888859079 1.46549579 

2.265487835 5.831965649 
2.210804353 5.860015728 

2.150241453 5.88913336 
2.210804353 5.860015728 

3.353001849 0.7091621197 
3.164266906 0.6146905193 

5.778327609 7.080175873 
5.733507942 7.12707135 

5.7665533 7.189819621 
5.733507942 7.12707135 

6.399287427 8.18722167 
6.395423374 8.236713112 

5.475579759 5.680013099 
5.499478288 5.852572935 

6.395423374 8.236713112 
6.394995674 8.26343138 

2.011426446 8.390861345 
2.086726041 8.285216972 

4.773532743 6.803927695 
4.745336093 6.715899898 

4.701602966 6.641214032 
4.745336093 6.715899898 

3.75826672 8.541749509 
3.800632632 8.4876944 

3.80634304 8.426646383 
3.800632632 8.4876944 

3.328427103 0.5239169487 
3.164266906 0.6146905193 

5.070424298 7.318718736 
5.006238983 7.224688443 

4.932341502 7.116322307 
5.006238983 7.224688443 

6.730173258 5.114252077 
6.499678578 5.000235067 

6.345063104 8.334859312 
6.377929556 8.288978715 

6.394995674 8.26343138 
6.377929556 8.288978715 

3.825246431 7.120599773 
4.00588277 7.001959533 

3.410053448 0.2990718705 
3.403251486 0.4115101196 

3.426239058 0.4755006599 
3.403251486 0.4115101196 

2.549855646 3.782271411 
2.544061631 3.747243348 

3.489076826 2.63509293 
3.414070467 2.515918006 

3.307028165 2.378631651 
3.414070467 2.515918006 

5.897685602 6.545164556 
5.93330756 6.588187321 

5.982237992 6.581548695 
5.93330756 6.588187321 

5.234823357 8.171743414 
5.134753013 8.090329555 

1.856415237 7.911857776 
1.945659116 7.906655922 

2.005775975 7.951488421 
1.945659116 7.906655922 

1.995740184 6.094497652 
1.910205825 6.218450478 

1.535703522 8.014920899 
1.467685581 7.991038547 

3.403251486 0.4115101196 
3.475575039 0.4233567271 

4.195935263 2.351046711 
4.043630536 2.470254826 

3.947146093 2.574799565 
4.043630536 2.470254826 

5.134753013 8.090329555 
5.116426832 8.17403296 

6.172853307 5.006526008 
6.311464744 4.84173001 

2.995370393 3.418273057 
3.000819242 3.362459491 

0.3860380366 7.456834098 
0.5139513844 7.677728418 

0.6706166455 7.609361028 
0.5520987008 7.541902925 

0.4463150311 7.529416981 
0.3140983645 7.580894017 

0.5520987008 7.541902925 
0.491936155 7.537749846 

0.4463150311 7.529416981 
0.491936155 7.537749846 

4.366635752 7.63854074 
4.226483773 7.628030052 

4.064812772 7.663086095 
4.226483773 7.628030052 

1.563306066 2.683574774 
1.459900816 2.691909712 

4.943981353 5.833975875 
5.010001242 5.914953713 

4.788139382 7.510708514 
4.783907424 7.428437554 

4.357451555 5.786907525 
4.247348207 5.842050363 

2.590394164 3.625461409 
2.656358802 3.651054564 

0.3045435422 8.192038472 
0.5082333255 8.257623512 

0.7401238531 8.294133125 
0.5082333255 8.257623512 

0.6386960155 7.986653617 
0.5658821908 8.075029809 

6.066316957 7.873426138 
5.877563407 7.594858462 

5.727287505 7.327319342 
5.877563407 7.594858462 

4.998362971 6.335332218 
5.194532956 6.31820918 

4.374776309 3.447901726 
4.455697039 3.406774179 

4.565892314 3.381904977 
4.455697039 3.406774179 

1.865590645 8.182125307 
2.012340777 8.137712358 

2.728439638 8.245482271 
2.756317973 8.124144072 

5.022987939 6.470830429 
5.215695239 6.431236201 

2.22767207 9.01124457 
2.133052045 9.044300984 

2.072227431 9.085004494 
2.133052045 9.044300984 

4.910360603 1.834168967 
4.806902972 1.775383638 

3.649512766 3.026631868 
3.548932291 3.120966294 

3.45514974 3.228644364 
3.548932291 3.120966294 

1.82036317 8.865565108 
1.79230782 8.781524551 

1.778728633 8.682407324 
1.79230782 8.781524551 

4.361643836 6.642874243 
4.503571653 6.55963542 

4.642451092 6.475675823 
4.503571653 6.55963542 

4.282390171 2.798690786 
4.202703687 2.834980863 

4.121601577 2.848512617 
4.202703687 2.834980863 

6.058016546 8.196597937 
6.052777979 8.015639298 

6.066316957 7.873426138 
6.052777979 8.015639298 

5.568046696 7.979150393 
5.514308227 8.087023987 

1.889420866 7.68722587 
1.997460423 7.661176921 

3.536225675 2.292756 
3.476271116 2.183576591 

3.434977796 2.080028837 
3.476271116 2.183576591 

2.669869676 2.636082784 
2.809483701 2.668720982 

2.970621703 2.695681103 
2.809483701 2.668720982 

3.857597441 6.757053667 
3.904750609 6.775356698 

3.948487403 6.78299162 
3.904750609 6.775356698 

1.405331757 8.122609702 
1.524470072 8.198729397 

2.382717802 7.682645029 
2.347402856 7.595267851 

2.250645134 7.505050085 
2.347402856 7.595267851 

1.905779044 1.676329583 
1.87958409 1.508406046 

2.355009043 1.778568495 
2.358449811 1.684430761 

2.387182982 1.585498169 
2.358449811 1.684430761 

5.116426832 8.17403296 
5.086900314 8.116436209 

2.22767207 9.01124457 
2.187663256 9.111702702 

2.460175525 2.552802994 
2.414388201 2.489139285 

2.374243116 2.433147372 
2.414388201 2.489139285 

3.0942549 2.844660137 
3.029714622 2.874802116 

2.927585971 2.89710764 
3.029714622 2.874802116 

3.918813599 2.034412055 
3.85122598 1.856124252 

7.054667108 5.139833024 
7.108832623 5.136324818 

2.187663256 9.111702702 
2.21366204 9.189256588 

0.484343999 8.013382901 
0.5658821908 8.075029809 

2.21366204 9.189256588 
2.183175622 9.224638046 

2.168166655 9.279168222 
2.183175622 9.224638046 

6.156913351 6.528798194 
6.172279006 6.650517718 

4.666782941 3.138338976 
4.672931486 3.107803997 

4.67195355 3.076682345 
4.672931486 3.107803997 

5.736008926 7.011992514 
5.618016345 7.028804784 

2.724604573 1.855491972 
2.640659265 1.766346521 

2.595485184 1.674697576 
2.640659265 1.766346521 

2.488180347 2.341401852 
2.414388201 2.489139285 

5.56576887 6.05478467 
5.528795136 5.954477734 

5.499478288 5.852572935 
5.528795136 5.954477734 

2.85809114 1.622466479 
2.840864601 1.523154875 

1.6003466 6.857757413 
1.601632203 6.946937952 

3.434977796 2.080028837 
3.435451478 2.204453698 

3.703628705 4.012045736 
3.831618702 3.949018114 

3.942287888 3.820137643 
3.831618702 3.949018114 

6.311464744 4.84173001 
6.25282095 4.727197226 

2.047150401 7.67560662 
2.070956451 7.630290226 

2.121926136 7.552350065 
2.070956451 7.630290226 

2.198922343 3.66188224 
2.284265377 3.535760006 

2.376682381 3.411874643 
2.284265377 3.535760006 

5.010001242 5.914953713 
5.045958803 5.935783837 

5.09404213 5.934004983 
5.045958803 5.935783837 

1.710934546 1.791310896 
1.545084156 1.829806686 

2.266080413 8.069967319 
2.201307354 7.962524543 

1.834929085 6.364735984 
1.867324042 6.277907028 

1.910205825 6.218450478 
1.867324042 6.277907028 

3.562337609 0.4240968854 
3.522377104 0.4239053407 

3.475575039 0.4233567271 
3.522377104 0.4239053407 

2.756317973 8.124144072 
2.581504367 8.02679662 

3.1746725 2.043990526 
3.159071294 2.125063859 

3.066223674 2.735155813 
3.0942549 2.844660137 

1.678619516 8.333050853 
1.671693094 8.244536236 

1.700266659 8.170754905 
1.671693094 8.244536236 

3.125020953 6.154786188 
3.07961102 6.121457517 

5.462132152 7.034307432 
5.539957917 7.037458355 

5.618016345 7.028804784 
5.539957917 7.037458355 

2.108759023 7.663389854 
2.070956451 7.630290226 

3.556639788 2.127467666 
3.476271116 2.183576591 

5.799841097 4.631845442 
5.698454298 4.623207903 

5.599342053 4.583832949 
5.698454298 4.623207903 

2.840864601 1.523154875 
2.825932121 1.472221104 

1.150946403 8.047598541 
0.9680458305 8.084766009 

0.7682441571 8.116645091 
0.9680458305 8.084766009 

6.534372155 8.284176062 
6.394995674 8.26343138 

2.332624473 7.341873426 
2.245667031 7.368004701 

2.178017043 7.423518095 
2.245667031 7.368004701 

3.489076826 2.63509293 
3.596251825 2.610817029 

3.710174795 2.58738141 
3.596251825 2.610817029 

3.640348387 3.210672059 
3.548932291 3.120966294 

6.27819243 6.587192119 
6.285838109 6.479316811 

7.599878258 6.507857895 
7.578128883 6.406292393 

7.60638081 6.318434868 
7.578128883 6.406292393 

1.663430588 7.875827833 
1.556757199 7.879060506 

1.462810465 7.896789248 
1.556757199 7.879060506 

6.639872591 5.697882367 
6.490003989 5.669522644 

1.025144695 7.448307937 
0.8703231945 7.440350392 

0.7381729092 7.4290498 
0.8703231945 7.440350392 

3.672135266 2.037011781 
3.784887368 2.106271002 

3.952002622 2.167942722 
3.784887368 2.106271002 

3.393023176 6.981944249 
3.234362526 7.016832701 

3.106412363 7.028294556 
3.234362526 7.016832701 

5.514308227 8.087023987 
5.496576783 8.156623375 

3.076968281 8.340241401 
3.018883488 8.644259448 

3.076968281 8.340241401 
2.913164162 8.282113184 

2.728439638 8.245482271 
2.913164162 8.282113184 

2.639626184 6.651521295 
2.653231078 6.609452847 

1.803238653 5.99970149 
1.892805995 6.051863166 

1.995740184 6.094497652 
1.892805995 6.051863166 

2.070956451 7.630290226 
1.997460423 7.661176921 

1.290442832 7.963394032 
1.274899342 7.838905889 

1.32251492 7.718401834 
1.274899342 7.838905889 

3.294119953 7.244077056 
3.398727539 7.401865669 

3.476271116 2.183576591 
3.435451478 2.204453698 

3.393023176 6.981944249 
3.347299473 7.11509612 

5.578583842 7.671326237 
5.559311096 7.515975107 

3.760492065 1.854323299 
3.949553437 1.63131815 

4.127785417 1.387623756 
3.949553437 1.63131815 

3.421519009 1.731255712 
3.531372009 1.639337935 

2.648381423 6.564962955 
2.644197901 6.592223211 

2.653231078 6.609452847 
2.644197901 6.592223211 

2.689311193 3.024107246 
2.669113738 3.107689814 

3.857597441 6.757053667 
4.087912419 7.02822497 

4.345918068 7.297288074 
4.087912419 7.02822497 

1.847710386 2.197771036 
1.87871537 2.091648742 

1.941920433 1.990271759 
1.87871537 2.091648742 

2.500426828 2.191386046 
2.724930877 2.243532478 

2.418167317 7.212455951 
2.527758508 7.09588467 

1.459900816 2.691909712 
1.410083622 2.710883253 

2.155251955 7.814362584 
2.201307354 7.962524543 

7.344853726 5.308821516 
7.444355196 5.336110582 

2.197480014 6.732558093 
2.200505493 6.672475251 

2.173586778 6.616956684 
2.200505493 6.672475251 

4.837096966 6.378850742 
4.916336643 6.376630598 

4.998362971 6.335332218 
4.916336643 6.376630598 

7.404609899 6.648990942 
7.248400837 6.764628668 

6.36903524 6.363546073 
6.453149127 6.40987013 

6.54195942 6.485072347 
6.453149127 6.40987013 

2.669869676 2.636082784 
2.57658221 2.586924864 

2.460175525 2.552802994 
2.57658221 2.586924864 

7.685796178 6.083655507 
7.696176683 6.149938001 

2.820427153 2.46183712 
2.925013625 2.475068852 

3.04296809 2.493298083 
2.925013625 2.475068852 

1.362220451 2.770038598 
1.385712794 2.731852591 

1.410083622 2.710883253 
1.385712794 2.731852591 

7.696176683 6.149938001 
7.702295948 6.183147013 

1.725964788 2.748720641 
1.968892162 2.727365796 

2.209186578 1.734253621 
2.365097728 1.844804761 

2.530399098 1.972813463 
2.365097728 1.844804761 

6.040655996 7.113489049 
6.0919643 7.073538651 

6.144755771 7.021603829 
6.0919643 7.073538651 

3.159071294 2.125063859 
3.223043261 2.133530071 

1.741853125 7.621503218 
1.700696212 7.742903245 

1.663430588 7.875827833 
1.700696212 7.742903245 

6.12581327 5.868468911 
6.187752302 5.863763305 

6.250656177 5.893472507 
6.187752302 5.863763305 

0.5082333255 8.257623512 
0.4194306736 8.238412841 

4.326684104 3.154480994 
4.252256308 3.122352658 

4.147983496 3.056417119 
4.252256308 3.122352658 

0.3860380366 7.456834098 
0.3921961801 7.492618567 

4.293516221 6.928521031 
4.292366175 7.015793714 

4.269207793 7.094518921 
4.292366175 7.015793714 

3.426239058 0.4755006599 
3.475575039 0.4233567271 

2.361506189 2.925634511 
2.461840126 2.848050008 

2.579730923 2.76131859 
2.461840126 2.848050008 

2.000644341 6.330949035 
1.867324042 6.277907028 

4.803183986 2.414971812 
4.669691043 2.499453883 

3.293775315 6.234446932 
3.29204379 6.317195293 

3.308401699 6.380625715 
3.29204379 6.317195293 

3.005432535 1.418446466 
2.97074687 1.38962488 

3.168746696 2.211353964 
3.149438428 2.162923814 

3.159071294 2.125063859 
3.149438428 2.162923814 

3.262303444 2.78295653 
3.238054486 2.850901088 

3.229275635 2.920238661 
3.238054486 2.850901088 

3.582498295 3.29930111 
3.490758938 3.438365776 

2.357126847 0.9248610923 
2.360890608 1.072478706 

2.367254619 1.219982574 
2.360890608 1.072478706 

7.164082912 5.089853152 
7.136956704 5.1207739 

7.108832623 5.136324818 
7.136956704 5.1207739 

2.888859079 1.46549579 
2.840864601 1.523154875 

6.412459162 6.019268833 
6.484021591 5.910075226 

6.549103051 5.801601298 
6.484021591 5.910075226 

7.599878258 6.507857895 
7.497221482 6.575006065 

7.404609899 6.648990942 
7.497221482 6.575006065 

5.915998574 6.735322066 
5.93330756 6.588187321 

1.678619516 8.333050853 
1.599471922 8.268354985 

1.524470072 8.198729397 
1.599471922 8.268354985 

2.433347194 7.017019779 
2.417114344 7.115595278 

2.418167317 7.212455951 
2.417114344 7.115595278 

3.562337609 0.4240968854 
3.829385702 0.4715621022 

3.918910197 1.588917765 
3.949553437 1.63131815 

5.912413824 7.54443024 
5.877563407 7.594858462 

3.961408783 0.4950062711 
4.028352307 0.5069606486 

0.3921961801 7.492618567 
0.3743666738 7.522474977 

3.829385702 0.4715621022 
3.895397242 0.4832841867 

3.961408783 0.4950062711 
3.895397242 0.4832841867 

5.866338773 7.078309532 
5.818651663 7.117045238 

5.733507942 7.12707135 
5.818651663 7.117045238 

1.496153298 7.404498451 
1.643323685 7.374269316 

3.347299473 7.11509612 
3.328110417 7.178103756 

3.531372009 1.639337935 
3.64702196 1.620164598 

2.607211085 3.175244822 
2.643534031 3.142491319 

2.669113738 3.107689814 
2.643534031 3.142491319 

3.24607438 8.592855944 
3.171944214 8.62692652 

6.914316882 6.001628671 
6.788392292 6.11739036 

1.893513523 7.428661343 
1.795374258 7.33728602 

1.722243198 7.216561491 
1.795374258 7.33728602 

2.425128515 2.060560228 
2.454408805 2.121463834 

2.382717802 7.682645029 
2.498275039 7.654643836 

2.604444796 7.63015748 
2.498275039 7.654643836 

2.825932121 1.472221104 
2.810676616 1.443368869 

5.019108212 8.157484365 
5.061729826 8.127450892 

5.086900314 8.116436209 
5.061729826 8.127450892 

0.3045435422 8.192038472 
0.3972803782 8.207117412 

0.484343999 8.013382901 
0.3584241037 8.090208635 

7.444355196 5.336110582 
7.456332514 5.377387878 

7.471379976 5.413285013 
7.456332514 5.377387878 

2.689162131 7.601288362 
2.745865252 7.694976665 

0.3944997166 6.742232234 
0.6131491053 6.95231024 

0.8471920961 7.150073103 
0.6131491053 6.95231024 

2.729168646 7.382334462 
2.81123777 7.290705037 

2.891911948 7.226344752 
2.81123777 7.290705037 

0.7359409978 6.950753135 
0.6131491053 6.95231024 

2.820427153 2.46183712 
2.739303236 2.552574796 

2.669869676 2.636082784 
2.739303236 2.552574796 

6.291338185 5.629535181 
6.391183011 5.659541914 

6.490003989 5.669522644 
6.391183011 5.659541914 

3.620630871 8.491032879 
3.689791215 8.535689923 

3.75826672 8.541749509 
3.689791215 8.535689923 

4.00588277 7.001959533 
4.087912419 7.02822497 

2.039274074 7.022028465 
2.001211582 6.944618037 

1.95891204 6.863432991 
2.001211582 6.944618037 

7.702295948 6.183147013 
7.723568068 6.199219437 

7.723568068 6.199219437 
7.734204129 6.207255649 

7.744840189 6.215291861 
7.734204129 6.207255649 

6.887909898 6.168769408 
6.902595629 6.088479299 

6.914316882 6.001628671 
6.902595629 6.088479299 

2.365097728 1.844804761 
2.355009043 1.778568495 

5.116426832 8.17403296 
5.088010155 8.144094539 

5.061729826 8.127450892 
5.088010155 8.144094539 

1.726601981 7.342221022 
1.795374258 7.33728602 

4.059363816 3.84725174 
4.140440756 3.731082748 

4.244030439 3.62234683 
4.140440756 3.731082748 

5.33979239 5.713917473 
5.38307735 5.604423854 

1.710934546 1.791310896 
1.59604955 1.760883737 

5.104382291 4.992204333 
5.135407122 4.881654628 

3.85122598 1.856124252 
3.767290758 1.757073724 

4.132967659 5.893677747 
4.186785589 5.861319462 

4.247348207 5.842050363 
4.186785589 5.861319462 

1.474072965 1.728551807 
1.532998402 1.743529868 

1.59604955 1.760883737 
1.532998402 1.743529868 

0.3584241037 8.090208635 
0.336504945 8.144429658 

0.3045435422 8.192038472 
0.336504945 8.144429658 

7.228556145 5.21905575 
7.139642874 5.188086799 

2.950307834 7.750631191 
3.147073747 7.835918312 

3.367755105 7.907494358 
3.147073747 7.835918312 

2.250645134 7.505050085 
2.294249851 7.425610296 

2.500426828 2.191386046 
2.477897128 2.155238229 

2.454408805 2.121463834 
2.477897128 2.155238229 

2.762684801 1.428681002 
2.792548565 1.432480845 

2.810676616 1.443368869 
2.792548565 1.432480845 

0.3654170151 7.537053881 
0.359644267 7.545264906 

2.377936746 6.416559821 
2.252830702 6.408199762 

2.124438806 6.395125424 
2.252830702 6.408199762 

0.3743666738 7.522474977 
0.3698918445 7.529764429 

0.3654170151 7.537053881 
0.3698918445 7.529764429 

3.066223674 2.735155813 
3.054511435 2.615773664 

3.04296809 2.493298083 
3.054511435 2.615773664 

5.621504762 6.92734439 
5.67949504 6.887959641 

5.234823357 8.171743414 
5.116426832 8.17403296 

5.475579759 5.680013099 
5.528838954 5.536144868 

5.577427454 5.383506267 
5.528838954 5.536144868 

2.582960909 9.286420383 
2.590289193 9.202239622 

7.137402978 7.492549793 
7.177554894 7.521745483 

7.221109219 7.568088745 
7.177554894 7.521745483 

3.012848044 6.078671808 
3.050381656 6.096254311 

3.07961102 6.121457517 
3.050381656 6.096254311 

7.547975968 6.036668686 
7.685796178 6.083655507 

3.434977796 2.080028837 
3.385046907 2.144744514 

3.344313433 2.220387104 
3.385046907 2.144744514 

2.155251955 7.814362584 
2.134018968 7.737905238 

2.108759023 7.663389854 
2.134018968 7.737905238 

3.479718323 1.061133546 
3.450942328 1.04330797 

3.420461885 1.022949712 
3.450942328 1.04330797 

2.773138208 7.979491896 
2.666074037 7.88238559 

2.565767944 7.773882119 
2.666074037 7.88238559 

2.934996948 2.037407041 
3.074871042 1.809577526 

2.134018968 7.737905238 
2.200836964 7.711662779 

3.608020484 2.517351592 
3.596251825 2.610817029 

2.934996948 2.037407041 
3.090657522 2.027593132 

3.1746725 2.043990526 
3.090657522 2.027593132 

1.505955366 9.332904997 
1.507250915 9.377662785 

1.638859819 7.012270255 
1.575214364 7.004562881 

3.000819242 3.362459491 
3.027148519 3.34291585 

3.049574327 3.308833337 
3.027148519 3.34291585 

6.092188675 5.160753447 
6.125250126 5.093217718 

6.172853307 5.006526008 
6.125250126 5.093217718 

2.970621703 2.695681103 
3.054511435 2.615773664 

6.345063104 8.334859312 
6.44139416 8.305683898 

6.534372155 8.284176062 
6.44139416 8.305683898 

1.507250915 9.377662785 
1.503905932 9.396489477 

7.228556145 5.21905575 
7.20207376 5.149267985 

7.164082912 5.089853152 
7.20207376 5.149267985 

5.241501634 6.560308752 
5.217647435 6.49211959 

5.215695239 6.431236201 
5.217647435 6.49211959 

3.317954394 1.989640801 
3.1746725 2.043990526 

1.503511894 9.44022819 
1.503708913 9.418358833 

1.503905932 9.396489477 
1.503708913 9.418358833 

5.135407122 4.881654628 
5.161064971 4.821848474 

6.995396101 5.292627721 
7.025257929 5.215489007 

7.054667108 5.139833024 
7.025257929 5.215489007 

2.452048243 8.031479012 
2.405713607 7.948755127 

2.342996417 7.868590308 
2.405713607 7.948755127 

1.626196329 1.504080279 
1.622310226 1.453971638 

1.618424123 1.403862997 
1.622310226 1.453971638 

6.48898487 7.969008597 
6.566299724 7.957571361 

6.642672993 7.946094167 
6.566299724 7.957571361 

3.918813599 2.034412055 
3.809803663 2.048313439 

3.672135266 2.037011781 
3.809803663 2.048313439 

5.874038944 6.403597978 
5.968705599 6.325319207 

3.074871042 1.809577526 
3.144019282 1.853992452 

3.231564825 1.877880196 
3.186100547 1.870166358 

3.144019282 1.853992452 
3.186100547 1.870166358 

5.070424298 7.318718736 
5.163381877 7.266753386 

5.267044746 7.196531407 
5.163381877 7.266753386 

7.314020288 7.792382897 
7.255587438 7.824295975 

7.196523892 7.844290237 
7.255587438 7.824295975 

2.298051202 2.474106522 
2.335568259 2.451186522 

2.374243116 2.433147372 
2.335568259 2.451186522 

3.809803663 2.048313439 
3.784887368 2.106271002 

2.579730923 2.76131859 
2.576985246 2.873290549 

2.555495945 0.3754017249 
2.576494617 0.3994234367 

2.597493288 0.4234451485 
2.576494617 0.3994234367 

6.042747225 6.221291505 
6.008687268 6.271488879 

5.968705599 6.325319207 
6.008687268 6.271488879 

3.044790498 3.070414907 
3.029714622 2.874802116 

3.749030834 8.1855216 
3.694454577 8.024497253 

3.641281715 7.859551601 
3.694454577 8.024497253 

6.24638715 5.761625605 
6.187752302 5.863763305 

2.973321458 1.292843047 
3.050102436 1.296060917 

3.127927696 1.302685881 
3.050102436 1.296060917 

5.221205619 4.747553675 
5.187413446 4.785992317 

5.161064971 4.821848474 
5.187413446 4.785992317 

3.767290758 1.757073724 
3.64702196 1.620164598 

3.211823198 0.9301892097 
3.29257323 0.823114739 

3.353001849 0.7091621197 
3.29257323 0.823114739 

2.23901338 6.505599844 
2.252830702 6.408199762 

1.361316278 8.284627033 
1.423286954 8.40711141 

2.121926136 7.552350065 
2.113088651 7.439454681 

0.6149923547 7.337285774 
0.563001936 7.349484293 

0.5156198183 7.36902065 
0.563001936 7.349484293 

2.756317973 8.124144072 
2.756228301 8.049370118 

2.773138208 7.979491896 
2.756228301 8.049370118 

6.209117281 7.993484909 
6.26113391 8.000195295 

6.3164255 7.998367446 
6.26113391 8.000195295 

2.582960909 9.286420383 
2.612590218 9.391387629 

7.207213215 5.910275885 
7.154770159 5.939766117 

7.11629763 5.960757827 
7.154770159 5.939766117 

2.332624473 7.341873426 
2.332252624 7.388512891 

2.294249851 7.425610296 
2.332252624 7.388512891 

6.635925174 6.304782654 
6.722274093 6.517444973 

1.601632203 6.946937952 
1.596823381 6.970775082 

6.722274093 6.517444973 
6.803619082 6.628242537 

2.345174174 2.337769942 
2.311751172 2.188929194 

6.635925174 6.304782654 
6.599294308 6.395024681 

6.54195942 6.485072347 
6.599294308 6.395024681 

5.915998574 6.735322066 
5.828936055 6.688541328 

5.739896434 6.643146281 
5.828936055 6.688541328 

3.317954394 1.989640801 
3.270124536 2.062549926 

3.223043261 2.133530071 
3.270124536 2.062549926 

2.311751172 2.188929194 
2.454408805 2.121463834 

1.496153298 7.404498451 
1.424353934 7.3057884 

1.355467588 7.204894031 
1.424353934 7.3057884 

3.672135266 2.037011781 
3.921835531 1.9885361 

4.179879064 1.946895992 
3.921835531 1.9885361 

4.189619797 0.9232064197 
4.132056438 0.830125701 

3.076968281 8.340241401 
3.160668495 8.466530158 

3.24607438 8.592855944 
3.160668495 8.466530158 

5.774705086 6.867670369 
5.828936055 6.688541328 

1.628640072 8.585087453 
1.703684352 8.633747389 

1.778728633 8.682407324 
1.703684352 8.633747389 

2.622695018 8.715362657 
2.457621482 8.701188998 

1.847710386 2.197771036 
1.976536002 2.157954918 

2.111748514 2.109682249 
1.976536002 2.157954918 

1.893513523 7.428661343 
2.007328764 7.487851061 

2.121926136 7.552350065 
2.007328764 7.487851061 

2.998560492 7.923577589 
3.147073747 7.835918312 

5.709765915 6.393245168 
5.793084274 6.397363185 

5.874038944 6.403597978 
5.793084274 6.397363185 

1.875109993 7.559755067 
1.741853125 7.621503218 

7.000745391 7.096981737 
7.041423794 7.13102556 

7.082102197 7.165069383 
7.041423794 7.13102556 

0.5520987008 7.541902925 
0.5368698492 7.55439276 

4.111295702 0.5238491231 
4.069824004 0.5154048859 

4.028352307 0.5069606486 
4.069824004 0.5154048859 

3.261494619 3.927451785 
3.377283137 3.763588713 

3.494554894 3.599174643 
3.377283137 3.763588713 

3.317429176 8.89397805 
3.298164843 8.927152912 

3.278900509 8.960327774 
3.298164843 8.927152912 

3.059653823 2.102961196 
3.090657522 2.027593132 

2.689942387 8.448301568 
2.743074696 8.462438567 

2.795729948 8.477807596 
2.743074696 8.462438567 

2.353327075 1.328106978 
2.291771121 1.416310344 

2.230215167 1.50451371 
2.291771121 1.416310344 

1.726601981 7.342221022 
1.724511761 7.280133009 

1.722243198 7.216561491 
1.724511761 7.280133009 

3.521107562 3.848877961 
3.377283137 3.763588713 

1.575214364 7.004562881 
1.585972135 6.987755022 

1.596823381 6.970775082 
1.585972135 6.987755022 

5.904227092 5.503493139 
5.916114383 5.543371163 

5.929627638 5.58361181 
5.916114383 5.543371163 

1.228596807 6.904249092 
1.437531317 6.64260976 

4.773532743 6.803927695 
4.837384424 6.840204497 

4.901236104 6.8764813 
4.837384424 6.840204497 

4.75604182 7.283405763 
4.785589643 7.360802408 

4.783907424 7.428437554 
4.785589643 7.360802408 

6.803619082 6.628242537 
6.83259822 6.687627261 

6.860167376 6.745122965 
6.83259822 6.687627261 

0.359644267 7.545264906 
0.3368713157 7.563079462 

7.241225503 7.459146519 
7.177554894 7.521745483 

0.3368713157 7.563079462 
0.3254848401 7.571986739 

0.3140983645 7.580894017 
0.3254848401 7.571986739 

3.294119953 7.244077056 
3.310661425 7.210898529 

3.328110417 7.178103756 
3.310661425 7.210898529 

6.191950657 7.310392916 
6.301884272 7.28615129 

6.415899208 7.238058878 
6.301884272 7.28615129 

2.077437713 7.259432489 
2.12528522 7.337768801 

2.178017043 7.423518095 
2.12528522 7.337768801 

4.544737464 2.583701502 
4.607214253 2.541577692 

4.669691043 2.499453883 
4.607214253 2.541577692 

1.405331757 8.122609702 
1.383324017 8.203618368 

1.361316278 8.284627033 
1.383324017 8.203618368 

2.733578818 7.127732345 
2.949137886 7.114489493 

1.281285815 7.46363058 
1.249094077 7.518548174 

1.21690234 7.573465768 
1.249094077 7.518548174 

6.058624473 6.023117135 
6.089654632 5.945910835 

6.12581327 5.868468911 
6.089654632 5.945910835 

1.984970635 3.316938974 
2.0766803 3.325144836 

2.168770686 3.332327459 
2.0766803 3.325144836 

2.894024197 9.079920298 
2.952780278 9.103179862 

3.011536358 9.126439425 
2.952780278 9.103179862 

1.599471922 8.268354985 
1.671693094 8.244536236 

5.496576783 8.156623375 
5.489326203 8.19984498 

0.8471920961 7.150073103 
0.8492010567 6.964656483 

6.083336725 6.59692049 
6.048724311 6.54763048 

6.013165314 6.498335055 
6.048724311 6.54763048 

5.124613222 7.617345 
5.066764969 7.714154888 

5.008916716 7.810964776 
5.066764969 7.714154888 

6.414008277 6.81514852 
6.241372541 6.740439714 

6.414008277 6.81514852 
6.479588262 6.88523622 

6.545168248 6.95532392 
6.479588262 6.88523622 

1.228596807 6.904249092 
1.265516331 6.564106734 

1.302435855 6.223964377 
1.265516331 6.564106734 

3.1746725 2.043990526 
3.270124536 2.062549926 

2.636685616 9.486840166 
2.625344073 9.434747161 

2.612590218 9.391387629 
2.625344073 9.434747161 

0.7268938289 6.340541847 
0.7467686466 6.368151518 

0.7666434643 6.395761189 
0.7467686466 6.368151518 

5.489671372 8.259317664 
5.489498787 8.229581322 

5.489326203 8.19984498 
5.489498787 8.229581322 

