4.466512598 2.722127644 
4.567748954 3.375193571 

2.754807554 8.838108798 
3.317429176 8.89397805 

4.757526663 4.764565944 
4.471534652 4.504793822 

6.363822148 6.356442892 
6.677331174 6.145128437 

6.914316882 6.001628671 
6.677331174 6.145128437 

1.647178949 7.003794952 
1.347380717 7.197594946 

1.664604272 7.875794814 
1.891825219 7.685022581 

6.48610874 5.273059564 
6.639872591 5.697882367 

4.466512598 2.722127644 
5.036363903 2.562383437 

7.599878258 6.507857895 
6.916604729 6.349650178 

6.677331174 6.145128437 
6.916604729 6.349650178 

3.757223964 1.85082297 
3.581995564 1.768931703 

4.186562927 4.130135172 
4.059363816 3.84725174 

7.389117594 7.336766505 
6.82953041 7.363802271 

5.566373661 6.055699469 
5.844032233 6.086832047 

4.471534652 4.504793822 
4.340947333 4.341108605 

4.186562927 4.130135172 
4.340947333 4.341108605 

5.267044746 7.196531407 
4.788185122 7.51041034 

1.951910198 2.917844793 
2.446071524 3.245322631 

2.531980485 1.973459738 
2.744478516 2.08770407 

1.628640072 8.585087453 
1.503666601 8.888611791 

2.729645966 8.243470349 
2.948694395 7.752884275 

2.744478516 2.08770407 
2.173652476 2.292992235 

2.173652476 2.292992235 
2.298051202 2.474106522 

5.727287505 7.327319342 
5.736446911 7.011100005 

0.6730584387 7.609596172 
1.04229133 7.63421981 

1.321202563 7.719278463 
1.04229133 7.63421981 

6.82953041 7.363802271 
6.950143121 7.028253799 

4.198054968 2.352319594 
4.481680891 2.411369473 

1.647178949 7.003794952 
1.230209771 6.906613237 

2.078424787 7.259865819 
2.115777742 7.443576769 

1.474072965 1.728551807 
2.173652476 2.292992235 

6.545168248 6.95532392 
7.151353997 6.682176371 

1.230209771 6.906613237 
0.8478336046 7.148979886 

6.82953041 7.363802271 
6.934563629 7.847621585 

5.041676725 6.578227653 
5.223137984 6.432992596 

5.578576143 7.673324561 
5.758350507 7.762656734 

6.066316957 7.873426138 
5.758350507 7.762656734 

7.151353997 6.682176371 
6.950143121 7.028253799 

2.502535885 8.592851655 
2.729645966 8.243470349 

1.664604272 7.875794814 
1.150946403 8.047598541 

3.672611051 2.035869057 
3.757223964 1.85082297 

2.476707061 3.835675981 
2.446071524 3.245322631 

6.639872591 5.697882367 
6.914316882 6.001628671 

3.2398458 1.863981104 
3.415973985 1.880990275 

3.01376278 6.081712442 
2.742685479 6.292256129 

1.252017999 8.741671459 
1.503666601 8.888611791 

3.211823198 0.9301892097 
3.420355239 1.021226667 

4.466512598 2.722127644 
4.481680891 2.411369473 

6.040655996 7.113489049 
6.191950657 7.310392916 

2.446071524 3.245322631 
2.386579501 3.418645349 

7.151353997 6.682176371 
6.964416689 6.635537155 

5.618267749 6.49925129 
5.750131485 6.52267302 

0.8478336046 7.148979886 
1.02545932 7.449509399 

2.975479518 1.702542556 
2.86127101 1.621065139 

3.066771357 8.353211127 
3.068188144 8.057629951 

4.136475021 5.895742227 
4.200968271 6.217672941 

3.857597441 6.757053667 
4.200968271 6.217672941 

3.776935016 1.366650277 
3.918910197 1.588917765 

7.471379976 5.413285013 
6.929832929 5.663836355 

1.806484201 8.874795422 
1.594578608 9.061104145 

1.092943192 9.29559265 
1.594578608 9.061104145 

3.211823198 0.9301892097 
3.130744891 1.305522802 

3.581995564 1.768931703 
3.130744891 1.305522802 

6.291338185 5.629535181 
6.133000451 5.340648997 

0.3944997166 6.742232234 
0.9957471376 6.78508902 

1.230209771 6.906613237 
0.9957471376 6.78508902 

3.317429176 8.89397805 
3.247336169 8.591349537 

6.916604729 6.349650178 
6.721640881 6.520509895 

2.531980485 1.973459738 
2.355009043 1.778568495 

2.173652476 2.292992235 
2.115841804 2.109507312 

1.302003803 2.294791539 
1.64881557 2.284322542 

2.007017016 8.529123337 
2.024925504 8.847776857 

7.314020288 7.792382897 
6.934563629 7.847621585 

3.754787473 0.8101022276 
3.576607087 0.7919097132 

4.776544019 5.63998428 
4.848042187 5.83501496 

2.357126847 0.9248610923 
2.258152166 0.6426332737 

7.304593754 6.170841488 
7.204336821 6.310645409 

4.366155226 7.650895081 
4.340420439 7.30107594 

4.340420439 7.30107594 
4.545272079 7.321441982 

1.806484201 8.874795422 
2.024925504 8.847776857 

6.311990751 7.998403523 
5.569897493 7.984196377 

7.228556145 5.21905575 
7.092619699 5.362021566 

5.569897493 7.984196377 
5.578576143 7.673324561 

1.150946403 8.047598541 
1.321202563 7.719278463 

0.3045435422 8.192038472 
0.6400582836 7.987728072 

4.447192227 1.366258929 
3.918910197 1.588917765 

5.631778762 4.973331108 
5.504260272 4.772733621 

5.221205619 4.747553675 
5.504260272 4.772733621 

5.844032233 6.086832047 
6.062417714 6.219825145 

2.502535885 8.592851655 
2.611141936 8.920826427 

3.078897994 0.3134045779 
3.362264164 0.7126126488 

3.420355239 1.021226667 
3.362264164 0.7126126488 

3.649512766 3.026631868 
3.761374007 3.282915857 

2.476707061 3.835675981 
2.386579501 3.418645349 

2.115841804 2.109507312 
2.744478516 2.08770407 

4.136475021 5.895742227 
4.721013897 6.281181535 

5.041676725 6.578227653 
4.721013897 6.281181535 

1.830496704 6.379894506 
1.63445661 6.651830095 

6.191950657 7.310392916 
5.727287505 7.327319342 

3.247336169 8.591349537 
3.403919662 8.370363491 

2.744478516 2.08770407 
2.503247954 2.191046319 

3.947146093 2.574799565 
3.607585998 2.516407204 

3.551233105 2.28777674 
3.607585998 2.516407204 

2.115777742 7.443576769 
2.248557612 7.5038829 

2.853567355 6.656342597 
3.411353253 6.453831394 

7.599878258 6.507857895 
7.266481141 6.516194632 

6.82953041 7.363802271 
6.615758611 7.481594454 

1.664604272 7.875794814 
1.466950241 7.990798386 

7.151353997 6.682176371 
7.404609899 6.648990942 

6.062417714 6.219825145 
6.063086248 6.024872218 

1.466950241 7.990798386 
1.397405819 8.12479289 

2.462981458 6.015078279 
2.70626057 6.123896172 

2.742685479 6.292256129 
2.70626057 6.123896172 

2.729645966 8.243470349 
2.384675345 8.343573557 

2.820084794 2.45384358 
2.883346731 2.2679676 

2.925714655 2.036659962 
2.883346731 2.2679676 

1.230209771 6.906613237 
1.347380717 7.197594946 

2.386579501 3.418645349 
2.17031507 3.333007863 

1.02545932 7.449509399 
1.162566069 7.138363743 

1.230209771 6.906613237 
1.162566069 7.138363743 

4.721013897 6.281181535 
4.642901553 6.474248314 

3.857597441 6.757053667 
3.829239243 7.127776846 

2.607802249 3.176419963 
2.446071524 3.245322631 

3.14971439 3.29593457 
3.209183654 3.516702118 

5.221205619 4.747553675 
4.931631637 4.963886757 

4.757526663 4.764565944 
4.931631637 4.963886757 

5.631778762 4.973331108 
5.899409769 4.719733171 

1.04229133 7.63421981 
1.02545932 7.449509399 

2.364484971 1.332986627 
2.075387168 1.354275819 

2.754807554 8.838108798 
2.611141936 8.920826427 

5.618267749 6.49925129 
5.62216986 6.750974584 

0.7401238531 8.294133125 
0.6400582836 7.987728072 

6.671051277 8.239020197 
6.634197281 7.93213308 

1.64881557 2.284322542 
1.599180896 2.418981866 

2.729645966 8.243470349 
3.068188144 8.057629951 

1.9376403 1.488173794 
1.903329962 1.670673033 

5.62216986 6.750974584 
5.912651646 6.731951295 

2.975479518 1.702542556 
2.925714655 2.036659962 

4.447192227 1.366258929 
4.568304063 1.627383144 

3.576607087 0.7919097132 
3.562337609 0.4240968854 

4.773532743 6.803927695 
4.545227843 6.954426806 

0.8478336046 7.148979886 
1.162566069 7.138363743 

3.607585998 2.516407204 
3.497642857 2.630074628 

1.302003803 2.294791539 
1.599180896 2.418981866 

2.67778723 0.4585442766 
2.764962431 0.8483109743 

3.075485038 2.331353231 
2.883346731 2.2679676 

4.466512598 2.722127644 
4.394448477 2.867473555 

1.844048961 2.196209358 
1.64881557 2.284322542 

2.853567355 6.656342597 
2.880399142 6.820104948 

2.927585971 2.89710764 
2.971266903 2.695683156 

5.578576143 7.673324561 
5.247887533 7.701685623 

0.8478336046 7.148979886 
0.9957471376 6.78508902 

4.567748954 3.375193571 
4.56138946 3.139899971 

4.326684104 3.154480994 
4.56138946 3.139899971 

2.637814809 9.483109342 
2.742339466 9.15164954 

2.754807554 8.838108798 
2.742339466 9.15164954 

6.770235106 6.789335728 
6.721640881 6.520509895 

3.74779509 7.543258355 
4.06352945 7.660839194 

1.9376403 1.488173794 
2.075387168 1.354275819 

3.420355239 1.021226667 
3.576607087 0.7919097132 

6.133000451 5.340648997 
6.31524846 5.454124603 

6.48610874 5.273059564 
6.31524846 5.454124603 

0.7286303447 8.841212416 
0.5055198053 8.629138842 

2.975479518 1.702542556 
3.03662732 1.554998316 

4.993176022 7.988188497 
5.445268843 7.655443708 

7.204336821 6.310645409 
7.266481141 6.516194632 

6.914316882 6.001628671 
6.929832929 5.663836355 

1.347380717 7.197594946 
0.9718015676 6.978493572 

3.403919662 8.370363491 
3.540673206 8.320061768 

5.904227092 5.503493139 
6.133000451 5.340648997 

1.397405819 8.12479289 
1.510298251 8.390562312 

1.628640072 8.585087453 
1.510298251 8.390562312 

2.729645966 8.243470349 
2.79711147 8.477371291 

5.267044746 7.196531407 
5.247887533 7.701685623 

6.721640881 6.520509895 
6.59730125 6.682420857 

5.472168151 5.673619801 
5.096197357 5.932303661 

2.744478516 2.08770407 
2.925714655 2.036659962 

0.6400582836 7.987728072 
0.6730584387 7.609596172 

6.671051277 8.239020197 
7.007165313 8.057658189 

0.6400582836 7.987728072 
0.8336837668 7.858298005 

0.9718015676 6.978493572 
1.230209771 6.906613237 

4.568304063 1.627383144 
4.287619112 1.574831909 

4.127785417 1.387623756 
4.287619112 1.574831909 

4.193724096 1.951008496 
3.953785232 2.166739816 

1.599180896 2.418981866 
1.52082938 2.462293197 

3.262580263 3.92638707 
3.186640281 3.625979729 

2.995370393 3.418273057 
3.186640281 3.625979729 

5.223137984 6.432992596 
5.000772975 6.335132797 

4.721013897 6.281181535 
5.000772975 6.335132797 

4.776544019 5.63998428 
5.166467996 5.42831877 

1.674455259 6.378029117 
1.830496704 6.379894506 

3.03662732 1.554998316 
2.86127101 1.621065139 

2.890199232 7.22716212 
2.647897364 7.309113443 

2.742685479 6.292256129 
2.79857245 6.45560442 

0.9957471376 6.78508902 
1.088802512 6.594217056 

1.63445661 6.651830095 
1.230209771 6.906613237 

1.300634356 6.222735309 
1.3212396 6.587346259 

0.6730584387 7.609596172 
0.5139513844 7.677728418 

7.404609899 6.648990942 
7.266481141 6.516194632 

5.036363903 2.562383437 
4.934354181 2.930287955 

2.378420545 6.415679278 
2.742685479 6.292256129 

5.899409769 4.719733171 
6.021679337 4.816663081 

1.867661761 0.7772758986 
1.867066545 1.053090692 

5.462515409 7.034204333 
5.68295048 6.88588575 

5.62216986 6.750974584 
5.68295048 6.88588575 

4.575823456 1.836469611 
4.72846888 1.816964694 

4.969318551 1.715578376 
4.72846888 1.816964694 

1.503666601 8.888611791 
1.344295913 9.069659289 

4.901236104 6.8764813 
4.932341502 7.116322307 

2.611141936 8.920826427 
2.742339466 9.15164954 

4.931631637 4.963886757 
4.830920897 5.149314944 

6.639872591 5.697882367 
6.888367332 5.384250829 

4.830920897 5.149314944 
4.453330161 5.284498059 

1.252017999 8.741671459 
1.510298251 8.390562312 

6.929832929 5.663836355 
6.888367332 5.384250829 

4.080314737 0.9694600579 
4.132056438 0.830125701 

2.86127101 1.621065139 
2.595485184 1.674697576 

2.355009043 1.778568495 
2.595485184 1.674697576 

3.74779509 7.543258355 
3.367755105 7.907494358 

3.74779509 7.543258355 
3.641281715 7.859551601 

4.545272079 7.321441982 
4.545227843 6.954426806 

2.531980485 1.973459738 
2.595485184 1.674697576 

3.761374007 3.282915857 
3.640348387 3.210672059 

2.451134096 8.033733316 
2.266080413 8.069967319 

2.890199232 7.22716212 
3.106412363 7.028294556 

1.891825219 7.685022581 
2.047579594 7.678815723 

3.01376278 6.081712442 
2.70626057 6.123896172 

5.086581903 2.10188714 
4.906558048 1.988977346 

4.721013897 6.281181535 
4.586997687 6.099379735 

2.168166655 9.279168222 
2.388854146 8.838892305 

1.647178949 7.003794952 
1.724860001 7.339691206 

4.127785417 1.387623756 
4.50609237 0.813155209 

7.389117594 7.336766505 
7.194302132 7.053530113 

3.066771357 8.353211127 
2.79711147 8.477371291 

2.79711147 8.477371291 
3.019993853 8.643990049 

1.347380717 7.197594946 
1.724860001 7.339691206 

2.607802249 3.176419963 
2.687322738 3.373714847 

6.888367332 5.384250829 
7.092619699 5.362021566 

4.466512598 2.722127644 
4.544177677 2.584515005 

3.173751414 2.213104535 
3.216303712 2.125149036 

4.776544019 5.63998428 
4.86530822 5.417170874 

4.50609237 0.813155209 
4.132056438 0.830125701 

1.397405819 8.12479289 
1.69824441 8.170523164 

3.672611051 2.035869057 
3.434027326 2.080897155 

6.25492956 6.939188948 
6.244019423 6.741126925 

3.075485038 2.331353231 
3.173751414 2.213104535 

3.068188144 8.057629951 
3.367755105 7.907494358 

3.019993853 8.643990049 
3.100966203 8.731186242 

5.445268843 7.655443708 
5.578576143 7.673324561 

2.669869676 2.636082784 
2.731391824 2.834500062 

2.927585971 2.89710764 
2.731391824 2.834500062 

7.599878258 6.507857895 
7.610165005 6.705106561 

3.075485038 2.331353231 
3.04296809 2.493298083 

2.67778723 0.4585442766 
2.391234681 0.6944018077 

2.258152166 0.6426332737 
2.391234681 0.6944018077 

1.674455259 6.378029117 
1.712093084 6.174369777 

3.01376278 6.081712442 
3.088914202 6.323171161 

4.993176022 7.988188497 
5.13829326 7.894787754 

5.247887533 7.701685623 
5.13829326 7.894787754 

2.357126847 0.9248610923 
2.444403117 0.7403202306 

2.611141936 8.920826427 
2.518789399 9.093481197 

3.420355239 1.021226667 
3.262262789 1.11358987 

3.130744891 1.305522802 
3.262262789 1.11358987 

2.17031507 3.333007863 
2.098427786 3.493948435 

4.127785417 1.387623756 
4.002439342 1.386255319 

1.302003803 2.294791539 
1.52082938 2.462293197 

1.302003803 2.294791539 
1.530253586 2.053822653 

0.761237016 8.101659807 
0.6400582836 7.987728072 

7.304593754 6.170841488 
7.394002729 6.139502707 

4.198054968 2.352319594 
4.466512598 2.722127644 

4.193724096 1.951008496 
4.271413808 2.127758423 

2.444403117 0.7403202306 
2.464847831 0.544831072 

1.02545932 7.449509399 
1.281285815 7.46363058 

5.041676725 6.578227653 
4.901236104 6.8764813 

1.092943192 9.29559265 
1.383717502 8.673403831 

4.545227843 6.954426806 
4.361643836 6.642874243 

0.9718015676 6.978493572 
0.8478336046 7.148979886 

7.204336821 6.310645409 
7.394002729 6.139502707 

2.007017016 8.529123337 
2.127463088 8.424456114 

7.007165313 8.057658189 
6.934563629 7.847621585 

0.3944997166 6.742232234 
0.7139038952 6.623671938 

0.7401238531 8.294133125 
0.7576837456 8.538285383 

7.314020288 7.792382897 
7.221109219 7.568088745 

1.252017999 8.741671459 
1.383717502 8.673403831 

3.262580263 3.92638707 
3.521923404 3.84952903 

3.70995925 4.020771592 
3.521923404 3.84952903 

5.758350507 7.762656734 
5.912413824 7.54443024 

1.150946403 8.047598541 
0.8336837668 7.858298005 

1.252017999 8.741671459 
1.055854898 8.701434072 

4.340420439 7.30107594 
3.97226004 7.456994906 

3.74779509 7.543258355 
3.97226004 7.456994906 

2.531980485 1.973459738 
2.725020726 1.856842177 

2.146218246 7.815116943 
2.198835803 7.711687252 

2.383829075 7.682924485 
2.198835803 7.711687252 

3.211823198 0.9301892097 
3.262262789 1.11358987 

2.948694395 7.752884275 
2.996497931 7.922902565 

3.068188144 8.057629951 
2.996497931 7.922902565 

2.342996417 7.868590308 
2.198835803 7.711687252 

6.721640881 6.520509895 
6.541981252 6.486502239 

4.06352945 7.660839194 
3.97226004 7.456994906 

6.541981252 6.486502239 
6.59730125 6.682420857 

6.291338185 5.629535181 
6.028502672 5.887362388 

5.844032233 6.086832047 
6.028502672 5.887362388 

0.7268938289 6.340541847 
1.044832159 6.37601481 

2.503247954 2.191046319 
2.488180347 2.341401852 

5.380498892 6.72792676 
5.62216986 6.750974584 

2.799843452 7.572865508 
2.948694395 7.752884275 

2.774414705 7.979191976 
2.996497931 7.922902565 

4.200968271 6.217672941 
4.586997687 6.099379735 

6.770235106 6.789335728 
6.859769436 6.745597205 

6.964416689 6.635537155 
6.859769436 6.745597205 

4.200968271 6.217672941 
4.252364646 6.475737009 

4.361643836 6.642874243 
4.252364646 6.475737009 

5.736446911 7.011100005 
5.68295048 6.88588575 

5.912651646 6.731951295 
5.68295048 6.88588575 

7.394002729 6.139502707 
7.481012324 6.24445408 

7.092619699 5.362021566 
7.471379976 5.413285013 

2.446071524 3.245322631 
2.361506189 2.925634511 

3.362264164 0.7126126488 
3.576607087 0.7919097132 

4.86530822 5.417170874 
5.166467996 5.42831877 

4.993176022 7.988188497 
5.124744429 7.618113308 

4.198054968 2.352319594 
4.306864748 2.218113764 

4.271413808 2.127758423 
4.306864748 2.218113764 

5.566373661 6.055699469 
5.264032442 6.019200138 

5.096197357 5.932303661 
5.264032442 6.019200138 

7.092619699 5.362021566 
7.020328646 5.516682614 

6.929832929 5.663836355 
7.020328646 5.516682614 

4.013432258 3.103038113 
4.121601577 2.848512617 

6.545168248 6.95532392 
6.244019423 6.741126925 

7.266481141 6.516194632 
7.151353997 6.682176371 

5.750131485 6.52267302 
5.870737919 6.401928493 

6.063086248 6.024872218 
6.028502672 5.887362388 

5.897259226 6.54452589 
5.870737919 6.401928493 

1.844048961 2.196209358 
1.530253586 2.053822653 

6.916604729 6.349650178 
6.541981252 6.486502239 

0.5055198053 8.629138842 
0.6560368864 8.558007211 

0.7576837456 8.538285383 
0.6560368864 8.558007211 

1.764011158 9.324243508 
1.713536661 9.175911717 

1.594578608 9.061104145 
1.713536661 9.175911717 

3.641281715 7.859551601 
3.540673206 8.320061768 

1.598446976 7.524038199 
1.744615073 7.620871126 

1.891825219 7.685022581 
1.744615073 7.620871126 

1.984970635 3.316938974 
1.914469737 3.489640025 

1.3212396 6.587346259 
1.088802512 6.594217056 

1.510298251 8.390562312 
1.678619516 8.333050853 

2.421063935 6.249766215 
2.171876701 6.048160411 

4.86530822 5.417170874 
5.047334401 5.153312199 

3.317100992 0.5301034377 
3.408721349 0.3019219403 

1.618424123 1.403862997 
1.913546284 1.318489956 

2.075387168 1.354275819 
1.913546284 1.318489956 

2.007017016 8.529123337 
1.628640072 8.585087453 

1.150946403 8.047598541 
1.290031142 7.962677973 

1.9376403 1.488173794 
1.913546284 1.318489956 

1.844048961 2.196209358 
1.642852912 2.197103994 

4.125586773 0.5281680696 
4.096661862 0.7350457884 

4.132056438 0.830125701 
4.096661862 0.7350457884 

3.262580263 3.92638707 
3.40051514 3.720588502 

3.209183654 3.516702118 
3.40051514 3.720588502 

0.7139038952 6.623671938 
0.7784643588 6.579020002 

2.975479518 1.702542556 
2.725020726 1.856842177 

7.207213215 5.910275885 
7.234890915 5.730080358 

2.098427786 3.493948435 
2.041157605 3.447179617 

1.984970635 3.316938974 
2.041157605 3.447179617 

2.995370393 3.418273057 
2.811834102 3.549086515 

5.223137984 6.432992596 
5.264032442 6.019200138 

3.362264164 0.7126126488 
3.317100992 0.5301034377 

6.545168248 6.95532392 
6.393346348 6.682064828 

6.363822148 6.356442892 
6.393346348 6.682064828 

3.344295641 2.22059225 
3.30932918 2.380954892 

3.317429176 8.89397805 
2.864694278 8.693815903 

2.502535885 8.592851655 
2.864694278 8.693815903 

3.581995564 1.768931703 
3.652884346 1.618153188 

5.183006282 8.070979144 
5.13829326 7.894787754 

1.951910198 2.917844793 
1.725373682 2.748003273 

6.25492956 6.939188948 
6.431504793 6.808931718 

3.947146093 2.574799565 
3.708323191 2.318892794 

3.672611051 2.035869057 
3.708323191 2.318892794 

2.357126847 0.9248610923 
2.391234681 0.6944018077 

3.209183654 3.516702118 
3.186640281 3.625979729 

2.464847831 0.544831072 
2.391234681 0.6944018077 

1.674455259 6.378029117 
1.3212396 6.587346259 

1.63445661 6.651830095 
1.850733814 6.728087197 

1.892244484 7.438468751 
1.724860001 7.339691206 

5.124744429 7.618113308 
4.973326318 7.632639446 

7.234890915 5.730080358 
7.303889201 5.622867131 

1.642852912 2.197103994 
1.64881557 2.284322542 

5.904227092 5.503493139 
5.709885512 5.638072736 

7.481012324 6.24445408 
7.531169223 6.216267949 

2.744478516 2.08770407 
2.717648146 2.243972851 

2.820084794 2.45384358 
2.717648146 2.243972851 

5.618267749 6.49925129 
5.739824203 6.642417873 

4.136475021 5.895742227 
4.789800619 5.961720823 

5.566373661 6.055699469 
4.789800619 5.961720823 

2.332786885 7.342140524 
2.418764463 7.211765952 

4.776544019 5.63998428 
4.789800619 5.961720823 

2.198922343 3.66188224 
1.993398396 3.450318179 

3.649512766 3.026631868 
3.640348387 3.210672059 

4.848042187 5.83501496 
4.789800619 5.961720823 

6.950143121 7.028253799 
7.065138032 6.910200882 

5.750131485 6.52267302 
5.739824203 6.642417873 

1.344295913 9.069659289 
1.40020953 9.1877193 

1.52082938 2.462293197 
1.507236194 2.605346764 

3.551233105 2.28777674 
3.708323191 2.318892794 

6.48610874 5.273059564 
6.730173258 5.114252077 

2.774414705 7.979191976 
2.514919115 7.943235695 

2.342996417 7.868590308 
2.514919115 7.943235695 

6.083336725 6.59692049 
5.980936697 6.582829481 

4.193724096 1.951008496 
3.985905105 1.886103501 

7.471379976 5.413285013 
7.360390462 5.576244276 

7.303889201 5.622867131 
7.360390462 5.576244276 

7.007165313 8.057658189 
7.039041227 7.888194901 

3.428630722 1.601128757 
3.337705314 1.452711596 

3.130744891 1.305522802 
3.337705314 1.452711596 

2.754807554 8.838108798 
2.864694278 8.693815903 

5.183006282 8.070979144 
5.234823357 8.171743414 

4.545227843 6.954426806 
4.293516221 6.928521031 

2.79711147 8.477371291 
2.864694278 8.693815903 

7.610165005 6.705106561 
7.650906965 6.868018523 

1.383717502 8.673403831 
1.510298251 8.390562312 

3.415973985 1.880990275 
3.434027326 2.080897155 

1.983929381 8.242417787 
1.900680952 8.458779449 

2.799843452 7.572865508 
2.803719691 7.459100161 

5.727287505 7.327319342 
5.689724143 7.592417434 

5.578576143 7.673324561 
5.689724143 7.592417434 

4.361643836 6.642874243 
4.131662351 6.725798025 

2.764962431 0.8483109743 
2.814176108 0.9800746643 

1.383717502 8.673403831 
1.307170356 8.439482131 

2.168166655 9.279168222 
2.413416794 9.341759626 

2.637814809 9.483109342 
2.413416794 9.341759626 

2.364484971 1.332986627 
2.663822647 1.567503801 

2.975479518 1.702542556 
2.663822647 1.567503801 

6.244019423 6.741126925 
6.393346348 6.682064828 

5.041676725 6.578227653 
5.129664364 6.729178096 

5.380498892 6.72792676 
5.129664364 6.729178096 

5.247887533 7.701685623 
5.124744429 7.618113308 

2.258152166 0.6426332737 
2.076461686 0.7084608992 

1.95891204 6.863432991 
1.850733814 6.728087197 

0.5139513844 7.677728418 
0.5368698492 7.55439276 

0.3860380366 7.456834098 
0.5368698492 7.55439276 

1.611425623 3.263307444 
1.869893555 3.404450679 

1.993398396 3.450318179 
1.869893555 3.404450679 

3.294789035 7.244906706 
3.442429945 7.308705596 

3.228368911 2.918893369 
3.347084353 2.675646069 

3.497642857 2.630074628 
3.347084353 2.675646069 

3.540673206 8.320061768 
3.749030834 8.1855216 

3.088914202 6.323171161 
3.114992961 6.407812514 

2.361506189 2.925634511 
2.576985246 2.873290549 

2.731391824 2.834500062 
2.576985246 2.873290549 

1.647178949 7.003794952 
1.732800859 7.214558472 

4.848042187 5.83501496 
5.005135358 5.692675809 

5.166467996 5.42831877 
5.005135358 5.692675809 

2.883346731 2.2679676 
2.717648146 2.243972851 

1.321202563 7.719278463 
0.8565271537 7.984565045 

1.347380717 7.197594946 
1.162566069 7.138363743 

4.56138946 3.139899971 
4.670564303 3.137846652 

2.814176108 0.9800746643 
2.879440813 0.8904980119 

3.00838884 0.7566529687 
2.879440813 0.8904980119 

3.408721349 0.3019219403 
3.275049299 0.3460234093 

0.9718015676 6.978493572 
0.9957471376 6.78508902 

1.903329962 1.670673033 
1.712030141 1.790451312 

6.888367332 5.384250829 
7.020328646 5.516682614 

3.947146093 2.574799565 
3.760372687 2.769610923 

3.649512766 3.026631868 
3.760372687 2.769610923 

5.739824203 6.642417873 
5.62216986 6.750974584 

1.664604272 7.875794814 
1.85694111 7.90355116 

0.6149923547 7.337285774 
0.7104565245 7.279879097 

0.8478336046 7.148979886 
0.7104565245 7.279879097 

1.618424123 1.403862997 
1.802088484 1.411035378 

1.9376403 1.488173794 
1.802088484 1.411035378 

3.2398458 1.863981104 
3.176176335 2.043022415 

4.293516221 6.928521031 
4.131662351 6.725798025 

1.044832159 6.37601481 
1.164108741 6.299192171 

1.150946403 8.047598541 
0.8565271537 7.984565045 

6.345063104 8.334859312 
6.290415202 8.105147525 

2.811834102 3.549086515 
2.757341231 3.622460134 

5.445268843 7.655443708 
5.247887533 7.701685623 

5.504260272 4.772733621 
5.597093614 4.580665925 

7.599878258 6.507857895 
7.481012324 6.24445408 

7.194302132 7.053530113 
6.950143121 7.028253799 

2.742339466 9.15164954 
2.650839374 9.145300287 

6.639872591 5.697882367 
6.929832929 5.663836355 

2.853567355 6.656342597 
2.639626184 6.651521295 

2.669869676 2.636082784 
2.576985246 2.873290549 

2.126110355 7.54269101 
2.248557612 7.5038829 

2.115841804 2.109507312 
1.941920433 1.990271759 

6.721640881 6.520509895 
6.859769436 6.745597205 

5.166467996 5.42831877 
5.047334401 5.153312199 

7.194302132 7.053530113 
7.075619721 7.173173844 

5.912651646 6.731951295 
5.980936697 6.582829481 

5.489671372 8.259317664 
5.356297472 8.150591051 

5.234823357 8.171743414 
5.356297472 8.150591051 

7.389117594 7.336766505 
7.240473427 7.459534708 

1.914469737 3.489640025 
1.993398396 3.450318179 

2.502535885 8.592851655 
2.622695018 8.715362657 

2.754807554 8.838108798 
2.622695018 8.715362657 

4.393476154 1.188937321 
4.352756743 1.046600067 

5.912651646 6.731951295 
5.78303187 6.865110486 

3.114992961 6.407812514 
3.196745289 6.427813565 

6.634197281 7.93213308 
6.879081425 7.966159697 

7.007165313 8.057658189 
6.879081425 7.966159697 

1.502931907 9.437328276 
1.40020953 9.1877193 

6.916604729 6.349650178 
6.964416689 6.635537155 

4.198054968 2.352319594 
4.562416764 2.048991695 

4.969318551 1.715578376 
4.562416764 2.048991695 

4.575823456 1.836469611 
4.664396869 1.70248596 

4.568304063 1.627383144 
4.664396869 1.70248596 

6.677331174 6.145128437 
6.635925174 6.304782654 

3.428630722 1.601128757 
3.652884346 1.618153188 

2.971266903 2.695683156 
3.068609935 2.727329294 

2.725020726 1.856842177 
2.663822647 1.567503801 

2.168166655 9.279168222 
2.072227431 9.085004494 

2.268171702 7.092700188 
2.418764463 7.211765952 

1.725373682 2.748003273 
1.576134272 2.672691669 

3.216303712 2.125149036 
3.284040808 2.142833036 

3.434027326 2.080897155 
3.284040808 2.142833036 

3.411353253 6.453831394 
3.256342102 6.43935002 

3.196745289 6.427813565 
3.256342102 6.43935002 

6.677331174 6.145128437 
6.979832329 5.902776916 

5.78303187 6.865110486 
5.68295048 6.88588575 

3.829239243 7.127776846 
3.97226004 7.456994906 

6.083336725 6.59692049 
6.157509943 6.526661745 

6.335758132 6.149252139 
6.363822148 6.356442892 

1.618424123 1.403862997 
1.879667787 1.509243891 

2.20910662 1.73281688 
1.879667787 1.509243891 

6.290415202 8.105147525 
6.19043584 8.107816539 

3.176176335 2.043022415 
3.216303712 2.125149036 

3.317429176 8.89397805 
3.170315984 8.626967245 

3.066771357 8.353211127 
3.170315984 8.626967245 

4.586997687 6.099379735 
4.789800619 5.961720823 

3.494242176 3.60007959 
3.40051514 3.720588502 

6.335758132 6.149252139 
6.22033506 6.074412012 

6.063086248 6.024872218 
6.22033506 6.074412012 

1.914469737 3.489640025 
1.869893555 3.404450679 

6.058016546 8.196597937 
6.143821774 8.071393728 

6.209117281 7.993484909 
6.143821774 8.071393728 

3.562337609 0.4240968854 
3.408721349 0.3019219403 

3.562337609 0.4240968854 
3.445659551 0.5735897032 

3.362264164 0.7126126488 
3.445659551 0.5735897032 

5.472168151 5.673619801 
5.264032442 6.019200138 

2.502535885 8.592851655 
2.317882135 8.522958258 

2.007017016 8.529123337 
2.317882135 8.522958258 

3.2398458 1.863981104 
3.03662732 1.554998316 

6.31524846 5.454124603 
6.291338185 5.629535181 

5.870737919 6.401928493 
5.699037547 6.252640201 

7.471379976 5.413285013 
7.222415786 5.655579148 

6.979832329 5.902776916 
7.222415786 5.655579148 

6.066316957 7.873426138 
6.209117281 7.993484909 

2.880399142 6.820104948 
2.92777587 7.017859971 

3.710174795 2.58738141 
3.607585998 2.516407204 

6.311990751 7.998403523 
6.290415202 8.105147525 

4.586997687 6.099379735 
4.622920189 6.294650182 

4.642901553 6.474248314 
4.622920189 6.294650182 

6.393346348 6.682064828 
6.431504793 6.808931718 

0.6730584387 7.609596172 
0.5426029136 7.887577974 

3.710174795 2.58738141 
3.760372687 2.769610923 

4.06352945 7.660839194 
4.210187538 7.44028717 

4.340420439 7.30107594 
4.210187538 7.44028717 

0.5426029136 7.887577974 
0.6400582836 7.987728072 

5.904227092 5.503493139 
5.954826841 5.719744936 

6.028502672 5.887362388 
5.954826841 5.719744936 

1.628640072 8.585087453 
1.383717502 8.673403831 

1.474072965 1.728551807 
1.741657893 1.893324663 

1.941920433 1.990271759 
1.741657893 1.893324663 

3.415973985 1.880990275 
3.581995564 1.768931703 

7.194302132 7.053530113 
7.334025558 7.02820752 

7.554029225 6.993178107 
7.334025558 7.02820752 

5.166467996 5.42831877 
5.279371333 5.556492995 

6.066316957 7.873426138 
6.143821774 8.071393728 

1.347380717 7.197594946 
1.275001932 7.356612608 

1.281285815 7.46363058 
1.275001932 7.356612608 

3.953785232 2.166739816 
3.708323191 2.318892794 

2.388854146 8.838892305 
2.611141936 8.920826427 

1.502931907 9.437328276 
1.366162522 9.270559225 

3.32500023 7.575270476 
3.556717297 7.508448931 

3.74779509 7.543258355 
3.556717297 7.508448931 

4.366155226 7.650895081 
4.210187538 7.44028717 

4.803183986 2.414971812 
4.86617669 2.474947298 

5.036363903 2.562383437 
4.86617669 2.474947298 

2.364484971 1.332986627 
2.318195624 1.465919646 

1.9376403 1.488173794 
1.879667787 1.509243891 

3.275049299 0.3460234093 
3.257526917 0.208863788 

4.664396869 1.70248596 
4.72846888 1.816964694 

5.844032233 6.086832047 
5.787001068 6.1584949 

6.173238032 5.003726272 
6.021679337 4.816663081 

6.133000451 5.340648997 
6.097943957 5.158236811 

3.293035754 6.234137938 
3.17296236 6.197392526 

3.953785232 2.166739816 
3.918813599 2.034412055 

3.985905105 1.886103501 
3.918813599 2.034412055 

1.867066545 1.053090692 
1.745220925 1.15046183 

3.100966203 8.731186242 
3.170315984 8.626967245 

6.066316957 7.873426138 
6.228436364 7.581099484 

1.611425623 3.263307444 
1.774537111 3.069532925 

1.951910198 2.917844793 
1.774537111 3.069532925 

2.298051202 2.474106522 
2.345174174 2.337769942 

2.488180347 2.341401852 
2.345174174 2.337769942 

4.622920189 6.294650182 
4.721013897 6.281181535 

2.383829075 7.682924485 
2.566382353 7.764151215 

5.047334401 5.153312199 
4.830920897 5.149314944 

2.378420545 6.415679278 
2.29585099 6.278194233 

3.284040808 2.142833036 
3.344295641 2.22059225 

2.925714655 2.036659962 
3.022245934 2.233297839 

3.075485038 2.331353231 
3.022245934 2.233297839 

6.950143121 7.028253799 
7.001115096 7.095626559 

4.86530822 5.417170874 
4.756606101 5.367544003 

2.024925504 8.847776857 
2.072227431 9.085004494 

7.531169223 6.216267949 
7.577340662 6.262072122 

1.466950241 7.990798386 
1.460040909 7.879584475 

1.455479789 5.875321248 
1.647556705 6.05373865 

1.712093084 6.174369777 
1.647556705 6.05373865 

5.566373661 6.055699469 
5.358362791 6.210137478 

4.447192227 1.366258929 
4.287619112 1.574831909 

1.984970635 3.316938974 
1.869893555 3.404450679 

3.228368911 2.918893369 
3.068609935 2.727329294 

2.444403117 0.7403202306 
2.391234681 0.6944018077 

1.69824441 8.170523164 
1.867315817 8.181264264 

1.983929381 8.242417787 
1.867315817 8.181264264 

6.914316882 6.001628671 
6.979832329 5.902776916 

5.264032442 6.019200138 
5.358362791 6.210137478 

3.620630871 8.491032879 
3.569624445 8.428893781 

3.540673206 8.320061768 
3.569624445 8.428893781 

2.364484971 1.332986627 
2.367505791 1.22077771 

3.013066864 9.134483102 
3.159922528 8.984695834 

3.754787473 0.8101022276 
3.925680163 0.7696995615 

1.088802512 6.594217056 
1.044832159 6.37601481 

5.358362791 6.210137478 
5.186764157 6.221798268 

2.464847831 0.544831072 
2.555510036 0.5143446879 

2.197480014 6.732558093 
2.019025776 6.796169646 

1.95891204 6.863432991 
2.019025776 6.796169646 

3.40051514 3.720588502 
3.521923404 3.84952903 

6.244019423 6.741126925 
6.157509943 6.526661745 

2.531980485 1.973459738 
2.425128515 2.060560228 

2.421063935 6.249766215 
2.33003325 6.252507679 

2.29585099 6.278194233 
2.33003325 6.252507679 

6.040655996 7.113489049 
5.956969423 7.103231038 

5.866338773 7.078309532 
5.956969423 7.103231038 

6.335758132 6.149252139 
6.412459162 6.019268833 

3.317100992 0.5301034377 
3.445659551 0.5735897032 

2.268171702 7.092700188 
2.170177611 7.159321136 

2.078424787 7.259865819 
2.170177611 7.159321136 

2.451134096 8.033733316 
2.514919115 7.943235695 

2.502535885 8.592851655 
2.658188275 8.508751271 

5.472168151 5.673619801 
5.709885512 5.638072736 

1.647178949 7.003794952 
1.69175251 7.455247599 

1.664604272 7.875794814 
1.69175251 7.455247599 

6.252495748 5.89361624 
6.028502672 5.887362388 

1.307170356 8.439482131 
1.361316278 8.284627033 

6.916604729 6.349650178 
6.635925174 6.304782654 

1.092943192 9.29559265 
1.276782831 9.235738875 

1.40020953 9.1877193 
1.276782831 9.235738875 

0.7286303447 8.841212416 
0.9359010162 8.731725544 

1.055854898 8.701434072 
0.9359010162 8.731725544 

1.530253586 2.053822653 
1.642852912 2.197103994 

6.677331174 6.145128437 
6.520159518 6.149555234 

1.745220925 1.15046183 
1.913546284 1.318489956 

2.757341231 3.622460134 
2.656655079 3.649374847 

7.065138032 6.910200882 
7.001115096 7.095626559 

3.32500023 7.575270476 
3.131689556 7.679551317 

2.948694395 7.752884275 
3.131689556 7.679551317 

1.900680952 8.458779449 
2.010622427 8.390747594 

2.007017016 8.529123337 
2.010622427 8.390747594 

3.106412363 7.028294556 
2.92777587 7.017859971 

4.756606101 5.367544003 
4.687912018 5.336559785 

3.428630722 1.601128757 
3.423175214 1.730839902 

3.415973985 1.880990275 
3.423175214 1.730839902 

5.005135358 5.692675809 
5.187474489 5.688432836 

5.267044746 7.196531407 
5.211405135 7.422719511 

5.124744429 7.618113308 
5.211405135 7.422719511 

6.291338185 5.629535181 
6.066669163 5.65723157 

5.086581903 2.10188714 
5.131024434 2.324287318 

1.598446976 7.524038199 
1.69175251 7.455247599 

3.03662732 1.554998316 
2.767571702 1.430746914 

4.776544019 5.63998428 
4.938048886 5.415304779 

4.059363816 3.84725174 
3.942287888 3.820137643 

5.912651646 6.731951295 
5.956969423 7.103231038 

3.918910197 1.588917765 
3.856394776 1.711055497 

1.63445661 6.651830095 
1.600418375 6.85826447 

1.290031142 7.962677973 
1.466950241 7.990798386 

1.892244484 7.438468751 
1.69175251 7.455247599 

1.892244484 7.438468751 
1.952156472 7.578623523 

4.687912018 5.336559785 
4.629776965 5.317871569 

1.281285815 7.46363058 
1.321202563 7.719278463 

1.804244489 6.005319095 
1.67839616 5.994009076 

1.455479789 5.875321248 
1.67839616 5.994009076 

4.938048886 5.415304779 
4.86530822 5.417170874 

6.062417714 6.219825145 
6.157509943 6.526661745 

2.20910662 1.73281688 
2.355009043 1.778568495 

6.59730125 6.682420857 
6.393346348 6.682064828 

1.04229133 7.63421981 
1.04575895 7.849792922 

1.150946403 8.047598541 
1.04575895 7.849792922 

2.518789399 9.093481197 
2.590289193 9.202239622 

2.650839374 9.145300287 
2.590289193 9.202239622 

5.736446911 7.011100005 
5.78303187 6.865110486 

2.79857245 6.45560442 
2.752341273 6.538714401 

6.916604729 6.349650178 
6.887909898 6.168769408 

5.096197357 5.932303661 
4.789800619 5.961720823 

6.934563629 7.847621585 
6.879081425 7.966159697 

2.049941293 8.045340037 
2.008585722 7.948579448 

2.639362093 5.87199675 
2.498727382 5.939480377 

2.462981458 6.015078279 
2.498727382 5.939480377 

2.883346731 2.2679676 
3.022245934 2.233297839 

3.829239243 7.127776846 
4.122720116 7.185157001 

4.340420439 7.30107594 
4.122720116 7.185157001 

1.952156472 7.578623523 
1.891825219 7.685022581 

2.658188275 8.508751271 
2.729645966 8.243470349 

0.8565271537 7.984565045 
0.8336837668 7.858298005 

4.447192227 1.366258929 
4.288898631 1.382908565 

4.127785417 1.387623756 
4.288898631 1.382908565 

5.897259226 6.54452589 
5.861498518 6.506944045 

5.750131485 6.52267302 
5.861498518 6.506944045 

4.013432258 3.103038113 
4.147983496 3.056417119 

2.197480014 6.732558093 
1.97173446 6.729805802 

1.850733814 6.728087197 
1.97173446 6.729805802 

1.724860001 7.339691206 
1.69175251 7.455247599 

1.598446976 7.524038199 
1.642699059 7.374167122 

1.724860001 7.339691206 
1.642699059 7.374167122 

2.198922343 3.66188224 
2.098427786 3.493948435 

2.476707061 3.835675981 
2.423455708 3.679249717 

2.126110355 7.54269101 
1.952156472 7.578623523 

6.415899208 7.238058878 
6.536283577 7.35330992 

6.615758611 7.481594454 
6.536283577 7.35330992 

1.530253586 2.053822653 
1.58414238 1.914987022 

5.631778762 4.973331108 
5.660498512 4.868704774 

3.173751414 2.213104535 
3.022245934 2.233297839 

6.271030291 4.67094429 
6.3110178 4.839919049 

7.207213215 5.910275885 
6.979832329 5.902776916 

6.730173258 5.114252077 
6.938650376 5.163837255 

5.787001068 6.1584949 
5.870737919 6.401928493 

7.389117594 7.336766505 
7.445847438 6.890667814 

7.599878258 6.507857895 
7.445847438 6.890667814 

0.6730584387 7.609596172 
0.5368698492 7.55439276 

6.062417714 6.219825145 
6.22033506 6.074412012 

2.647897364 7.309113443 
2.72843239 7.382215891 

2.803719691 7.459100161 
2.72843239 7.382215891 

2.86127101 1.621065139 
2.76288128 1.628812245 

4.969318551 1.715578376 
4.806902972 1.775383638 

4.664396869 1.70248596 
4.806902972 1.775383638 

1.092943192 9.29559265 
1.251327393 9.338897365 

1.366162522 9.270559225 
1.251327393 9.338897365 

2.669869676 2.636082784 
2.579730923 2.76131859 

2.975479518 1.702542556 
2.76288128 1.628812245 

3.393023176 6.981944249 
3.377188805 6.742669272 

7.684280648 6.07455987 
7.606241702 6.178453315 

7.577340662 6.262072122 
7.606241702 6.178453315 

7.404609899 6.648990942 
7.610165005 6.705106561 

3.75826672 8.541749509 
3.594219468 8.309130162 

3.367755105 7.907494358 
3.594219468 8.309130162 

1.712030141 1.790451312 
1.741657893 1.893324663 

4.642901553 6.474248314 
4.837096966 6.378850742 

1.993814402 2.557614455 
2.093987563 2.46239591 

2.173652476 2.292992235 
2.093987563 2.46239591 

5.870737919 6.401928493 
5.861498518 6.506944045 

2.357126847 0.9248610923 
2.561079125 0.9651469328 

3.581995564 1.768931703 
3.423175214 1.730839902 

7.207213215 5.910275885 
7.069355311 5.761060298 

6.929832929 5.663836355 
7.069355311 5.761060298 

6.888367332 5.384250829 
7.0043233 5.310081458 

1.745220925 1.15046183 
1.719525223 1.281313433 

1.618424123 1.403862997 
1.719525223 1.281313433 

5.577844583 5.384768867 
5.64790823 5.581983129 

5.709885512 5.638072736 
5.64790823 5.581983129 

1.252017999 8.741671459 
1.193571279 8.998175548 

6.062417714 6.219825145 
6.013364409 6.496711735 

5.980936697 6.582829481 
6.013364409 6.496711735 

4.453330161 5.284498059 
4.552183069 5.285355865 

4.629776965 5.317871569 
4.552183069 5.285355865 

2.384675345 8.343573557 
2.317882135 8.522958258 

2.076461686 0.7084608992 
2.027348463 0.819972009 

5.618267749 6.49925129 
5.50131035 6.597222391 

5.380498892 6.72792676 
5.50131035 6.597222391 

4.366155226 7.650895081 
4.669527971 7.819643026 

4.993176022 7.988188497 
4.669527971 7.819643026 

1.744615073 7.620871126 
1.952156472 7.578623523 

2.604073895 7.626244948 
2.746156734 7.694825421 

2.948694395 7.752884275 
2.746156734 7.694825421 

2.890199232 7.22716212 
2.733578818 7.127732345 

4.906558048 1.988977346 
4.72846888 1.816964694 

0.5426029136 7.887577974 
0.484343999 8.013382901 

2.378420545 6.415679278 
2.33003325 6.252507679 

4.906558048 1.988977346 
4.910360603 1.834168967 

4.969318551 1.715578376 
4.910360603 1.834168967 

1.999866473 6.332494789 
2.111100939 6.412030868 

4.973326318 7.632639446 
5.13829326 7.894787754 

6.244019423 6.741126925 
6.278563487 6.584986992 

6.363822148 6.356442892 
6.278563487 6.584986992 

4.394448477 2.867473555 
4.282930227 2.799152729 

7.0043233 5.310081458 
7.092619699 5.362021566 

3.434027326 2.080897155 
3.317746993 1.989504085 

3.594219468 8.309130162 
3.540673206 8.320061768 

2.198835803 7.711687252 
2.248557612 7.5038829 

2.127463088 8.424456114 
2.218836591 8.195904466 

2.266080413 8.069967319 
2.218836591 8.195904466 

5.279371333 5.556492995 
5.187474489 5.688432836 

2.555510036 0.5143446879 
2.555495945 0.3754017249 

3.04296809 2.493298083 
3.131396859 2.676326385 

6.066669163 5.65723157 
5.954826841 5.719744936 

2.168166655 9.279168222 
1.982810985 9.227374662 

2.733578818 7.127732345 
2.613382609 7.064376155 

7.445847438 6.890667814 
7.334025558 7.02820752 

2.198922343 3.66188224 
2.334571398 3.634964408 

2.423455708 3.679249717 
2.334571398 3.634964408 

4.352756743 1.046600067 
4.371136859 0.9648546511 

3.641281715 7.859551601 
3.510717442 7.96312252 

3.367755105 7.907494358 
3.510717442 7.96312252 

6.058016546 8.196597937 
6.130705571 8.147806821 

6.19043584 8.107816539 
6.130705571 8.147806821 

7.554029225 6.993178107 
7.456188434 6.796113899 

7.404609899 6.648990942 
7.456188434 6.796113899 

2.656655079 3.649374847 
2.607963775 3.730667146 

0.761237016 8.101659807 
0.5599444719 8.149836871 

6.228436364 7.581099484 
6.178601354 7.48588603 

6.191950657 7.310392916 
6.178601354 7.48588603 

2.318195624 1.465919646 
2.387182982 1.585498169 

1.678619516 8.333050853 
1.642948611 8.459382354 

1.628640072 8.585087453 
1.642948611 8.459382354 

5.618267749 6.49925129 
5.699037547 6.252640201 

5.618267749 6.49925129 
5.70961683 6.392906899 

3.442429945 7.308705596 
3.400108782 7.397962959 

3.32500023 7.575270476 
3.400108782 7.397962959 

1.474072965 1.728551807 
1.68719463 1.963250926 

5.279371333 5.556492995 
5.382939152 5.60438979 

5.472168151 5.673619801 
5.382939152 5.60438979 

3.985905105 1.886103501 
3.856394776 1.711055497 

3.00838884 0.7566529687 
3.134716403 0.814565629 

3.211823198 0.9301892097 
3.134716403 0.814565629 

6.916604729 6.349650178 
7.035846811 6.296394903 

7.204336821 6.310645409 
7.035846811 6.296394903 

2.476707061 3.835675981 
2.549855646 3.782271411 

2.607963775 3.730667146 
2.549855646 3.782271411 

3.947146093 2.574799565 
3.813839784 2.587806585 

3.710174795 2.58738141 
3.813839784 2.587806585 

1.647178949 7.003794952 
1.798716067 6.928612326 

1.95891204 6.863432991 
1.798716067 6.928612326 

3.754787473 0.8101022276 
3.601485733 0.9596471317 

0.5599444719 8.149836871 
0.4081933725 8.261180229 

3.45514974 3.228644364 
3.490758938 3.438365776 

3.494242176 3.60007959 
3.490758938 3.438365776 

2.433853261 7.017502396 
2.594181901 7.1638908 

2.647897364 7.309113443 
2.594181901 7.1638908 

4.586997687 6.099379735 
4.452712113 6.095891965 

4.352645478 6.12216112 
4.452712113 6.095891965 

2.927585971 2.89710764 
3.044790498 3.070414907 

3.14971439 3.29593457 
3.044790498 3.070414907 

3.317429176 8.89397805 
3.189294506 8.826183312 

3.100966203 8.731186242 
3.189294506 8.826183312 

1.02545932 7.449509399 
1.216066419 7.573916283 

1.321202563 7.719278463 
1.216066419 7.573916283 

2.378420545 6.415679278 
2.23901338 6.505599844 

2.669869676 2.636082784 
2.692601645 2.892847643 

2.384675345 8.343573557 
2.218836591 8.195904466 

2.973503917 1.293517378 
2.972103652 1.392472407 

4.481680891 2.411369473 
4.544177677 2.584515005 

2.613382609 7.064376155 
2.525745163 7.096198944 

2.433853261 7.017502396 
2.525745163 7.096198944 

1.04229133 7.63421981 
1.216066419 7.573916283 

1.307170356 8.439482131 
1.423286954 8.40711141 

1.510298251 8.390562312 
1.423286954 8.40711141 

3.228368911 2.918893369 
3.044790498 3.070414907 

3.131396859 2.676326385 
3.185886045 2.746828433 

7.228556145 5.21905575 
7.054667108 5.139833024 

6.938650376 5.163837255 
7.054667108 5.139833024 

1.02545932 7.449509399 
0.8488358156 7.506915549 

0.6730584387 7.609596172 
0.8488358156 7.506915549 

3.30932918 2.380954892 
3.347084353 2.675646069 

5.750131485 6.52267302 
5.70961683 6.392906899 

4.806902972 1.775383638 
4.72846888 1.816964694 

2.021723794 5.921791374 
2.163464564 5.96353457 

2.171876701 6.048160411 
2.163464564 5.96353457 

7.554029225 6.993178107 
7.445847438 6.890667814 

1.903329962 1.670673033 
2.036063694 1.749668463 

2.20910662 1.73281688 
2.036063694 1.749668463 

3.985905105 1.886103501 
3.85062722 1.856066853 

3.757223964 1.85082297 
3.85062722 1.856066853 

2.024925504 8.847776857 
2.22767207 9.01124457 

2.378420545 6.415679278 
2.421063935 6.249766215 

1.611425623 3.263307444 
1.792939757 3.372085191 

1.914469737 3.489640025 
1.792939757 3.372085191 

2.692601645 2.892847643 
2.731391824 2.834500062 

6.964416689 6.635537155 
7.122509081 6.584916542 

7.266481141 6.516194632 
7.122509081 6.584916542 

4.545272079 7.321441982 
4.640176679 7.306353282 

4.75604182 7.283405763 
4.640176679 7.306353282 

6.412459162 6.019268833 
6.523685306 6.041906494 

6.520159518 6.149555234 
6.523685306 6.041906494 

2.047534752 7.030269251 
2.170177611 7.159321136 

1.300634356 6.222735309 
1.166612975 6.421028679 

1.088802512 6.594217056 
1.166612975 6.421028679 

0.7784643588 6.579020002 
0.7969846599 6.484674172 

2.047534752 7.030269251 
2.040494372 7.140325329 

2.078424787 7.259865819 
2.040494372 7.140325329 

3.106412363 7.028294556 
3.02650987 6.90552592 

5.899409769 4.719733171 
5.799841097 4.631845442 

4.200968271 6.217672941 
4.352645478 6.12216112 

4.371136859 0.9648546511 
4.407777879 0.9102176999 

0.3045435422 8.192038472 
0.5658821908 8.075029809 

0.8565271537 7.984565045 
0.5658821908 8.075029809 

2.127463088 8.424456114 
2.010622427 8.390747594 

6.083336725 6.59692049 
6.172279006 6.650517718 

6.244019423 6.741126925 
6.172279006 6.650517718 

2.460175525 2.552802994 
2.488180347 2.341401852 

2.658188275 8.508751271 
2.68964882 8.448563249 

1.300634356 6.222735309 
1.100506926 6.085321084 

2.451134096 8.033733316 
2.582874023 8.027550799 

2.774414705 7.979191976 
2.582874023 8.027550799 

4.670564303 3.137846652 
4.394448477 2.867473555 

4.934354181 2.930287955 
4.758610089 2.965517449 

2.566382353 7.764151215 
2.604073895 7.626244948 

6.066669163 5.65723157 
5.983254026 5.595511713 

1.598446976 7.524038199 
1.504766522 7.395046136 

5.000772975 6.335132797 
5.186764157 6.221798268 

2.764962431 0.8483109743 
2.879440813 0.8904980119 

7.599878258 6.507857895 
7.548757423 6.036677738 

2.115777742 7.443576769 
2.061748599 7.528314373 

2.126110355 7.54269101 
2.061748599 7.528314373 

5.954826841 5.719744936 
5.983254026 5.595511713 

4.575823456 1.836469611 
4.367793591 1.873245336 

4.193724096 1.951008496 
4.367793591 1.873245336 

5.223137984 6.432992596 
5.195106361 6.318898156 

5.186764157 6.221798268 
5.195106361 6.318898156 

4.125586773 0.5281680696 
4.016352383 0.6764136796 

3.925680163 0.7696995615 
4.016352383 0.6764136796 

1.474072965 1.728551807 
1.545084156 1.829806686 

1.58414238 1.914987022 
1.545084156 1.829806686 

1.3212396 6.587346259 
1.437531317 6.64260976 

5.727287505 7.327319342 
5.735331656 7.479507032 

2.22767207 9.01124457 
2.388854146 8.838892305 

6.545168248 6.95532392 
6.684494709 6.833512341 

6.770235106 6.789335728 
6.684494709 6.833512341 

4.758610089 2.965517449 
4.651293556 2.943377718 

1.63445661 6.651830095 
1.70265693 6.557594544 

1.674455259 6.378029117 
1.70265693 6.557594544 

6.499678578 5.000235067 
6.465436024 4.902071532 

6.3110178 4.839919049 
6.465436024 4.902071532 

5.047334401 5.153312199 
4.979485524 5.298367286 

4.938048886 5.415304779 
4.979485524 5.298367286 

5.689724143 7.592417434 
5.735331656 7.479507032 

0.3944997166 6.742232234 
0.559471571 6.812133637 

0.7359409978 6.950753135 
0.559471571 6.812133637 

7.039041227 7.888194901 
6.934563629 7.847621585 

7.039041227 7.888194901 
7.199641419 7.859209447 

1.300634356 6.222735309 
1.394885785 6.121679089 

1.251327393 9.338897365 
1.276782831 9.235738875 

1.892244484 7.438468751 
1.873930834 7.568062293 

1.891825219 7.685022581 
1.873930834 7.568062293 

2.503247954 2.191046319 
2.345174174 2.337769942 

4.993176022 7.988188497 
5.019108212 8.157484365 

1.952156472 7.578623523 
1.873930834 7.568062293 

2.433853261 7.017502396 
2.651298366 6.927684929 

2.880399142 6.820104948 
2.651298366 6.927684929 

6.278563487 6.584986992 
6.157509943 6.526661745 

2.384675345 8.343573557 
2.39414361 8.444130053 

2.502535885 8.592851655 
2.39414361 8.444130053 

3.228368911 2.918893369 
2.927585971 2.89710764 

3.185886045 2.746828433 
3.261819939 2.782728069 

5.727287505 7.327319342 
5.559311096 7.515975107 

5.445268843 7.655443708 
5.559311096 7.515975107 

1.647556705 6.05373865 
1.67839616 5.994009076 

3.257526917 0.208863788 
3.320160507 0.3057399199 

3.408721349 0.3019219403 
3.320160507 0.3057399199 

2.503247954 2.191046319 
2.311751172 2.188929194 

2.115841804 2.109507312 
2.311751172 2.188929194 

4.848042187 5.83501496 
4.941872936 5.829209103 

1.164108741 6.299192171 
1.131262084 6.251821178 

1.642852912 2.197103994 
1.509325574 2.255513943 

4.50609237 0.813155209 
4.448701829 0.871781373 

4.407777879 0.9102176999 
4.448701829 0.871781373 

0.7969846599 6.484674172 
0.7860573224 6.43238627 

2.995370393 3.418273057 
3.209183654 3.516702118 

4.352645478 6.12216112 
4.291865098 5.9922764 

1.131262084 6.251821178 
1.136941775 6.227677768 

3.415973985 1.880990275 
3.317746993 1.989504085 

5.597093614 4.580665925 
5.645921505 4.732385239 

5.660498512 4.868704774 
5.645921505 4.732385239 

3.411353253 6.453831394 
3.308401699 6.380625715 

1.04229133 7.63421981 
0.8488358156 7.506915549 

2.265487835 5.831965649 
2.412265672 5.875682661 

0.761237016 8.101659807 
0.8565271537 7.984565045 

1.664604272 7.875794814 
1.534154416 8.014395009 

1.397405819 8.12479289 
1.534154416 8.014395009 

6.534372155 8.284176062 
6.620090692 8.187675565 

6.671051277 8.239020197 
6.620090692 8.187675565 

1.302003803 2.294791539 
1.426277394 2.304995335 

1.509325574 2.255513943 
1.426277394 2.304995335 

5.78303187 6.865110486 
5.622629773 6.92695977 

5.462515409 7.034204333 
5.622629773 6.92695977 

1.437531317 6.64260976 
1.600418375 6.85826447 

4.340420439 7.30107594 
4.309362051 7.163450322 

2.890199232 7.22716212 
2.949137886 7.114489493 

2.92777587 7.017859971 
2.949137886 7.114489493 

3.131396859 2.676326385 
3.068609935 2.727329294 

1.437531317 6.64260976 
1.522724521 6.642765455 

1.63445661 6.651830095 
1.522724521 6.642765455 

6.013364409 6.496711735 
6.157509943 6.526661745 

5.129664364 6.729178096 
5.173890704 6.670310096 

5.24109373 6.561105751 
5.173890704 6.670310096 

4.642901553 6.474248314 
4.701602966 6.641214032 

6.172279006 6.650517718 
6.278563487 6.584986992 

3.00838884 0.7566529687 
2.855096319 0.5688788123 

1.869893555 3.404450679 
1.792939757 3.372085191 

1.455479789 5.875321248 
1.501620932 6.011599168 

1.394885785 6.121679089 
1.501620932 6.011599168 

6.252495748 5.89361624 
6.246467952 5.762420998 

6.291338185 5.629535181 
6.246467952 5.762420998 

5.183006282 8.070979144 
5.134753013 8.090329555 

7.554029225 6.993178107 
7.575344454 6.908982318 

3.17296236 6.197392526 
3.125293918 6.154955158 

2.000581204 6.090179926 
2.021723794 5.921791374 

2.412265672 5.875682661 
2.483662478 5.862377184 

7.240473427 7.459534708 
7.13309828 7.498808771 

4.309362051 7.163450322 
4.269207793 7.094518921 

5.041676725 6.578227653 
5.24109373 6.561105751 

4.002439342 1.386255319 
3.948205965 1.499568001 

3.918910197 1.588917765 
3.948205965 1.499568001 

6.278563487 6.584986992 
6.393346348 6.682064828 

5.897259226 6.54452589 
5.9245165 6.490722032 

6.013364409 6.496711735 
5.9245165 6.490722032 

2.692601645 2.892847643 
2.689311193 3.024107246 

2.425128515 2.060560228 
2.311751172 2.188929194 

2.047579594 7.678815723 
2.110277563 7.659250653 

7.599878258 6.507857895 
7.577340662 6.262072122 

5.472168151 5.673619801 
5.340473115 5.713536677 

5.187474489 5.688432836 
5.340473115 5.713536677 

2.76288128 1.628812245 
2.663822647 1.567503801 

2.049941293 8.045340037 
2.200763201 7.961673697 

2.342996417 7.868590308 
2.200763201 7.961673697 

3.576607087 0.7919097132 
3.601485733 0.9596471317 

5.000772975 6.335132797 
5.025540837 6.470415094 

5.041676725 6.578227653 
5.025540837 6.470415094 

2.855096319 0.5688788123 
2.76343445 0.5238456266 

2.67778723 0.4585442766 
2.76343445 0.5238456266 

0.3860380366 7.456834098 
0.5156198183 7.36902065 

4.136475021 5.895742227 
4.238478511 5.934079297 

4.291865098 5.9922764 
4.238478511 5.934079297 

3.03662732 1.554998316 
2.972103652 1.392472407 

2.387182982 1.585498169 
2.595485184 1.674697576 

6.634197281 7.93213308 
6.808237991 7.883326026 

6.934563629 7.847621585 
6.808237991 7.883326026 

6.879081425 7.966159697 
6.808237991 7.883326026 

3.228368911 2.918893369 
3.094158301 2.843768316 

2.971266903 2.695683156 
3.094158301 2.843768316 

4.651293556 2.943377718 
4.67155617 3.019288248 

6.914316882 6.001628671 
7.033643297 5.957142232 

5.577844583 5.384768867 
5.418527817 5.464051752 

5.279371333 5.556492995 
5.418527817 5.464051752 

4.293516221 6.928521031 
4.441856643 7.13493414 

3.551233105 2.28777674 
3.436506346 2.204834134 

3.344295641 2.22059225 
3.436506346 2.204834134 

4.394448477 2.867473555 
4.364952563 2.973026816 

3.75826672 8.541749509 
3.435790365 8.436116604 

3.066771357 8.353211127 
3.435790365 8.436116604 

5.912413824 7.54443024 
6.178601354 7.48588603 

5.912413824 7.54443024 
5.768056865 7.571675117 

5.689724143 7.592417434 
5.768056865 7.571675117 

1.362220451 2.770038598 
1.442216201 2.654664082 

1.507236194 2.605346764 
1.442216201 2.654664082 

2.752341273 6.538714401 
2.71381813 6.568478476 

6.028502672 5.887362388 
6.12581327 5.868468911 

1.764011158 9.324243508 
1.84319957 9.225039534 

1.982810985 9.227374662 
1.84319957 9.225039534 

2.663822647 1.567503801 
2.595485184 1.674697576 

1.344295913 9.069659289 
1.193571279 8.998175548 

7.075619721 7.173173844 
7.081445434 7.063206277 

7.065138032 6.910200882 
7.081445434 7.063206277 

4.242073943 3.63071298 
4.373933139 3.449199381 

2.883346731 2.2679676 
2.834463934 2.186329223 

2.744478516 2.08770407 
2.834463934 2.186329223 

6.887909898 6.168769408 
7.035846811 6.296394903 

6.887909898 6.168769408 
6.788392292 6.11739036 

6.677331174 6.145128437 
6.788392292 6.11739036 

6.979832329 5.902776916 
7.033643297 5.957142232 

7.0043233 5.310081458 
7.075979246 5.217315566 

2.637814809 9.483109342 
2.61321863 9.350625531 

2.590289193 9.202239622 
2.61321863 9.350625531 

4.522859013 5.756890995 
4.238478511 5.934079297 

3.131689556 7.679551317 
2.996497931 7.922902565 

3.078897994 0.3134045779 
3.148002467 0.2231491516 

3.257526917 0.208863788 
3.148002467 0.2231491516 

4.50609237 0.813155209 
4.300758837 0.8910653183 

2.687322738 3.373714847 
2.656655079 3.649374847 

3.776935016 1.366650277 
4.002439342 1.386255319 

4.080314737 0.9694600579 
4.189619797 0.9232064197 

4.300758837 0.8910653183 
4.189619797 0.9232064197 

3.776935016 1.366650277 
3.708183335 1.496591428 

3.652884346 1.618153188 
3.708183335 1.496591428 

7.60638081 6.318434868 
7.744840189 6.215291861 

2.651298366 6.927684929 
2.613382609 7.064376155 

3.411353253 6.453831394 
3.454149938 6.634496877 

3.562337609 0.4240968854 
3.424713315 0.4762399357 

3.317100992 0.5301034377 
3.424713315 0.4762399357 

3.640348387 3.210672059 
3.582498295 3.29930111 

2.67778723 0.4585442766 
2.626487889 0.4387542517 

6.964416689 6.635537155 
6.865785706 6.560990224 

6.721640881 6.520509895 
6.865785706 6.560990224 

7.554029225 6.993178107 
7.465955785 7.145066788 

4.837096966 6.378850742 
5.025540837 6.470415094 

1.136941775 6.227677768 
1.140362431 6.198593418 

5.9245165 6.490722032 
5.870737919 6.401928493 

3.45514974 3.228644364 
3.523607392 3.26271701 

3.582498295 3.29930111 
3.523607392 3.26271701 

2.925714655 2.036659962 
2.834463934 2.186329223 

6.639872591 5.697882367 
6.549103051 5.801601298 

3.80634304 8.426646383 
3.754986597 8.318433758 

3.749030834 8.1855216 
3.754986597 8.318433758 

1.913546284 1.318489956 
1.802088484 1.411035378 

3.403919662 8.370363491 
3.435790365 8.436116604 

1.744615073 7.620871126 
1.822879238 7.498513521 

1.892244484 7.438468751 
1.822879238 7.498513521 

5.005135358 5.692675809 
4.941872936 5.829209103 

1.951910198 2.917844793 
1.968892162 2.727365796 

1.993814402 2.557614455 
1.968892162 2.727365796 

4.545272079 7.321441982 
4.518440063 7.20977801 

4.441856643 7.13493414 
4.518440063 7.20977801 

1.460040909 7.879584475 
1.534154416 8.014395009 

5.267044746 7.196531407 
5.37671915 7.111513327 

5.462515409 7.034204333 
5.37671915 7.111513327 

2.814176108 0.9800746643 
2.696332273 1.004164641 

2.561079125 0.9651469328 
2.696332273 1.004164641 

2.378420545 6.415679278 
2.14989326 6.270240784 

2.000581204 6.090179926 
2.14989326 6.270240784 

4.131662351 6.725798025 
4.018250947 6.7765464 

3.159922528 8.984695834 
3.229268315 8.96702301 

1.092943192 9.29559265 
1.138249935 9.146630553 

1.193571279 8.998175548 
1.138249935 9.146630553 

2.639362093 5.87199675 
2.520431115 5.812844273 

2.483662478 5.862377184 
2.520431115 5.812844273 

1.69824441 8.170523164 
1.534154416 8.014395009 

4.287619112 1.574831909 
4.288590291 1.481229539 

4.288898631 1.382908565 
4.288590291 1.481229539 

1.140362431 6.198593418 
1.140968496 6.169695758 

2.774414705 7.979191976 
2.813360595 7.860414334 

2.948694395 7.752884275 
2.813360595 7.860414334 

5.131024434 2.324287318 
5.080392587 2.438977781 

5.036363903 2.562383437 
5.080392587 2.438977781 

1.984970635 3.316938974 
1.993398396 3.450318179 

2.476707061 3.835675981 
2.544061631 3.747243348 

2.590394164 3.625461409 
2.544061631 3.747243348 

2.742339466 9.15164954 
2.913736821 9.042363535 

0.9718015676 6.978493572 
1.162566069 7.138363743 

2.384675345 8.343573557 
2.257004001 8.340617543 

2.127463088 8.424456114 
2.257004001 8.340617543 

2.717648146 2.243972851 
2.834463934 2.186329223 

2.880399142 6.820104948 
2.962951921 6.842143355 

3.02650987 6.90552592 
2.962951921 6.842143355 

7.60638081 6.318434868 
7.577340662 6.262072122 

6.363822148 6.356442892 
6.283541793 6.478912241 

6.157509943 6.526661745 
6.283541793 6.478912241 

4.522859013 5.756890995 
4.357451555 5.786907525 

3.829239243 7.127776846 
3.813442304 7.350064868 

2.594181901 7.1638908 
2.613382609 7.064376155 

7.075979246 5.217315566 
7.139753816 5.187272878 

3.317746993 1.989504085 
3.284040808 2.142833036 

4.013432258 3.103038113 
3.865875687 3.063236518 

6.545168248 6.95532392 
6.538075156 6.813457765 

6.59730125 6.682420857 
6.538075156 6.813457765 

4.545227843 6.954426806 
4.441856643 7.13493414 

5.912413824 7.54443024 
5.81126627 7.519983742 

5.735331656 7.479507032 
5.81126627 7.519983742 

1.806484201 8.874795422 
1.952258099 8.961092798 

2.072227431 9.085004494 
1.952258099 8.961092798 

1.576134272 2.672691669 
1.507236194 2.605346764 

3.649512766 3.026631868 
3.750276825 3.0531521 

3.865875687 3.063236518 
3.750276825 3.0531521 

1.873930834 7.568062293 
1.822879238 7.498513521 

5.358362791 6.210137478 
5.195106361 6.318898156 

6.311990751 7.998403523 
6.48898487 7.969008597 

5.070424298 7.318718736 
5.211405135 7.422719511 

6.499678578 5.000235067 
6.490310064 5.132452352 

6.48610874 5.273059564 
6.490310064 5.132452352 

2.626487889 0.4387542517 
2.597493288 0.4234451485 

2.027348463 0.819972009 
1.953808163 0.7483144314 

3.428630722 1.601128757 
3.530641789 1.635549203 

3.581995564 1.768931703 
3.530641789 1.635549203 

7.054667108 5.139833024 
7.075979246 5.217315566 

6.865785706 6.560990224 
6.803619082 6.628242537 

1.321202563 7.719278463 
1.460040909 7.879584475 

1.04229133 7.63421981 
0.9381180687 7.699988149 

0.8336837668 7.858298005 
0.9381180687 7.699988149 

3.857597441 6.757053667 
4.00588277 7.001959533 

1.764011158 9.324243508 
1.62944822 9.333984135 

4.122720116 7.185157001 
4.309362051 7.163450322 

3.14971439 3.29593457 
3.049574327 3.308833337 

1.501620932 6.011599168 
1.647556705 6.05373865 

3.672611051 2.035869057 
3.556639788 2.127467666 

2.767571702 1.430746914 
2.663822647 1.567503801 

2.972103652 1.392472407 
2.906101074 1.411316519 

2.39414361 8.444130053 
2.317882135 8.522958258 

6.538075156 6.813457765 
6.431504793 6.808931718 

7.548757423 6.036677738 
7.498771949 5.755763973 

7.389117594 7.336766505 
7.455506533 7.241612937 

7.465955785 7.145066788 
7.455506533 7.241612937 

2.20910662 1.73281688 
2.223344198 1.502570327 

1.62944822 9.333984135 
1.554897802 9.330502153 

5.047334401 5.153312199 
5.104382291 4.992204333 

0.3045435422 8.192038472 
0.3803489246 8.165153412 

2.502535885 8.592851655 
2.457621482 8.701188998 

2.388854146 8.838892305 
2.457621482 8.701188998 

4.122720116 7.185157001 
4.03822248 7.082998367 

4.00588277 7.001959533 
4.03822248 7.082998367 

1.844048961 2.196209358 
1.756225461 2.083289261 

1.68719463 1.963250926 
1.756225461 2.083289261 

3.078897994 0.3134045779 
3.167291615 0.6144897791 

3.211823198 0.9301892097 
3.167291615 0.6144897791 

3.754787473 0.8101022276 
3.768118999 1.134652826 

6.083336725 6.59692049 
6.067875502 6.470293687 

2.198835803 7.711687252 
2.110277563 7.659250653 

0.3860380366 7.456834098 
0.7381729092 7.4290498 

2.418764463 7.211765952 
2.594181901 7.1638908 

2.725020726 1.856842177 
2.744478516 2.08770407 

2.725020726 1.856842177 
2.735685983 1.728071041 

2.76288128 1.628812245 
2.735685983 1.728071041 

1.983929381 8.242417787 
2.218836591 8.195904466 

6.067875502 6.470293687 
6.061653626 6.357006449 

6.013364409 6.496711735 
6.067875502 6.470293687 

4.973326318 7.632639446 
5.009742103 7.810571364 

4.993176022 7.988188497 
5.009742103 7.810571364 

3.757223964 1.85082297 
3.652884346 1.618153188 

3.757223964 1.85082297 
3.76664982 1.756695182 

3.856394776 1.711055497 
3.76664982 1.756695182 

7.139753816 5.187272878 
7.162892976 5.082369168 

2.374243116 2.433147372 
2.345174174 2.337769942 

2.925714655 2.036659962 
3.059503029 2.103214928 

3.173751414 2.213104535 
3.059503029 2.103214928 

3.131689556 7.679551317 
3.237826968 7.799908327 

3.367755105 7.907494358 
3.237826968 7.799908327 

1.741657893 1.893324663 
1.68719463 1.963250926 

6.062417714 6.219825145 
6.048237473 6.309866805 

6.061653626 6.357006449 
6.048237473 6.309866805 

1.84319957 9.225039534 
1.713536661 9.175911717 

7.498771949 5.755763973 
7.542349959 5.619189482 

0.7359409978 6.950753135 
0.8478336046 7.148979886 

5.861498518 6.506944045 
5.9245165 6.490722032 

2.024925504 8.847776857 
1.952258099 8.961092798 

7.542349959 5.619189482 
7.486570347 5.543667886 

7.471379976 5.413285013 
7.486570347 5.543667886 

2.047579594 7.678815723 
1.999721407 7.65668715 

1.952156472 7.578623523 
1.999721407 7.65668715 

2.007017016 8.529123337 
1.900680952 8.458779449 

5.912651646 6.731951295 
5.992710135 6.918395011 

6.040655996 7.113489049 
5.992710135 6.918395011 

2.687322738 3.373714847 
2.624849666 3.515220907 

2.590394164 3.625461409 
2.624849666 3.515220907 

3.601485733 0.9596471317 
3.534785292 0.9962845667 

3.176176335 2.043022415 
3.059503029 2.103214928 

0.7381729092 7.4290498 
0.8488358156 7.506915549 

4.973326318 7.632639446 
4.886578173 7.563590632 

1.474072965 1.728551807 
1.569417633 1.580884482 

6.021679337 4.816663081 
6.15543865 4.7791682 

7.228556145 5.21905575 
7.344853726 5.308821516 

5.50131035 6.597222391 
5.62216986 6.750974584 

1.140968496 6.169695758 
1.127326394 6.142359945 

4.776544019 5.63998428 
5.005135358 5.692675809 

7.650906965 6.868018523 
7.613175547 6.887942369 

7.575344454 6.908982318 
7.613175547 6.887942369 

1.569417633 1.580884482 
1.626196329 1.504080279 

5.9245165 6.490722032 
5.980936697 6.582829481 

7.033643297 5.957142232 
7.11629763 5.960757827 

6.950143121 7.028253799 
6.856768028 6.901483173 

6.770235106 6.789335728 
6.856768028 6.901483173 

0.7860573224 6.43238627 
0.7666434643 6.395761189 

3.347084353 2.675646069 
3.261819939 2.782728069 

3.445659551 0.5735897032 
3.424713315 0.4762399357 

3.534785292 0.9962845667 
3.479718323 1.061133546 

4.361643836 6.642874243 
4.701602966 6.641214032 

6.345063104 8.334859312 
6.130705571 8.147806821 

6.311990751 7.998403523 
6.374390335 8.118183448 

5.566373661 6.055699469 
5.699037547 6.252640201 

5.24109373 6.561105751 
5.380498892 6.72792676 

4.67155617 3.019288248 
4.671819278 3.07774978 

6.374390335 8.118183448 
6.399287427 8.18722167 

1.983929381 8.242417787 
2.090405792 8.273439537 

2.127463088 8.424456114 
2.090405792 8.273439537 

5.983254026 5.595511713 
5.929627638 5.58361181 

2.318195624 1.465919646 
2.223344198 1.502570327 

4.776544019 5.63998428 
4.639377993 5.699404486 

4.522859013 5.756890995 
4.639377993 5.699404486 

2.71381813 6.568478476 
2.648381423 6.564962955 

1.642948611 8.459382354 
1.510298251 8.390562312 

6.15543865 4.7791682 
6.2269086 4.757673109 

3.073165641 1.811155642 
2.99564012 1.798968993 

2.975479518 1.702542556 
2.99564012 1.798968993 

2.525745163 7.096198944 
2.594181901 7.1638908 

3.768118999 1.134652826 
3.78605606 1.244659166 

3.776935016 1.366650277 
3.78605606 1.244659166 

2.973503917 1.293517378 
3.005582213 1.417794778 

3.03662732 1.554998316 
3.005582213 1.417794778 

2.729645966 8.243470349 
2.68964882 8.448563249 

4.018250947 6.7765464 
3.948487403 6.78299162 

6.271030291 4.67094429 
6.252725869 4.726073462 

6.2269086 4.757673109 
6.252725869 4.726073462 

5.472168151 5.673619801 
5.64790823 5.581983129 

3.04296809 2.493298083 
3.204863258 2.590480437 

3.347084353 2.675646069 
3.204863258 2.590480437 

3.454149938 6.634496877 
3.400232426 6.676040284 

3.377188805 6.742669272 
3.400232426 6.676040284 

1.867661761 0.7772758986 
1.929125155 0.7675016856 

1.953808163 0.7483144314 
1.929125155 0.7675016856 

5.866338773 7.078309532 
5.777595316 7.080609806 

5.736446911 7.011100005 
5.777595316 7.080609806 

0.4081933725 8.261180229 
0.3970761609 8.207988206 

0.3803489246 8.165153412 
0.3970761609 8.207988206 

5.70961683 6.392906899 
5.699037547 6.252640201 

4.326684104 3.154480994 
4.349057329 3.049763516 

4.364952563 2.973026816 
4.349057329 3.049763516 

2.384675345 8.343573557 
2.403037384 8.203219321 

2.451134096 8.033733316 
2.403037384 8.203219321 

2.021723794 5.921791374 
2.149504495 5.889392067 

0.7359409978 6.950753135 
0.8498305115 6.964675766 

0.9718015676 6.978493572 
0.8498305115 6.964675766 

2.115777742 7.443576769 
2.182199478 7.42739438 

1.554897802 9.330502153 
1.505955366 9.332904997 

2.604073895 7.626244948 
2.688649245 7.601325553 

2.799843452 7.572865508 
2.688649245 7.601325553 

5.727287505 7.327319342 
5.765961875 7.188941776 

5.866338773 7.078309532 
5.765961875 7.188941776 

6.3110178 4.839919049 
6.2269086 4.757673109 

2.248557612 7.5038829 
2.182199478 7.42739438 

6.25492956 6.939188948 
6.144755771 7.021603829 

2.23901338 6.505599844 
2.173586778 6.616956684 

0.6730584387 7.609596172 
0.7381729092 7.4290498 

3.551233105 2.28777674 
3.551312541 2.204394014 

3.556639788 2.127467666 
3.551312541 2.204394014 

7.0043233 5.310081458 
6.938650376 5.163837255 

2.342996417 7.868590308 
2.392758945 7.77383843 

2.383829075 7.682924485 
2.392758945 7.77383843 

6.157509943 6.526661745 
6.067875502 6.470293687 

3.436506346 2.204834134 
3.551312541 2.204394014 

2.049941293 8.045340037 
2.012728291 8.128354209 

1.983929381 8.242417787 
2.012728291 8.128354209 

1.830496704 6.379894506 
1.712093084 6.174369777 

4.788185122 7.51041034 
4.836224602 7.528550825 

4.886578173 7.563590632 
4.836224602 7.528550825 

0.7381729092 7.4290498 
0.7104565245 7.279879097 

7.599878258 6.507857895 
7.248400837 6.764628668 

6.950143121 7.028253799 
7.248400837 6.764628668 

4.803183986 2.414971812 
4.656292557 2.434526205 

4.481680891 2.411369473 
4.656292557 2.434526205 

3.229268315 8.96702301 
3.285552041 8.975732528 

3.434027326 2.080897155 
3.556639788 2.127467666 

0.7401238531 8.294133125 
0.7397989352 8.21448301 

0.761237016 8.101659807 
0.7397989352 8.21448301 

2.433853261 7.017502396 
2.354901602 7.056795982 

2.268171702 7.092700188 
2.354901602 7.056795982 

2.518789399 9.093481197 
2.582960909 9.286420383 

2.767571702 1.430746914 
2.888859079 1.46549579 

2.906101074 1.411316519 
2.888859079 1.46549579 

2.265487835 5.831965649 
2.210804353 5.860015728 

2.149504495 5.889392067 
2.210804353 5.860015728 

3.362264164 0.7126126488 
3.167291615 0.6144897791 

5.777595316 7.080609806 
5.728415804 7.123890426 

5.765961875 7.188941776 
5.728415804 7.123890426 

6.399287427 8.18722167 
6.395423374 8.236713112 

5.472168151 5.673619801 
5.499200898 5.851360206 

6.395423374 8.236713112 
6.394995674 8.26343138 

2.010622427 8.390747594 
2.090405792 8.273439537 

4.773532743 6.803927695 
4.745336093 6.715899898 

4.701602966 6.641214032 
4.745336093 6.715899898 

3.75826672 8.541749509 
3.800632632 8.4876944 

3.80634304 8.426646383 
3.800632632 8.4876944 

3.317100992 0.5301034377 
3.167291615 0.6144897791 

5.070424298 7.318718736 
5.006238983 7.224688443 

4.932341502 7.116322307 
5.006238983 7.224688443 

6.730173258 5.114252077 
6.499678578 5.000235067 

6.345063104 8.334859312 
6.377929556 8.288978715 

6.394995674 8.26343138 
6.377929556 8.288978715 

3.829239243 7.127776846 
4.00588277 7.001959533 

3.408721349 0.3019219403 
3.403251486 0.4115101196 

3.424713315 0.4762399357 
3.403251486 0.4115101196 

2.549855646 3.782271411 
2.544061631 3.747243348 

3.497642857 2.630074628 
3.414207702 2.51573301 

3.30932918 2.380954892 
3.414207702 2.51573301 

5.897259226 6.54452589 
5.932958615 6.589846444 

5.980936697 6.582829481 
5.932958615 6.589846444 

5.234823357 8.171743414 
5.134753013 8.090329555 

1.85694111 7.90355116 
1.946378456 7.907038233 

2.000581204 6.090179926 
1.910859701 6.217600593 

1.534154416 8.014395009 
1.466950241 7.990798386 

3.403251486 0.4115101196 
3.475575039 0.4233567271 

4.198054968 2.352319594 
4.043630536 2.470254826 

3.947146093 2.574799565 
4.043630536 2.470254826 

5.134753013 8.090329555 
5.116426832 8.17403296 

6.173238032 5.003726272 
6.3110178 4.839919049 

2.995370393 3.418273057 
3.000819242 3.362459491 

0.3860380366 7.456834098 
0.5139513844 7.677728418 

0.6730584387 7.609596172 
0.5520987008 7.541902925 

0.4463150311 7.529416981 
0.3140983645 7.580894017 

0.5520987008 7.541902925 
0.491936155 7.537749846 

0.4463150311 7.529416981 
0.491936155 7.537749846 

4.366155226 7.650895081 
4.227310269 7.628463746 

4.06352945 7.660839194 
4.227310269 7.628463746 

1.576134272 2.672691669 
1.460906094 2.69153321 

4.941872936 5.829209103 
5.00954187 5.914324843 

4.788185122 7.51041034 
4.786278484 7.434952625 

4.357451555 5.786907525 
4.247348207 5.842050363 

2.590394164 3.625461409 
2.656655079 3.649374847 

0.3045435422 8.192038472 
0.5073633905 8.25819127 

0.7401238531 8.294133125 
0.5073633905 8.25819127 

0.6400582836 7.987728072 
0.5658821908 8.075029809 

6.066316957 7.873426138 
5.877563407 7.594858462 

5.727287505 7.327319342 
5.877563407 7.594858462 

5.000772975 6.335132797 
5.195106361 6.318898156 

4.373933139 3.449199381 
4.455697039 3.406774179 

4.567748954 3.375193571 
4.455697039 3.406774179 

1.867315817 8.181264264 
2.012728291 8.128354209 

2.729645966 8.243470349 
2.76701048 8.129813872 

5.025540837 6.470415094 
5.223137984 6.432992596 

2.22767207 9.01124457 
2.133052045 9.044300984 

2.072227431 9.085004494 
2.133052045 9.044300984 

4.910360603 1.834168967 
4.806902972 1.775383638 

3.649512766 3.026631868 
3.548932291 3.120966294 

3.45514974 3.228644364 
3.548932291 3.120966294 

1.778728633 8.682407324 
1.792059783 8.782305703 

4.361643836 6.642874243 
4.503571653 6.55963542 

4.642901553 6.474248314 
4.503571653 6.55963542 

4.282930227 2.799152729 
4.202703687 2.834980863 

4.121601577 2.848512617 
4.202703687 2.834980863 

6.058016546 8.196597937 
6.052777979 8.015639298 

6.066316957 7.873426138 
6.052777979 8.015639298 

5.569897493 7.984196377 
5.514686182 8.086528125 

1.891825219 7.685022581 
1.999721407 7.65668715 

3.551233105 2.28777674 
3.477081066 2.18408229 

3.434027326 2.080897155 
3.477081066 2.18408229 

2.669869676 2.636082784 
2.809483701 2.668720982 

2.971266903 2.695683156 
2.809483701 2.668720982 

3.857597441 6.757053667 
3.904750609 6.775356698 

3.948487403 6.78299162 
3.904750609 6.775356698 

1.397405819 8.12479289 
1.520335862 8.194745856 

2.383829075 7.682924485 
2.347402856 7.595267851 

2.248557612 7.5038829 
2.347402856 7.595267851 

1.903329962 1.670673033 
1.879667787 1.509243891 

2.355009043 1.778568495 
2.358449811 1.684430761 

2.387182982 1.585498169 
2.358449811 1.684430761 

5.116426832 8.17403296 
5.086900314 8.116436209 

2.22767207 9.01124457 
2.187663256 9.111702702 

2.460175525 2.552802994 
2.414388201 2.489139285 

2.374243116 2.433147372 
2.414388201 2.489139285 

3.094158301 2.843768316 
3.029714622 2.874802116 

2.927585971 2.89710764 
3.029714622 2.874802116 

3.918813599 2.034412055 
3.85062722 1.856066853 

7.054667108 5.139833024 
7.108832623 5.136324818 

2.187663256 9.111702702 
2.21366204 9.189256588 

0.484343999 8.013382901 
0.5658821908 8.075029809 

2.21366204 9.189256588 
2.183175622 9.224638046 

2.168166655 9.279168222 
2.183175622 9.224638046 

6.157509943 6.526661745 
6.172279006 6.650517718 

4.670564303 3.137846652 
4.673052193 3.107866133 

4.671819278 3.07774978 
4.673052193 3.107866133 

5.736446911 7.011100005 
5.617464296 7.028734701 

2.725020726 1.856842177 
2.640659265 1.766346521 

2.595485184 1.674697576 
2.640659265 1.766346521 

2.488180347 2.341401852 
2.414388201 2.489139285 

5.566373661 6.055699469 
5.528795136 5.954477734 

5.499200898 5.851360206 
5.528795136 5.954477734 

2.86127101 1.621065139 
2.840864601 1.523154875 

1.600418375 6.85826447 
1.603767583 6.946003744 

3.434027326 2.080897155 
3.436506346 2.204834134 

3.70995925 4.020771592 
3.831040678 3.949658055 

3.942287888 3.820137643 
3.831040678 3.949658055 

6.3110178 4.839919049 
6.252725869 4.726073462 

2.047579594 7.678815723 
2.070996815 7.630395044 

2.126110355 7.54269101 
2.070996815 7.630395044 

2.198922343 3.66188224 
2.285116792 3.535219815 

2.386579501 3.418645349 
2.285116792 3.535219815 

5.00954187 5.914324843 
5.045958803 5.935783837 

5.096197357 5.932303661 
5.045958803 5.935783837 

1.712030141 1.790451312 
1.545084156 1.829806686 

2.266080413 8.069967319 
2.200763201 7.961673697 

1.830496704 6.379894506 
1.866996701 6.278882757 

1.910859701 6.217600593 
1.866996701 6.278882757 

3.562337609 0.4240968854 
3.522377104 0.4239053407 

3.475575039 0.4233567271 
3.522377104 0.4239053407 

2.76701048 8.129813872 
2.582874023 8.027550799 

3.176176335 2.043022415 
3.164248302 2.128193011 

3.068609935 2.727329294 
3.094158301 2.843768316 

1.678619516 8.333050853 
1.671693094 8.244536236 

1.69824441 8.170523164 
1.671693094 8.244536236 

3.125293918 6.154955158 
3.07961102 6.121457517 

5.462515409 7.034204333 
5.537167976 7.033391541 

5.617464296 7.028734701 
5.537167976 7.033391541 

2.110277563 7.659250653 
2.070996815 7.630395044 

3.556639788 2.127467666 
3.477081066 2.18408229 

5.799841097 4.631845442 
5.697792171 4.622876643 

5.597093614 4.580665925 
5.697792171 4.622876643 

2.840864601 1.523154875 
2.825932121 1.472221104 

1.150946403 8.047598541 
0.9654677575 8.084666648 

0.761237016 8.101659807 
0.9654677575 8.084666648 

6.534372155 8.284176062 
6.394995674 8.26343138 

2.332786885 7.342140524 
2.245013397 7.368744899 

2.182199478 7.42739438 
2.245013397 7.368744899 

3.497642857 2.630074628 
3.595865756 2.610812135 

3.710174795 2.58738141 
3.595865756 2.610812135 

3.640348387 3.210672059 
3.548932291 3.120966294 

6.278563487 6.584986992 
6.283541793 6.478912241 

7.599878258 6.507857895 
7.578128883 6.406292393 

7.60638081 6.318434868 
7.578128883 6.406292393 

1.664604272 7.875794814 
1.556110432 7.878650735 

1.460040909 7.879584475 
1.556110432 7.878650735 

6.639872591 5.697882367 
6.490003989 5.669522644 

1.02545932 7.449509399 
0.8703231945 7.440350392 

0.7381729092 7.4290498 
0.8703231945 7.440350392 

3.672611051 2.035869057 
3.784887368 2.106271002 

3.953785232 2.166739816 
3.784887368 2.106271002 

3.393023176 6.981944249 
3.234362526 7.016832701 

3.106412363 7.028294556 
3.234362526 7.016832701 

5.514686182 8.086528125 
5.496576783 8.156623375 

3.066771357 8.353211127 
3.019993853 8.643990049 

3.066771357 8.353211127 
2.913841079 8.282851045 

2.729645966 8.243470349 
2.913841079 8.282851045 

2.639626184 6.651521295 
2.653231078 6.609452847 

1.804244489 6.005319095 
1.893052491 6.051867465 

2.000581204 6.090179926 
1.893052491 6.051867465 

2.070996815 7.630395044 
1.999721407 7.65668715 

1.290031142 7.962677973 
1.26428503 7.839934887 

1.321202563 7.719278463 
1.26428503 7.839934887 

3.294789035 7.244906706 
3.400108782 7.397962959 

3.477081066 2.18408229 
3.436506346 2.204834134 

3.393023176 6.981944249 
3.347299473 7.11509612 

5.578576143 7.673324561 
5.559311096 7.515975107 

3.757223964 1.85082297 
3.948364712 1.632609587 

4.127785417 1.387623756 
3.948364712 1.632609587 

3.423175214 1.730839902 
3.530641789 1.635549203 

2.648381423 6.564962955 
2.644197901 6.592223211 

2.653231078 6.609452847 
2.644197901 6.592223211 

2.689311193 3.024107246 
2.669113738 3.107689814 

3.857597441 6.757053667 
4.087912419 7.02822497 

4.340420439 7.30107594 
4.087912419 7.02822497 

1.844048961 2.196209358 
1.87871537 2.091648742 

1.941920433 1.990271759 
1.87871537 2.091648742 

2.503247954 2.191046319 
2.717648146 2.243972851 

2.418764463 7.211765952 
2.525745163 7.096198944 

1.460906094 2.69153321 
1.410083622 2.710883253 

2.146218246 7.815116943 
2.200763201 7.961673697 

7.344853726 5.308821516 
7.444355196 5.336110582 

2.197480014 6.732558093 
2.200505493 6.672475251 

2.173586778 6.616956684 
2.200505493 6.672475251 

4.837096966 6.378850742 
4.916336643 6.376630598 

5.000772975 6.335132797 
4.916336643 6.376630598 

7.404609899 6.648990942 
7.248400837 6.764628668 

6.363822148 6.356442892 
6.452504512 6.409356532 

6.541981252 6.486502239 
6.452504512 6.409356532 

2.669869676 2.636082784 
2.57658221 2.586924864 

2.460175525 2.552802994 
2.57658221 2.586924864 

7.684280648 6.07455987 
7.696068934 6.149267437 

2.820084794 2.45384358 
2.92439535 2.474816724 

3.04296809 2.493298083 
2.92439535 2.474816724 

1.362220451 2.770038598 
1.385712794 2.731852591 

1.410083622 2.710883253 
1.385712794 2.731852591 

7.696068934 6.149267437 
7.702295948 6.183147013 

1.725373682 2.748003273 
1.968892162 2.727365796 

2.20910662 1.73281688 
2.365097728 1.844804761 

2.531980485 1.973459738 
2.365097728 1.844804761 

6.040655996 7.113489049 
6.0919643 7.073538651 

6.144755771 7.021603829 
6.0919643 7.073538651 

3.164248302 2.128193011 
3.216303712 2.125149036 

1.744615073 7.620871126 
1.700696212 7.742903245 

1.664604272 7.875794814 
1.700696212 7.742903245 

6.12581327 5.868468911 
6.188184913 5.863945872 

6.252495748 5.89361624 
6.188184913 5.863945872 

4.326684104 3.154480994 
4.252256308 3.122352658 

4.147983496 3.056417119 
4.252256308 3.122352658 

0.3860380366 7.456834098 
0.3921961801 7.492618567 

4.293516221 6.928521031 
4.292366175 7.015793714 

4.269207793 7.094518921 
4.292366175 7.015793714 

3.424713315 0.4762399357 
3.475575039 0.4233567271 

2.361506189 2.925634511 
2.461840126 2.848050008 

2.579730923 2.76131859 
2.461840126 2.848050008 

1.999866473 6.332494789 
1.866996701 6.278882757 

4.803183986 2.414971812 
4.669691043 2.499453883 

3.293035754 6.234137938 
3.29204379 6.317195293 

3.308401699 6.380625715 
3.29204379 6.317195293 

3.005582213 1.417794778 
2.972103652 1.392472407 

3.173751414 2.213104535 
3.135533975 2.170465422 

3.164248302 2.128193011 
3.135533975 2.170465422 

3.261819939 2.782728069 
3.238054486 2.850901088 

3.228368911 2.918893369 
3.238054486 2.850901088 

3.582498295 3.29930111 
3.490758938 3.438365776 

2.357126847 0.9248610923 
2.360890608 1.072478706 

2.367505791 1.22077771 
2.360890608 1.072478706 

7.162892976 5.082369168 
7.137083763 5.120363856 

7.108832623 5.136324818 
7.137083763 5.120363856 

2.888859079 1.46549579 
2.840864601 1.523154875 

6.412459162 6.019268833 
6.484021591 5.910075226 

6.549103051 5.801601298 
6.484021591 5.910075226 

7.599878258 6.507857895 
7.497221482 6.575006065 

7.404609899 6.648990942 
7.497221482 6.575006065 

5.912651646 6.731951295 
5.932958615 6.589846444 

1.678619516 8.333050853 
1.598926335 8.267829064 

1.520335862 8.194745856 
1.598926335 8.267829064 

2.433853261 7.017502396 
2.417114344 7.115595278 

2.418764463 7.211765952 
2.417114344 7.115595278 

3.562337609 0.4240968854 
3.829385702 0.4715621022 

3.918910197 1.588917765 
3.948364712 1.632609587 

5.912413824 7.54443024 
5.877563407 7.594858462 

3.961408783 0.4950062711 
4.028352307 0.5069606486 

0.3921961801 7.492618567 
0.3743666738 7.522474977 

3.829385702 0.4715621022 
3.895397242 0.4832841867 

3.961408783 0.4950062711 
3.895397242 0.4832841867 

5.866338773 7.078309532 
5.817436933 7.117038066 

5.728415804 7.123890426 
5.817436933 7.117038066 

1.504766522 7.395046136 
1.642699059 7.374167122 

3.347299473 7.11509612 
3.328110417 7.178103756 

3.530641789 1.635549203 
3.652884346 1.618153188 

2.607802249 3.176419963 
2.643534031 3.142491319 

2.669113738 3.107689814 
2.643534031 3.142491319 

3.247336169 8.591349537 
3.170315984 8.626967245 

6.914316882 6.001628671 
6.788392292 6.11739036 

1.892244484 7.438468751 
1.79580249 7.337295699 

1.732800859 7.214558472 
1.79580249 7.337295699 

2.425128515 2.060560228 
2.454408805 2.121463834 

2.383829075 7.682924485 
2.498907476 7.654360895 

2.604073895 7.626244948 
2.498907476 7.654360895 

2.825932121 1.472221104 
2.810676616 1.443368869 

5.019108212 8.157484365 
5.061729826 8.127450892 

5.086900314 8.116436209 
5.061729826 8.127450892 

0.3045435422 8.192038472 
0.3970761609 8.207988206 

0.484343999 8.013382901 
0.3584241037 8.090208635 

7.444355196 5.336110582 
7.456332514 5.377387878 

7.471379976 5.413285013 
7.456332514 5.377387878 

2.688649245 7.601325553 
2.746156734 7.694825421 

0.3944997166 6.742232234 
0.6131491053 6.95231024 

0.8478336046 7.148979886 
0.6131491053 6.95231024 

2.72843239 7.382215891 
2.81123777 7.290705037 

2.890199232 7.22716212 
2.81123777 7.290705037 

0.7359409978 6.950753135 
0.6131491053 6.95231024 

2.820084794 2.45384358 
2.739799224 2.551857632 

2.669869676 2.636082784 
2.739799224 2.551857632 

6.490003989 5.669522644 
6.391183011 5.659541914 

3.620630871 8.491032879 
3.689791215 8.535689923 

3.75826672 8.541749509 
3.689791215 8.535689923 

4.00588277 7.001959533 
4.087912419 7.02822497 

2.047534752 7.030269251 
2.001664823 6.945313933 

1.95891204 6.863432991 
2.001664823 6.945313933 

7.702295948 6.183147013 
7.723568068 6.199219437 

7.723568068 6.199219437 
7.734204129 6.207255649 

7.744840189 6.215291861 
7.734204129 6.207255649 

6.887909898 6.168769408 
6.902595629 6.088479299 

6.914316882 6.001628671 
6.902595629 6.088479299 

2.365097728 1.844804761 
2.355009043 1.778568495 

5.116426832 8.17403296 
5.088010155 8.144094539 

5.061729826 8.127450892 
5.088010155 8.144094539 

1.724860001 7.339691206 
1.79580249 7.337295699 

4.059363816 3.84725174 
4.141003599 3.730681317 

4.242073943 3.63071298 
4.141003599 3.730681317 

5.340473115 5.713536677 
5.382939152 5.60438979 

1.712030141 1.790451312 
1.59604955 1.760883737 

5.104382291 4.992204333 
5.135407122 4.881654628 

3.85062722 1.856066853 
3.76664982 1.756695182 

4.136475021 5.895742227 
4.186785589 5.861319462 

4.247348207 5.842050363 
4.186785589 5.861319462 

1.474072965 1.728551807 
1.532998402 1.743529868 

1.59604955 1.760883737 
1.532998402 1.743529868 

0.3584241037 8.090208635 
0.336504945 8.144429658 

0.3045435422 8.192038472 
0.336504945 8.144429658 

7.228556145 5.21905575 
7.139753816 5.187272878 

2.948694395 7.752884275 
3.144846455 7.836007578 

3.367755105 7.907494358 
3.144846455 7.836007578 

2.248557612 7.5038829 
2.29464251 7.425374973 

2.503247954 2.191046319 
2.477897128 2.155238229 

2.454408805 2.121463834 
2.477897128 2.155238229 

2.767571702 1.430746914 
2.792548565 1.432480845 

2.810676616 1.443368869 
2.792548565 1.432480845 

0.3654170151 7.537053881 
0.359644267 7.545264906 

2.378420545 6.415679278 
2.251660215 6.408628479 

2.111100939 6.412030868 
2.251660215 6.408628479 

0.3743666738 7.522474977 
0.3698918445 7.529764429 

0.3654170151 7.537053881 
0.3698918445 7.529764429 

3.068609935 2.727329294 
3.054653297 2.616255162 

3.04296809 2.493298083 
3.054653297 2.616255162 

5.622629773 6.92695977 
5.68295048 6.88588575 

5.234823357 8.171743414 
5.116426832 8.17403296 

5.472168151 5.673619801 
5.5283854 5.536830708 

5.577844583 5.384768867 
5.5283854 5.536830708 

2.582960909 9.286420383 
2.590289193 9.202239622 

7.13309828 7.498808771 
7.177184842 7.521758079 

7.221109219 7.568088745 
7.177184842 7.521758079 

3.01376278 6.081712442 
3.050381656 6.096254311 

3.07961102 6.121457517 
3.050381656 6.096254311 

7.548757423 6.036677738 
7.684280648 6.07455987 

3.434027326 2.080897155 
3.390943531 2.149641152 

3.344295641 2.22059225 
3.390943531 2.149641152 

2.146218246 7.815116943 
2.132612511 7.735698566 

2.110277563 7.659250653 
2.132612511 7.735698566 

3.479718323 1.061133546 
3.450942328 1.04330797 

3.420355239 1.021226667 
3.450942328 1.04330797 

2.774414705 7.979191976 
2.665485173 7.881466603 

2.566382353 7.764151215 
2.665485173 7.881466603 

2.925714655 2.036659962 
3.073165641 1.811155642 

2.132612511 7.735698566 
2.198835803 7.711687252 

3.607585998 2.516407204 
3.595865756 2.610812135 

2.925714655 2.036659962 
3.089498364 2.02754553 

3.176176335 2.043022415 
3.089498364 2.02754553 

1.505955366 9.332904997 
1.507250915 9.377662785 

1.647178949 7.003794952 
1.575888739 7.004295631 

3.000819242 3.362459491 
3.027148519 3.34291585 

3.049574327 3.308833337 
3.027148519 3.34291585 

6.097943957 5.158236811 
6.125224416 5.093547434 

6.173238032 5.003726272 
6.125224416 5.093547434 

2.971266903 2.695683156 
3.054653297 2.616255162 

6.345063104 8.334859312 
6.44139416 8.305683898 

6.534372155 8.284176062 
6.44139416 8.305683898 

1.507250915 9.377662785 
1.503905932 9.396489477 

7.228556145 5.21905575 
7.201810117 5.148686976 

7.162892976 5.082369168 
7.201810117 5.148686976 

5.24109373 6.561105751 
5.217871426 6.491449552 

5.223137984 6.432992596 
5.217871426 6.491449552 

3.317746993 1.989504085 
3.176176335 2.043022415 

1.502931907 9.437328276 
1.503708913 9.418358833 

1.503905932 9.396489477 
1.503708913 9.418358833 

5.135407122 4.881654628 
5.161064971 4.821848474 

7.0043233 5.310081458 
7.025197342 5.21699194 

7.054667108 5.139833024 
7.025197342 5.21699194 

2.451134096 8.033733316 
2.405713607 7.948755127 

2.342996417 7.868590308 
2.405713607 7.948755127 

1.626196329 1.504080279 
1.622310226 1.453971638 

1.618424123 1.403862997 
1.622310226 1.453971638 

6.48898487 7.969008597 
6.566503692 7.957083665 

6.634197281 7.93213308 
6.566503692 7.957083665 

3.918813599 2.034412055 
3.809803663 2.048313439 

3.672611051 2.035869057 
3.809803663 2.048313439 

5.870737919 6.401928493 
5.968705599 6.325319207 

3.073165641 1.811155642 
3.144019282 1.853992452 

3.2398458 1.863981104 
3.187068792 1.8699145 

3.144019282 1.853992452 
3.187068792 1.8699145 

5.070424298 7.318718736 
5.163381877 7.266753386 

5.267044746 7.196531407 
5.163381877 7.266753386 

7.314020288 7.792382897 
7.255326583 7.824863517 

7.199641419 7.859209447 
7.255326583 7.824863517 

2.298051202 2.474106522 
2.335568259 2.451186522 

2.374243116 2.433147372 
2.335568259 2.451186522 

3.809803663 2.048313439 
3.784887368 2.106271002 

2.579730923 2.76131859 
2.576985246 2.873290549 

2.555495945 0.3754017249 
2.576494617 0.3994234367 

2.597493288 0.4234451485 
2.576494617 0.3994234367 

6.062417714 6.219825145 
6.009476579 6.27117182 

5.968705599 6.325319207 
6.009476579 6.27117182 

3.044790498 3.070414907 
3.029714622 2.874802116 

3.749030834 8.1855216 
3.694454577 8.024497253 

3.641281715 7.859551601 
3.694454577 8.024497253 

6.246467952 5.762420998 
6.188184913 5.863945872 

2.973503917 1.293517378 
3.050102436 1.296060917 

3.130744891 1.305522802 
3.050102436 1.296060917 

5.221205619 4.747553675 
5.187413446 4.785992317 

5.161064971 4.821848474 
5.187413446 4.785992317 

3.76664982 1.756695182 
3.652884346 1.618153188 

3.211823198 0.9301892097 
3.293233915 0.822590704 

3.362264164 0.7126126488 
3.293233915 0.822590704 

2.23901338 6.505599844 
2.251660215 6.408628479 

1.361316278 8.284627033 
1.423286954 8.40711141 

2.126110355 7.54269101 
2.115777742 7.443576769 

0.6149923547 7.337285774 
0.563001936 7.349484293 

0.5156198183 7.36902065 
0.563001936 7.349484293 

2.76701048 8.129813872 
2.756549614 8.049988856 

2.774414705 7.979191976 
2.756549614 8.049988856 

6.209117281 7.993484909 
6.26113391 8.000195295 

6.311990751 7.998403523 
6.26113391 8.000195295 

2.582960909 9.286420383 
2.612590218 9.391387629 

7.207213215 5.910275885 
7.154770159 5.939766117 

7.11629763 5.960757827 
7.154770159 5.939766117 

2.332786885 7.342140524 
2.337740719 7.388088263 

2.29464251 7.425374973 
2.337740719 7.388088263 

6.635925174 6.304782654 
6.721640881 6.520509895 

1.603767583 6.946003744 
1.596916296 6.970604033 

6.721640881 6.520509895 
6.803619082 6.628242537 

2.345174174 2.337769942 
2.311751172 2.188929194 

6.635925174 6.304782654 
6.599294308 6.395024681 

6.541981252 6.486502239 
6.599294308 6.395024681 

5.912651646 6.731951295 
5.829717664 6.690035473 

5.739824203 6.642417873 
5.829717664 6.690035473 

3.317746993 1.989504085 
3.269332051 2.063116456 

3.216303712 2.125149036 
3.269332051 2.063116456 

2.311751172 2.188929194 
2.454408805 2.121463834 

1.504766522 7.395046136 
1.424393322 7.305340082 

1.347380717 7.197594946 
1.424393322 7.305340082 

3.672611051 2.035869057 
3.923799143 1.988409634 

4.193724096 1.951008496 
3.923799143 1.988409634 

4.189619797 0.9232064197 
4.132056438 0.830125701 

3.247336169 8.591349537 
3.159860386 8.466161517 

5.78303187 6.865110486 
5.829717664 6.690035473 

1.628640072 8.585087453 
1.703684352 8.633747389 

1.778728633 8.682407324 
1.703684352 8.633747389 

2.622695018 8.715362657 
2.457621482 8.701188998 

1.844048961 2.196209358 
1.976536002 2.157954918 

2.115841804 2.109507312 
1.976536002 2.157954918 

1.892244484 7.438468751 
2.007444531 7.487811443 

2.126110355 7.54269101 
2.007444531 7.487811443 

2.996497931 7.922902565 
3.144846455 7.836007578 

5.70961683 6.392906899 
5.793084274 6.397363185 

5.870737919 6.401928493 
5.793084274 6.397363185 

1.873930834 7.568062293 
1.744615073 7.620871126 

7.001115096 7.095626559 
7.04147339 7.131472957 

7.075619721 7.173173844 
7.04147339 7.131472957 

0.5520987008 7.541902925 
0.5368698492 7.55439276 

4.125586773 0.5281680696 
4.070501567 0.5155851197 

4.028352307 0.5069606486 
4.070501567 0.5155851197 

3.262580263 3.92638707 
3.377283137 3.763588713 

3.494242176 3.60007959 
3.377283137 3.763588713 

3.317429176 8.89397805 
3.298248803 8.927814104 

3.285552041 8.975732528 
3.298248803 8.927814104 

3.059503029 2.103214928 
3.089498364 2.02754553 

2.68964882 8.448563249 
2.743074696 8.462438567 

2.79711147 8.477371291 
2.743074696 8.462438567 

2.364484971 1.332986627 
2.291903182 1.416395607 

2.223344198 1.502570327 
2.291903182 1.416395607 

1.724860001 7.339691206 
1.724819867 7.279728431 

1.732800859 7.214558472 
1.724819867 7.279728431 

3.521923404 3.84952903 
3.377283137 3.763588713 

1.575888739 7.004295631 
1.585972135 6.987755022 

1.596916296 6.970604033 
1.585972135 6.987755022 

5.904227092 5.503493139 
5.916114383 5.543371163 

5.929627638 5.58361181 
5.916114383 5.543371163 

1.230209771 6.906613237 
1.437531317 6.64260976 

4.773532743 6.803927695 
4.837384424 6.840204497 

4.901236104 6.8764813 
4.837384424 6.840204497 

4.75604182 7.283405763 
4.785650682 7.361403671 

4.786278484 7.434952625 
4.785650682 7.361403671 

6.803619082 6.628242537 
6.83259822 6.687627261 

6.859769436 6.745597205 
6.83259822 6.687627261 

0.359644267 7.545264906 
0.3368713157 7.563079462 

7.240473427 7.459534708 
7.177184842 7.521758079 

0.3368713157 7.563079462 
0.3254848401 7.571986739 

0.3140983645 7.580894017 
0.3254848401 7.571986739 

3.294789035 7.244906706 
3.310661425 7.210898529 

3.328110417 7.178103756 
3.310661425 7.210898529 

6.191950657 7.310392916 
6.301884272 7.28615129 

6.415899208 7.238058878 
6.301884272 7.28615129 

2.078424787 7.259865819 
2.126071834 7.338870742 

2.182199478 7.42739438 
2.126071834 7.338870742 

4.544177677 2.584515005 
4.607214253 2.541577692 

4.669691043 2.499453883 
4.607214253 2.541577692 

1.397405819 8.12479289 
1.383203424 8.203189446 

1.361316278 8.284627033 
1.383203424 8.203189446 

2.733578818 7.127732345 
2.949137886 7.114489493 

1.281285815 7.46363058 
1.249094077 7.518548174 

1.216066419 7.573916283 
1.249094077 7.518548174 

6.063086248 6.024872218 
6.089588333 5.946391636 

6.12581327 5.868468911 
6.089588333 5.946391636 

1.984970635 3.316938974 
2.0766803 3.325144836 

2.17031507 3.333007863 
2.0766803 3.325144836 

3.013066864 9.134483102 
2.95315488 9.102799819 

1.598926335 8.267829064 
1.671693094 8.244536236 

5.496576783 8.156623375 
5.489326203 8.19984498 

0.8478336046 7.148979886 
0.8498305115 6.964675766 

6.083336725 6.59692049 
6.048724311 6.54763048 

6.013364409 6.496711735 
6.048724311 6.54763048 

5.124744429 7.618113308 
5.082708202 7.72040316 

5.009742103 7.810571364 
5.082708202 7.72040316 

6.431504793 6.808931718 
6.244019423 6.741126925 

6.431504793 6.808931718 
6.479385131 6.884191086 

6.545168248 6.95532392 
6.479385131 6.884191086 

1.230209771 6.906613237 
1.265516331 6.564106734 

1.300634356 6.222735309 
1.265516331 6.564106734 

3.176176335 2.043022415 
3.269332051 2.063116456 

2.637814809 9.483109342 
2.625569002 9.435223572 

2.612590218 9.391387629 
2.625569002 9.435223572 

0.7268938289 6.340541847 
0.7467686466 6.368151518 

0.7666434643 6.395761189 
0.7467686466 6.368151518 

5.489671372 8.259317664 
5.489498787 8.229581322 

5.489326203 8.19984498 
5.489498787 8.229581322 

3.97226004 7.456994906 
3.813442304 7.350064868 

4.837096966 6.378850742 
4.779119404 6.334858004 

4.721013897 6.281181535 
4.779119404 6.334858004 

3.2398458 1.863981104 
3.281685991 1.927744075 

3.317746993 1.989504085 
3.281685991 1.927744075 

1.460040909 7.879584475 
1.377060665 7.929375682 

1.290031142 7.962677973 
1.377060665 7.929375682 

4.122720116 7.185157001 
4.269207793 7.094518921 

2.95315488 9.102799819 
2.928985463 9.08010406 

5.787001068 6.1584949 
5.741224166 6.20438064 

5.699037547 6.252640201 
5.741224166 6.20438064 

1.830496704 6.379894506 
1.915181588 6.356194648 

1.999866473 6.332494789 
1.915181588 6.356194648 

4.447192227 1.366258929 
4.42033419 1.277598125 

4.42033419 1.277598125 
4.406905172 1.233267723 

4.393476154 1.188937321 
4.406905172 1.233267723 

4.934354181 2.930287955 
4.745643045 3.15421136 

4.567748954 3.375193571 
4.745643045 3.15421136 

1.40020953 9.1877193 
1.366162522 9.270559225 

6.291338185 5.629535181 
6.341260598 5.644538548 

6.391183011 5.659541914 
6.341260598 5.644538548 

3.40051514 3.720588502 
3.377283137 3.763588713 

0.4081933725 8.261180229 
0.4577783815 8.259685749 

0.5073633905 8.25819127 
0.4577783815 8.259685749 

3.813442304 7.350064868 
3.780618697 7.446661612 

3.74779509 7.543258355 
3.780618697 7.446661612 

1.647178949 7.003794952 
1.603767583 6.946003744 

3.390943531 2.149641152 
3.436506346 2.204834134 

2.008585722 7.948579448 
1.977482089 7.92780884 

1.946378456 7.907038233 
1.977482089 7.92780884 

6.173238032 5.003726272 
6.222134161 4.837335281 

1.806484201 8.874795422 
1.799271992 8.828550562 

1.792059783 8.782305703 
1.799271992 8.828550562 

3.066771357 8.353211127 
3.113315872 8.409686322 

3.159860386 8.466161517 
3.113315872 8.409686322 

3.135533975 2.170465422 
3.059503029 2.103214928 

1.100506926 6.085321084 
1.11391666 6.113840514 

1.127326394 6.142359945 
1.11391666 6.113840514 

2.090405792 8.273439537 
2.218836591 8.195904466 

6.222134161 4.837335281 
6.246582226 4.754139786 

6.271030291 4.67094429 
6.246582226 4.754139786 

2.566382353 7.764151215 
2.498907476 7.654360895 

6.59730125 6.682420857 
6.683768178 6.735878293 

6.770235106 6.789335728 
6.683768178 6.735878293 

5.082708202 7.72040316 
5.247887533 7.701685623 

3.131689556 7.679551317 
3.144846455 7.836007578 

2.913736821 9.042363535 
2.921361142 9.061233798 

2.928985463 9.08010406 
2.921361142 9.061233798 

