1.001500051 7.014546873 
3.01918889 9.166657809 
2.136012113 7.207021675 
1.632672063 7.529960718 
2.566457131 9.517133991 
2.061741009 7.897668645 
2.231960045 7.510850402 
1.282597094 8.757144877 
1.726445416 7.758019899 
0.7532296901 7.001648922 
2.128723425 7.661301739 
3.124614523 7.747347851 
2.40677696 8.779144387 
0.6394064791 6.259589092 
3.010639513 8.647467166 
1.744107532 7.385226763 
3.291576696 7.56540901 
1.905909739 7.566335313 
1.827814368 6.242001925 
1.632326302 8.441966215 
2.469854325 8.114428692 
2.403458814 8.072169961 
2.118492319 7.550485232 
1.612309104 6.942266914 
0.6483854468 7.354971052 
0.7876328435 8.08983711 
2.095254051 9.120594069 
1.292565399 8.318826488 
2.808746874 6.825276881 
3.496363223 7.266110407 
0.9443898071 6.933831127 
1.99507858 7.647578958 
1.730507749 7.19346768 
0.6402314069 7.366576557 
1.7931176 5.849900267 
1.775862695 7.21270336 
3.125800537 8.258299636 
3.025983665 8.405090029 
3.294944948 8.65732501 
2.740273516 7.385051859 
1.638520911 6.653414668 
2.095629091 7.655644353 
2.032755281 7.533969895 
2.500561648 5.770644995 
2.744268247 8.833147907 
2.612959049 8.353436948 
3.844264629 8.498326278 
1.542816548 8.139159739 
1.68292993 8.323032925 
1.81276718 6.440528595 
0.7416600648 7.66434648 
2.446939232 6.438437093 
0.6111327235 7.506689165 
0.7051884082 7.557245809 
3.875389926 8.453882225 
2.453081237 7.22188603 
1.748183938 8.202542624 
1.681061016 6.336645678 
2.141061161 7.156252684 
2.695226636 7.651997698 
1.30329824 6.622085457 
3.743289303 8.498434919 
2.45639799 8.680351147 
2.004520018 7.677291419 
2.257747255 7.504229794 
1.472785486 7.457927071 
2.635425537 7.484025511 
2.076227408 7.634237565 
1.706481538 8.14347356 
2.606459267 7.362572753 
2.128600258 7.729546814 
2.520172283 5.824613519 
2.115037819 6.626929819 
1.807498708 9.196843947 
2.309506635 7.517324888 
2.32124391 7.354419465 
1.604710423 6.789572112 
1.256411781 7.366584067 
0.6860533624 8.901197109 
2.184898595 7.80739368 
2.328977175 7.334616615 
2.67105968 8.523575617 
2.198049149 7.721760929 
2.18371655 5.961538173 
1.883426535 7.525626749 
2.153399664 7.729344565 
2.620242384 6.697654869 
2.014126675 7.926167998 
0.9380846017 7.652278424 
2.013369034 5.899342121 
2.20145644 6.590896811 
2.245803038 9.012088413 
1.866352143 7.649747026 
2.853392567 7.472891392 
2.129625144 7.766174451 
1.23934234 7.564191187 
2.110615143 7.820716983 
2.438256223 7.204724685 
3.358054085 8.840612774 
2.224114868 5.716269602 
2.452790971 6.907344795 
0.3882032083 7.405713496 
0.4738936259 8.290212004 
3.329063186 6.195693582 
1.982880017 6.894227877 
2.285898642 8.046301738 
2.944652533 7.032942471 
1.430763486 5.853128649 
2.34023942 7.977111809 
1.82361707 7.967671583 
2.789488361 7.308376641 
2.615724876 8.910292472 
3.791650341 7.068571271 
3.444465652 7.307652349 
2.426739867 7.983121615 
1.535057919 8.028008892 
2.700701089 9.50450951 
1.524428804 6.022097643 
2.830493137 8.008834623 
1.071497496 7.607344982 
2.793975721 8.515108589 
3.779430244 6.692478129 
2.165271409 8.257164157 
2.185546692 7.465520094 
1.176511149 8.069577899 
0.7753639861 6.590562245 
1.785429959 7.46047074 
0.2307741888 8.282289604 
2.248990201 6.472509788 
2.297473116 7.884662017 
3.619145775 8.327858531 
0.3846478668 7.464313203 
3.10575457 6.380461703 
2.693921261 8.258303149 
2.845735357 6.448894169 
1.493079219 7.051552343 
3.456372518 8.341788145 
2.453563363 5.840018493 
1.687610174 6.960021291 
0.6560675763 7.646467796 
1.956103899 7.58728031 
1.343260083 6.209928956 
3.806189276 8.076783292 
1.221827783 7.844050878 
2.394648238 8.44570635 
1.980110841 7.697511524 
1.878325166 8.880328565 
3.957547441 7.475280948 
1.390655571 6.202186773 
0.7470639593 8.286104235 
1.62826664 7.669595258 
1.471266476 8.113712811 
2.070424546 7.603141399 
2.05071585 8.051174983 
1.045565356 6.64120999 
2.176757812 7.808801777 
1.886806284 7.464243647 
0.7707508644 8.20096645 
1.867027182 7.68798761 
2.386912328 7.843793154 
2.68284617 7.933559489 
1.810907673 7.449357924 
1.724044611 8.362865463 
1.510604304 8.408758599 
3.361545365 7.619765529 
2.371585345 7.407481728 
0.5596275771 7.270523041 
3.072884854 6.852301511 
2.147967801 7.384400785 
2.809360977 8.521039316 
2.035166352 7.254057327 
1.750968326 8.911716674 
1.969708233 7.996204448 
2.735806855 6.294295428 
2.641014579 8.49191505 
2.607783843 7.322697851 
3.22448229 8.975425663 
2.027415172 5.932251286 
1.874712419 7.677293942 
2.407223852 7.918169323 
3.709680837 7.505125414 
0.6827861514 7.535272437 
2.644036226 7.611524635 
1.66942921 8.499380617 
1.649523453 7.908389219 
3.677210406 7.869934808 
2.142572073 9.319334999 
1.363225054 8.13213144 
2.116058097 8.548265977 
2.068151838 9.074624111 
2.304383814 7.293012821 
1.161641639 6.491682517 
2.042843318 7.509011158 
0.8214254327 7.181836428 
2.350607997 7.86055154 
1.819838656 7.489484652 
1.886616383 8.135941841 
2.799740253 7.101406385 
2.681077352 5.878555836 
2.935776594 7.756734107 
2.071988738 7.228281674 
1.825859766 7.605017167 
2.437184184 7.068447263 
0.9541101927 6.967870369 
1.733076976 7.276208555 
2.948781486 8.975595956 
3.002464828 8.435806045 
1.856510468 7.890950855 
1.452981682 7.285608674 
3.79610311 7.091166679 
1.636667227 8.135030686 
1.364077946 8.070218591 
2.37564013 8.219902992 
2.287845273 7.11342634 
2.640915002 6.933419162 
0.2998164641 8.065156721 
2.828665762 7.562573238 
2.267471907 9.192968649 
1.316742216 7.179928861 
2.043262821 8.124559094 
2.487870297 9.041526192 
2.087604666 7.583471734 
2.086245499 7.640772859 
4.053526549 7.727024021 
1.248610052 9.354082703 
2.141822891 7.503223517 
2.499408711 8.703535057 
1.964895139 7.138334151 
3.118160035 6.442224685 
1.964477708 6.332402215 
2.105124795 8.226329797 
2.792487863 7.61796124 
1.652005035 8.263322774 
2.977926101 7.133080531 
1.952168365 6.836257893 
2.454661396 6.021476892 
1.5085408 8.180701463 
1.859044605 7.870324695 
3.652194265 7.859134222 
2.048164504 7.69410515 
2.058030103 7.974911753 
1.275384827 8.493696272 
2.003664436 7.649248725 
1.839814482 7.460803244 
1.141155986 6.026744784 
2.165750826 8.456623712 
3.052504551 7.923592436 
1.65802406 7.35222622 
2.414467351 7.842434219 
1.980053048 7.636289835 
2.673394652 9.465619698 
2.267532716 6.815848876 
1.955470288 8.235446539 
1.377597606 8.129604001 
1.849652392 9.201008982 
1.523308681 8.035256108 
1.539219417 7.357236875 
0.7735693346 7.40317762 
1.228925681 8.745555801 
2.690095462 7.427864765 
1.448962686 7.810765387 
1.991744978 8.570641972 
0.5167126163 7.352459068 
3.782223162 7.410744612 
1.470745386 9.290814735 
2.174422984 7.55643941 
1.077582191 7.648551632 
3.299333855 7.031968657 
2.386629908 7.715050084 
1.071336969 9.16623188 
2.127978416 7.585185745 
0.7018521241 8.2249376 
3.614183792 7.856015479 
1.642186804 8.513942186 
2.645500958 7.664303267 
0.4951791116 7.701668943 
2.058216048 7.695565283 
1.534249097 5.911699138 
0.6256415404 7.993638588 
2.983257379 6.104177053 
1.766429222 8.781229786 
3.089305348 6.332820399 
1.689859355 7.175872894 
2.620542219 7.158721832 
2.3366845 8.356057876 
2.240954133 7.366817876 
2.568493952 7.583635938 
1.286840536 7.998483048 
2.16024467 6.064871604 
1.976110187 8.095665506 
1.390945852 6.778660768 
2.446277012 7.675418705 
1.090666894 6.759044542 
3.603079073 8.411091016 
2.200872867 7.026597571 
2.493590192 8.057207499 
1.808267833 6.027789517 
2.313482084 7.281608264 
2.657025836 7.254724095 
2.033578191 7.634585559 
1.303409572 9.057333476 
2.235874878 8.115358569 
2.234151279 7.499035931 
2.189034563 7.687183992 
1.933846861 7.685604669 
3.804393941 7.56611943 
2.221752952 7.716968971 
2.198674868 7.131683216 
0.7680411672 7.833898532 
2.184556628 7.438573761 
1.578701208 7.537008388 
2.034660484 7.685301717 
2.016399181 8.354361361 
1.013153691 7.515860245 
1.318674337 7.520529281 
2.064015927 7.538986056 
2.62336564 8.972445396 
2.076751842 7.06060068 
1.178027216 7.136747833 
3.112473086 7.606665943 
1.832939108 6.908355765 
1.465843037 7.969853198 
2.009111537 5.922339685 
3.559507843 8.601685053 
1.892255371 8.78835963 
2.779924738 8.420515716 
3.432115288 6.959656493 
2.752854368 8.832972019 
2.633393435 7.558942808 
1.732630317 9.175651007 
1.819946745 8.635148239 
1.05784734 7.660859172 
1.98849008 7.725797152 
3.026227866 6.003145564 
1.030443861 8.081176468 
0.5174806562 7.996794208 
1.351595893 7.690727451 
2.011747043 8.84280667 
2.012671075 7.648705564 
2.062740771 7.68070062 
2.685077648 8.103200726 
2.191068283 7.627650669 
2.679146481 8.532240573 
2.72014901 7.944739343 
2.1547234 6.048056487 
2.109132172 7.648381638 
1.587571367 8.284648193 
0.7206866368 6.899365109 
2.359693102 7.386389751 
0.4084312948 8.110508187 
2.045030836 7.66990523 
2.445526547 8.562690016 
1.98944678 8.062532069 
2.627919683 9.415076262 
2.139353174 7.465255136 
2.068777284 7.556052721 
2.050102531 8.026891608 
1.516820745 9.549355052 
3.405633751 7.382352117 
1.958760971 7.858832031 
1.981356722 8.434535455 
1.277693692 7.416145076 
2.965910131 6.832324499 
3.415643825 8.352683283 
2.196553719 7.394011775 
1.644452513 8.65467292 
1.419637238 6.632542419 
1.496340386 7.902115975 
2.411152253 6.249712349 
1.455034271 9.197841555 
1.857813743 6.722403472 
2.061154051 7.660101354 
1.869301938 8.483200545 
2.585563336 9.257708915 
0.8350592918 7.988924382 
2.603681151 7.607486889 
0.9605832977 8.718862634 
1.936877817 8.258135947 
2.379966227 7.052903033 
0.2864059194 6.751425867 
3.482503112 6.40199226 
2.057749469 6.479652642 
2.964163391 7.242702864 
2.019185085 6.076802935 
1.861167502 6.312770129 
2.636893213 6.597969506 
2.809780509 8.152493073 
1.49901941 6.629392674 
1.734181755 7.356438426 
0.8567961217 7.443980378 
1.23497387 8.771495145 
3.108670299 8.742274607 
2.684347449 7.328919059 
1.877218961 7.716211625 
1.290867084 6.858203061 
0.4506566312 6.725163282 
1.94105333 7.388440797 
2.567930072 7.729221087 
1.975318441 7.035935845 
2.205109947 7.808253767 
2.028471734 8.409790358 
1.540641239 7.54023523 
2.228136647 8.151635964 
0.1446223969 7.697938946 
0.7607890124 8.344315387 
1.530988763 7.003012192 
1.332465673 8.307015825 
2.793383523 7.748134625 
1.694569042 7.29101597 
3.170515113 6.182947876 
2.4157797 7.740047337 
2.118676615 7.768238364 
2.604281098 9.492175983 
0.7176975026 8.063165055 
2.720717948 6.436177095 
1.121119109 8.956256565 
2.536355519 7.608063937 
1.652275089 6.055553892 
2.101638203 8.385991928 
1.731417487 6.571614826 
2.985887803 7.929505144 
2.252763632 8.093372157 
3.117651815 6.998840004 
2.517691786 7.097456039 
3.052678999 8.661041644 
3.488619061 6.653910307 
1.604053416 8.566351266 
3.928373578 7.280870549 
3.074300633 8.660394603 
2.061600638 7.661180928 
1.47924929 9.300907863 
2.064395381 8.084175326 
2.372480975 8.433882901 
3.699560751 8.591879329 
2.111944636 7.8043712 
1.970319536 7.434071644 
2.827053156 7.252604781 
3.312158169 9.037351543 
1.440802223 7.933807646 
2.114082122 8.45721469 
2.919616183 6.770364769 
3.209927251 7.262609002 
2.14798987 7.504958153 
1.923622119 8.445527961 
2.063732402 7.659777555 
2.399351354 8.377524455 
1.778073004 9.348362794 
2.297394126 6.274720923 
1.654905432 9.380874218 
2.725806524 7.932090271 
3.072113998 8.053327505 
1.181775669 6.301682627 
2.079445897 7.429652132 
1.002186008 6.01911973 
0.8821069138 7.127568088 
0.3632441682 8.35224978 
2.026914033 8.178296019 
0.7976860654 8.593826816 
2.458569864 6.269802603 
2.121440333 7.458636926 
1.515492644 8.373737619 
2.11476611 7.309064161 
1.083759066 7.372666946 
3.68466533 7.541456037 
3.381585613 7.871203422 
2.022054458 6.960995349 
1.939561006 7.553420374 
2.528245634 7.114445605 
2.684248717 9.456852746 
1.791600727 7.466235421 
1.882448675 7.56841205 
2.358863938 7.224059644 
2.184772649 9.456046173 
2.113767463 7.650390902 
4.041859216 7.567483026 
1.583907289 6.512254479 
1.27753537 7.709586467 
3.210463758 7.740004219 
1.059172469 9.322456163 
2.904973409 7.016369062 
1.141483824 8.47377235 
3.746986163 8.599697662 
2.589135616 8.693909483 
2.046431149 6.325607552 
0.6529810193 7.594975946 
2.553782564 8.6355441 
2.327400805 7.686379832 
2.373778341 7.605077702 
2.587822292 6.503617292 
0.4624276404 8.630662021 
1.897683567 7.400220549 
1.363353288 7.710499646 
3.005521087 7.715844394 
2.048791734 7.726114338 
1.882773376 8.448379208 
1.468410879 7.858850213 
2.181581445 7.850801186 
1.148546228 8.051029716 
3.637047996 8.455278187 
2.725224751 7.367467636 
4.270434074 6.908852384 
6.654617174 5.675598242 
4.910737079 6.30641574 
6.955290546 7.018569346 
4.581245879 6.465669447 
6.489883487 6.189914278 
7.01056966 5.243622592 
5.815310214 6.882631818 
4.617821556 6.070349685 
6.272919521 6.481015075 
6.647811437 6.264718993 
5.66222104 5.603304784 
6.248325571 7.57795644 
5.933352467 6.470337671 
7.210167918 7.022058321 
4.448940454 6.783355549 
7.426357 6.12294226 
6.600294436 7.876288736 
5.939247545 6.511745928 
5.58684074 6.102735254 
6.793844036 6.824163049 
6.868264857 6.789162403 
7.049689815 7.20559169 
5.573914216 7.639884036 
4.955875413 7.587055795 
5.879484797 6.518992825 
5.290296188 5.552995015 
7.771577099 6.949847209 
6.656397582 6.628911989 
5.313751547 6.558711817 
6.740172005 6.741325621 
5.245375676 7.416520894 
7.022356351 6.693236744 
4.308786149 7.334614117 
5.399166659 5.447823181 
6.020632177 7.208798675 
6.62470577 7.955498566 
6.41330486 6.672130609 
6.365827088 6.049996668 
5.863252342 6.563530213 
6.105114478 5.79849264 
6.30943724 5.883516217 
4.756818098 6.325551213 
5.720826582 6.458868846 
6.345713321 6.324270445 
7.020193876 5.341110326 
4.558790915 7.213989583 
4.359053183 7.600559749 
5.162089028 6.232975083 
4.694073284 7.304820655 
7.227791287 6.361925835 
6.147235793 6.015431858 
5.924795378 6.569676377 
5.566090259 7.31635215 
5.187907569 6.520110629 
6.164340571 7.950081855 
6.017594236 5.906812872 
5.026809188 6.296611991 
6.931657854 5.622845563 
7.454466216 6.660384652 
6.565417523 6.687629078 
6.372142124 5.63484148 
6.962415644 6.204153962 
6.904678407 6.540527174 
5.931931054 6.508596589 
4.777698398 6.796479028 
5.622966727 6.775433417 
5.906682989 6.489726265 
6.193876948 7.319854469 
7.498333547 5.292284439 
6.063258029 5.664713203 
7.329890423 7.04421105 
4.796283832 7.441195662 
6.005165936 6.566713096 
4.956126906 5.416225744 
5.588099859 4.567997827 
5.546296547 6.648364997 
5.192630423 6.664745882 
5.450872555 5.695741274 
5.046264259 7.759786528 
5.859392654 6.592282951 
7.243023669 7.463233114 
6.000885052 4.861947135 
4.882974466 5.353361113 
4.830620824 5.130421602 
4.267290267 5.967156723 
7.071997035 8.104924494 
4.841405595 6.33485894 
5.652053641 6.493873507 
5.347955267 5.737617169 
6.018489517 6.465154986 
7.025738661 7.885971143 
5.932243994 6.522333327 
6.992619162 8.064270455 
6.34242888 6.80109441 
5.550606625 7.126465444 
7.645730456 6.525437643 
6.257830968 8.032167237 
6.016449289 8.329728641 
5.655059272 6.88123245 
5.649171676 4.983939153 
7.158133235 5.05243323 
6.025275727 7.02862271 
6.867017243 6.86506937 
7.208367629 5.24146599 
5.872649829 6.599853904 
6.241823251 5.796174345 
6.146375052 6.48487338 
6.845515853 6.340121917 
6.713898021 5.080496835 
5.727857889 6.521744966 
4.813398929 5.810945759 
4.741026161 7.247467113 
7.273254319 7.606272032 
5.09431165 7.653178102 
5.7364451 6.972217967 
6.123253945 6.349322668 
6.545598222 6.723387601 
6.395873141 6.485821057 
6.319816766 6.125542077 
6.080217699 6.674444365 
4.784529458 6.757024452 
5.579921258 5.930963679 
4.735565982 6.927081302 
6.617028072 6.65155219 
6.439478607 5.231782356 
6.041733803 7.156097603 
4.925604857 6.836802087 
6.799064028 7.331959536 
6.416088975 5.942013327 
5.144963266 6.713723321 
4.980747948 5.696095949 
7.114456486 7.2220117 
6.204204033 5.948008144 
6.043115511 6.354227075 
5.646949017 5.593939476 
6.924967576 6.537268843 
6.50983021 6.822618447 
6.399532308 7.25412749 
4.577763828 6.958902885 
6.855832932 6.171416525 
5.957593198 6.642655765 
4.10968291 6.683556869 
7.556630312 5.633068505 
5.750795604 7.01807067 
7.329559818 7.742912827 
4.36423312 7.700312445 
5.037250642 6.553042811 
6.038674097 7.130441619 
6.236974036 4.539903313 
6.170826498 7.499170411 
4.99902443 7.278896425 
7.900091597 6.212450249 
6.215612544 6.738685716 
5.944994134 6.488120471 
5.530599722 4.981625481 
4.621021288 7.325761158 
5.964400133 6.363393414 
5.658798851 4.900402804 
6.197264861 6.647496522 
4.019249683 7.01072081 
6.332995527 7.962388847 
4.982866628 5.991297702 
6.099072571 5.906231373 
6.797923076 7.075160094 
7.55701075 5.618856425 
7.052540067 5.097248872 
4.2530546 7.101420542 
5.453246644 5.650451451 
7.307341194 7.848533864 
6.27517351 6.565185476 
6.175320085 5.837694046 
7.353797404 6.04819315 
6.733922946 6.073586994 
5.950573357 6.579407105 
6.000480324 6.482902869 
5.589850757 6.769230185 
6.04151981 6.00076667 
7.002943509 6.652278489 
5.943421784 6.668387878 
5.199734451 8.20953153 
6.123119993 6.608783324 
5.891542849 6.402126938 
6.94275578 5.908806133 
5.920036433 6.505792862 
6.455829849 6.048154096 
4.885050088 7.074316882 
5.744224095 4.645348746 
5.974453752 7.932489304 
5.043964388 5.964270248 
4.579267068 5.747589135 
6.953058561 5.668900508 
6.463802664 4.883724123 
5.103283077 4.768012451 
7.36654153 7.402926391 
6.88059545 6.051844777 
5.207002628 6.197915617 
6.047978235 6.458766945 
6.760772974 6.628319501 
5.526008211 7.017124287 
4.117007002 5.924831161 
6.616750653 5.622309516 
7.0811962 5.14658737 
6.078604792 6.026044257 
4.79567801 5.869334934 
6.340753538 6.174917722 
6.048352964 6.612877544 
6.100822019 6.499331873 
6.011935127 6.602974357 
4.933439265 5.810142015 
4.41220928 5.285181923 
5.937686161 6.457183109 
5.68180573 4.915200583 
5.986797408 6.508612654 
5.923883803 6.599990889 
4.68657192 6.491804475 
5.863121668 6.392604357 
5.606135809 6.511108924 
5.615293152 5.425504501 
6.063942878 6.278384578 
6.407981886 6.409394253 
6.240331789 7.393057722 
5.491625932 6.561309682 
4.876439331 6.925069906 
7.089309314 7.147780616 
5.152143053 6.226402152 
5.981409854 7.16732267 
5.237681722 7.683606118 
6.157437808 6.717143067 
6.103881799 7.106702872 
7.273875297 5.87352309 
7.06236288 6.871118856 
4.344299463 6.183613718 
5.150963774 5.902131072 
5.925163309 6.573081319 
7.089486248 6.923524478 
5.436324021 7.037768623 
5.385484817 7.649477872 
7.16227402 7.160750668 
5.237729903 7.764950271 
6.422311085 7.964628431 
4.953070898 7.963645472 
5.846325952 6.475579388 
5.843063758 7.072557747 
4.92207537 4.996231123 
4.146048969 6.802036553 
4.149112897 7.211174278 
6.407637216 6.838040016 
6.967345773 5.279624538 
4.109686477 5.787669863 
6.080533731 6.577357925 
6.110853519 7.789720714 
6.712449033 6.807468285 
6.292634782 4.839215388 
6.566749501 5.774307655 
5.925477373 6.513945846 
5.855244588 6.469870765 
7.470118839 5.556856265 
5.095959149 6.451491229 
5.740755184 6.530650602 
7.11587949 7.523844681 
5.876787846 6.350382399 
5.159051595 5.702377939 
7.49347938 6.442492326 
5.976008479 5.724488938 
7.212111526 7.918886283 
5.693983951 7.487699006 
6.038987929 6.61447231 
4.605579392 7.217627769 
6.085517758 5.195028673 
5.23686489 6.411352503 
4.826543609 5.615334527 
5.705231105 6.543539299 
6.462609711 6.797879624 
5.896004174 6.431348071 
5.936121202 6.516837629 
6.197005093 6.578509721 
5.966173714 6.548029842 
6.64180616 7.529506524 
6.175148332 7.250058489 
5.577300681 8.00438031 
6.013570316 6.878711452 
5.286847539 7.162120456 
6.276833683 6.740145926 
5.761522494 6.730338661 
6.351010427 6.973837206 
5.464869573 6.477778667 
6.259854033 5.894191173 
5.243007331 6.033984828 
5.039758272 6.674900176 
5.919845682 6.494767289 
6.153601305 6.975814545 
5.126127615 8.228543791 
4.205281447 6.219418969 
6.173954129 6.528691664 
5.858138248 7.579161158 
6.272016139 5.461368308 
6.738623267 6.456297959 
4.36526481 5.77135522 
6.89259573 5.396633834 
5.920694128 7.019378515 
6.587803368 7.330505695 
5.920861471 5.604417733 
6.002414101 6.081969141 
6.038394092 7.97344458 
7.598017367 6.047501752 
6.555861102 5.061667799 
5.187264621 8.028945793 
6.629462969 8.223959333 
5.644596668 6.380044676 
5.736332349 5.65379124 
5.886731607 6.513632146 
6.926386834 6.016063746 
6.685887364 8.294280781 
6.40154673 5.680129237 
4.533023953 5.263149373 
6.256996182 8.424594626 
7.231754261 6.494092158 
4.756636379 7.586811865 
5.938882009 5.710816929 
4.779694875 5.837958165 
5.73632763 6.399123698 
5.725240165 7.515796148 
4.365227728 6.868608858 
6.861207993 6.611361948 
6.295179711 6.629054527 
4.12345938 5.87478753 
4.717527878 6.237757663 
5.869797844 6.747918461 
6.609999857 6.275309285 
5.459181734 7.643551757 
6.166698273 7.340872338 
5.185362202 5.367107679 
6.665566495 6.165435064 
7.181982546 7.51549603 
6.896448465 5.697468549 
5.640185168 7.741485551 
5.498310756 7.676726726 
5.8044136 6.166143737 
4.530544736 7.378627845 
6.096419641 6.452201103 
5.666567326 6.207251167 
5.927102207 6.473849392 
7.313567601 5.36158221 
6.599801545 5.764870972 
7.364175358 6.925154726 
5.019749924 7.184559628 
6.037986789 6.527456569 
6.557262551 5.632887289 
5.52161352 8.330637938 
5.940287711 6.799635272 
6.444571926 7.193996455 
5.236369531 6.436115075 
5.932719015 5.720930882 
5.501374406 6.083048541 
5.797339992 6.81078312 
6.15454358 5.404247904 
5.700019689 6.276767936 
6.982287479 5.901234496 
5.690226274 6.874672011 
5.859937193 6.38987608 
4.8330638 7.346023471 
5.98253238 7.510561116 
6.337283772 8.049193489 
6.62300134 5.968244644 
5.620333 6.921636823 
5.762063757 6.358114854 
5.827160537 6.043061491 
6.486784286 4.906068624 
4.985977988 8.196820143 
5.187589661 5.200859827 
6.715099684 6.530208939 
6.93302022 7.972504655 
7.371218965 7.775424439 
6.871296562 6.750845119 
5.887777481 6.559815966 
5.809006509 6.86324102 
7.624637287 7.050887195 
4.880322754 5.833659741 
6.917888159 7.874314751 
5.511725005 8.160288625 
7.125711973 5.980105391 
6.52712367 7.97017811 
5.38649973 6.732534951 
6.140239089 6.218645636 
6.130320688 5.903368207 
5.775232444 7.316004024 
5.007496312 6.471849879 
5.019983829 5.114618652 
5.752408232 6.606441115 
4.627460808 6.488589971 
7.314821465 6.558028613 
5.367143473 6.251261475 
6.784909651 6.632007892 
7.678218527 6.038177321 
6.438631846 6.371352875 
5.838666782 6.093112354 
6.03212863 6.168429841 
6.563015132 7.010859549 
5.991703365 5.083953019 
7.588441661 6.321840261 
6.216676466 5.727177584 
6.067342908 6.575020016 
7.531597966 7.298804516 
5.696303404 7.099840393 
5.938278765 6.705935052 
4.853377318 6.505458794 
5.54848165 5.719895682 
6.398800776 5.303895054 
6.022734133 4.78530866 
5.864231271 6.507211126 
5.17351759 6.6931419 
5.737810884 7.132951492 
5.560822854 5.30565655 
6.264715992 7.385066496 
5.770960956 6.528871663 
5.988360488 6.546063497 
4.636932809 6.279467673 
6.246785978 6.730355441 
6.101380518 5.341237918 
7.509241093 6.951121948 
5.736620548 6.111147697 
5.175714747 7.537828453 
5.379341682 7.106017177 
4.517181132 6.665183309 
7.369407168 6.649130712 
6.924289055 5.947365677 
5.947105838 7.101950176 
6.315902073 4.778004364 
6.120965087 5.148170267 
5.89489094 7.07547132 
5.948589672 4.654814128 
6.914587758 7.158235904 
5.818916519 4.599192969 
5.8365425 6.098449808 
5.956995198 6.51273063 
7.121126198 7.457812806 
5.275002864 5.559752208 
6.991050782 6.386017481 
4.323076522 6.641554171 
5.855734472 6.251703278 
6.60454633 6.770945685 
5.855214549 7.058160142 
4.17677009 7.172346833 
5.755084924 7.179159728 
6.093897446 7.923109918 
6.066381108 6.358470326 
6.870262487 5.332387781 
5.684265806 6.63883034 
5.37638512 6.749067535 
6.195787788 6.730421452 
4.388582118 7.27682122 
6.086808659 6.550419236 
6.226880467 5.58113575 
4.795762725 7.461012908 
5.499111645 7.060455851 
4.811164771 6.718256224 
5.73721282 6.877961015 
5.554880743 7.970291803 
5.263691951 4.726863045 
7.828542419 6.830310842 
5.924930789 6.507714164 
5.745354784 6.892699826 
5.464782497 7.966780837 
4.39885803 7.541490955 
5.852329766 7.147156635 
7.307567286 5.195124646 
6.012903638 5.8873811 
6.53398227 6.142354701 
5.146481132 7.745396247 
6.340721396 5.464553177 
5.905310183 6.461388425 
6.522521972 8.317977577 
6.274622361 6.956273923 
5.905627751 5.387159078 
5.898993637 6.485022139 
5.087885966 7.342360914 
6.507352414 6.51297906 
6.28048802 6.758768489 
6.198640129 4.941848174 
7.309136849 6.195642958 
6.746786187 6.80509354 
5.081492697 5.964904396 
5.993820717 6.628041626 
5.797987009 6.455536633 
5.429770395 6.947020853 
6.85262104 7.944672746 
6.644902513 6.399604757 
5.814363327 6.508954941 
6.634894921 8.170629136 
5.161080956 5.448510418 
5.077245959 6.768014223 
6.298191148 8.054177017 
5.872888258 6.521533905 
5.703889224 7.642278025 
5.845244783 6.518511458 
4.632097183 5.687902725 
6.57710476 8.143049597 
6.24362569 6.950635731 
6.269884559 6.201558737 
2.307802278 2.21176174 
4.755644598 2.423367654 
1.78414573 2.237720687 
3.278491108 2.199431128 
1.762054804 1.149241447 
3.655702643 3.163448259 
2.196284635 1.487455573 
3.384245123 1.737582797 
1.992352305 1.985326967 
2.426167981 3.445728172 
2.840360308 1.657008724 
4.324570755 2.187963567 
1.971897962 2.947858262 
1.855462803 3.424226091 
3.526241913 2.689061362 
2.593932213 3.533762661 
3.579239097 3.060802826 
3.232692079 2.137485557 
4.986368898 1.711835075 
4.006654541 2.168031441 
2.546214319 1.011201956 
2.480161283 0.5292382471 
3.748981086 1.76667831 
2.745426611 2.249647694 
2.455455444 3.245400973 
3.131069873 2.162041282 
3.490224026 1.064888845 
4.89637365 1.819764645 
2.578033326 3.141606244 
3.571623705 2.694689603 
3.826476426 1.688962524 
2.975057938 3.320077888 
3.701998453 1.719906512 
3.442435263 3.749999161 
2.651908477 1.540103537 
3.823761924 1.819201052 
3.735281432 4.055675016 
3.545391242 2.147370526 
2.562476214 1.778233941 
3.04065367 0.8015349495 
4.808377131 1.798934397 
4.425916785 3.384817376 
3.590165194 2.501259048 
2.636340284 3.912902945 
4.236447775 1.600190783 
3.607650467 0.8268331733 
3.273376932 0.546473923 
1.712483348 1.804291607 
2.800376092 3.645985085 
4.292565524 2.868678713 
3.467173242 3.639324263 
3.219319564 3.961168113 
3.437600168 1.863305259 
3.31853324 2.390247856 
1.648620179 2.171728776 
4.42392292 2.858088632 
1.893533633 1.648046835 
2.896983773 2.465577632 
4.69685095 3.256740493 
3.413614591 3.222808245 
3.081984332 2.755832515 
3.103295533 2.341540263 
2.705738406 3.371101725 
3.547719718 0.9907794079 
2.030958502 3.294534587 
4.126957532 1.308440659 
3.200260467 2.117195479 
2.366536531 3.598734886 
3.195172354 3.425801414 
2.984210681 2.049097628 
2.435241308 0.7593783163 
4.584172582 2.607118392 
2.173412791 3.394550369 
1.246175382 2.295955473 
3.273658473 2.179760843 
4.54056788 1.167553672 
3.5393147 1.734718935 
3.229258512 1.876576218 
3.482315135 2.074431191 
2.91664208 2.030681135 
2.386944895 2.564491265 
4.37950793 1.528960733 
3.132054979 2.688853775 
1.942817051 3.34155986 
2.793963525 2.080526029 
4.466249306 0.7942993144 
3.681620239 2.045549285 
3.456985038 2.072516732 
2.377672586 2.051994252 
2.279430318 2.41209553 
3.028939345 0.7242940695 
3.417687774 0.4336620801 
2.346191393 0.967350327 
3.529424754 3.567878367 
2.388375796 2.426178235 
3.625589162 1.940384947 
3.147909861 1.850971722 
3.101757311 2.05555348 
2.502793337 2.496642467 
3.029719039 0.2933820207 
2.445078635 2.595851556 
4.13066851 2.818216425 
1.556466909 3.23017106 
2.253180169 0.6256886692 
5.092824301 2.132840602 
2.519514572 2.010324723 
3.186148897 3.488960398 
3.814160551 3.351073998 
2.715232728 3.006366449 
2.705485492 2.125174544 
3.505952476 2.005038184 
3.305030282 1.821488146 
1.745724855 1.897196972 
3.225811641 1.941443035 
2.828022685 2.231254084 
2.799147061 2.44287096 
1.775761265 1.264380279 
3.18585276 2.138183647 
1.771762686 2.698643109 
2.905612714 1.207731065 
2.732008911 3.271748911 
3.459565363 2.194030578 
3.093983248 2.167225219 
3.049605506 1.565299541 
2.505041724 2.344094269 
3.676230739 1.605036384 
4.641484542 1.714871324 
1.971805131 3.443303167 
3.275377139 0.1778276019 
4.356289402 2.283954658 
4.724608891 1.678217661 
2.64766226 2.6003301 
4.088948859 1.900895885 
3.437840634 0.4695040495 
2.605312084 3.20850754 
1.984002743 3.307395419 
2.916141537 2.269791982 
3.731639527 3.083296852 
3.221735274 2.126235618 
3.840216528 3.983461732 
3.21798011 2.118440851 
2.716880042 1.361062643 
3.134985523 0.201600778 
3.301137905 2.116799798 
3.296181094 2.135884851 
2.350519397 2.151422787 
3.968754159 3.092534205 
1.91698373 1.316304248 
4.271081296 3.145687761 
2.349996998 1.219582228 
4.465054665 2.545226779 
3.377030711 1.99638874 
4.012037209 1.602498081 
4.180240675 2.304873677 
3.931914592 1.484831443 
5.145149713 1.939758606 
2.607223842 2.567598998 
1.627447097 2.629159249 
3.774128293 2.734479894 
2.059006782 2.128004801 
2.681598174 1.850834081 
1.507098712 2.031973357 
3.10961126 0.2445174263 
1.364720683 2.844337118 
4.121347541 2.260076779 
3.330455448 2.260360936 
4.97919762 1.735364857 
3.574447452 2.590870237 
3.489265414 2.624524211 
3.25030243 2.123742446 
4.57991871 3.128696504 
3.225553364 2.134134343 
3.998163374 1.327315615 
2.910971972 2.079390431 
1.538095764 2.073042471 
3.1313597 2.15549037 
1.714245407 1.120058753 
3.185805308 3.316962375 
2.250884008 1.746047848 
3.945574642 2.130236045 
2.298467511 1.287779523 
2.684793526 3.37248202 
2.933654634 2.268762572 
3.122755619 2.923162981 
3.8397406 2.058079593 
4.787524932 2.411382866 
3.344103617 1.691890112 
2.677735427 0.2202766518 
3.356986852 1.952037527 
2.94404413 3.33969432 
2.907725461 2.496565323 
4.5973329 2.891523775 
4.452352436 2.395959503 
3.24399601 0.2045177373 
2.992705684 1.954265979 
2.730996893 1.568636855 
3.150091872 2.029888235 
4.277190713 2.75530987 
3.19573743 2.228051615 
2.339261774 3.371124615 
4.249104222 1.96745851 
4.451439733 2.719285315 
4.51939556 0.800667629 
2.897464606 2.019659615 
2.736734776 2.069251112 
3.272816966 2.884050011 
4.694688687 3.143789792 
4.10604617 2.83019532 
2.2996732 2.512284514 
3.522667704 1.617969083 
1.401453272 1.345291252 
4.060969225 0.4005727733 
3.117137732 2.012690999 
2.667740212 2.871062728 
3.360324032 2.230188441 
3.6219252 3.282842759 
3.001645538 2.525393075 
3.400761252 2.047416109 
1.629231373 2.428280915 
3.519847759 2.135190308 
2.129016103 2.496360215 
3.479445881 3.101617939 
1.819513497 0.7803141291 
3.566102345 3.370417445 
2.995504234 2.333995885 
3.052486454 1.54426806 
2.934446825 2.712352452 
1.637984458 2.227556548 
2.602356401 2.76290644 
4.100490462 3.867451201 
3.669610549 0.353373749 
2.336158247 1.449801435 
2.706999093 1.568202849 
5.169799315 2.577531091 
2.677089916 2.647414205 
2.988674772 0.689013392 
2.966979609 1.863775272 
3.161558109 2.519982971 
1.374577779 2.829056247 
3.90224086 1.858287282 
2.467422261 2.281046594 
2.409116557 1.352505221 
3.03684624 2.240232851 
2.988211482 2.655180149 
1.717193511 2.803355045 
2.452806506 2.035532377 
3.369967904 1.468865653 
3.027295126 2.75462997 
3.017843131 1.349234163 
1.672597436 1.751495761 
3.421556403 2.684049742 
3.451419303 1.721662243 
2.980461141 1.792540595 
3.77688973 1.839343044 
3.324198439 0.5280553587 
2.765404849 0.8539727463 
3.846793244 1.873273288 
4.077531158 1.484075507 
3.001084571 2.428045011 
3.447660167 1.747503585 
1.963758816 2.531172531 
3.068787781 2.33148454 
4.010219771 3.087126745 
2.316492375 2.351520506 
3.348916344 3.677784158 
3.375745538 2.195915154 
3.004326842 1.66284969 
3.155533509 1.741735239 
3.525077722 2.370665946 
4.115825742 3.01004037 
3.028856912 1.533472319 
3.183680258 2.198791261 
4.593528027 0.8109850957 
3.422252375 0.2360150977 
3.280734771 0.8829811747 
2.885435967 1.778890548 
3.291220369 0.6706643982 
5.082057084 2.301329724 
3.611262825 2.267859698 
4.124940033 2.369503248 
3.239801982 2.09627192 
2.266862091 0.6373250379 
3.264617117 2.178461813 
3.743922034 2.676439738 
3.197912652 2.04667946 
3.957419954 2.609729526 
3.665193507 4.034537827 
2.027261602 2.601928978 
2.885957133 1.594104317 
2.683467456 2.681736589 
3.989679579 1.893592431 
3.968410961 1.061097298 
3.747701951 2.807891266 
1.395497543 1.681363099 
3.773585486 1.445989538 
3.276261631 2.361980615 
2.678839033 2.244959779 
2.436004634 1.573128276 
4.60329568 1.863386362 
3.741937407 0.7919856287 
3.15450302 2.255688917 
2.733778674 3.599776463 
4.182751058 0.5454438554 
3.532558375 2.308942823 
3.583746064 3.320310098 
3.159455376 0.7951483159 
3.408431277 2.049506433 
2.530570794 3.794821388 
3.920259778 2.577086475 
3.129876121 2.203722186 
3.034306093 3.245997691 
3.264139254 2.122492622 
2.117120457 3.792952192 
4.846391514 2.409208239 
2.419951657 0.5318777906 
3.042443018 2.451559338 
3.080493679 2.901257813 
2.551114572 2.204810256 
3.9354172 3.793044712 
4.008416029 1.795075235 
2.688499574 1.447356945 
3.551372404 2.264302178 
3.213941882 2.171816435 
2.078565209 2.070784409 
3.221848915 2.122483341 
2.187793289 1.809582812 
3.447730875 2.654728799 
2.382907617 2.882153754 
2.392508955 1.238826031 
3.685661787 2.972413303 
4.915583047 1.639013892 
2.52945046 0.3124276568 
2.040338357 1.764773902 
3.893211402 1.615089978 
2.364981729 0.8181677404 
3.411764998 1.898382294 
3.766093759 0.7711420137 
1.898472697 2.201741274 
4.68203794 2.474830133 
5.165283724 2.340960204 
4.540850542 1.806949508 
2.900595132 2.902703602 
4.841650869 2.371729374 
4.596613857 3.429143554 
4.992343745 2.923204752 
3.186542115 2.176690327 
4.67128219 3.082019519 
2.606240662 3.639918702 
2.723067706 2.92842438 
3.922369492 0.3069411778 
3.167170505 0.9355135021 
3.658640845 2.084968817 
3.003731257 1.405231493 
2.0343751 0.8845124146 
3.397473885 0.9983102757 
3.08519529 2.076668916 
4.008226481 3.81907263 
1.903017306 3.509571537 
3.512959732 3.282442806 
3.181719304 2.744879646 
1.308876957 2.610037778 
3.010007894 2.265350114 
3.434947412 3.266407019 
3.160491452 2.155069382 
3.240962684 1.88045802 
4.36575401 3.20328945 
2.19586032 1.494796795 
2.576778992 1.992681196 
3.742858161 1.484692325 
2.541759796 2.125698406 
2.697742951 2.183665516 
2.351231757 2.427878789 
3.024082992 3.475160402 
2.481618433 1.946581342 
4.447455495 1.383569504 
4.23424796 3.66417758 
2.796799617 0.5115714736 
2.895936232 1.486777481 
2.789920728 2.421666785 
4.204689342 0.886097806 
3.39516676 2.134710002 
4.340497889 1.214800925 
3.04531117 3.518376706 
4.654050171 3.134547294 
3.971913336 2.21813932 
2.021788654 1.783850737 
2.802007538 1.927205871 
1.768248886 1.976150992 
3.603998872 2.08424764 
3.402687418 0.735775575 
1.430286058 1.727625732 
3.734746052 2.557677495 
2.307882724 1.506036637 
2.821967904 2.43304742 
4.372399539 2.875681373 
2.177930369 3.234078347 
2.73235076 1.659037282 
2.921078399 0.9162371731 
3.443204443 1.703256945 
3.35071276 2.253091495 
3.553205542 1.599362589 
3.260692614 2.019063202 
4.222207731 2.401205549 
3.410500026 0.3013995948 
4.556931668 1.819966343 
3.746203026 2.632402381 
2.868527965 0.5364885186 
4.617218771 2.62344636 
3.226160747 3.557700313 
1.686176343 1.526566238 
2.892699275 1.490937688 
2.991311111 2.675918171 
2.979106649 1.305521235 
2.277368306 2.140200908 
2.274826198 2.397531588 
2.599124292 2.699789339 
4.380493289 1.863673547 
2.843062225 0.9920568414 
3.507217849 3.836169672 
2.968999274 1.719596868 
4.294305163 2.194013044 
3.769741892 1.928379478 
4.612098338 1.848736603 
2.88273909 2.135439193 
3.07815498 2.69602322 
4.272940094 3.428775232 
1.944787667 0.7381305696 
3.0346807 3.045966597 
3.414530026 2.169227703 
2.697529512 2.641228444 
3.595457168 1.849336419 
3.986453972 2.053646629 
2.702466142 1.027944003 
1.943947462 1.475767485 
2.432426378 3.897793691 
3.207488647 2.102653884 
3.690212833 2.588604365 
2.455365206 2.362324645 
3.596892756 1.747077035 
3.454914525 1.154102791 
3.456002279 0.5648184056 
3.337351947 2.250937843 
5.083322597 2.063650458 
2.744672825 2.504720397 
3.900902355 1.988049217 
1.774252271 2.127495653 
2.758712694 3.234238616 
3.354481579 2.470808305 
1.428954271 2.341066478 
3.269798413 2.98850178 
2.793433966 1.643172169 
3.531906979 2.610001419 
3.802323678 1.23322005 
4.054069017 3.132311894 
4.814757386 1.98898808 
3.151982208 1.938977035 
1.539125408 1.830877767 
3.304554191 2.068550219 
3.200623617 2.059057796 
4.499695276 2.740400302 
1.515750088 2.453500889 
3.889170558 2.17346303 
3.931023132 1.694719502 
2.497040852 2.378084923 
3.206288903 3.985446378 
3.234450814 2.840757589 
2.064712434 0.6996133324 
2.300765386 2.991015178 
3.263909124 2.114478641 
1.918749034 1.697526596 
3.386351834 1.581628357 
3.288439901 2.760102352 
4.017180724 2.492913007 
3.665459774 0.9411302742 
4.58135421 1.636020803 
2.354553226 2.430882334 
3.97540546 3.814134153 
2.343621388 2.31180068 
1.78035343 1.396704524 
3.245440213 1.841093916 
3.03058744 2.12126393 
3.919371887 3.073708543 
3.690688584 2.074935387 
2.841934664 2.292153154 
3.751432627 1.84655768 
3.096742665 1.28815284 
3.410442288 1.043404722 
2.374177881 1.820755285 
3.111397724 1.993035584 
1.735828786 2.12631176 
3.395320821 0.4145187391 
1.734598887 1.816167702 
4.370140499 2.993690893 
3.293861366 1.409803705 
4.972715495 1.726864665 
3.597460057 1.775506101 
2.862527162 2.258767952 
3.34897726 2.778859872 
3.053062018 2.871127991 
3.882376564 1.874532157 
