1.780436046 2.453610577 
1.301972283 3.776596434 
2.191459963 2.936057735 
1.062254498 3.075259823 
1.732344656 3.066150383 
2.247378459 3.877615359 
2.499521614 3.472427743 
2.113943861 3.312270123 
1.810440397 2.987245771 
1.778356733 3.02289654 
1.579943366 2.763911407 
1.224134334 2.256757798 
2.105559908 3.125965634 
2.542052821 3.818310999 
1.53517587 2.353748728 
2.252176614 3.20835762 
1.850436392 3.26625668 
2.383771905 2.677582992 
1.840718293 3.368632057 
1.947278434 2.830832439 
2.522921576 3.457177656 
1.297581153 3.00897263 
2.190320936 3.716267091 
2.553164993 2.959025183 
1.426856661 2.47115692 
2.111709173 3.45599071 
1.674924332 3.614138791 
2.085500131 2.201124631 
3.100925793 3.015902331 
1.885393901 2.263679057 
2.328829362 2.52731306 
1.584558292 2.772263045 
1.289388185 2.956118261 
2.160509654 1.987616042 
2.977301814 3.383813071 
3.13740759 3.139644564 
1.318617577 2.926122907 
2.727412861 2.374744688 
2.52971476 2.620276979 
1.069997911 2.829755422 
2.49789667 2.351994697 
1.930385436 2.691812185 
2.856727347 3.650444917 
2.33145534 2.901284084 
1.402374013 3.336952599 
2.642266491 3.578122541 
2.274361142 3.322012521 
2.266654845 3.091612038 
1.053867481 3.249865677 
1.048345695 3.6513367 
1.85664937 3.443408983 
1.586564244 3.107384475 
1.978250313 3.04861213 
1.635774231 2.587606465 
1.451081392 3.009207888 
1.590023816 2.401258657 
2.480845685 3.647953306 
1.719014298 2.924413649 
2.564567174 2.598642387 
2.137667188 3.430916097 
1.817171733 2.899948354 
2.044644366 2.601436032 
1.955877192 2.85897382 
2.088937061 3.257512851 
1.795435127 2.636161328 
2.688296828 3.817099978 
1.840056272 3.22499211 
1.107256989 2.733945225 
1.530916141 3.210909958 
1.445775198 2.774754051 
1.624392783 2.949808548 
1.966013219 2.936620545 
2.444661591 3.623636336 
2.130062454 3.224438744 
1.830785911 2.710111696 
2.095700302 2.515546099 
1.396388895 3.996095735 
1.740830639 3.529758218 
2.005906685 2.935756351 
2.220974871 3.050661982 
2.201709134 3.345051074 
2.048982286 3.076035836 
1.964398392 3.165134293 
2.086198996 1.993133669 
1.577151357 2.042775164 
2.142592024 3.344669393 
1.997509055 3.140501037 
2.607672096 3.786955108 
2.203332469 2.798587326 
2.213540225 2.116087253 
1.905109755 3.015396938 
2.457632937 4.090193292 
2.937961172 3.161574186 
1.884818235 3.241376047 
1.598730194 3.83444773 
1.869026013 4.188877596 
1.669568275 3.219982778 
1.936779028 3.107363054 
2.284538697 2.746584526 
2.715868538 2.169768292 
1.982312158 3.07076928 
2.20614986 2.293825359 
1.430833087 2.853612079 
2.011586135 3.180485933 
2.683965171 3.494295849 
2.167675139 3.400764982 
1.874448023 3.10933506 
1.893898053 2.652122335 
2.837639281 3.043984055 
1.754452675 3.302136138 
2.563453212 3.342767873 
1.968529969 3.182139396 
1.720079669 2.60645101 
2.419723419 2.009795911 
1.821521895 2.951558316 
1.479041033 3.137298499 
2.31894336 2.854250366 
2.754043642 3.678546712 
3.006222801 3.717119225 
0.9923409173 3.406258035 
2.508493873 3.621649756 
1.588885158 2.576613047 
2.912845544 2.3496373 
1.828083328 2.291367506 
1.525588253 2.955515838 
1.501925337 2.90950059 
2.556489051 3.03814589 
2.232890883 3.343755171 
1.176254234 3.195389254 
1.908973193 2.435388659 
2.03157924 3.15082291 
1.713765425 3.619721024 
2.494566877 2.520126123 
1.337596453 3.277496868 
1.322806377 3.652269715 
1.172962023 3.68106528 
1.9389398 2.984544833 
1.18669197 2.528192677 
1.209839241 2.561046511 
1.991672365 3.060284474 
2.409983461 2.402571741 
1.86507518 3.417348512 
2.735255264 2.971339332 
1.797843684 3.770962258 
2.565308117 3.021241188 
2.141085689 3.614951521 
1.920469606 3.89538521 
2.323500421 2.64784185 
2.066644781 3.297779324 
1.703267152 2.893306897 
1.976818468 3.147538779 
2.379445558 2.83255 
2.007522466 3.689015299 
1.262504078 2.762848592 
1.83908645 3.737138074 
2.074286899 3.155419167 
2.095788543 3.013561336 
1.004997186 3.400427572 
2.493443217 2.41815436 
1.992834568 4.106733014 
1.983286569 2.96634692 
2.808007023 2.557137897 
1.254300778 3.320500676 
2.05102196 3.084904224 
2.875977122 3.115589896 
2.899223021 2.581562736 
2.581549227 2.651606377 
2.030068915 3.082768255 
2.013269139 3.095836194 
1.939523982 2.859371269 
2.333442265 3.063032486 
1.796543619 3.357003974 
2.106793839 3.231526159 
2.078127616 3.596414241 
2.218766344 3.812859223 
2.066733334 3.825799289 
1.958269562 3.503429141 
2.221123144 4.077697394 
2.25002148 3.835623591 
1.757343077 3.662267815 
1.594493939 3.083635904 
2.545818267 3.82947363 
2.05361257 4.085479949 
1.84761307 2.064194075 
2.663628989 3.89832088 
1.472240199 2.279296714 
2.175692759 2.969025774 
2.195463125 2.854008518 
1.045365641 3.197882303 
2.344681475 3.872798382 
1.270098211 3.401425301 
2.049960801 3.570221846 
1.149821269 3.686628902 
2.084602864 2.994157723 
1.946019053 3.179528158 
1.337615289 3.56049276 
2.03192423 3.103719064 
1.312961291 2.617259375 
1.395873654 3.336808667 
1.28120431 2.279059086 
2.401892205 2.806467709 
1.655213857 2.657241998 
3.111135002 2.962669108 
1.536130283 3.586633602 
1.973162564 2.331251526 
2.402610077 3.087757689 
2.768256751 2.89911899 
2.085471507 2.986534991 
2.569873535 3.17811677 
1.659282086 3.339200918 
2.948112126 3.725826529 
1.836700432 3.424344915 
2.417438888 3.043358326 
2.746316451 2.438126963 
1.858187283 3.065504287 
2.410585952 3.069094823 
1.946697018 2.319387471 
1.552374526 3.472073651 
1.8177727 3.463830956 
0.8750291412 3.355091771 
2.536156033 3.632203242 
1.911082202 2.804076159 
2.316880224 2.651219863 
2.534930656 2.329819839 
2.322988044 3.461547153 
1.365766157 3.303689006 
1.829141312 3.318713581 
2.588390275 3.578510012 
2.123174433 3.132127892 
1.528572181 2.189614212 
2.02832552 3.097470213 
2.618005108 3.60521359 
2.096188296 3.16592203 
1.974299568 2.283780559 
2.074483738 3.963025033 
2.425561742 3.214944239 
2.492937136 2.652640626 
1.517704713 3.527953858 
1.960936909 3.072031153 
1.24049962 2.953188765 
1.675421419 3.807044641 
1.674405809 3.445298959 
1.434011469 3.666502477 
1.988525813 2.033638068 
1.709609054 3.217378643 
2.012510238 3.619053738 
2.526791019 2.6596368 
1.790527118 2.807841997 
2.014156603 2.188500663 
2.163575441 2.246920171 
1.845555571 3.269693789 
1.070720861 3.071908384 
1.902192526 3.799200548 
2.217376266 3.495682008 
2.708900243 2.441671914 
2.036953295 3.043425867 
2.090401712 3.21942531 
1.775388013 2.881368072 
1.203548737 3.810322429 
2.110102458 3.108307021 
2.17103567 3.011433604 
2.174636833 3.078988417 
2.925144742 2.471933813 
1.971006109 3.087731473 
2.650843494 2.222988824 
2.250989702 2.86257289 
2.050327382 3.427999186 
2.628510296 2.437569145 
1.902590712 2.931491166 
2.087754613 2.610713741 
1.976726335 2.217097298 
2.742193589 2.324863513 
1.418035774 2.326332746 
2.624378591 3.697810576 
1.653524875 3.027930368 
1.415602815 3.219323637 
1.212184072 2.794131235 
1.86129012 3.157056352 
1.965997324 2.652627935 
1.995819744 2.91866309 
2.042064182 3.077384537 
2.609721735 3.441080857 
2.679596737 3.103539605 
2.61228167 2.157161762 
2.576648582 3.310877786 
2.64629575 3.340009165 
1.654307832 4.153253482 
1.497477319 2.964324016 
2.629655675 2.199265183 
2.797155008 3.450003134 
2.45612119 3.570411029 
2.213366988 3.04329058 
1.508873887 3.37536345 
2.371256712 4.100776642 
1.487588948 2.633265407 
1.193631905 3.73075645 
2.948775254 2.9450536 
2.159808856 2.760151931 
2.289438152 4.171742616 
1.228712468 3.7976527 
3.052914061 3.521777892 
1.672318123 3.437814405 
2.199163566 3.512731464 
1.636139046 2.829014168 
1.961978718 2.957718137 
1.578966882 2.824836322 
1.744180483 3.207334354 
1.678197779 2.520511476 
1.450531757 2.446299248 
2.976743903 2.423553602 
0.9765662838 2.726365905 
2.400719236 3.23925123 
1.669846613 2.799539198 
2.038054762 3.056407783 
2.309355829 2.388140332 
2.363988605 2.915479136 
1.902699062 3.359048857 
3.077490038 3.041394534 
2.695806784 3.92695591 
1.697754582 3.656433115 
2.088622951 3.065945673 
2.382369304 3.004793615 
2.044948526 3.071430083 
2.212559131 3.26052443 
1.656353195 2.642282137 
1.435017932 2.600159649 
2.033767273 2.366089529 
1.209759181 3.508337048 
1.403461414 2.70580193 
2.025864036 3.087714047 
1.655492419 2.48218057 
1.01756089 2.91627528 
2.551614896 2.736713875 
1.378093924 2.725280679 
2.801645132 2.817172404 
2.883309243 2.68846341 
2.333569189 3.565787791 
2.55878231 3.801568512 
1.960800349 3.962584779 
2.299186597 3.483171587 
2.57341005 3.153856898 
1.935863069 3.207055984 
1.695687133 3.244405462 
2.608070015 3.386128462 
1.023876512 3.615712031 
1.950382322 3.158719548 
1.400365887 3.333305801 
1.290676893 2.427418789 
3.131420357 3.032885461 
2.459780035 3.184400239 
2.437371459 3.577731858 
2.83873118 3.784855946 
1.767774773 2.777954096 
1.38656552 4.051011213 
1.888664913 3.326753302 
2.022932407 3.085165855 
2.334041089 1.966081756 
2.501280063 3.919386967 
2.690601194 2.343016662 
2.436811512 3.950074149 
2.44878052 2.677290849 
2.279538534 3.361196065 
1.085637271 2.741325034 
1.928196995 3.25418714 
2.283959966 2.94387665 
2.29066471 3.327265773 
2.854738248 3.451311314 
0.9787951314 2.784810766 
1.441947588 2.933920014 
2.132176995 3.088064454 
2.028585077 3.884940199 
1.48840784 3.638509999 
1.759905618 4.134282763 
1.767624145 3.326257717 
1.376394992 2.836582275 
1.276745676 2.977161987 
2.125566183 2.763367795 
2.052431622 2.780630072 
2.781635829 3.218177193 
2.548730348 2.947987697 
1.86767532 2.843226175 
2.981598025 3.51974635 
2.516823537 2.848040444 
1.571701623 3.745988842 
2.360329595 3.506624066 
1.190743859 3.471394801 
2.034516415 3.110055121 
2.307423889 2.179722476 
2.280775635 3.404002208 
1.282066679 2.209517266 
2.00615114 3.174788839 
1.645292315 3.466124662 
1.893237896 3.062664266 
2.616540331 4.031148358 
2.060746489 3.289821877 
2.672747325 3.946867249 
2.724022788 4.01568486 
2.004537409 3.015566417 
1.838548556 3.473043169 
1.761275313 2.913074681 
2.166819149 2.729565123 
2.640108843 3.349646107 
1.991130912 3.392486661 
1.535402494 3.265327948 
2.965354122 2.897834439 
1.868486029 3.362732804 
1.141794428 2.76380511 
2.741023673 2.959353894 
2.122979356 3.105577349 
2.934885622 2.365064644 
1.566240801 2.789279225 
1.801542265 2.755187466 
2.296362067 3.281084239 
2.077830365 3.215642346 
1.41090878 3.777620988 
2.595000508 2.461126424 
2.125391716 2.494205065 
2.292250735 2.407595542 
1.7184731 4.217383275 
1.538902474 3.848820926 
1.395116572 2.533405651 
1.556594947 2.309834818 
2.018028201 3.761588751 
2.152366775 3.052545997 
2.106870059 3.153337229 
3.063603707 3.22959751 
2.025673016 3.077553905 
1.571721649 4.091871915 
1.97277449 3.908342091 
1.82939853 3.916515466 
2.379033361 3.29352083 
1.814019841 3.317446091 
2.093944713 2.849754891 
2.295560846 3.015654157 
2.083436935 2.791954393 
1.605483445 3.383419591 
2.348233859 3.039389885 
2.628641581 2.665549957 
2.709843463 3.443534973 
2.656538015 2.540429843 
1.297199333 2.307103467 
2.606073758 2.599082198 
2.952893693 2.388826979 
1.788384966 2.262770536 
1.650843993 3.426127693 
3.071205563 3.305156332 
2.815058835 3.928627757 
1.796130909 3.233464148 
1.862252971 3.134010957 
2.575490867 3.131153589 
2.224817999 4.05317389 
2.01222046 3.050054346 
1.995674968 3.074544323 
1.417983507 3.805338878 
2.115889085 3.23896272 
1.172321014 2.818252842 
2.034142145 3.111524932 
1.798513923 2.194031788 
2.130667722 2.913123163 
2.123271241 3.432420258 
2.049565274 3.075105461 
2.986916539 3.122641385 
1.403273646 2.506251454 
2.995620137 3.405623657 
1.9705068 2.873255781 
1.16722615 2.309206681 
2.723796737 2.836179674 
1.670046306 3.709203144 
1.519125439 2.212627995 
1.226251199 2.957612495 
1.775534437 2.695845189 
2.004843828 4.146770481 
2.209571637 3.140017409 
2.746736755 3.259400529 
2.051961777 2.45384934 
2.064530992 2.765255304 
1.987584429 2.488972435 
1.911203773 1.926166368 
1.981349383 3.068175107 
1.573688783 3.520237434 
3.027796148 3.6643452 
1.688719128 3.541343289 
3.080227814 2.743510563 
2.055096414 2.112996746 
1.685852381 3.075863669 
2.015178263 3.106151241 
1.326040891 2.643088531 
2.692140571 2.956885219 
1.585003863 3.80909486 
1.361201449 2.123334672 
2.042904079 3.133541098 
3.00801759 3.333625489 
2.046692242 3.115814322 
2.381824886 2.483793755 
2.305497901 3.156783085 
2.704152799 3.396757733 
2.271875733 2.987848585 
2.105215382 2.987930315 
1.536516475 3.115896885 
1.144440598 3.087436368 
0.9050691869 2.841258662 
2.025340053 3.087874344 
1.285269625 2.461929184 
2.070201964 3.33033227 
2.290187651 4.083002024 
1.301970697 2.62965696 
2.014134728 3.079721678 
3.14576409 3.306020345 
2.092969986 3.679980155 
1.73847051 3.493889574 
1.994632972 3.051345755 
2.188799673 2.16586077 
1.849562064 3.381903178 
1.573500309 3.327504076 
2.02776747 2.558843824 
2.511732963 3.06220145 
2.043860866 3.72454846 
1.287915247 2.866180933 
2.621440834 2.98222106 
1.879591879 4.056312632 
2.62308679 3.348694885 
1.29988706 2.269338552 
1.41146504 3.675672888 
2.794107268 3.252344803 
2.400259458 2.645900586 
1.738462875 2.072346759 
2.086143911 3.138602093 
2.666427479 2.964762445 
1.714662016 3.60938874 
2.538984269 2.95681941 
1.381666412 2.747410327 
1.432405596 3.259683083 
2.119444282 3.001048933 
1.979895622 2.961142954 
2.349860035 2.963419074 
1.742895431 2.580589931 
2.717902465 3.738257016 
1.798376484 2.620467505 
1.974010193 3.554187973 
1.805498711 1.95665498 
1.511548593 3.618138477 
1.130332685 2.394505586 
2.274055729 2.983521829 
1.999603621 3.086387576 
2.495541891 4.004118459 
2.113633518 2.260244737 
2.759840738 2.396302341 
2.543905059 3.701440534 
1.181714011 3.454031753 
2.350857203 4.179062529 
2.360380535 2.389568988 
2.70295687 3.226883733 
2.030267788 3.092099761 
1.543612771 2.932276466 
1.664306484 3.228437807 
2.78052796 3.417520175 
2.228584413 3.277964275 
2.278110129 3.465855864 
1.834848555 3.298546505 
1.745911592 3.159733213 
2.715593767 2.450722804 
1.95996785 3.491353578 
1.224523799 2.661236014 
1.21205389 2.88862916 
2.039342652 3.477249303 
2.161911738 2.743833883 
2.282064868 3.24816435 
1.530792408 2.823600514 
2.430328666 3.077032222 
2.524143925 3.396162593 
2.070527305 3.003540907 
1.617293903 2.949249521 
2.848641326 2.906122609 
2.000305799 3.560241635 
2.097742345 3.026520109 
2.685449569 3.30050059 
3.05483887 3.16572923 
2.310188507 3.40820159 
1.870725206 2.943564027 
2.160258671 2.764174798 
1.403076008 2.84251877 
1.439865329 3.552327936 
1.997705456 3.223542851 
1.890816319 2.588064348 
1.946921267 3.008726311 
1.963502235 2.361327868 
1.374324406 2.757317404 
2.34808679 3.589664945 
2.105208533 3.522155043 
1.907136071 3.053266449 
1.71408141 2.451713073 
2.201750389 3.510593045 
1.753705011 3.155068105 
2.438776738 2.350213491 
1.95507608 3.083740269 
1.893741117 3.160098628 
2.535530725 2.368594935 
2.134011815 3.096467384 
1.893338365 3.687000265 
2.431335875 3.395903966 
2.116363396 3.731647066 
2.567575432 3.036087169 
1.99844029 2.904899883 
1.50520898 3.255243095 
1.563852701 2.433841819 
1.154238842 3.620650478 
0.9363577546 2.924830547 
1.709327122 2.7397683 
2.149312991 2.85555128 
1.766832358 2.430218478 
2.556376236 2.470016923 
1.626309127 3.120133662 
2.906543581 3.516997813 
2.954130367 2.92743661 
2.023685752 3.716029852 
2.379110408 3.433351931 
2.080978683 4.138240941 
1.584174193 2.551975797 
1.565251206 3.856561918 
1.526151597 2.555217438 
1.830259891 3.340001233 
2.31711851 3.489305517 
1.953909659 2.1956172 
2.155338265 2.69791757 
2.520832015 4.041369741 
2.182754581 2.432284452 
2.958780203 2.849571203 
1.928103278 3.198803036 
2.654410234 2.414542623 
1.846075907 2.97274521 
0.952274734 2.71061998 
2.056442246 3.989134556 
1.82590221 3.529277329 
1.418241454 3.667516845 
2.39086765 3.45843407 
1.651657619 2.232325695 
2.271174044 3.362379324 
2.88012243 3.3427497 
2.797310254 2.305010666 
2.148492073 3.741570697 
1.877997298 3.281643452 
2.477561141 3.754583496 
1.990250121 3.022820678 
1.952793876 2.955264352 
2.004412394 2.611082922 
1.351002196 2.778271963 
2.022775823 3.094823713 
2.187703834 2.195630285 
2.216245969 2.971160609 
2.002758004 2.868962168 
2.116140647 2.93125073 
2.473297717 3.758499463 
1.516845096 3.048161784 
2.329359711 2.183332495 
1.782967554 2.794575651 
2.378637545 3.544916179 
2.176217467 3.004499668 
2.483116461 3.477768059 
2.025147767 3.026841167 
1.895323861 2.973329031 
2.085519196 2.92083453 
2.022783396 3.417518801 
1.623564219 2.270778309 
1.979671601 3.772569714 
2.690406508 2.798678782 
2.015043489 3.005394788 
2.36531293 2.997819844 
2.051782132 3.042189875 
1.939443563 3.248507318 
0.9765338728 2.749298899 
2.90066685 3.640639363 
1.683161593 3.495323427 
2.164932703 2.152104905 
1.066461821 2.880909084 
3.174717205 3.189778879 
1.421632775 2.702318604 
1.517623476 2.6476169 
1.283672441 2.937025728 
2.322985576 3.442722155 
0.9532967195 2.903360598 
2.137954031 3.153344998 
2.459757175 2.31608636 
2.165226737 2.984697949 
1.680785662 4.046349293 
2.463752669 4.036386437 
2.071875753 2.749687752 
2.451978199 2.555036582 
0.9751295336 3.023120217 
2.320879463 2.614865915 
2.487811232 2.977469374 
2.347839128 2.297635963 
2.088463314 3.258076239 
1.73517604 2.822421642 
2.83651991 2.618632542 
2.757186404 3.51329869 
2.025000596 3.091202903 
2.906396847 2.319425222 
2.075024619 3.131506547 
1.410599818 3.632342512 
2.884540321 2.69573002 
1.981180092 3.155983536 
1.564128549 3.054423647 
2.861566973 3.146025807 
2.004524181 2.25749968 
2.291811254 3.353634042 
1.765262891 3.650788064 
1.569985159 3.268444568 
2.30105013 3.341548001 
2.135529122 2.812385535 
1.575258995 3.488035082 
2.444340529 3.496262086 
1.177918886 3.018155388 
1.796430587 3.476085221 
2.227405371 4.025271596 
2.0143979 3.765389578 
1.189333679 3.848845739 
1.453226424 2.205228517 
2.838127243 3.853327309 
1.345214932 2.871418258 
1.465902056 2.619401826 
2.391024647 2.898398688 
2.010371987 3.112406668 
1.702609338 3.911960672 
2.858169415 3.865431151 
2.87880253 3.627558962 
1.896704161 2.992519604 
2.184760832 2.81014955 
2.277383301 3.91149076 
1.842259955 3.289521612 
1.251909265 3.600776636 
2.034755515 3.209377879 
2.011935769 3.096642412 
1.607403806 3.328074374 
2.568757271 2.533466397 
1.450563243 2.597157923 
2.261786685 3.184418622 
1.652920202 2.688776302 
3.000957076 3.031588133 
1.702048474 3.395621162 
1.547886368 2.971251071 
1.81774796 3.032141686 
1.517123818 2.85851475 
1.480495884 2.626679232 
2.156124524 3.52580407 
2.706299187 2.19025597 
1.782728472 2.372375114 
1.452181676 2.116904394 
2.151431336 3.427117471 
2.926192639 3.256729355 
1.991701455 3.070740546 
2.009594227 3.604520842 
2.0343291 3.07452083 
1.380281571 3.084641143 
2.12657477 3.003360551 
2.432604659 2.990944628 
1.288176615 3.647825904 
1.164906332 2.601707837 
1.990099956 2.937570632 
2.072377841 2.629029868 
2.430474041 3.423029571 
1.484777853 3.543203776 
1.525557865 3.494888907 
2.737142648 2.48671621 
1.376525891 3.692169658 
1.745183225 2.940656959 
1.262884838 2.389060804 
1.936003171 3.173453758 
2.013758056 3.090478507 
1.021787285 3.4088733 
0.8672889843 3.017476722 
1.344998138 4.015942571 
1.734997165 3.185066007 
2.103070416 2.543558859 
2.205428198 3.57731559 
2.005279531 3.379042826 
2.926458601 2.792636157 
2.642486336 2.606077547 
1.561486835 3.16395204 
2.463034696 3.518769176 
1.719187182 3.519764732 
2.864574843 3.660607666 
1.979972913 2.997181294 
2.24472812 2.401374164 
2.796290727 3.862323819 
2.04810721 2.144440909 
2.365703721 3.53616617 
2.462988023 2.953316612 
2.017029458 3.083107735 
1.416916512 2.118293859 
2.189712936 3.164060704 
2.629424951 2.277639128 
2.828085863 3.752116818 
2.349819333 3.644248011 
1.827075804 2.961467667 
1.679254806 2.385949796 
1.845009988 2.224231645 
1.955573156 2.057074889 
1.390889458 2.124074737 
1.826415702 2.786096385 
2.25408293 3.393847532 
1.868746209 3.584429567 
1.864279887 2.98248961 
2.352175422 2.025259277 
2.001729389 4.07315418 
1.103019757 2.766683537 
2.455507422 3.371488833 
1.869494059 2.459704997 
1.112960425 3.604371806 
2.623916087 2.397489128 
2.888195175 2.933491262 
1.476391742 2.20967799 
1.661870725 2.91467788 
2.036746339 3.247706604 
2.551652542 2.768348605 
2.340916281 2.788460588 
1.384007353 4.010485149 
1.384374477 2.950886144 
1.291882677 2.216763545 
2.155064409 2.857183156 
1.950706031 3.105342051 
2.492453327 3.070397685 
2.043197723 2.703332888 
1.794753445 3.285990495 
2.15491238 3.299485924 
1.183126104 3.537317877 
1.287047719 3.695460832 
1.62962762 3.339458371 
2.519543388 3.364275462 
1.91235233 2.940496291 
2.151660211 2.720250321 
1.669238087 2.383693028 
2.850212815 2.92552599 
2.048837439 3.13157464 
3.172131982 2.890356609 
1.325817933 3.766490368 
1.188725034 2.539451191 
2.698002673 3.743312886 
2.688732861 3.991403981 
2.837726198 3.590451875 
2.135716804 2.827062961 
1.773300767 2.707194054 
2.98228264 2.806674587 
2.301854118 3.182272954 
2.864587991 2.902835783 
2.668589122 2.707596723 
1.698449593 2.80200276 
1.454416886 3.983628838 
2.730238478 3.869648315 
1.883055391 3.208056782 
1.968609593 3.423232865 
1.890618693 3.367550913 
2.023606093 3.802147352 
1.521738016 3.566471359 
2.489830487 2.562248861 
1.820653104 2.570004484 
1.228859064 2.802171965 
2.482386707 2.95188803 
2.618382329 3.548980274 
2.56034275 3.897134569 
1.342449832 2.813799894 
2.653979863 2.153095884 
2.353654127 3.611823487 
1.848848323 2.142680787 
1.005335318 2.497897471 
2.062807324 2.974480867 
1.50524776 3.697275916 
2.691385229 3.985818243 
1.38653094 2.953497255 
2.353030065 3.2126485 
2.394786255 3.462755129 
2.022889251 3.113866008 
2.227156261 3.099974826 
2.135676637 3.091288302 
1.97640325 2.429535951 
1.711551694 2.717469284 
1.427408081 3.2439311 
2.041202447 2.970433904 
1.495120136 2.627733607 
1.93282859 3.381915445 
1.295002027 3.213539709 
1.691789681 2.51723016 
1.814524122 2.923049036 
2.814425246 3.609708499 
2.299279135 2.850642418 
1.024538996 2.49670613 
1.996086401 4.016357879 
1.548386714 3.563185603 
1.94072465 2.67752087 
2.838231311 2.28061582 
1.297596348 2.614403979 
2.095484871 2.396976698 
1.776847306 2.89047681 
2.116252099 3.873716405 
2.714889885 3.493201598 
2.561243031 3.493045494 
1.404297928 3.916927101 
1.672304302 3.092477387 
3.164906721 3.262023614 
1.768525951 2.538920147 
2.459742367 3.130214883 
2.762947983 3.54158215 
1.642799099 2.007872053 
2.130929327 4.085077494 
1.561218257 2.507399328 
2.069797127 3.059745597 
2.245989586 2.272915644 
1.653597653 4.156879463 
1.718742023 3.657497958 
2.185601312 3.425808532 
1.843248917 2.348448327 
2.267314637 2.83834285 
2.012893206 3.052829749 
2.029679463 3.386051441 
2.039818127 3.259371328 
2.023596451 3.080414423 
2.271677952 3.759128247 
2.103798737 3.280410407 
1.953773241 2.945552931 
2.428047874 3.143130561 
1.854887292 2.742294533 
1.275913615 2.299380127 
1.821436184 3.628389866 
1.181407689 2.67994227 
2.031039388 2.811272908 
2.025298622 3.091207761 
2.863828369 3.583374461 
2.709573378 3.699724689 
2.187841718 1.941857344 
1.164704831 2.33862819 
1.977297905 3.666888809 
2.307352928 2.756923192 
3.018296742 2.658647804 
2.194416545 2.981566982 
2.01021802 3.03762704 
2.044505786 3.192368603 
1.258401501 2.769250351 
2.318025788 2.345986871 
1.908433309 3.067597689 
2.061080656 3.669926663 
2.031761729 2.252152519 
2.882382813 2.719287084 
3.046378344 3.07193866 
2.891715715 2.452173445 
1.298796928 2.563858676 
1.806838967 2.822639005 
1.224760041 3.116124743 
1.987430011 3.427165958 
2.312190536 4.016547821 
2.928221477 2.916075328 
2.010545658 3.118832668 
1.274352867 2.428043548 
3.130854336 3.471895368 
1.570616291 2.508719143 
2.227149745 3.039119973 
1.75658987 2.514847097 
1.723935035 2.094022532 
1.574360919 3.835084565 
2.007206305 3.074585546 
2.085010601 3.067785 
2.60586158 2.478878005 
2.535373251 2.951094423 
1.571661388 3.270037793 
2.039252359 3.359823447 
1.253903225 3.324947978 
1.906345972 4.078929549 
2.329533007 3.096533062 
2.053396991 3.198295968 
1.675390709 2.912136175 
2.529555669 3.847442697 
1.193078293 2.405840856 
1.57538725 2.138911751 
1.182444728 2.283738691 
2.156144109 3.216380932 
1.770513995 3.242627367 
2.512183043 2.5683842 
1.689667232 4.043940888 
2.216607615 3.295892694 
1.862075666 2.66388135 
1.572264685 2.678391658 
2.404704903 3.60722706 
1.782560952 2.462258471 
1.074798535 2.641245963 
2.091013258 3.067974689 
2.198212071 2.985725571 
1.395906099 3.847732339 
2.365519688 2.575002765 
0.9588028316 2.873540809 
1.978278233 2.510218534 
1.886845833 2.97049386 
1.721635378 3.531280337 
2.637368323 2.241750672 
1.004999567 2.514983443 
2.111511539 2.944006646 
1.593112706 3.300677043 
2.733891849 3.838899315 
2.05352241 2.671459388 
1.503161736 2.781029271 
1.962787687 3.576476767 
2.08159763 3.191385316 
1.864345336 2.974890828 
3.788489302 4.355096231 
3.989238179 3.691947412 
3.555603526 3.056094894 
4.412659452 1.92454574 
