9.762304395 5.231213627 
9.348051113 3.848148105 
8.791164711 4.852268373 
8.658433849 4.772989047 
8.14583878 5.749054894 
8.523272136 4.568546729 
8.925571193 4.51023138 
9.489351342 3.903764481 
8.958224499 5.305488402 
8.317141624 4.855344693 
8.41450456 4.653724025 
8.896538291 4.245193876 
8.644796282 4.009975028 
9.229546742 4.904975053 
8.804419676 4.204489732 
8.262008602 4.580069129 
8.586172992 4.88200465 
9.250453969 3.975492598 
8.829506972 4.597557463 
8.399398578 4.437000413 
8.381843175 5.347473792 
9.027051298 5.089543976 
8.569426043 4.595369994 
8.392052181 4.395947887 
8.786038738 5.576171935 
8.551153887 5.302824974 
8.74658879 4.479502869 
8.196659885 4.268046007 
9.010127426 5.308607673 
8.692009224 4.815688931 
8.226127396 5.251784834 
8.746333044 4.832786935 
8.696884045 4.530861093 
9.208969455 5.570204485 
9.6979971 5.317856171 
8.828246337 4.928012335 
9.473054547 4.174227769 
8.167787014 5.301542025 
9.076949635 4.180765962 
8.142401837 4.872372184 
9.112342653 5.747087444 
9.69086732 5.060447476 
8.243437034 4.802313055 
8.708325054 4.753775429 
8.137016018 5.247205224 
9.433570644 4.815906222 
9.181715214 3.883365475 
9.647963026 5.061989507 
8.822431823 3.980732787 
8.77251706 4.678455478 
8.704404554 4.559852439 
8.957232669 5.105462371 
8.458795285 5.041597749 
8.741880354 4.754680663 
8.908065829 5.335383544 
8.254810132 4.662377937 
8.270850212 4.540344365 
8.138428921 5.245648225 
8.903723349 4.911516796 
8.399161774 5.57520047 
9.600540969 4.123417365 
8.538386037 4.864805986 
9.050739206 4.983561626 
8.282062112 4.270003328 
9.3615094 5.376689132 
8.743597181 4.869532898 
8.636836528 4.691065132 
9.445752292 4.595677837 
9.456019002 5.622045463 
8.927069835 4.930309326 
8.467906199 4.996582108 
9.289198425 3.975013452 
8.315649189 4.897901596 
9.389377624 4.181134008 
8.570484788 4.423961896 
8.713377077 4.74888514 
8.160139543 5.217041948 
9.362160276 3.997995453 
8.820894196 4.839314822 
8.351438744 5.599186491 
8.745278338 4.758675191 
8.889225029 4.572087514 
8.741738119 4.030369948 
8.155411467 5.167421957 
9.207849904 4.235909061 
9.685801827 4.450823287 
9.199733396 4.148536992 
8.710211867 4.751871014 
8.865964007 4.824473517 
8.617469264 5.015003124 
9.58653586 4.275463367 
8.623951111 4.62693894 
8.629145608 4.770064351 
8.137429006 5.427291893 
8.382081014 4.736994185 
8.159867222 5.57177069 
8.689325972 4.934447242 
8.471874839 5.234581044 
8.382046088 4.870863357 
8.735810739 5.144745738 
8.457255578 4.687903736 
8.477155481 4.166311915 
9.117589594 4.873581328 
8.716624008 4.783808918 
8.291882308 4.603874927 
8.822809031 5.46467875 
8.973249803 5.884367002 
9.527847896 4.510029311 
9.598574886 5.328306352 
9.120799545 4.640853928 
8.927770014 4.543433523 
8.900365454 4.942170058 
9.355764957 5.214656776 
8.119945852 5.504729084 
8.55827746 5.006044823 
8.579160352 4.268781031 
9.462575966 4.728566711 
8.668569218 4.722513155 
9.408451394 5.359135819 
9.367074588 5.603826793 
8.692669133 4.745146616 
8.510432691 4.568805511 
8.521079578 4.97503356 
8.932616411 4.828795887 
8.517365735 4.272397432 
9.179102304 5.012367644 
8.857869427 4.837404162 
8.588743672 4.668837915 
8.70391538 4.773421065 
9.013745357 4.485653995 
9.268048512 4.094410887 
8.335651042 5.042051203 
9.100645122 4.171959946 
8.400620481 4.369571496 
8.98563668 4.655275473 
8.604503929 4.004193963 
8.613355121 4.741632487 
8.714672349 4.676238977 
9.379651799 4.300696383 
8.736415302 4.795731594 
8.500882516 5.060669881 
9.220579218 4.984584671 
8.379398805 4.279896364 
8.871498421 4.133730902 
8.88574746 5.273729036 
8.876510001 4.579115438 
9.166713602 5.022118858 
8.544968706 5.562064721 
9.216606306 5.638585191 
9.203910478 4.492724053 
8.188661605 4.644537393 
8.738192425 5.307325419 
8.512287045 4.983423617 
9.307739892 5.13213717 
9.218687466 5.537027072 
8.925033008 4.678301273 
8.352145437 4.660340287 
8.98034767 5.035129903 
8.321118265 5.115240176 
8.247707631 5.383762137 
8.910315699 4.459944928 
8.598146079 4.746579338 
9.306279527 4.159437294 
8.489094148 5.374734613 
8.858200624 4.051557656 
9.360891939 4.139471901 
9.119275844 4.176383715 
8.801631108 4.733323125 
9.341844578 4.820570281 
9.109291314 4.731590727 
9.479517005 5.48082881 
8.601714461 4.68181651 
8.429881962 4.157491782 
8.900917208 4.861308233 
8.871276007 5.298362296 
8.421290889 4.394032711 
9.157197541 5.011343284 
8.612319856 4.824566985 
8.59233159 4.607043862 
8.908268318 5.021775657 
9.177228017 3.872047322 
8.324755274 5.624961264 
8.589040986 4.47782876 
9.880821342 4.831499271 
8.543426176 4.936347283 
8.191757348 5.302684665 
8.899938338 4.446302569 
8.719117312 4.780662084 
8.553626382 5.1202478 
8.439249943 4.908570686 
9.353460988 4.874499972 
8.634726068 5.129391877 
8.317967865 4.455964705 
8.707669558 5.834183562 
9.179642915 4.620164502 
8.75611634 5.29009188 
9.191208616 4.310747639 
8.869710531 5.399791395 
9.115342278 5.439106143 
8.974217091 5.435409987 
8.678301435 4.590025601 
8.428543311 4.576166927 
8.703861119 4.695518419 
8.495494934 4.129805426 
8.943718019 4.399741962 
9.170865942 4.215338446 
8.65810271 4.223105411 
8.982622655 5.698139056 
9.191971619 4.05538098 
8.995703808 5.202147169 
9.316058992 5.751989889 
8.707389993 4.77311326 
9.681169444 4.228174319 
8.551761467 4.903768495 
8.979514878 4.827822636 
9.252380672 5.020927809 
9.329302305 5.574701431 
9.062888812 5.511912569 
8.573725268 4.53420594 
9.232618678 5.168109432 
8.97095337 5.762000796 
8.960053667 5.382399935 
8.721523284 4.755703704 
8.222479185 5.023169542 
8.709946771 4.775498141 
8.428460263 4.321272889 
8.602401769 4.993497255 
8.802415196 4.563072345 
8.774695861 4.677654185 
8.751423561 4.744903901 
8.351115569 5.182910706 
9.088299448 5.53184735 
9.428425922 5.586457556 
9.185413427 5.305437685 
8.486155074 4.602894732 
8.340221121 4.161655845 
8.986209251 5.584020537 
8.165916983 4.139266279 
8.194119656 5.505965375 
8.620580953 4.733223445 
8.620642357 4.829350931 
8.884217352 5.031616744 
8.567936829 4.551555706 
9.374559399 4.499461006 
8.203649225 5.648215945 
8.560801392 5.024456472 
8.155861648 4.390942561 
8.637548635 4.858931531 
8.289851858 5.696328927 
8.741141371 4.754797326 
8.567298356 4.54811577 
8.642742888 4.807244293 
8.812041819 4.900503742 
9.011199496 5.363988719 
9.154377052 5.018926129 
8.791704858 5.607143695 
9.10900657 4.295099894 
8.759864815 5.159434309 
8.466485847 5.384545437 
9.609393646 5.335907252 
8.483380013 4.153799927 
8.309060403 4.959614903 
8.70049401 4.753092676 
8.408707063 5.392072774 
9.338667373 5.194865704 
9.434585652 5.339257463 
8.712234842 4.781821428 
9.330813521 3.793004354 
8.835221376 5.260196372 
8.136982939 5.042206125 
8.546971744 4.959984814 
8.733463173 5.005100011 
8.168726603 5.363501955 
9.306790427 5.401636218 
8.506292653 5.158349128 
9.363759339 3.96517873 
8.652281675 4.62578938 
9.169063073 5.635958935 
8.444580227 4.504736293 
9.30397464 3.970865276 
9.57276557 4.624053383 
8.47049781 4.915690758 
8.85897322 5.111638827 
8.743756859 4.828870524 
8.169354946 4.987832688 
8.529601787 4.509464096 
8.435275706 4.382430224 
8.615304336 4.827220707 
8.692825764 4.753443661 
8.309746603 4.292847101 
8.641983137 4.934679198 
8.966135436 4.534842874 
9.598038245 4.056008612 
9.424226446 5.092598676 
8.682124615 4.239074595 
9.046809501 4.961688624 
8.655511662 4.734803067 
8.601191411 4.467777414 
8.97966518 5.145892547 
8.937549327 3.942591427 
8.725125365 4.737572296 
9.349778692 4.934815433 
8.632321241 4.651048428 
8.867886965 4.909124941 
9.078285517 5.29765982 
8.918759903 4.790494094 
8.441387524 4.816325983 
8.141236053 5.150678142 
8.655584144 4.564206279 
9.337261504 5.413263747 
8.707347362 5.545944517 
8.803431223 4.614917932 
8.834008956 5.160003792 
9.512365099 4.232564647 
8.610200494 4.717573914 
8.969447986 4.97732365 
8.937403478 4.841375019 
8.491145582 4.156391193 
8.186687876 5.106826743 
8.419063909 5.208839683 
8.984415072 4.936805226 
8.725748064 4.782313953 
8.623473722 5.122010263 
8.738132657 4.770782679 
9.350504425 5.045379429 
9.379587555 4.49431346 
8.240294906 5.079827602 
8.272551786 4.305224661 
9.159500103 4.669585609 
8.963043805 4.797025109 
9.147723394 4.970813532 
8.696085351 5.106458283 
8.907797088 5.910226431 
8.908365154 4.925005379 
9.52286577 5.050511967 
9.322271543 5.329967033 
9.447340247 5.367596336 
8.669049588 4.724844692 
8.853065627 5.665682897 
8.142827082 5.510278454 
8.785171992 4.650734673 
8.772772126 4.8055525 
9.539062037 4.533887141 
8.514165922 4.866992888 
8.761316457 4.777786487 
8.665239943 4.381476725 
8.210380764 4.572088954 
8.613025141 5.063404089 
8.842605883 4.7402406 
8.667002176 4.815861405 
8.578827461 4.782015831 
8.9590269 4.673913987 
8.835707132 4.332941148 
8.127228626 5.578159738 
8.376986881 5.518082057 
8.282002583 5.591100691 
9.706490691 4.422531583 
9.084405842 4.418934962 
8.447291197 5.415429982 
8.619607519 4.333531529 
9.221553158 5.074211364 
8.853492133 4.834945657 
8.574652166 4.754774879 
8.569958909 4.11410085 
9.264033846 5.444647021 
8.546705008 5.259449191 
9.059761899 5.075888 
9.077457032 5.765660567 
8.126449793 5.365396989 
8.551453935 4.774094778 
8.634456469 4.782565377 
9.670741705 4.763812055 
9.523794368 4.818893757 
8.65382469 4.625346102 
8.206458886 4.404992873 
8.587250238 4.402554957 
8.627193218 4.620887262 
9.028653627 5.317757813 
9.076808403 4.908175968 
8.722969987 4.775010143 
9.124868576 5.31645738 
9.363806696 5.23181577 
8.616520538 5.259924994 
8.870993428 4.632358048 
8.488512741 4.919149221 
8.94694873 4.764163772 
9.411607018 3.980523831 
8.519497737 5.732458535 
9.611933901 4.291600826 
9.168909143 4.308932116 
9.2066998 4.945666092 
8.335948353 4.575361771 
8.516321079 4.841026163 
8.681698827 4.820964888 
8.601449184 5.283434905 
8.423148788 5.720086511 
8.147721767 4.776478659 
8.728428972 4.569018124 
8.309816841 4.605760358 
9.716596982 5.058284259 
8.660993059 5.048350255 
9.006380033 4.986812445 
8.456816981 4.884315659 
8.240766685 5.626359285 
8.158408932 4.79492327 
9.09272647 4.060234233 
8.746684286 4.801594598 
8.827872069 5.909201272 
8.583152012 4.140831516 
9.550912771 4.531741114 
9.241724976 4.312172591 
8.318195014 5.290323296 
9.302559938 4.712217464 
8.430405037 5.03431347 
8.587426408 4.275246668 
8.647238742 4.969181392 
8.716167051 4.727386737 
8.450300156 4.539573176 
8.267657367 4.627538621 
9.248723083 4.158738117 
8.872149452 4.744924049 
8.493507711 4.467941628 
8.947029574 4.44935457 
8.511850603 5.189077281 
8.783052742 4.386307607 
8.72854706 4.717084286 
8.705511864 5.431076902 
8.440421542 5.752695797 
8.905595481 5.137497701 
8.442719959 5.205923266 
8.233846607 5.280050876 
8.544072752 4.228359139 
9.37544977 5.429537108 
9.227210638 5.578860055 
8.345973692 5.151112033 
9.625279952 4.288639269 
8.711524791 4.744324483 
8.983266087 5.018944697 
8.836720365 4.497787655 
8.404740162 5.455034938 
9.211426169 4.813176889 
8.219255272 4.304757692 
8.632107917 4.293259632 
8.415103585 5.262763095 
8.757160949 4.820785698 
8.716357008 4.686664172 
8.617901557 4.862931407 
9.098578099 5.667734664 
8.710377659 4.733467694 
9.675521953 5.098246427 
8.710760243 4.927690952 
8.449859224 5.350494426 
9.252657702 4.518892881 
8.724556526 4.700602846 
8.950164218 4.997166921 
9.456169594 4.840082345 
8.844140263 4.919622317 
8.556664446 4.511174948 
8.621595745 4.590056811 
8.300747668 4.818063962 
8.356383092 4.669809489 
8.344541821 5.555066836 
8.733851403 4.613297981 
9.179130546 4.653236463 
9.264586944 5.361833928 
9.363061972 4.467222835 
8.691143469 4.760265945 
8.544258183 4.93992262 
8.71958172 4.81896751 
8.625925359 4.82793276 
8.449791668 4.083391414 
8.980005943 4.566778988 
8.925531175 5.064474331 
8.575772548 4.641544927 
8.586717376 5.098224692 
9.322737604 5.59772145 
8.698671138 4.756751382 
8.616530944 4.013620023 
9.553330028 3.951405244 
8.307404218 5.183964345 
8.781335757 4.464222249 
9.627137817 4.146069813 
8.381382869 4.432029803 
8.891101416 5.033484837 
8.688616615 4.959493897 
9.111428328 5.294054795 
9.108749037 4.868681782 
9.479999579 4.545762927 
8.673318821 4.693492709 
9.263274477 5.49704502 
8.593778014 4.389150509 
8.482290708 5.091772724 
8.783169469 5.737277984 
8.426952736 4.644253259 
8.880636366 4.669348029 
8.936120076 4.496788082 
8.412353199 4.978242793 
8.805539341 4.808471033 
8.484933006 4.238730987 
9.45086686 4.603032253 
8.780007585 4.773453593 
9.033386064 5.261351701 
8.531283018 4.331581279 
8.766329044 4.806056321 
8.989248268 4.128001245 
8.171022529 4.23170684 
9.484446143 5.233000434 
8.396971904 5.194561487 
8.800631472 4.738130885 
9.396789793 5.168270016 
8.519375113 4.948455879 
8.805699384 4.156453865 
8.67031783 4.86828417 
8.613122611 5.113874453 
9.633863548 4.638945777 
8.810000223 4.039143917 
8.369778296 5.68078057 
8.159387602 5.789051014 
9.805450911 4.687893671 
9.479117204 4.547368234 
8.655853848 5.315108555 
8.221758039 5.147066154 
8.416767968 4.73403908 
9.716825824 5.07361024 
9.346849293 4.443702551 
9.211300939 5.410121663 
9.263024295 4.277923307 
8.658009817 4.730610826 
8.186575872 4.699412533 
8.422780495 5.012514093 
8.633482132 4.869359812 
9.011114465 4.702772474 
8.801291968 4.917018557 
8.454497901 5.584302276 
9.347790042 5.128928965 
8.659834363 4.792866244 
9.089201696 4.767116756 
8.938762839 5.480003602 
8.673043625 4.798082014 
8.526889575 4.246132699 
9.477826601 5.151454889 
8.369869741 4.892251242 
8.273585 5.246832401 
8.693393144 4.760991122 
8.963422662 5.281402261 
8.654916061 4.981988786 
8.85233597 4.43599907 
9.382304403 4.126899817 
9.061145051 4.363889208 
8.516115042 5.293829948 
8.375458852 5.388192446 
8.48065048 4.749039471 
9.205370342 5.334899716 
8.439166742 4.974404061 
8.99909975 4.148069429 
9.299446155 4.581860401 
8.264276177 5.692485365 
8.887820332 4.5618291 
8.802941339 4.894997503 
8.931263556 5.012091198 
8.719436134 4.296278185 
9.098322168 4.673168045 
9.453386279 4.012166226 
8.447087335 4.440211289 
8.641144361 4.598295659 
8.49045965 5.848286637 
9.214970219 3.956359458 
8.696275918 4.584731491 
8.904918917 4.90044294 
8.47784706 5.787288775 
9.113180813 4.109744931 
8.481562919 4.98287349 
8.817449491 4.743775688 
8.658255422 4.457583933 
8.561153928 5.385341546 
8.601279539 4.624212745 
9.626748293 4.095461775 
8.969859846 4.355931451 
9.044017684 3.998078335 
8.808597766 4.066438647 
8.837303619 4.522624307 
9.15928183 4.095598516 
8.705815527 4.761111651 
8.704681296 5.183640303 
8.202258961 4.851440472 
8.525862426 4.132836401 
8.659132017 5.117142111 
8.65904975 4.816542085 
9.152910721 4.531227143 
8.362219312 4.826935361 
8.217794909 4.45567753 
8.395301923 5.144187691 
8.724617351 4.298141942 
9.179600804 5.531389445 
9.532574342 4.225156281 
8.782818823 4.648938412 
9.118440173 4.987188492 
8.893983152 4.45265561 
8.730338051 4.731146533 
8.472628809 4.568089108 
8.390553128 4.998661779 
8.466410475 5.267758603 
9.410461176 5.348386968 
8.563111958 4.579201227 
8.950081354 4.834571535 
8.686125375 4.743252654 
9.234817497 4.325860977 
8.7042364 4.764669055 
8.203300566 4.637450768 
9.215078983 4.651619903 
8.739154487 4.525594153 
9.277947216 4.090876228 
8.436637861 4.735299914 
8.876936005 4.608484178 
8.855949396 4.083535146 
8.957709148 5.029933718 
8.382482434 4.448432857 
8.762240774 4.705480571 
8.842969509 4.656588407 
9.040143967 5.63530402 
8.973274009 4.995250216 
8.459151871 4.329443382 
8.525951527 5.499188485 
8.636172124 4.639400488 
8.777289802 4.916922361 
9.224124558 3.944653368 
8.69988863 4.583783516 
8.614940466 4.982759125 
9.272484438 5.45072788 
8.374420324 5.152884008 
8.437093097 4.283078379 
8.699100897 4.775745199 
8.195840466 4.351074289 
8.150675437 5.68605176 
9.519635203 5.16538741 
9.323617299 5.214673298 
8.396199286 4.887966882 
8.660932438 5.459848711 
9.400391158 5.657129058 
9.376414666 5.423491572 
9.305490783 3.885953071 
9.084632089 4.569400407 
8.317835191 4.549284038 
8.77070795 5.42017917 
9.05632 4.796492217 
9.405973526 4.310944376 
8.393714516 4.787819776 
8.693142006 4.849963823 
9.615750602 5.300919501 
8.266909818 5.137124612 
9.227752557 4.063443104 
9.345769766 5.352211702 
8.615888326 4.942211407 
8.164656092 4.943973032 
8.568310404 4.50932796 
8.743725453 5.159850448 
9.066921392 5.097119583 
8.334901829 4.93159231 
9.450434048 5.399018463 
8.559972531 4.709478346 
9.744345153 5.073357873 
8.659597117 4.766856997 
8.428566471 5.731809687 
8.337620656 4.742425863 
9.130238336 4.162582355 
9.309953033 4.730786512 
8.895924884 4.847691003 
9.620028927 4.752799224 
8.679067024 4.846764503 
8.725085778 4.568324046 
8.264988741 5.550997449 
9.108309707 5.67761608 
8.567603183 4.678046144 
8.457620557 4.517941966 
9.587376067 4.814344264 
8.302759671 5.68546495 
8.629901467 4.571930662 
8.566864747 4.85752283 
9.294401328 5.516247979 
9.438139801 4.31201177 
8.635929718 5.768606261 
8.910189214 4.995429662 
8.28550473 4.318770077 
9.513674288 4.146159895 
8.659880962 4.513480731 
8.981871392 4.966734106 
9.353412924 3.972113365 
8.678153968 5.104679332 
8.548051175 4.422936649 
9.113291662 5.149151435 
8.939769055 3.907840701 
8.794569677 4.751659411 
8.744564975 4.792836895 
8.706516728 4.756607951 
8.368051588 5.288161787 
8.728200695 4.717182492 
8.42379787 5.319593075 
8.544177543 4.605048651 
8.723531493 4.815306278 
9.564381683 5.222754483 
8.505230703 5.306605726 
9.084546802 4.86274275 
9.102569749 5.46346182 
8.705884358 4.763654336 
8.299162864 4.995774339 
8.860687988 4.549927046 
9.55982079 4.45645567 
9.499960263 4.256367116 
8.678489665 4.678608725 
8.323807551 5.003212674 
8.531400589 4.598112898 
8.804180176 4.226391922 
9.067819247 4.083536624 
8.331046408 4.783558113 
8.948762214 4.654116635 
8.698671664 4.750140395 
8.882789135 4.155198517 
8.718904348 4.344213837 
8.62781839 4.369901177 
9.103661614 5.745794088 
8.206590163 5.35535214 
9.272975382 4.585222175 
8.418700659 4.078344997 
9.462665275 4.344846749 
8.866298121 4.977872714 
8.992818746 5.450396688 
8.745300596 5.160421173 
9.612044743 5.098691698 
9.334459775 4.09094418 
8.619267417 4.829875626 
8.645365454 4.25913997 
8.588778889 4.755058344 
8.776681842 4.689797054 
8.788073086 5.633017598 
8.57815547 4.89022516 
9.712398865 4.48128214 
8.708126069 5.006839213 
9.088469564 5.073058905 
9.794872643 4.579194753 
8.438126143 4.956924494 
8.764511615 4.971745489 
9.538245061 5.410895086 
8.605599457 5.290918707 
8.326624357 4.980076367 
8.945483643 5.063182442 
9.120364217 4.517694403 
8.692691289 5.029740953 
8.956462138 5.819281511 
9.041843899 4.111310243 
9.021235194 4.853895569 
9.252756886 5.3728477 
8.326792839 4.683637565 
8.328559974 4.381280479 
8.692057617 5.480259561 
9.335482786 5.103170425 
9.489654772 5.300917152 
8.729113269 4.777018468 
8.683927583 4.729083095 
9.108733452 5.538948271 
8.204704357 4.297141336 
9.642213469 4.323434197 
8.314940188 4.213680488 
8.540960259 4.80231916 
8.480804522 4.472977999 
8.940951636 5.896194158 
8.763747532 4.804821301 
8.301193545 4.224443625 
9.573125183 5.421741428 
8.871897722 4.113353583 
9.354807985 4.208510228 
8.474903618 4.390022346 
8.77334188 4.149127682 
8.428971503 4.845267734 
8.881703015 4.830793537 
8.709737164 4.752109305 
8.763116068 5.16743242 
8.751808066 4.639404549 
8.73770566 4.760537355 
8.466800318 4.968918929 
8.42031029 4.315091894 
8.57410519 4.994370597 
8.587950334 4.351711744 
8.668745277 4.939210511 
9.514499412 4.223261958 
8.977091011 4.652582972 
8.232249724 4.246291743 
8.736290256 4.708546208 
9.296189456 5.319778742 
9.155417171 4.690971402 
8.827486819 4.328557516 
9.031960198 4.773800195 
8.686514935 4.954625936 
9.000127817 5.052692043 
8.65590741 4.673063193 
8.602752823 4.798871561 
8.253357064 5.395736735 
8.834085154 5.604960037 
9.047015393 4.455008736 
9.642401145 5.228474921 
9.245395521 5.015666414 
8.742831349 5.010684934 
9.162482264 4.421750172 
8.287451722 5.214798708 
9.078838763 4.376930335 
9.199554934 4.956989966 
8.695325759 4.995827028 
9.383220991 5.245018114 
8.906291951 5.051504413 
8.499492322 4.698138049 
9.657688635 5.39012212 
9.100079508 4.367130607 
8.822908219 4.797989052 
9.072814958 5.031820627 
8.471026345 5.508706389 
8.391128171 5.121157072 
8.344221195 4.423697308 
8.426067949 4.672912464 
8.190865125 5.431190355 
8.309410321 4.312882412 
8.171287243 5.012383752 
8.29524606 4.717801594 
8.273037925 4.949639068 
8.307956943 4.466625855 
8.207389528 4.361822277 
8.295700367 4.508012214 
8.314257803 4.974716473 
8.256145408 4.701743149 
8.300416288 5.228057255 
8.280390283 4.393537356 
8.376987356 4.386979224 
8.140281263 5.225760043 
8.15175662 4.630576406 
8.409385068 4.648280913 
8.359999199 5.005320393 
8.209632216 4.525682522 
8.225068797 4.218936915 
8.31867759 4.388337876 
8.242060327 4.807482183 
8.370593915 4.42180172 
8.34134651 4.283460589 
8.266300631 4.965035829 
8.218697369 4.525759514 
8.189548282 4.476397883 
8.28021548 4.269683955 
8.324476046 4.369343114 
8.282735796 4.889059625 
8.207756786 5.43464373 
8.296557256 4.983062269 
8.171321439 4.386751402 
8.184520213 5.381610956 
8.320927578 5.02529721 
8.32878851 4.550194818 
8.407762582 4.562498698 
8.40550171 4.423150387 
8.185871148 4.614329839 
8.271715713 4.434339995 
8.330421239 3.978652283 
8.267862538 4.058080264 
8.469567865 3.66330841 
8.893216972 3.668242152 
8.228165713 3.829629842 
9.124990422 3.691406074 
8.410493996 3.981776397 
9.204470937 3.745705132 
8.107839309 3.838520472 
8.230648091 3.854603092 
8.249833503 3.993331051 
8.780909579 3.943211821 
8.36955512 4.0497991 
8.145191509 3.853497641 
8.128206972 3.97322284 
8.486328739 3.832963922 
8.36097562 4.026059431 
9.232546392 3.748388343 
8.999608142 3.857515082 
8.428598265 3.724746639 
9.153002225 3.795141474 
8.438436611 4.011465722 
9.069267423 3.820837309 
9.049470215 3.664371759 
8.762239971 3.687337029 
8.550468427 3.612347474 
8.527530388 3.734388495 
8.439978299 3.62569295 
8.265770399 3.728599342 
8.478212881 3.984125943 
8.694658033 3.776125736 
8.25484025 3.963393675 
8.112667779 4.062244485 
9.088398883 3.693857083 
8.761587326 3.865402848 
8.759071767 3.877202382 
8.160668465 3.940015438 
8.268697739 3.791985764 
8.655213117 3.918339489 
8.420425777 3.72047712 
8.099113568 4.006304596 
8.982735971 3.813895487 
8.446517541 3.746171512 
8.359687073 3.644063528 
8.311503399 4.025110819 
8.237813954 4.014423996 
8.593348873 3.651595661 
8.320840255 3.987935757 
8.164900232 4.048348153 
8.441421102 3.731922234 
8.266657899 3.914220469 
8.961161445 3.856327921 
8.171993558 4.027485411 
8.509692222 3.745717098 
9.045738265 3.81659513 
8.451990146 3.7960872 
9.088537335 3.672970978 
8.304364004 3.818474889 
8.477923714 3.60609403 
8.298286927 3.674555799 
8.31981012 3.974154836 
8.80054784 3.730766519 
8.258823876 3.960800819 
8.882657544 3.814566726 
9.230634411 3.782997818 
8.816334523 3.694666182 
8.239775802 4.103362715 
8.631712887 3.940822487 
8.178196885 4.054711343 
8.136955062 3.964096872 
8.09517932 5.302725333 
8.104188671 4.721125455 
8.090620291 5.515006753 
8.046709181 5.388322922 
8.104401259 4.496701951 
8.080929685 5.223217751 
8.129247232 5.003298012 
8.100194523 5.314005151 
8.067837137 5.430674418 
8.111234143 4.191466371 
8.117700249 4.559103392 
8.0881658 5.097448413 
8.06548491 4.876717677 
8.106184134 5.229927539 
8.04910998 5.287912634 
8.064795219 4.987026658 
8.142560411 4.147953444 
8.068561747 4.811956961 
8.049839681 5.260154882 
8.103530889 5.335856454 
8.049043878 5.105306232 
8.138849932 4.480142607 
8.084972632 4.502922347 
8.124584163 4.604034119 
8.04784014 5.641655044 
8.095469774 5.080951813 
8.058898833 4.678832299 
8.111602391 4.092062423 
8.098624825 5.320869591 
8.087264456 4.914545165 
8.051429723 5.482192384 
8.096090859 4.143524199 
8.090973034 5.286983533 
8.045456448 5.463649015 
8.13864092 4.752510481 
8.074051215 4.426600027 
8.055126789 5.295838668 
8.058105268 4.776349697 
8.131175931 4.490570499 
8.148555683 4.368009019 
8.062326153 4.919179434 
8.084420954 4.251416888 
8.082751952 4.933441751 
8.068843785 5.212112669 
8.01730348 4.754577352 
8.028951333 5.221389457 
8.010210781 5.21598668 
8.052457752 4.178410928 
8.05866828 4.428248714 
8.021317201 4.180749228 
8.030452119 5.174047626 
8.022224037 5.545782397 
8.038800604 5.219796807 
8.043106749 4.37090614 
8.047574435 4.297490695 
8.027740942 4.47025551 
8.03324509 4.374385872 
8.027412298 4.80756089 
8.032825314 4.286382086 
8.027879112 4.034636724 
8.029617225 5.476774868 
8.031677176 5.589511912 
8.022035717 5.22427838 
8.033939633 4.231637979 
8.067757119 3.92877272 
8.040369324 3.995269411 
8.05547007 3.937792144 
8.027153519 4.007452213 
8.005513047 4.555839892 
8.00302436 4.895562865 
8.01257832 4.381154646 
7.99901634 4.609965387 
8.008428977 5.153006596 
8.017992716 4.345939117 
7.998646381 5.055432052 
7.990001058 5.566165464 
8.00411359 4.973320038 
8.013972124 3.914675903 
8.019964272 3.941748534 
7.991479028 4.591797026 
7.996197013 4.558460472 
7.997534815 4.412200084 
7.991806623 4.074015875 
