6.66569055 2.601685331 
7.522206761 2.167503152 
7.609726731 2.336146177 
7.218225124 2.159464426 
7.554026727 2.023842211 
7.223869067 1.754832751 
7.192868275 3.392847841 
7.707032003 2.320549832 
7.671738759 2.363809678 
7.091137542 3.064884073 
7.024711313 3.005693782 
7.677045652 2.342360729 
7.606047205 1.907339387 
7.379248503 2.114648749 
7.42588333 1.346482937 
7.641741785 2.501629901 
7.377109352 2.149355758 
7.549677443 2.493077491 
7.656567353 2.108466967 
7.362332617 2.847045819 
7.679009235 2.146775682 
7.598866811 2.388842735 
7.169187007 1.575894433 
7.472043794 2.595603831 
7.39565273 3.497322108 
7.656530321 2.375438593 
7.44960692 2.51087917 
6.723860648 3.026233253 
6.911543215 2.072148096 
7.579475091 2.003308198 
7.446738234 2.158882342 
7.074496382 2.119357879 
7.145442224 2.770379617 
7.789580329 3.081729419 
7.010288863 1.786438054 
7.448551202 1.895809398 
7.729008681 2.414843748 
7.733423048 3.395094529 
7.040673696 2.270080938 
7.028431938 3.175962775 
7.781004881 2.71864682 
7.334139173 2.136697536 
7.25507716 2.666764429 
7.63332755 2.422447354 
7.320397951 1.559054612 
7.703149968 2.378363998 
7.373880679 2.269423054 
7.678767225 2.522195434 
7.676613614 2.367098591 
7.632422074 2.331023586 
7.449842264 2.064761066 
7.626583298 2.686361733 
7.667279073 2.307293235 
7.536297535 2.267019528 
7.033815786 2.282144987 
7.496537998 2.150643154 
7.278484264 2.679854896 
6.977742478 2.197186584 
6.963303367 2.488312609 
7.700644056 2.377759985 
7.043544532 2.056201548 
7.558210852 2.467896453 
7.180535735 2.578749234 
7.424827318 2.515341241 
6.755868282 2.836516568 
7.485776702 1.740915582 
7.530435763 3.068678063 
7.068989647 1.941255963 
7.252383448 2.006908934 
7.662062199 2.268389568 
7.462649169 2.817729719 
7.418615542 3.179584518 
7.505040466 2.167932791 
7.455764804 2.407386269 
7.541520903 2.549444397 
7.101075607 1.557848989 
7.730427896 2.326513964 
7.071224623 3.213267193 
7.190401068 1.968658678 
7.555918732 2.745093598 
7.19128751 2.661090857 
7.033144072 1.435894045 
7.470474993 2.395745434 
7.649451079 2.329840929 
7.236889253 1.945748988 
6.972451747 2.383886612 
7.312379976 3.401245693 
7.429922027 2.898853843 
7.758781505 2.265559354 
7.67023702 1.513168866 
7.41277712 1.921610285 
6.701526836 2.909880697 
7.743300793 2.316371443 
7.436328591 1.617451932 
7.155383984 1.841771648 
6.662739324 2.527281598 
7.701669027 2.448051941 
7.159821733 2.891840571 
7.144294186 1.97448032 
7.635117256 2.234003015 
7.460796654 3.146023161 
7.702063509 2.37437547 
7.318110644 2.635584633 
7.134101696 2.901861415 
7.71182246 2.509253747 
7.299791955 2.817458449 
7.470449028 1.962518151 
7.385310094 1.602591437 
7.722939461 2.287780354 
6.994192213 2.325083062 
7.230133308 1.793089717 
7.48509338 3.059247322 
7.688234422 2.951555551 
7.870889674 3.426475823 
7.647328854 2.476742154 
7.007618391 1.561490001 
7.228313505 2.176776238 
7.778468241 2.423637887 
6.611903963 2.218640895 
7.190640846 2.354294888 
7.594750793 2.665133664 
7.48274294 3.140250241 
7.721324204 2.356654661 
6.925830091 2.557161641 
6.968046091 1.906729799 
7.610225711 2.425212666 
7.303941057 2.454547063 
6.947531708 2.100087531 
7.656287097 2.403432052 
7.541644833 1.370135256 
7.179408299 3.325701522 
7.559293644 2.563176652 
7.685601543 1.693025069 
7.603577718 2.706236782 
7.58142157 3.357812813 
7.275608458 2.19224527 
6.573636011 2.68723902 
7.360802404 3.022414247 
7.162259079 2.38143356 
7.677494105 2.675645317 
6.867063413 2.080017947 
7.82326242 3.332777176 
6.601263532 2.086504102 
7.663902413 3.350703589 
6.684466702 1.811459589 
7.714004245 2.584506785 
7.526932199 2.51400573 
7.296823606 1.691046313 
7.697757476 2.504023802 
7.654146408 2.478721691 
6.791282004 2.324601206 
7.70540407 2.328863007 
6.927520245 3.244248597 
6.935469719 2.382038949 
7.202632542 1.371050672 
7.668607049 2.369815279 
7.674687203 2.382086672 
7.420356575 2.721096324 
7.542067607 1.652503771 
7.425192225 2.548329993 
6.931286979 2.391098064 
7.543566912 3.3472551 
7.481349096 2.444384355 
6.780890408 1.911708327 
7.137761225 3.038940382 
7.200946999 1.916602999 
6.659088995 2.044318993 
7.6410693 2.826525797 
7.736350148 2.373767149 
7.079539045 3.245703334 
7.584903092 2.544430793 
7.068879515 2.254137954 
7.722042952 3.044373086 
7.552112421 1.880899101 
7.671613369 3.312063285 
7.724722917 2.297567962 
7.283963719 3.059090346 
7.642776695 2.771901154 
7.525232396 2.447122991 
7.467888861 2.222920229 
7.095371238 2.206324651 
7.240547766 2.051737898 
7.284494585 2.122654032 
7.578863521 1.636225543 
7.039340016 1.980602803 
7.447605382 1.892149801 
6.992119276 1.881675687 
6.957246414 1.663389023 
7.086823966 2.015023294 
7.687806113 2.381746837 
7.50084027 2.364754331 
7.700798338 2.202492596 
7.683949523 2.361063738 
7.113377859 1.646342008 
7.724301914 2.336324803 
7.615044623 2.6812573 
7.639250343 2.277555704 
7.364402677 2.256910165 
7.658915753 2.431799682 
7.477641407 2.982629506 
7.571139561 2.249162116 
6.877363843 2.099207109 
7.689341439 2.369777828 
7.61338865 2.489654519 
7.655238791 2.117080645 
7.687822322 2.357603583 
7.627849652 2.203569133 
7.004290827 2.529483945 
7.302234111 2.164339279 
7.488689218 2.293574181 
7.716672823 2.19241429 
6.720010626 1.854431693 
7.51394061 3.472535267 
7.288861936 1.288186684 
6.623775358 2.441975881 
7.330662082 2.429586429 
7.38622203 2.415065973 
7.698771283 2.307391208 
7.629901726 2.349752932 
7.664751652 2.390668366 
7.671135317 2.404375495 
6.975192544 1.804306528 
7.50364858 2.454065099 
7.518824504 2.886147549 
7.198175821 2.807880129 
7.661885023 2.37286701 
7.466333696 2.397497264 
6.747905425 2.755402932 
7.393829622 2.696854137 
7.465904954 2.52163854 
7.583534541 2.092006585 
7.547055459 2.813891644 
7.042107001 2.175084061 
7.603623564 1.913876197 
7.00443343 2.188662899 
7.074013038 1.692122682 
7.059839664 2.034695763 
7.473812725 2.460682542 
7.058586281 3.200356667 
7.525271068 2.412744181 
7.083719804 3.175275556 
7.472588673 1.576123627 
7.754107124 2.272741867 
7.724542523 2.572956859 
7.250403485 2.678781123 
7.384134576 2.468602157 
7.554245555 2.459271909 
6.92700227 2.017480735 
7.320130039 1.796331446 
7.489850889 2.508980869 
6.992749527 2.81737963 
7.114606397 2.911972646 
7.207209328 2.692195645 
7.642697902 2.135976517 
7.343012123 2.446697291 
7.546922873 2.094712061 
7.655581164 2.921597876 
7.294481801 1.863711683 
7.62115472 2.613745488 
7.875830693 3.347130558 
7.60776657 2.425731099 
7.699556291 2.394699962 
7.463292439 1.867243659 
7.42499137 3.020853213 
7.34932163 2.868826092 
7.566931553 2.445661335 
7.302735277 2.66591479 
7.568588811 2.398546641 
7.206141779 2.653793283 
7.408083581 2.00912593 
7.748760052 2.42265672 
6.593555835 2.419084352 
6.804879946 1.981726949 
7.121074908 2.444805676 
7.201260869 2.42236067 
7.436466729 2.155806951 
6.664459306 2.706113331 
7.566263908 2.244898498 
7.606981068 2.30557202 
7.239875844 1.77863642 
7.103827139 1.65800074 
7.406039362 2.403788881 
7.301269605 2.754713491 
6.992076087 2.11000658 
6.802903778 3.012275856 
7.69437631 2.350967805 
6.944630321 3.065795107 
6.843303531 2.476948166 
7.475393263 1.723530334 
7.382637668 3.314940028 
7.037272303 3.280965281 
7.465864998 3.208226656 
6.810658995 2.979013314 
7.646593873 2.409035779 
7.207291838 2.395104778 
7.653381694 2.225566955 
7.535505079 2.229818566 
6.985308099 3.245647114 
7.610280834 2.229020505 
7.638784645 2.354704367 
6.66768946 1.809091758 
6.967403499 1.618649814 
7.686109905 2.317788975 
7.468416306 2.331856733 
7.689600741 2.353711508 
7.692024678 2.376302455 
6.751473944 2.620374453 
7.441820203 2.212954781 
7.363684934 2.664532121 
6.824956333 2.51766722 
6.979968471 2.922491838 
7.464645933 2.586890591 
7.684889674 2.373724977 
7.430670656 2.713857829 
6.94702818 1.868055659 
7.623746416 2.401374948 
7.772766228 2.990154039 
6.934148988 2.031644919 
7.740415028 2.20041186 
7.301772111 1.698119623 
7.758909142 2.339696215 
7.566560026 2.718266332 
7.007834553 2.857425854 
6.814999015 2.569370862 
7.715959352 2.405984215 
7.659860289 2.348302298 
7.337400974 2.467440756 
7.10057086 2.78846371 
6.842639377 2.897125301 
6.861919749 2.429407412 
7.707953057 2.318543113 
7.682229883 2.361773718 
7.518517882 3.32232422 
7.67888631 2.57948717 
7.539513583 3.376325799 
7.105258084 2.552989806 
7.491625962 2.882566104 
7.676567073 2.32584982 
7.625615242 2.455159085 
7.736396599 3.132968472 
7.576630521 2.519526327 
6.611481205 2.506667891 
7.33625327 1.987883675 
7.824691727 2.963839361 
7.012888299 2.63939162 
6.986070885 2.291810863 
7.043200024 2.001273349 
7.460258429 2.737543484 
7.687262504 1.733523798 
7.467712436 2.321988121 
7.620528625 2.389265832 
6.949273114 1.569473254 
6.689535504 2.244342333 
7.418520419 2.037135264 
7.530363605 2.791403447 
7.688855394 2.373212068 
7.693239447 2.316838147 
7.326039196 2.743609882 
6.928525582 1.534299343 
6.700063962 2.379418795 
7.073488254 1.807185008 
7.684635113 2.36636549 
7.457966999 2.247061577 
7.577104219 2.665713904 
7.654375541 2.355692869 
7.783935803 2.550045854 
7.374338637 1.496790242 
7.67857839 2.36202632 
7.346941939 2.589136281 
7.543596563 2.948433818 
7.070623888 1.461472174 
7.199809361 1.707605617 
7.73777985 2.413531527 
6.691602445 2.917801432 
6.940436709 2.491709994 
6.976193487 2.66457646 
7.147524013 2.847836558 
7.552489384 1.946304543 
7.320878176 1.995388437 
6.78308175 2.529373512 
7.31908879 3.296817241 
7.212510475 1.781448334 
6.779932623 2.579103148 
7.512238906 2.641824012 
7.420846531 2.559098915 
7.642079843 2.237685984 
7.124602036 2.091195979 
6.723792836 2.658108697 
6.915239781 1.722493456 
7.594852673 1.765538341 
7.533049578 1.944871538 
7.018854688 1.731732323 
6.830892619 2.296907555 
7.248187126 1.822688362 
7.677268303 2.371662163 
7.173467354 3.11413282 
7.097201704 2.301870574 
6.864523217 3.161304915 
7.714696034 1.978232916 
7.633375725 1.793961525 
7.682229566 2.362359943 
7.439643329 2.437342399 
7.088511678 1.725168606 
7.518351827 2.180863579 
7.57690431 2.217643291 
7.625107351 2.473548921 
7.660511195 2.630771005 
6.658122042 2.014467232 
6.905429748 1.72452224 
7.087508405 2.70155123 
7.731447182 2.269240687 
6.840792058 3.050816238 
7.683823529 2.35441283 
7.165746237 2.577690988 
6.630710116 2.215243876 
6.729433266 2.933778771 
6.883501795 2.256687901 
7.513424407 2.596004891 
7.621501517 2.103626875 
6.642453695 2.637099489 
7.772893265 3.063658585 
7.547414228 2.257803472 
6.967602093 3.090619951 
7.363749454 2.297218608 
7.630902339 2.392465251 
7.738832718 2.322292277 
7.335178493 2.04885252 
7.122183384 2.881604277 
7.622506763 2.86539351 
7.666058955 1.518910709 
7.170256186 1.858574122 
7.696279388 2.279398946 
7.749579775 2.537440795 
7.488842578 3.351688914 
7.480986275 3.200412013 
7.524233251 1.717138052 
7.238045021 2.248770665 
7.451165503 2.13295478 
6.917702309 2.065148421 
7.580083699 2.376619137 
7.571541337 2.867685341 
7.348774307 2.142184821 
7.680374794 2.456869908 
7.452060308 1.887931654 
7.108104461 2.521345664 
7.116612316 3.096744676 
7.258219832 2.978262778 
7.658546892 2.51368751 
6.809467981 2.5957359 
7.404327522 3.501550203 
6.867356236 3.056288638 
7.566089104 1.867020997 
7.356191712 2.885910786 
7.682850558 2.162680054 
7.680105157 2.363069701 
7.306315518 1.935486672 
7.192914692 2.771283694 
7.679578513 2.455751565 
7.540537788 2.504842279 
6.593829153 2.151006702 
7.58204791 2.599669622 
7.291002513 3.299609451 
6.977489172 1.888456476 
7.500003201 2.411937988 
7.654739207 2.638450785 
6.748120494 2.890224452 
7.498860889 3.361182098 
7.639511672 2.407850702 
7.568578251 3.371842233 
7.381119114 1.734260098 
7.636804723 2.483699314 
7.460708738 1.960327645 
6.660599903 2.558587536 
7.59681372 2.309533484 
7.655020658 2.39757206 
7.071730105 1.810436599 
7.61020788 2.936735277 
7.622515373 1.622940054 
7.471196084 2.148673576 
7.089887547 1.850661228 
7.599215135 2.398617715 
7.161328958 3.37840107 
7.37178358 1.743775778 
7.273062209 1.406518105 
7.458471926 2.161166935 
7.770560994 2.459658566 
7.698140347 2.337172806 
7.299558994 2.724225833 
7.663168697 2.34679628 
7.744160097 2.188590544 
7.603281933 1.784429436 
7.389877342 2.574090455 
6.954672651 3.281949683 
7.706849491 2.349375724 
7.437633708 2.936353541 
7.204583565 2.660157537 
7.588789299 2.333950414 
7.348467899 3.217959803 
7.792997699 2.572315942 
7.634612136 2.114430879 
7.728021255 2.41920534 
7.013879671 3.051071347 
7.588154278 1.783301522 
6.970440443 2.07032112 
7.38614951 2.489279715 
7.769654638 2.66101672 
7.640402371 2.365561779 
6.606053352 2.304011397 
7.46944982 1.974009718 
7.412106193 2.506732656 
7.313086037 3.42392227 
7.370967493 2.709394537 
7.5902416 2.518860481 
7.533132442 2.574590822 
7.687188625 2.242789587 
6.518480567 2.524932776 
7.713034573 2.674144166 
7.485834898 1.879977079 
7.301030196 1.411599691 
7.494508199 2.315490672 
7.577689272 2.033440967 
6.776920968 2.732310236 
7.037683905 2.663053202 
7.653005381 2.316884105 
7.411385578 1.439549462 
7.440618281 1.990141209 
7.457715659 2.028888828 
7.408160336 2.418726443 
7.497736346 3.080585792 
7.424990749 2.044168349 
7.660652127 2.588992269 
7.56295839 2.418595787 
7.746384855 2.381850464 
7.538757491 3.392512628 
6.889866054 1.884535105 
7.648830708 2.34749723 
7.451493959 2.176099879 
7.18721031 2.383596332 
7.572850478 2.380020384 
6.614607655 2.482663592 
7.526609964 2.121304883 
7.655389475 2.301855187 
7.493328485 2.55101072 
7.786930132 3.09983213 
6.812498203 2.095920075 
7.658244424 2.334837282 
7.749336917 2.801430191 
6.932212099 1.654704594 
7.65512103 3.036984466 
7.296548793 1.337644822 
7.181272634 3.309689202 
7.489262771 2.38988274 
7.263810135 2.385685429 
7.588198853 2.409856608 
7.560017109 1.881210139 
7.606076807 2.189879165 
7.169319223 2.959726557 
7.222651624 3.237766019 
7.667177363 2.387618805 
6.556350335 2.325923695 
7.322457676 1.658843725 
7.611510264 2.433591714 
7.173157167 2.439214292 
6.75406995 3.074873954 
7.746464601 2.998095831 
7.012506748 2.14918368 
7.294887481 2.504374847 
7.611876656 1.981696639 
7.723612584 2.464728734 
6.969216062 2.61168607 
6.681818824 2.861803999 
7.269079731 2.093936619 
7.467296904 2.73319972 
7.442047772 1.972467982 
7.67062329 1.787755079 
6.638143599 2.83740028 
7.570058886 2.942378509 
7.669379284 2.285426001 
7.323839458 2.104853943 
7.157822811 1.647246834 
7.08797063 1.608218763 
7.524283386 2.874184189 
7.743912024 3.156551456 
7.681047572 2.36381555 
7.002770049 2.317300637 
7.691104463 2.392696362 
7.082609004 1.368358489 
6.95192532 1.705008803 
7.75293422 3.197646902 
7.455890088 3.241606156 
7.19462747 2.223823104 
7.137695353 1.796800812 
6.829722178 3.147922512 
7.591596046 1.201217781 
7.233324713 2.222423747 
7.325160655 2.441565245 
7.687741912 2.347650964 
7.85713751 3.430867194 
7.691196396 2.253965256 
7.733843306 2.400660012 
7.567605877 3.455840007 
6.999461316 1.793725384 
7.698839122 2.380221921 
7.565990722 2.131065837 
7.474453571 2.044579796 
7.255992156 2.773854767 
5.061305127 2.533825592 
6.296357598 2.741319042 
7.897764678 2.239073927 
8.340679731 2.861793284 
7.824338246 2.482307344 
8.088263436 2.640194419 
7.914031452 2.30184572 
7.875197179 2.553655147 
7.899182057 1.904233175 
7.930494982 3.115041112 
8.04766 2.405382597 
7.909361087 2.785414844 
8.157892041 2.76360808 
7.81863756 2.235257383 
8.072641804 2.781613561 
7.891334734 3.075795794 
7.962762499 2.586897062 
8.24450149 2.627410985 
7.81290456 2.471084934 
8.31438312 2.74920251 
7.763553065 1.899247099 
7.83899663 2.422437079 
7.845111638 1.991675599 
7.875273608 2.445756794 
7.851248779 2.171885258 
7.90992734 2.158334329 
8.055068583 2.751774386 
7.75824046 2.00955521 
7.953604341 2.490621083 
7.973933848 2.089371192 
7.987627706 2.370136697 
7.831086843 2.577431144 
8.220840125 2.802390536 
7.984508717 2.112854114 
8.192103868 3.335812148 
7.971052671 2.456480382 
8.015223249 2.266054146 
8.068936401 2.84241948 
7.99585023 2.590624167 
8.09006037 2.767149396 
7.974555304 1.827383014 
7.851854572 2.196775665 
7.879591355 2.070746683 
7.84701536 2.458691698 
8.284950097 3.25578955 
7.934734312 2.520056735 
7.871157215 2.675722879 
7.715519545 1.275788021 
8.080248556 2.544176364 
7.867882038 2.100634807 
8.035697979 1.934251767 
7.904964417 2.104854842 
8.097076246 1.997172071 
7.755943674 2.070157114 
7.857534004 1.896799719 
8.124247388 2.676198561 
7.999905461 2.818198213 
8.210654634 2.642435936 
8.165461787 3.067135908 
7.998810249 1.898039268 
7.941971211 1.496780751 
8.036365171 2.21113983 
7.920434061 3.297794945 
8.207520654 3.017241936 
7.854636868 2.180160074 
7.969593976 1.893752912 
7.864798555 2.543743703 
8.045837284 2.625756815 
8.274393235 3.11057314 
8.000159018 2.60680357 
8.199400111 2.338274183 
7.835736805 2.587447554 
7.800294902 2.058532155 
7.824510194 2.154264434 
8.270565394 2.962149346 
7.854042411 1.353970248 
7.967989801 2.09315965 
7.996259848 2.291206994 
7.809566415 2.453365827 
8.144853337 2.334337507 
8.148594055 2.375714039 
7.878471922 2.947712577 
8.283876002 2.780615965 
8.08145015 2.116254269 
8.217161889 2.45200369 
8.38177258 3.039365139 
7.871748543 2.272126157 
7.949646062 3.023915142 
8.263759891 2.797611134 
7.776895856 1.652778823 
7.799286079 2.256120847 
7.955159438 2.63713274 
7.790729944 1.42770818 
7.869933598 2.628746735 
7.857312019 2.13493367 
8.321468197 2.851571887 
7.891708188 2.737548072 
8.074656665 2.424531545 
8.012468791 3.102869109 
7.788151247 1.312811608 
7.76325355 1.47075386 
8.035983794 2.206705005 
8.170421246 2.581735911 
8.416676882 3.207451776 
7.88225855 2.179294902 
7.871873505 1.809127605 
8.244683421 3.174487461 
8.149894868 2.889593153 
7.777848778 2.262138254 
8.320690561 2.737051137 
8.10539034 3.098980753 
8.065212941 2.310771576 
8.006302767 3.009896522 
8.145133607 2.531432822 
8.185196855 2.911400951 
8.210275116 3.392756994 
8.098048231 2.09542367 
7.831286675 2.22262447 
8.023988745 2.712160657 
7.81210809 1.4917631 
7.804998844 2.195209605 
7.813501511 2.69517769 
7.805175969 2.327262513 
7.887933634 2.610636073 
7.85626375 2.567670181 
8.29567884 2.958061767 
7.912900743 2.286462492 
7.960265892 2.166541851 
8.106455033 2.797390482 
7.936544633 2.158324936 
8.241858146 3.25071811 
7.840135765 2.424858197 
7.992189288 1.851158135 
8.095526721 2.199354399 
8.040634397 2.450622049 
7.881560244 2.595923119 
8.082578567 3.059800541 
7.851037068 2.386360642 
7.710791868 1.682744802 
7.9991231 2.442115944 
8.159546548 2.64637913 
8.098961463 3.395226357 
8.416853088 3.043267836 
8.120480897 3.333591069 
7.945272702 2.241720807 
8.061343464 2.519802104 
7.951686066 2.567416948 
7.8538585 2.07035218 
7.832764307 1.408735097 
8.302129848 2.974923801 
7.910005405 2.16085874 
7.818938732 2.175328597 
7.88642872 2.078016359 
8.109607658 2.053634589 
8.103641706 2.728652559 
7.844952696 1.663884285 
8.030523025 2.18177773 
7.83671287 2.308385621 
8.211797472 3.007401206 
8.253032626 2.826670155 
7.904814217 2.813174233 
7.906236842 1.765306391 
7.79898044 2.23247596 
7.857378556 2.177157713 
8.197854388 2.931258269 
8.030403439 1.928246362 
8.095861081 3.389521064 
7.823487948 2.335685706 
7.964326911 2.030967642 
7.759172968 1.545028469 
8.034633865 2.605618632 
7.954801926 2.589965217 
7.878703216 2.701992473 
7.872758059 2.300568553 
7.894605831 3.037615226 
7.959292631 2.101954557 
8.367833895 2.923448606 
8.112664159 2.641062468 
7.950121148 2.587800614 
8.061786069 2.011922572 
7.748015934 2.150282256 
7.799776123 2.081547206 
7.885127303 3.254210811 
7.864117116 2.219003812 
7.794153106 1.899570061 
7.741081492 1.895085835 
7.903494357 3.165255379 
8.182552064 2.965238509 
7.781756653 1.937688139 
7.859733635 1.666217059 
8.371180493 3.182557436 
7.854616172 2.696306875 
8.127091922 2.263398113 
7.755976717 1.90501149 
7.715775903 1.484196768 
8.032088488 2.659742976 
7.755316237 2.056236852 
8.034690062 2.083945304 
7.88118581 2.261665907 
8.339061957 3.047581804 
7.891303725 2.621540009 
8.072416321 2.809173687 
7.85382977 2.721588935 
7.8910842 2.004285809 
7.863022408 2.518811739 
8.364477378 3.148719863 
7.787838319 2.158788889 
8.112082549 3.153680246 
7.899695869 2.285049907 
7.827917096 2.511892998 
7.967046221 2.237472318 
8.174999797 3.241657584 
8.066342202 2.098554419 
8.108614435 2.422069725 
7.966217014 2.528681207 
8.058523838 3.344273104 
7.890646135 1.42396953 
8.027963955 2.278024747 
7.902114117 2.73646656 
8.101338721 2.350609429 
7.952510265 1.823899211 
7.942718093 2.939328068 
7.857124729 1.657331904 
7.79759669 1.5145402 
7.813983454 2.619759166 
7.74291953 1.58562938 
7.886033671 2.550202603 
8.118115884 2.419445948 
7.832877643 1.716422236 
8.013778554 1.81658043 
8.044059833 3.197213575 
7.900491164 2.146252082 
8.085264172 2.011308472 
8.093790304 2.903169326 
8.242458026 3.321454205 
8.309542882 3.1132293 
7.899578068 2.142660642 
8.183717789 1.796898641 
8.469836698 2.405011343 
8.382866795 2.278235641 
8.188002321 1.69480019 
8.280725479 2.063470567 
8.317400382 2.256539966 
8.366772341 2.282513675 
8.411356822 2.178068885 
8.235023712 2.011851335 
8.202149051 1.94040454 
8.403758763 2.166678903 
8.453979765 2.648701094 
8.464940429 3.142944967 
8.414608139 2.923573611 
8.585919075 3.020880488 
8.09447981 1.976922235 
8.238172591 1.869390723 
8.157541806 1.641863768 
8.488522391 3.10364108 
8.359149932 2.093076825 
7.960026948 1.437024323 
8.153181687 1.552938205 
8.284058963 1.884273112 
8.410786249 2.98741264 
8.282543918 1.933341699 
8.390142672 2.840314323 
8.270483422 2.538182097 
8.109330739 1.701653307 
8.14501241 1.691884632 
8.233518265 2.210272653 
8.172215957 1.876369205 
8.451250518 3.058992044 
8.0756109 1.710870992 
8.488826212 2.581109149 
7.982057321 1.255859577 
8.401978498 2.814047973 
8.657875129 2.95474893 
8.40904812 2.951731693 
8.616561368 2.856349113 
8.184771891 2.101151246 
8.350161798 2.477612118 
8.349176938 2.576274153 
8.336361378 2.349287467 
8.086351604 1.560245196 
8.349947569 2.417552882 
7.89599511 1.250636644 
8.366327859 2.778193153 
8.258856962 2.024979807 
8.184089575 1.88309607 
8.204191637 1.77072208 
8.493841402 2.797192581 
8.215129528 2.201518992 
8.354117198 2.069583403 
8.324215851 2.535016058 
8.557319749 2.810684239 
8.218091481 2.382865928 
8.264594989 1.995728601 
8.515358829 2.657323292 
8.510130227 3.126720027 
8.548535514 3.07464435 
8.470151052 3.025954703 
8.181349809 1.977935321 
8.314869447 2.54888904 
8.496471513 2.524093473 
7.934368805 1.278222816 
8.109713008 1.504861608 
8.562575845 2.969445767 
8.272144936 2.242039389 
8.181033671 2.066314683 
8.43823196 2.597619538 
8.399721 2.348969563 
8.117888702 1.783286841 
8.664754226 2.851170939 
8.134247029 1.944589978 
8.176643072 2.070296039 
8.149669611 1.69763595 
8.184392945 1.991573497 
8.371092064 2.064635199 
8.233074861 1.71700461 
8.202985454 2.028629987 
8.429567518 2.853192147 
8.643766377 2.910766188 
8.325216331 2.251843777 
8.168114394 1.656228245 
8.046967003 1.269702847 
8.285966055 2.360337044 
8.25994248 2.114705611 
8.280193991 2.186534553 
8.493330402 2.472999077 
8.611376457 3.065513639 
8.160901153 2.068506995 
8.388260434 2.380016423 
8.190693237 2.064546645 
8.278724638 2.259743651 
8.288564946 2.547197233 
8.133048489 1.965566285 
8.270294861 2.41952585 
8.380635828 2.817526617 
7.998986473 1.529092541 
8.284331903 2.040903051 
8.323518071 2.64005039 
8.501242684 2.973397038 
8.216481007 1.611930952 
8.653371718 2.592499717 
8.556552917 2.52267432 
8.211706928 1.585066356 
8.280305409 1.711383859 
8.219424143 1.476623675 
8.443403778 2.019059337 
8.625344278 2.485734893 
8.259470154 1.590386468 
8.600458775 2.564848899 
8.351427929 1.92309442 
8.586040658 2.432986762 
8.506413302 2.263224791 
8.521659951 2.23553911 
8.200140206 1.542211857 
8.26982689 1.779385634 
8.512743817 2.295302978 
8.460967526 2.09260136 
8.651053057 2.653952172 
8.254626407 1.6053511 
8.381349111 1.886148439 
8.230941716 1.444126367 
8.237176766 1.685619624 
8.500337078 2.29332301 
8.260817573 1.554005238 
8.204955556 1.596989762 
8.363197283 1.96430097 
8.609548865 2.443218386 
8.712842927 2.711574678 
8.597515946 2.500118225 
8.204912079 1.477783913 
8.654134636 2.751090058 
8.363686415 1.781390728 
8.551106531 2.278858109 
8.379163481 1.920522618 
8.301102716 1.814708472 
8.252875982 1.522116445 
8.241513923 1.577179722 
8.679843023 2.705617248 
8.695332297 2.813091564 
8.26571375 1.596332476 
8.692570173 2.853962713 
8.310594475 1.629537992 
8.289785949 1.481997356 
8.516887157 2.140124198 
8.296383741 1.571287998 
8.555318929 2.192843689 
8.37075651 1.713415889 
8.558037037 2.252855963 
8.606631727 2.322199827 
8.654304126 2.489214645 
8.235583751 1.370740637 
8.747022851 2.662316831 
8.514271515 2.118401296 
8.375676154 1.750034917 
8.500769691 2.044073107 
8.417115065 1.885645813 
8.417566429 1.770494424 
8.26649377 1.414178645 
8.655550224 2.395703112 
8.740044013 2.613596874 
8.564866424 2.176148935 
8.710047071 2.53801606 
8.33341988 1.571571163 
8.415342534 1.780285262 
8.285451076 1.468318391 
8.609812924 2.27578897 
8.250022114 1.338041807 
8.557902419 2.158802837 
8.330149216 1.527945147 
8.6161299 2.28449091 
8.468049493 1.880752877 
8.470333318 1.900753208 
8.327183765 1.512756022 
8.627152438 2.279117356 
