3.8925837 0.1671491356 
5.191153726 0.8583397362 
4.571509523 1.82203423 
4.721811266 1.29981039 
4.008685007 1.059129899 
3.895693349 1.116114874 
5.013577189 1.237752076 
4.638337994 1.803702251 
4.532634918 1.612133334 
5.07245538 1.653448786 
4.832912101 0.9491804595 
5.491000057 1.843446203 
4.593211735 2.044310022 
4.466179501 1.442175357 
4.04545449 1.522811878 
5.259113508 2.097585921 
4.353089594 1.953714122 
4.065741908 2.471437881 
3.859505496 2.10853867 
5.295276518 1.205249278 
5.199601849 1.75602413 
4.581778774 1.806934379 
3.731682279 2.034249103 
4.548812033 2.17106738 
4.337125071 1.668995336 
4.503597536 1.599948642 
4.32761653 1.402240273 
5.519750959 1.150921727 
4.339625917 1.312107158 
4.784301957 1.535125873 
4.352115543 1.506214442 
4.660438235 1.09774832 
4.024732788 2.546882508 
5.433129456 2.013286756 
4.859475076 2.379923986 
4.229960532 1.001294337 
4.581218868 2.598713946 
3.474129926 1.057771096 
4.05293207 1.029342976 
4.346330506 1.401457639 
4.981698913 2.129004402 
4.333842997 2.544701204 
4.374273122 1.515000042 
5.009489738 0.8243332916 
4.708396802 0.84386486 
3.729928578 1.047512576 
3.722694625 0.8579241486 
5.107606414 2.134390696 
4.252935814 2.029480746 
3.749155301 1.227369286 
4.463225609 1.703559045 
4.043365724 1.369279144 
4.083457523 2.079018021 
4.506565675 1.510589255 
4.645895677 1.528235066 
5.512569863 1.534943133 
3.715807694 0.5725193623 
4.640173082 1.651052195 
4.502508026 1.166206047 
4.423829211 1.482709196 
4.006431993 0.471635129 
5.545284686 1.1356817 
5.278684416 1.955285015 
4.161482497 1.38774576 
4.487372024 1.10561152 
4.547670066 1.44681932 
5.387955399 1.525994913 
4.529788807 1.72541673 
4.812741072 2.465733261 
4.42315231 1.478821774 
5.355673126 1.158982119 
4.344807249 1.672845985 
4.030689545 2.480586211 
5.059940173 1.679481481 
4.434762836 0.4002701208 
4.634468317 2.087144318 
3.864429861 1.111491826 
3.940101179 1.823882421 
4.62170677 1.833158922 
5.504740739 1.696024435 
4.368639231 1.236036112 
4.341815277 1.845786968 
4.185524347 1.790404254 
4.386555657 0.4835333346 
4.328427819 1.448766083 
3.780147989 1.722948777 
4.615874476 1.543557421 
4.617170639 1.173493177 
3.889875387 1.750751661 
4.945974718 0.7445139475 
3.645857548 1.008332901 
4.409268727 1.525881618 
4.335361689 0.9297752259 
4.511664987 1.28273549 
4.282862027 0.8343801883 
4.380608021 1.465172134 
4.910606016 2.234912182 
3.973509419 1.125915534 
4.467996972 1.59009485 
4.550713618 1.584552948 
4.008245308 1.679884014 
4.745240162 1.061922465 
4.64942318 2.382158232 
5.260852442 2.053146991 
4.353607365 2.062057288 
5.396895887 1.431048697 
5.017945576 1.926009376 
4.430190424 1.486353136 
4.798614953 2.180944698 
4.770150809 0.5665542133 
5.356251024 0.916236778 
5.254035554 1.443953112 
4.434172501 1.236907124 
4.959165468 1.769005095 
5.242882282 2.284680636 
4.339102285 1.499153172 
5.161414633 2.251755828 
4.682396309 0.6250789541 
4.549535404 1.685058417 
4.209425419 2.102975926 
4.431983294 1.458018064 
4.940366674 1.25404903 
4.851245933 0.9136147019 
4.364791976 1.845113898 
4.240405665 1.610829182 
4.009861491 1.607523129 
4.249106514 1.561379809 
3.534075092 1.472569938 
4.182339718 0.9019822151 
4.035769948 1.933107882 
4.375560475 1.040866106 
4.378470214 1.516333895 
4.759142275 2.104403039 
5.049328556 0.9534625424 
4.581852673 1.299952672 
4.767502961 1.057477363 
4.665803402 1.664159725 
4.70315289 1.706799246 
4.113022719 0.4224154651 
3.839079543 0.860231898 
4.668033905 1.054093157 
4.510942402 1.260496404 
4.298479969 1.680196538 
3.469514903 2.020460028 
4.004255487 2.242208606 
4.519939026 0.3790258787 
4.838848314 2.045816118 
5.066367344 0.8147675194 
3.430942083 1.482792343 
4.685589072 0.3896881086 
4.06124147 0.9502278537 
3.592516663 1.038015448 
4.169699739 1.510784638 
4.69583194 1.559441706 
4.925833036 0.8534709172 
4.661264274 0.6605000997 
4.865426727 0.73678271 
3.958146107 1.643499874 
5.548685275 1.495617569 
4.669079704 0.9237959667 
4.226428668 1.625022948 
4.908484707 1.230917947 
4.808992842 0.5457195605 
4.464442328 1.548713421 
3.984012618 1.956253681 
4.793386086 1.148856471 
4.486849551 1.541658415 
4.75528581 1.258333202 
3.860195612 0.5287230117 
5.359951765 1.5737489 
4.330590553 1.603524778 
4.355205906 1.606766032 
3.403042567 1.884110344 
4.45348056 1.783199251 
4.473858281 0.9454960359 
4.485183969 1.368314729 
5.215565448 1.583675949 
4.390774474 1.992600115 
4.237820762 1.601694801 
5.018555913 2.119100301 
4.524385731 1.527371745 
5.058787866 2.459376926 
4.266778013 1.341505603 
5.020528908 1.426560752 
3.9065474 2.51930977 
4.747092064 2.364774214 
4.008649902 1.289278951 
4.708832593 1.297723413 
4.033751286 0.4273125404 
3.728646211 2.006940918 
4.934991443 1.91892659 
4.525852128 0.6164469519 
4.871930958 1.084976573 
3.481283237 1.23754389 
4.009953562 0.9446645549 
5.45700567 1.715748302 
4.998235747 1.879957461 
5.096414146 1.976637919 
4.768958675 1.922535482 
4.380480202 1.753301458 
3.903108004 2.207680369 
4.202689162 1.656185648 
4.634541204 1.254317392 
5.203121303 1.582298674 
3.932275426 2.189716158 
3.49509081 1.581036326 
4.667550931 1.291053424 
4.133931513 0.8458857364 
5.00280737 0.4706057404 
4.150121954 1.214651457 
5.143863754 0.6264753391 
5.210118607 0.7541826312 
4.787483366 1.326392069 
5.046989522 1.196055229 
4.888157101 1.557424588 
4.14880594 1.616395002 
4.959258576 1.420108872 
4.384113063 1.581642649 
4.490553319 1.30922716 
4.338488148 0.874828127 
5.54809737 1.36970783 
4.390963919 1.560399908 
3.571087845 2.202259661 
4.529775364 1.228902491 
4.03476249 1.23812826 
5.40680026 1.145187432 
4.594828807 1.296284985 
4.568009051 1.583459831 
4.370954016 0.8208787084 
4.467936539 1.328965054 
4.188253544 2.118887699 
5.013210761 0.6336363986 
3.869494999 1.194288224 
5.055670826 1.733244623 
5.446086615 1.259211408 
5.159801081 1.579854192 
4.270723735 1.327513922 
5.010493174 1.590132962 
3.747873361 1.826010111 
4.484813202 1.433533212 
4.635207271 1.813822596 
3.514202966 1.553047428 
4.740432095 1.911904769 
4.426127565 1.118511164 
4.486386823 1.397612168 
3.552334075 2.206585745 
4.361112891 1.507488497 
4.231252638 1.332343625 
4.575316265 2.048939493 
4.33543978 1.365552817 
4.862399072 1.04281366 
5.136526543 1.111919997 
4.767421789 1.890941395 
5.525321617 1.244423667 
3.905854978 2.537641553 
3.888181987 2.000759591 
4.492385608 1.480119908 
5.156684201 0.7604989196 
4.614437041 1.800544867 
4.588751237 1.661622572 
4.089800566 1.312723121 
5.358109447 0.8144441334 
4.582052064 1.521562285 
3.622793105 2.082635045 
5.102948979 1.650842703 
4.043856994 0.7985980185 
4.185150508 1.285047309 
4.77717366 0.8740028264 
4.45646054 2.145094828 
4.740509305 0.5929824332 
4.549246857 1.945750324 
4.17750443 1.043740935 
4.951362942 1.922547526 
4.011360547 1.70828506 
3.892855179 1.781886324 
3.925921939 1.756932461 
4.011792162 2.253367747 
5.036963604 0.8854834394 
4.440046857 1.528522085 
4.410615889 0.6211099473 
4.163166436 2.060577905 
3.41677851 1.978779059 
4.428797335 1.401222433 
4.539509499 1.440127299 
4.947052316 0.6152077947 
4.811842073 1.835311465 
4.584545167 2.004586082 
3.386904059 1.560570693 
4.382805405 1.43067664 
4.939855155 1.08692455 
4.200908044 0.9241633623 
4.915493384 1.530743643 
4.661765124 1.149716343 
4.733104082 1.471653031 
3.564338918 1.450341034 
4.619019982 1.183242032 
4.454272748 1.614016019 
4.719223194 1.861336858 
5.507216782 1.889576289 
3.265104975 1.52181684 
4.648677609 1.710700062 
4.446662682 1.773567159 
4.653354371 1.201131268 
4.862748558 1.94997223 
4.188542823 1.63240957 
4.360064371 0.7250251047 
3.454191864 0.9355213326 
3.869110196 1.884038924 
5.202635489 0.7465898647 
4.052224525 1.669885355 
4.706402829 1.742242458 
4.506030743 1.345809248 
4.393862456 1.518220776 
4.333912853 1.503909631 
5.423071168 2.057661298 
4.968799128 1.767551774 
4.460449618 1.149486236 
5.511001139 1.432526996 
4.957646877 1.055004651 
5.001956613 0.9994742704 
5.129462019 1.119956951 
5.066849326 1.058735162 
4.174438084 1.586869832 
3.817057022 0.8817420315 
5.395803353 1.527901107 
3.94831355 1.252439999 
4.947154788 0.8001427821 
4.332983002 1.387103777 
4.563283794 1.41985081 
5.353761819 1.008507438 
4.450013332 1.468023775 
3.809832895 0.6103836467 
4.432130999 1.490258469 
4.504284449 1.427805806 
4.460945836 1.316754755 
4.596899079 2.259622914 
4.353757241 1.396913068 
5.110689094 0.6731136813 
4.896066287 0.6433625841 
3.817048946 0.5171244553 
4.728905167 1.389409739 
3.654321203 1.828258522 
4.461513757 1.668837744 
4.600225118 1.254947893 
4.43979593 1.243096738 
4.719812256 2.181620223 
4.155456349 1.232306587 
4.048504509 1.436788334 
4.500248256 1.391228163 
3.707575289 1.565211721 
4.017613437 1.42132313 
4.44321401 1.194996227 
4.209112738 0.6639306441 
3.693951002 1.426020917 
4.777943678 0.3732641406 
4.439538086 1.489631984 
4.102121417 1.255541496 
3.296458206 1.244362599 
5.240214934 1.657960557 
4.518691777 2.238341574 
4.010299102 1.139957258 
4.771187954 2.070829789 
4.516314458 2.194880685 
4.180659571 2.16539063 
5.054726901 1.736727467 
4.400088456 1.650979589 
4.527640673 1.388084007 
4.278349745 1.471025883 
4.168698459 1.565997077 
4.581509566 1.559499631 
4.531629747 1.407274592 
5.018303361 2.123639301 
3.893904314 1.25564977 
3.973086178 1.421014913 
4.471707402 1.717122727 
4.035647896 1.341626757 
3.357006074 1.787551178 
3.949562709 1.140242769 
4.296646837 1.519312595 
4.871839596 1.211247738 
3.513449455 1.628494742 
4.781125648 0.8086374109 
4.490273613 0.9365225266 
4.528434 1.330185991 
4.314791899 1.564925634 
3.602852349 1.994513746 
4.789574719 1.46685225 
3.982678123 1.223018558 
3.629214345 2.286982937 
3.487838959 2.166273077 
3.89421337 1.151922892 
4.451198396 1.48449645 
4.213642259 1.540612552 
4.328317057 1.275013658 
4.187693927 2.178854685 
4.890853921 1.609853066 
4.659655327 0.3889842696 
4.783840901 1.324207188 
3.405067902 1.19640957 
4.438354784 1.471531223 
4.517775925 2.186992042 
4.409868437 1.475463584 
5.040195872 0.608633219 
4.879211053 0.9183679277 
3.566856568 0.6979877197 
5.302330358 1.234473927 
4.178282181 1.244403985 
4.82611988 1.102552978 
4.513698466 1.360676746 
3.36968213 1.047197636 
4.505497673 0.8966867337 
5.025280803 0.8304001406 
5.179623885 0.9856277561 
4.401790885 1.636478894 
4.279030051 1.763383613 
4.373821018 1.506419096 
4.972924574 1.897637429 
4.858070684 1.957936531 
4.317799771 2.444031953 
3.607809172 1.934912698 
5.374170249 1.011112302 
4.591956049 1.70876864 
4.411088856 1.336811224 
4.345981374 0.9506865398 
4.065264139 0.9512182966 
4.283451228 2.268540692 
4.359342849 1.740004249 
4.490103553 2.457800176 
4.513672429 1.533300895 
4.418480375 1.546847799 
4.115464396 1.456618498 
4.451586606 1.363114063 
4.623703067 2.092320915 
4.125275996 1.157484031 
4.52245315 0.9184210042 
3.38223469 1.113502086 
4.324449009 1.211210991 
5.261946786 2.129472346 
3.850264351 1.778681282 
4.285818012 0.7786575084 
5.031120647 2.158420108 
3.98352987 1.747323828 
5.205384961 1.055649223 
4.452506604 1.512415395 
5.139322515 1.172702612 
4.837198428 0.9447974073 
3.930528775 0.5918973273 
4.416616529 1.93813049 
4.680838847 1.141095378 
4.539763679 1.520184876 
3.747019185 1.969951636 
4.428629852 1.479143216 
4.495332468 0.410523016 
3.839350128 1.18256747 
4.016583844 0.9180634645 
3.662563433 0.7983617716 
4.646978814 1.718632115 
5.019011693 2.342858628 
5.046193312 1.061213728 
5.088608287 0.9692831723 
4.381461952 1.592805984 
4.519995121 0.9559100415 
4.482223449 1.471025229 
4.9896268 1.778141622 
5.220748795 2.209166386 
4.579573161 2.133076817 
5.083002088 0.6267677013 
4.709682156 1.256832719 
5.170697834 1.743451855 
4.972847068 1.874167772 
5.225705954 1.066209422 
3.976692971 1.721669526 
4.13003315 1.075412636 
4.499424224 2.395787255 
4.604518064 0.5699347613 
4.213755464 0.5139049626 
5.093779372 1.72501684 
4.135988473 1.866449372 
4.916136288 1.301753671 
4.204488863 1.816964195 
4.446543079 1.505241132 
5.587117693 1.403387038 
4.291224647 1.034286108 
4.529186808 2.231456218 
4.279251163 1.480659962 
4.956056274 1.833802589 
4.519006631 2.318377673 
3.891463985 1.102877422 
3.758860723 1.033926796 
5.373756172 1.158585078 
3.502240959 0.9538489072 
4.923886179 0.6533964669 
5.548406317 1.549041055 
5.087117256 2.156894566 
3.76780253 0.7071954645 
4.256090765 1.06215987 
4.617222945 2.039545804 
4.991414216 2.295462379 
4.627452225 1.753811838 
3.589800582 0.934354329 
5.122496631 0.669633889 
4.394129276 1.854057245 
5.113364152 2.437715244 
4.413614464 1.86897892 
3.910093677 2.111517995 
4.978932441 0.6543641809 
4.127077424 2.062749751 
4.400412455 1.484710535 
3.609414857 1.435787851 
4.944013162 0.5927092294 
3.916851941 1.979628593 
4.648719116 1.498606763 
5.03360649 1.000363704 
3.789938341 2.131849267 
4.303581922 0.9602878209 
5.244174444 2.075088317 
4.452604491 1.261712578 
4.414077643 1.08236819 
3.904832578 0.6376781045 
5.141864475 0.842892372 
3.571809961 0.8066906721 
5.31552526 1.796756019 
3.354675118 1.249737068 
4.491724524 2.464297027 
4.265611861 1.539141953 
4.143627455 2.097241269 
5.419159564 1.485469412 
4.927984877 0.8123408563 
4.112953053 0.4852475157 
4.435521631 1.455408474 
4.204342567 2.537729983 
4.332002607 1.525568861 
4.546295884 1.975437362 
4.369034042 2.165835128 
3.572731628 1.548073901 
3.69029298 1.552238354 
4.667356691 2.443059992 
4.005636713 1.255281924 
4.767294328 0.3907652484 
5.122190294 2.295601151 
3.395479498 1.587252964 
4.555147976 1.555674126 
4.985461051 0.5237183825 
4.684971428 0.8753659405 
4.987924984 0.8885110926 
4.443632727 2.029753914 
4.205297237 1.906520166 
4.496368467 1.532534148 
3.535219999 1.695798745 
4.23711606 1.298412181 
4.600004604 1.890823019 
4.993529122 1.72809798 
4.879868231 0.9157303527 
4.230018757 1.245066836 
3.362360113 1.476513166 
3.379239319 1.431562002 
4.282680394 1.583760638 
4.821297219 1.771041517 
5.103106838 1.443981663 
4.333055886 1.339831224 
5.347406524 1.60193685 
4.354040248 1.320758819 
4.842352201 0.8742673267 
4.432188775 1.488840577 
4.37830599 1.517348771 
4.496479085 1.304875816 
3.652767054 2.076541602 
3.857420723 0.6547908833 
4.657204793 0.5679744546 
4.209184409 1.812368297 
4.145691055 1.728464901 
4.322745207 1.606598093 
4.808945764 1.743890727 
4.438054718 1.486375745 
4.45215305 1.491586949 
4.22519301 0.929279614 
4.243812265 1.715654543 
4.64826095 1.469337686 
5.559666958 1.199279491 
4.565630674 1.40955459 
3.640355647 2.306997337 
3.570886912 2.047235883 
4.273255555 1.773698883 
3.894675537 2.034297546 
4.348592441 1.349135497 
3.646212001 1.589115464 
4.278971147 0.9003852053 
4.544300641 1.346152107 
4.474747204 1.508991938 
3.401355531 1.552644506 
4.723854672 1.198205256 
5.409280371 1.517057313 
4.078304597 0.9987425954 
4.059184754 2.467401803 
4.711427287 1.394812738 
3.955591145 1.442311128 
3.489760146 1.759495435 
4.875518407 2.458722721 
4.10153958 0.4657193306 
4.238010274 1.208376816 
4.230325916 1.574426308 
4.063578001 2.11446785 
4.156180793 1.171401486 
5.320093672 0.7388319155 
3.791064811 1.294063451 
5.238106463 1.335828926 
4.470355632 2.561755928 
4.223686211 0.6942780881 
3.656750742 1.834197017 
4.108660643 0.8280475057 
3.91577763 0.8250437009 
4.022196515 0.8982398527 
4.729210629 1.999805047 
4.426376253 1.491059429 
3.717390263 1.755940344 
5.07337174 2.107765936 
4.383280013 1.518400052 
3.352666694 1.61268617 
4.214708611 1.218375537 
5.43319599 1.124533226 
5.350082575 2.123320108 
4.145125767 1.029282908 
3.825977641 1.409252426 
3.867734889 0.4747984874 
4.271633182 1.059137174 
5.083180623 0.629441246 
4.480381408 1.197666115 
4.21930767 0.9053846286 
4.203917072 0.7896992427 
4.236651362 1.854149486 
4.43672569 1.410782897 
4.658476046 0.7461716188 
4.515295981 1.587406733 
4.746633384 1.783380841 
4.272930052 1.323741965 
4.480895368 1.719566235 
4.97483921 1.908713144 
4.442456124 1.501369927 
4.93489828 1.053893619 
3.527770564 1.099654408 
5.014087519 1.48901844 
5.072896396 1.773861064 
4.472144372 1.54618819 
4.33579344 1.360503205 
4.437742698 1.885207626 
4.373596061 1.802340678 
4.201785695 1.404074238 
4.169639995 1.46135802 
5.182332998 1.963411584 
4.580659567 1.194863217 
4.644053211 2.573327086 
4.229480835 2.476785095 
3.983765405 2.19809044 
4.678204986 1.937848204 
4.778219976 0.9917733192 
4.414592893 1.687273587 
4.379540346 1.51336244 
4.36671103 1.482385953 
4.888338522 0.9789496857 
4.724896078 1.030556446 
4.469790265 1.249577618 
4.599264062 1.595074252 
3.777469308 2.158598522 
4.766828949 1.393988793 
4.452010811 1.277144446 
3.573965654 1.915813912 
3.918005143 2.020060236 
4.909150268 0.4492653086 
4.454702826 1.491414902 
3.53026304 1.708034802 
4.351622523 1.880189728 
4.934550182 1.758916714 
5.043899426 1.075443699 
4.794445077 2.505397433 
5.503807632 1.187198638 
3.965121612 1.477209927 
4.807613858 1.884311136 
3.682072423 1.365851044 
4.663451996 1.197971185 
3.847691852 1.776394878 
4.444996973 1.309095541 
4.481899227 2.048515491 
3.663083933 0.6391769711 
4.433020135 1.550219032 
4.962974683 1.34645105 
4.393556927 1.465552956 
4.469967158 0.9194160047 
4.66612633 1.250230769 
3.553570573 0.9682492166 
4.478859525 1.43381965 
3.693469298 1.38762612 
4.503149273 1.420125787 
4.362933787 1.495689156 
4.244557941 1.696917753 
5.093247387 1.045076666 
4.302277415 1.577513843 
4.590610263 1.225278489 
4.71128744 1.688581299 
4.959850672 0.8680547281 
4.796222621 2.595561969 
4.495900367 1.425660202 
4.063482725 1.315468997 
4.709713173 1.167223699 
5.151928078 1.70806491 
4.718445742 2.10217848 
5.201024841 1.103562969 
4.637986072 1.501439091 
4.252727717 1.667930596 
3.806194331 2.064040007 
5.083784282 1.062467678 
4.288581138 1.544254382 
4.601791246 1.40892527 
4.401827937 1.485126928 
3.703541053 2.305298524 
4.630106232 1.398931222 
3.472443125 1.286355102 
5.204615636 1.676511218 
4.530867706 1.38385678 
4.97912221 2.298421008 
4.099702268 1.159795234 
4.867078729 1.072511714 
5.149037442 1.45536292 
4.678821836 1.854272389 
4.607998458 1.719907429 
4.246889215 2.251942487 
5.060792433 1.528167632 
3.966283988 1.582669446 
4.378836495 1.937213472 
4.761476569 1.909501225 
4.399614954 1.610326219 
4.030876407 1.913373197 
3.916142818 0.4704532332 
5.132891147 1.399235468 
5.036184288 0.8987072056 
5.075993295 0.7947375786 
5.031600625 0.9308592773 
4.681734873 1.842999122 
3.39861653 1.303468804 
4.785358693 0.6789841352 
4.926599879 1.351776129 
3.664711414 1.025063436 
4.320302563 1.712032736 
4.376504089 0.7798617955 
3.71233206 2.223457605 
3.825976071 1.930118368 
4.461401783 2.115370568 
3.961974352 1.964527362 
4.473629027 1.493398399 
4.521409969 1.629928344 
4.542488813 2.268872124 
5.024331376 1.758259191 
3.75562977 0.7550705601 
4.423456729 1.708686788 
4.443127779 1.645320695 
4.474568851 1.151564456 
4.753555458 1.311522043 
4.991311233 1.248844938 
4.185061942 0.7862879015 
4.370893625 1.563959903 
4.446513441 1.514195131 
4.349016157 2.029161387 
4.969384743 1.078877421 
4.046674964 2.227545048 
4.313723413 1.332914573 
4.436461895 0.9453756515 
4.611672793 1.436852698 
3.320363094 1.662513435 
5.101010799 1.808347856 
5.356217639 2.008300879 
5.600541898 1.540742383 
4.127876555 0.4108187588 
3.855639404 1.848156154 
5.003640951 1.085766525 
5.431687704 1.073726047 
4.446668416 0.4806553014 
4.713264297 1.742800353 
5.293656127 1.247561086 
5.004225355 1.607273097 
3.60962787 0.7936978962 
3.596218982 1.624602027 
4.656367543 2.382889001 
4.048052073 0.998650963 
4.131613344 0.6876423731 
4.862785405 2.138772154 
3.809722446 0.7899344862 
4.78769531 0.4601492352 
4.28670603 1.546123508 
4.243782601 1.108214865 
3.775208639 2.325399234 
4.093287247 1.264061843 
3.843717463 1.371009064 
4.195073698 1.188155722 
3.66483457 0.7596497862 
4.913425998 0.9637375353 
4.091990143 1.056939733 
4.74669726 1.624301121 
5.07062437 1.732969849 
3.582338267 1.9545476 
4.185490693 1.246851834 
3.645870472 2.188381656 
4.405704323 1.273810971 
3.525939563 1.520470877 
3.668231603 0.7964012102 
4.54876089 1.356958367 
4.629022162 1.275052143 
4.434355307 1.527137922 
4.33509599 1.327668523 
4.569175211 1.282863302 
4.476516762 1.459523129 
4.620882781 2.364217936 
4.650868032 1.259556405 
4.480667671 1.439730914 
3.770816874 0.5770542851 
4.313940043 2.621300057 
4.959257625 2.104775546 
4.819385658 2.248771239 
4.427675986 1.534446846 
5.231395872 1.362718657 
3.859560647 0.9182238032 
5.034194815 1.526350956 
4.59771059 1.724703863 
3.912996712 1.31744176 
4.51379093 1.656617341 
3.558021987 0.9080530884 
4.437393901 1.508848465 
4.035564024 1.820449933 
4.4796681 1.599173924 
4.283785208 1.617938484 
4.344643188 1.411312193 
4.265737535 1.357942617 
4.448253902 1.527923858 
3.794067829 2.037364401 
4.269147611 1.719545981 
3.868527811 1.898386846 
4.012288201 2.160757721 
4.710602279 1.32600355 
4.34329805 1.425129036 
3.500815103 1.66781357 
4.052854911 2.558943399 
3.79205081 1.637396981 
4.428172011 1.488640931 
4.509267501 0.993664973 
4.291353308 1.785062449 
4.984421869 1.621810793 
4.930521234 0.7919515557 
5.086021701 1.419113226 
5.538706687 1.771471109 
5.168631298 1.420033854 
3.743542965 1.240140536 
4.316134859 1.585425893 
4.821361575 1.767640342 
4.046173038 1.031161365 
4.160816703 0.8392911434 
4.343006671 1.595085758 
4.283647888 0.8114413875 
3.808083796 0.8500184554 
4.366349151 1.154215254 
4.338858859 1.394000581 
3.758504216 1.423310108 
3.998058557 2.213530343 
4.990050739 2.148520648 
4.789482797 2.376703411 
4.470152524 1.517667947 
4.037321057 0.8604315228 
3.653079732 1.022418895 
4.416199616 1.493395698 
4.539883854 1.617949258 
5.103783422 1.57103558 
4.414306051 1.613378317 
5.19433935 2.226591654 
5.14966731 2.254594279 
3.903869234 1.932312711 
4.305432998 1.67831291 
4.940223243 2.069511938 
4.271593345 1.413250762 
4.245995348 2.010247494 
3.939511988 1.276086532 
4.441296157 1.707335611 
3.974512253 1.733259117 
4.250192517 1.07852852 
3.673634721 0.8053545441 
3.98610721 2.358722206 
4.030332791 1.20031011 
4.152452236 1.201433553 
4.269532179 1.332032541 
3.835149514 1.912744628 
4.100742891 1.49442581 
4.728767582 1.060571933 
4.346206353 1.952907761 
4.478750401 1.245594507 
4.23352698 1.292267059 
4.281183983 1.68938292 
4.104452919 1.106843998 
3.94678886 1.775531771 
4.944616236 0.5091871823 
4.22185591 1.260536643 
4.013458907 1.23583285 
4.316710631 1.445801339 
4.490294971 1.418023985 
4.736778014 2.077932737 
4.591780938 1.655216305 
4.162656982 2.131310908 
4.146907165 1.204747225 
4.689300511 1.728647644 
4.403488537 1.759704161 
4.599480648 1.624007488 
4.42941663 1.488015424 
4.632296236 1.322603426 
4.807308658 1.404598687 
5.221599617 1.768660053 
4.29159291 1.577879456 
4.483862298 1.501494251 
5.182174125 1.644275079 
4.098043197 0.7586441333 
4.030721952 1.198125446 
4.210878749 1.553595265 
3.964635927 2.560409972 
5.400630373 1.202664531 
4.437343291 0.3131071261 
4.50175232 1.252298173 
4.442563651 1.452152907 
3.616939988 0.6973198092 
3.86601585 1.063530465 
3.989853804 1.657312787 
3.734986678 1.140063565 
4.720512482 1.72703789 
4.376797494 1.530549297 
5.326170272 1.080179749 
4.120786286 1.182075631 
4.396357358 1.430947053 
4.742942952 1.532267422 
4.378890444 1.527563112 
5.462212869 2.029214439 
3.806035572 1.753376842 
4.516702353 1.597750178 
3.70198364 1.129805786 
4.716110195 1.187946432 
4.436666736 1.475044712 
4.092445722 1.308884205 
4.349985679 1.568005412 
4.14393621 0.834372381 
4.38593738 1.510628653 
4.963242729 2.042284217 
3.8181532 1.015343205 
4.477508425 2.090222461 
4.930049348 1.955358224 
3.849158105 1.731784494 
4.354438006 1.738380389 
5.091989228 0.9433808988 
4.958408427 0.9482419966 
4.110241928 2.480400099 
4.310068549 1.348301902 
4.415545838 1.644845414 
4.588705844 1.350603987 
5.14648664 1.107267521 
4.30570272 1.28531015 
5.003416339 2.407915941 
3.756275701 0.8401429928 
4.301398632 1.751988863 
4.918150717 0.643639374 
4.364794044 1.782816186 
4.414574598 0.9006320203 
5.057435251 1.355250131 
5.275419618 1.788122978 
3.888947878 0.6069479612 
4.420939123 1.498526698 
4.536767331 0.7391990115 
5.053399511 1.344001032 
3.533912829 2.19544055 
4.18783293 1.444895983 
4.866439787 1.502281994 
4.126637738 2.29431797 
3.940822268 1.362130321 
4.666782778 1.693992732 
4.556927969 1.436974829 
4.353757485 2.60888062 
4.290077827 1.156685275 
4.578748025 1.50214603 
4.415602981 1.480503187 
4.658375837 1.721226843 
4.703629259 1.02896718 
3.98582849 2.179007319 
4.209541653 1.530073147 
4.501160508 1.305138779 
5.223395491 0.6818928852 
4.853604238 0.554463437 
5.187893839 2.086860041 
4.424266149 1.568811033 
4.166076988 1.26163408 
4.700336939 0.453724155 
4.006481497 1.183775677 
4.475589438 1.129577931 
5.289536635 1.687433696 
4.049494643 1.686871971 
4.287533862 1.174386242 
4.545865276 1.709827404 
4.289010252 1.537091143 
4.26439954 1.403297011 
4.173364054 1.530511491 
4.656664063 2.475943721 
4.699624752 0.7100605832 
3.741339363 0.06132368994 
3.27646007 0.03433494537 
3.559322614 0.4341231637 
4.962739884 0.627815278 
3.543189456 0.4094380255 
4.600959522 0.2856417005 
4.17515996 -0.2190716552 
3.87938681 0.1873280968 
3.682515145 -0.6322743707 
3.125575066 0.7220385894 
3.861717349 -0.1661888044 
3.698456249 0.4643526785 
3.691919275 -0.7700121984 
4.02922294 0.5187590788 
3.001389877 0.7112037905 
4.18784417 -0.06807876276 
4.343848987 -0.3821574124 
3.74252801 0.2539159536 
4.664316723 -0.2438192675 
3.872039909 0.3977698537 
4.250474834 -0.6016816679 
2.929177293 -0.1141552851 
4.607536892 -0.236274337 
3.403423635 0.961335018 
3.297634253 -0.1174684649 
4.114836391 -0.2008591511 
3.2305597 0.867500422 
4.110040676 0.4218204377 
3.359660587 1.138932509 
3.246855468 -0.3728157242 
4.099075357 -0.02332629916 
3.51856983 -0.2207270025 
3.88570712 0.1805258373 
4.889391203 -0.09334147359 
3.765774417 -0.6746463921 
4.323801208 -0.3977847905 
3.220594399 -0.4539688009 
4.394909724 0.9938018794 
3.792223562 0.210371367 
3.889743526 0.8037966235 
3.503766493 -0.1829311466 
4.357113022 -0.2012252841 
4.029397648 0.6991912406 
4.247838666 0.7976062429 
4.38912397 -0.4280211509 
3.570771628 -0.3482222024 
4.728300757 0.09199408463 
3.33062131 0.4928762869 
3.916080359 0.5393953576 
3.951500934 0.3536684033 
4.556110371 -0.2657423465 
3.321689866 0.9715073484 
3.881906047 0.1695487762 
4.642321306 0.7403400158 
4.11104412 0.7271801824 
3.711553962 -0.2921356533 
4.839014835 0.2040855988 
4.404542486 -0.2814492845 
4.1680712 1.291145028 
4.088230763 0.7225395521 
4.845902475 0.9160340209 
4.217674823 0.7532287294 
4.412091562 1.1927205 
4.385097691 -0.3009830463 
4.025938405 0.288274345 
4.958086595 -0.2268741979 
4.213042599 -0.1356288185 
4.478250429 -0.5116125718 
3.451963778 0.2580033592 
3.55891702 -0.001838167408 
3.259210388 -0.02076376653 
4.408037511 0.7814874158 
3.194375262 -0.2625211081 
3.421833604 0.7977134486 
4.791840268 0.8939743286 
4.004638237 -0.5057039514 
4.669277359 -0.2642869046 
3.900366015 -0.344992931 
4.429186032 -0.1219847041 
3.966534811 0.2115528432 
3.807506349 0.8982160329 
3.885926522 -0.001098205254 
4.786494095 -0.3706983876 
3.057880246 0.2906974015 
4.21367358 1.047179443 
4.350197814 -0.1628233142 
3.314136042 -0.7161089226 
4.068126897 0.2523848837 
3.83423959 0.2736723381 
4.068326885 0.1328903446 
3.511927907 0.576753013 
4.089737212 0.2275066155 
3.256040098 0.4302295132 
4.797793376 0.8614952251 
3.326913824 -0.5952474813 
4.525676648 0.5280033906 
3.338456798 0.1831892684 
4.968523431 -0.1758876137 
4.498634191 0.2640754187 
4.21877403 0.06675743833 
3.87184827 0.4729666214 
4.320707901 -0.4133662574 
3.880982314 0.2095986738 
4.271103388 0.03868747945 
3.954900446 0.3137480827 
4.034223499 0.132702927 
3.040842439 -0.2416588872 
4.492562935 -0.2940932772 
4.189755158 0.8395589796 
3.222304921 -0.4067770571 
3.187686189 0.4825969445 
4.133982665 0.9820820586 
4.682596749 -0.4575133916 
4.699216337 -0.1666453771 
3.206877279 0.9808179717 
4.753060441 0.2501540427 
3.906343216 0.1698617394 
3.85853202 0.3098750909 
4.58213793 -0.4076536864 
5.0378185 0.04372165954 
3.801899824 0.4153064993 
4.003965354 -0.4295575667 
4.607004915 0.8549463809 
3.950184738 0.88887433 
3.908019872 0.08416536225 
3.795885123 -0.1800821737 
3.72751912 0.1073476063 
5.159463882 0.1629719838 
4.123443819 -0.0532937819 
4.086037753 0.8254838088 
4.833709007 -0.2103554404 
4.354676158 0.4202305186 
4.716204868 0.317841848 
3.846045536 0.6045745368 
3.933155709 0.027749384 
3.729945395 0.2857919962 
4.068601734 -0.1810285054 
4.082777229 -0.003178795486 
4.4850423 0.1979085865 
3.998719785 -0.9320420216 
3.759026362 0.3290306855 
4.006768902 0.2247523548 
3.960084726 0.1079523928 
4.649129521 -0.4701913628 
2.983638662 -0.2464507058 
4.522166153 0.7636478829 
3.947035945 0.09379441099 
3.46273897 1.233407731 
3.915504691 0.3345411581 
3.288458704 -0.2731069475 
4.172177146 0.9828424344 
3.631367599 0.6248730911 
4.153748751 1.356529819 
3.665397278 1.214373587 
3.825624918 0.2731166886 
3.69230831 -0.1437972259 
3.53678313 0.8015475169 
4.275348307 0.1339722854 
3.725194941 0.1909342678 
4.460710496 -0.4363122607 
4.020688664 0.1533987255 
3.992447523 0.1282316845 
4.126084705 0.9666538457 
3.812515113 -0.8109901584 
3.485140791 1.113010479 
3.953375076 0.1522363569 
4.119259226 0.8855735443 
3.988487638 -0.01303978461 
4.904508006 0.5375839299 
4.750622799 -0.1493744078 
3.18555079 1.018160087 
3.496625951 -0.115976951 
4.112915522 0.06231789109 
3.32244133 0.1373416501 
3.239939906 0.1965909853 
3.64643073 -0.005096705496 
4.907969179 -0.1013678273 
3.326280516 0.9711880742 
3.78151391 0.09388801442 
3.666584008 -0.2734472747 
4.098276583 -0.118502923 
4.297613648 0.4271188113 
3.21278163 -0.3952189327 
3.94385664 0.1562171733 
3.511003694 -0.255953599 
4.735928592 -0.6995467086 
4.082641765 0.2313221281 
3.849276038 -0.04075662678 
4.24301539 0.8786154475 
3.739357477 -0.6021130774 
3.836984531 0.8597251614 
4.460846466 -0.332601361 
4.724064497 -0.3491448872 
4.391906452 0.8228841774 
4.210512575 0.8208750075 
4.098124487 0.3784730085 
4.315020854 -0.2733040329 
4.270665831 0.1534218393 
4.919427171 0.6799873811 
3.589413344 -0.3684655069 
3.910462859 -0.07645787441 
3.669077917 -0.4446541001 
3.7473592 0.5341232823 
4.346687819 -0.3051635614 
3.42640089 -0.5406123161 
3.418466117 0.07945743622 
3.696002019 0.4672309907 
4.452595694 0.897785651 
4.388914833 1.037256842 
4.005301554 0.217279694 
3.607735521 -0.89120542 
4.524056633 -0.3494889561 
3.69749862 0.5552872645 
3.902792188 0.274633814 
3.941260366 0.2402301803 
4.373884142 1.202984296 
3.968894236 0.03786032095 
4.140226318 0.3689063516 
4.992217111 0.4363260721 
4.69588512 0.6353692414 
3.276379515 -0.02703069359 
4.755733137 0.05085579116 
3.970970165 0.1559114693 
3.019425216 0.6172900225 
3.808282493 0.8507007228 
3.357225656 -0.3916194251 
3.539287807 0.8747605014 
3.151741187 -0.04450974757 
3.216109826 0.1799338189 
3.778199406 1.25320833 
4.401828953 0.2989357396 
4.563790452 0.8805073283 
4.125562421 -0.3469499709 
3.401836573 0.6443831838 
4.528888081 0.6436828827 
4.578354044 0.1910540272 
4.58630764 -0.2598467415 
3.828191525 0.1578511376 
3.806646042 0.2637948313 
3.314612261 -0.07952744578 
3.642995811 -0.5683603616 
4.399522262 0.05498440728 
4.755138088 0.5618070251 
3.158321681 0.8757646827 
3.774895846 -0.673990926 
3.55538986 0.8956974465 
3.187698927 0.2861004357 
4.257069802 0.5497553686 
3.704900432 0.3848405859 
4.64942489 0.5486360039 
3.374171822 0.8088630559 
4.677468587 0.0009174226322 
3.942840013 0.5569992321 
4.062092484 0.1711377231 
4.092477423 -0.3941690424 
4.787084071 0.5761049221 
3.444627646 0.2654918168 
3.268430189 -0.5061539305 
3.493263644 1.089882765 
4.264844388 0.9884850606 
3.700297404 0.5496385003 
4.732776804 -0.3509608525 
4.876955903 0.4966882769 
4.525335856 0.3628541353 
3.389890831 0.6189763542 
3.366624369 -0.7876623065 
4.211745456 0.7121776186 
4.826003918 0.6101607523 
4.018040173 0.1394328136 
4.09503747 0.317873542 
4.186254886 1.07722794 
3.624470319 -0.04536348278 
3.697540552 0.8123197377 
4.106249493 0.1471267028 
2.922626048 -0.05569173847 
4.898124579 -0.2043713046 
2.989467772 0.1948814526 
4.385217604 0.4567553719 
4.467848819 0.7360335319 
3.917524135 0.134647549 
3.666153166 -0.01281803724 
4.400459556 -0.1634456612 
3.965638034 0.2565450594 
3.6133156 0.4319674166 
3.979230009 0.2696588428 
3.429597702 0.4750619507 
3.385651524 0.6095920293 
3.471892986 -0.2956353535 
4.174786121 -0.02238511266 
3.99573002 0.1938178611 
4.030701411 -0.5835490392 
4.174174412 0.6651735913 
3.387182805 -0.1190541905 
4.23399027 0.3751007977 
4.379621478 0.5665807229 
3.200466911 0.8160464416 
3.419074629 0.2496284261 
4.468533535 -0.3606627508 
4.331599388 1.071622624 
4.032534598 0.0095307444 
3.312781733 -0.2796566156 
3.515762944 0.2988919812 
3.976076647 -0.8415293544 
4.108450069 0.32900949 
3.875609359 0.2792873811 
5.04695898 0.2487924164 
4.03929037 0.227710796 
4.333266026 0.9933324212 
3.963675092 0.2154733822 
3.899284071 -0.1723214639 
3.800567806 0.4375373964 
3.350488161 1.045404161 
3.350404866 0.09146772078 
4.6288138 0.8912138577 
3.300887181 0.7062734757 
3.076878797 0.7137439326 
4.413701622 -0.1609479528 
3.950586168 0.2235292489 
4.107103139 0.05217671192 
3.125178107 0.04858533527 
3.936107308 0.1563618454 
4.142364986 0.3021734053 
4.760827525 -0.2555348134 
5.027111042 0.2585708917 
3.799337951 0.08094216007 
4.472496427 0.4118294706 
3.965291086 0.2137661425 
3.64789582 1.038521641 
4.873600444 -0.5024512937 
4.774959425 -0.3215032659 
4.293343165 0.4131842323 
3.660696879 0.1429860855 
4.841365338 0.4382711681 
3.718884511 0.5430879757 
3.947620115 1.011659769 
4.054633183 0.2543525179 
3.983704658 0.9613990429 
3.144797477 0.7886350849 
3.244939858 -0.3496967827 
4.200985907 0.3017440079 
4.102694929 0.1376675262 
3.937127013 0.364668119 
4.609534132 0.4130464682 
3.55165473 0.1707496263 
4.317759301 -0.267005147 
4.088509316 0.3661394828 
4.004741628 0.3227178559 
3.27984595 0.8505049443 
5.08059948 0.4668600752 
4.50546464 0.5544381743 
3.754315622 0.4775131949 
3.068650942 -0.093992549 
4.877064496 0.04905914991 
3.724775285 -0.3762063842 
3.555207193 -0.4638810414 
4.036064672 0.1813653234 
4.045287522 0.2203561698 
4.591520621 -0.1400934505 
4.477312582 -0.1146985177 
3.690350235 0.5380866714 
4.347001357 0.8153509294 
3.374691745 -0.04197150055 
4.180661653 -0.05869086869 
4.048600581 0.8015501749 
4.65653687 -0.02086959768 
4.522285839 0.4592168039 
3.739807203 -0.07348506884 
3.408871894 -0.7165404338 
4.738812555 -0.4256672608 
3.829803191 0.4129574754 
4.122147339 0.2446693494 
4.298748018 1.297227057 
4.01369766 1.003857404 
4.119965209 0.05446234608 
3.050866605 0.8908204058 
3.955148274 0.1984961831 
3.48634644 0.6013789015 
3.969410809 0.2869743095 
4.472207212 0.6961591832 
3.589660893 0.2703722859 
4.001073399 0.5871684887 
4.094837536 0.4945910869 
3.796754436 0.8972211573 
4.029990726 0.2059957597 
4.794659388 -0.6279516957 
4.065424225 -0.4572475877 
3.989255113 0.1095065226 
3.288257886 0.4165245951 
3.897827292 0.1021405577 
4.011737384 0.1556826029 
3.993158612 0.785589443 
4.17872295 0.2816396607 
4.407570836 1.035726885 
3.666588242 -0.1255771396 
3.293764338 1.037371082 
3.533588791 -0.3289934017 
4.160948546 0.6155748319 
3.978510313 0.3110971252 
4.51153729 0.777232716 
3.095278803 0.3893384581 
4.153052999 -0.1206644191 
3.960544991 0.1912015381 
3.47373379 0.7060617584 
4.455352953 -0.1388589798 
4.555339722 1.077222572 
4.423882172 1.278618022 
4.041851346 -0.2335703708 
3.887412625 -0.6119668897 
4.60603253 1.006464199 
3.401203071 0.7741188084 
3.703118024 0.5584788206 
4.660702622 0.1222068838 
3.42314356 -0.4453032534 
3.923635383 -0.04450172451 
3.383901167 0.9213383791 
3.539348389 0.7868432613 
3.178964643 -0.4178852268 
4.448260811 0.160785647 
4.080548893 0.2818123278 
3.790323498 0.5821782953 
3.852508806 1.210753877 
3.999240594 0.2381607129 
3.513239256 -0.217537056 
3.12999952 0.7875011751 
3.328927795 -0.2682783259 
3.9008104 0.4581341282 
4.819840632 -0.3422816491 
3.858352533 0.221006134 
3.967589225 -0.2407595599 
4.313229867 0.04883138723 
4.345664251 0.2775002529 
4.623164999 -0.4243761741 
3.953773882 0.2034332606 
3.753824637 -0.570594939 
3.40866384 0.2706052324 
4.013909271 0.3860669284 
3.581753364 0.05170691089 
4.458004263 0.1651247865 
3.926228755 -0.1886973283 
3.266885061 1.025148895 
3.178783005 0.910616356 
4.000718407 0.1622410807 
3.034845292 0.03428432501 
4.138936436 -0.03941015979 
4.231086919 -0.08798940635 
3.325778719 -0.4550225958 
4.130973392 -0.2124711554 
4.103408144 1.090586352 
3.810273201 1.187147946 
4.317124641 0.1815657021 
3.26319818 -0.1863542464 
3.268523572 1.129489429 
3.8861877 0.3587020332 
3.665254672 0.7152765483 
3.331123966 -0.1319313155 
4.317159928 0.5474008618 
2.979796972 0.3772949627 
4.328020821 0.09703650704 
3.712688905 0.2401115747 
3.428464423 -0.3318090103 
4.019222127 0.14635189 
4.016484162 0.2048940745 
3.712736467 -0.4251924395 
4.165339873 0.3507072794 
3.525647352 -0.05285032384 
3.656830007 0.106206105 
3.477408726 1.023236899 
3.981581139 0.2650621588 
4.201913318 -0.001178669727 
4.573126485 0.01416240906 
2.960730319 -0.3226072988 
3.416108345 0.8529777607 
4.438821383 -0.02202746695 
4.298078112 0.5908675978 
3.242704737 -0.4415056032 
4.234458763 0.9146161026 
3.75098773 -0.02241898258 
4.213868281 0.5573473835 
3.264029031 -0.3984104532 
3.954328233 0.1943457441 
4.434672655 -0.08232199777 
3.936288488 0.4995480318 
3.773621122 0.3551299274 
4.103792912 -0.3021843239 
4.199596479 1.131550374 
3.322250413 -0.5955398668 
3.920207564 0.3816456423 
3.364373527 0.4790428188 
4.156903686 -0.4263645134 
4.04798082 -0.2330788665 
3.234411882 -0.4822779974 
3.389243745 -0.004236258491 
4.024585674 0.2507670088 
4.167007448 -0.0003825486626 
4.137504605 0.1172094508 
4.968755631 0.8109186577 
3.272442383 0.9411294389 
4.224903841 -0.2839926192 
3.877229239 0.3015589894 
3.026261911 0.4909720792 
3.632223939 -0.05690750632 
4.00548712 0.2213860143 
4.219522328 -0.09968754514 
3.97119254 0.9266394919 
3.941776283 -0.06749346662 
3.969611402 0.1834983308 
3.897557236 0.606654847 
4.107072378 0.3298499274 
3.565660148 -0.7224924316 
4.804666525 -0.2583939698 
4.885947671 0.08726041533 
4.40271348 0.6989959088 
3.906219749 0.4802464191 
4.086274012 0.03449329415 
3.48529123 0.6953433234 
4.940182186 0.5060479219 
3.748386671 0.3034233345 
3.422535843 0.9046301813 
3.602484298 0.03069868345 
4.320513236 -0.1007396806 
4.392242119 0.1393253504 
3.176239744 -0.2781898429 
4.629401959 -0.2159462934 
4.441444835 0.3803728862 
4.276168465 0.04555354101 
3.497263777 0.5892144631 
3.737441608 0.772039598 
4.872159545 -0.4668575666 
4.037599789 0.5669175313 
3.991641214 0.1964397802 
3.588910625 0.7117827677 
4.718657037 0.6992177269 
3.642221864 -0.02352588702 
3.244746668 0.4062535814 
3.304540728 1.041957963 
3.777886609 0.3651633548 
4.737550492 0.7313851671 
3.825828735 0.1264265107 
4.40572097 -0.01105671496 
4.391052573 0.003942030901 
4.288207627 -0.8923297703 
4.051626339 0.03672241558 
4.420110566 -0.6069478674 
4.624485523 0.8497586043 
3.911630915 0.02318069326 
4.345583252 -0.1621985277 
4.419528988 0.9457681002 
3.761690185 0.710389783 
3.819087466 0.272012136 
4.399311007 -0.2758377863 
4.115536925 0.454731222 
3.416866887 0.748556492 
3.971599005 0.1986655428 
4.23812619 0.5365297264 
3.327752632 -0.04628147025 
4.142828656 -0.0591631518 
4.723492507 -0.6452160599 
4.040722819 0.1107322792 
4.584167355 0.1654374593 
3.603381723 -0.1512711853 
4.457029939 -0.8578708905 
3.991940777 0.1964423972 
4.128811537 0.06660976025 
3.40509515 -0.04384332545 
4.296940806 0.920239093 
2.892116762 0.4488805546 
2.883503341 0.1422756694 
4.240195414 -0.06643392186 
3.695664679 -0.2670474762 
3.830402189 0.5759970901 
3.985284727 0.1989334653 
4.684209291 0.4873771201 
4.540911097 0.8052331144 
4.390890962 -0.245452073 
3.849693087 0.1633754286 
4.670364036 0.1305685488 
3.675381192 0.4644748087 
4.41954826 -0.3714082904 
3.752605764 -0.101026434 
3.960071368 0.2093803083 
3.93530706 0.2322560303 
3.24362462 -0.7149607598 
3.803587601 0.1262787333 
3.979277388 0.1821393522 
4.530463447 0.9547140386 
3.48145803 0.04496872102 
4.273958941 -0.04011763944 
3.486309425 0.052779742 
3.958287799 -0.4255872794 
4.265018483 0.4078794775 
4.101758616 0.1756986884 
4.039205737 0.1479133749 
4.941606994 0.4902354698 
4.102799629 0.4585726374 
3.704372743 -0.7859365578 
4.637481449 1.025811738 
3.141468098 0.08445436928 
3.015243142 0.2635851299 
4.072356056 0.6838960897 
4.225830524 0.4250482112 
4.013223844 0.2380120819 
3.901210662 -0.03136786157 
4.755569592 0.9413053772 
4.044370954 0.8349758825 
3.188912998 0.4831895977 
4.206488906 0.4636303079 
3.724223126 0.178059122 
4.15964925 -0.4898732036 
4.338281585 0.790299313 
4.315354871 -0.03705538879 
4.178828775 -0.312832792 
3.195264237 -0.6536627778 
4.332764994 0.5168345636 
4.791412859 0.6016367094 
4.069526003 0.1571444286 
4.237990961 0.05620153946 
3.317461508 -0.3053142787 
4.065633182 0.2069110506 
3.699906836 0.1841803916 
3.748008678 0.3635518885 
3.629227615 0.5210847707 
2.899531348 -0.2045686374 
3.647575847 0.5697351521 
4.212100624 0.3731248568 
4.316037272 0.1259652851 
4.896571386 0.08657664467 
3.013259422 0.6644817507 
3.324165839 0.4331905645 
3.97025365 0.1999313546 
3.54561181 0.05805872021 
4.178283949 0.2572669236 
4.136826306 0.117809115 
4.001760861 0.197819034 
3.215445159 0.8653996444 
3.458269801 -0.2243278025 
4.382352033 -0.2358035282 
3.519872239 0.2525392743 
3.340090028 0.9195281165 
4.178020986 0.2751039679 
4.186216431 0.3721968461 
4.607945695 0.2751283801 
3.989127505 0.207166088 
4.07376027 0.05303249716 
3.603246699 0.1737687249 
4.130167514 0.4229779732 
3.279060837 0.1838001842 
3.995139384 0.3088667867 
4.553253387 -0.3493091681 
5.084882397 -0.2165737889 
4.935512024 0.2126496915 
5.02655223 -0.1959881187 
3.43831387 0.2631784186 
3.920772035 0.2193104987 
3.618712075 -0.3282896089 
4.109834542 0.3232341958 
4.337135481 0.5469050977 
3.572594574 0.1272931211 
4.11678581 0.3219817344 
3.430960445 0.01402075295 
4.820057912 0.9307416605 
3.121854685 0.9934500337 
3.971034592 0.1816750185 
2.896005091 0.2380295874 
4.344893044 -0.1708179991 
4.276314743 0.4559103318 
3.923416585 -0.503623791 
4.438267149 0.01937265819 
2.947296575 0.681880761 
4.397302148 -0.3499420011 
3.952487474 0.1994817232 
3.641817029 0.7414694234 
4.020867324 0.05344635149 
3.181473027 0.5795018009 
4.042291342 0.6204703023 
4.260893686 0.7796063555 
3.972390479 0.1846314913 
4.605697907 -0.7868520654 
4.124788245 0.6579581584 
3.649015754 0.2646638548 
4.180363056 0.3851216132 
3.636669457 0.6896391518 
4.076010616 0.1238927397 
4.183281755 -0.7246056452 
3.387561982 0.5207103444 
4.148915131 -0.0142294039 
3.699573202 0.3826863738 
3.394159448 0.1327667206 
3.141131851 0.2484523957 
3.338245294 0.2260909689 
4.841309743 0.02120158894 
4.482070284 0.4790884727 
4.58828766 -0.6770252731 
3.242265694 -0.4154865032 
3.704940132 0.8289421552 
4.104283903 -0.0566240061 
3.866939167 0.2152262496 
2.999606921 0.6288599625 
2.996629343 0.3636779727 
3.308758105 0.8037981496 
4.560371575 -0.01748152225 
4.228095074 0.4521279114 
4.122545577 0.1060383256 
4.660984926 0.9588891113 
3.412193532 -0.04974511588 
3.351655608 0.4997602014 
4.2202765 -0.7608350382 
4.081394315 0.8716148573 
5.086918316 -0.1733603004 
4.215329886 -0.1565293015 
3.147359125 -0.07206351692 
4.851804395 -0.5109474889 
3.469115495 -0.4048014189 
3.527780732 0.1820484766 
4.057075889 0.1989138158 
4.047315328 0.1447276023 
4.413141762 -0.1012050395 
3.720648897 -0.06258436778 
3.670328559 -0.2694936324 
4.177801379 -0.5439909817 
3.243315156 -0.2957661792 
5.109399438 0.03552422322 
4.664290265 0.4630426668 
3.617575803 0.5100800654 
4.714108496 -0.04177112606 
4.063915883 0.2645309425 
3.382674881 -0.1407539772 
3.727422843 0.5620550983 
3.840990803 0.2839137118 
3.752899572 -0.7403379989 
4.501539415 0.4361072008 
3.452971779 -0.5651418661 
3.620958775 -0.04859345228 
3.953664235 0.1672276589 
3.756101816 0.2466406664 
4.029382962 0.4493130345 
3.487460447 0.5195073404 
3.901841872 -0.4845198063 
4.651920533 0.2259120121 
3.901487678 0.2152772605 
3.504710271 0.2124879769 
4.120480034 1.298851086 
4.161845407 0.146983934 
5.025447845 0.02431297236 
4.000472549 0.2009378028 
2.955283025 -0.2707119268 
4.916669742 0.281529904 
3.988805425 0.2063112426 
4.211297897 0.05174670755 
4.232683305 0.2734300469 
4.623171612 -0.357812792 
3.580825524 -0.4976749989 
4.156580012 -0.8400696159 
4.038037358 0.8713826967 
3.969659963 0.2150947611 
3.694632684 0.3598444607 
3.562698357 -0.705575971 
3.5330718 1.079983361 
4.308467881 1.326765706 
3.983490107 0.2019883211 
4.249904634 0.7799250671 
3.526029226 0.3311755403 
4.110241861 0.05643198553 
4.007397257 0.2063598351 
3.573455083 -0.3284378409 
3.400402953 0.8734360523 
3.470466111 0.7053969829 
4.023425487 1.00769353 
3.446996201 0.5337255977 
4.325683141 0.9754624412 
4.580673243 0.2111859099 
4.592446084 0.3467091036 
3.929585381 0.1863697523 
3.972406444 0.1809626311 
3.446839395 -0.3465282653 
3.82933022 0.2039950167 
3.494307503 0.8759467233 
3.295854708 0.9718237653 
4.139643564 0.09056054201 
3.519453995 0.1999540474 
4.795994197 1.051525691 
3.074634799 -0.4812541847 
3.964602312 0.5606678691 
3.495808894 0.3591064371 
3.242147168 0.6000813822 
4.691352769 0.856254689 
4.001088134 1.078525773 
3.913664696 0.1898692429 
4.65158345 0.3259166842 
3.221303346 0.3125255854 
4.04866162 0.04617505176 
4.124903308 0.1364734779 
3.421106232 -0.5414645389 
3.974697066 0.1005694903 
3.258741818 -0.3641764771 
3.723387518 0.01858449309 
3.708420576 -0.8198194125 
4.71902842 -0.5447104408 
4.695500023 0.5280976782 
5.111120754 -0.0341367444 
4.229482457 0.3129439937 
3.822322077 0.475738791 
3.655366966 0.6641009917 
4.630935867 1.155955293 
3.601231322 0.330480639 
3.984985485 0.2037933958 
3.705917013 -0.7778120932 
4.594259671 0.5688852895 
3.649794561 -0.4578872779 
3.975744481 -0.1748598069 
3.274956174 0.7593796724 
3.923800234 -0.1491810555 
3.754792653 0.4545391128 
3.905286932 -0.0744888515 
4.287561023 1.094572277 
4.442897347 0.3397896248 
4.142726267 0.1088028583 
3.507264033 1.224348029 
4.485443513 -0.2995197791 
4.060894268 0.2339611223 
3.9548475 0.1803536616 
4.141935945 -0.007917632757 
3.675770024 0.8941586909 
3.530354019 -0.2560841555 
3.987796082 0.179707083 
3.825400184 -0.01967179035 
4.608247105 0.3440149073 
4.194476535 -0.08513415469 
3.616083477 -0.149609695 
3.143920745 0.9823284575 
4.086510868 0.3523429714 
4.564072967 0.1102731544 
4.235854418 -0.8645203235 
4.220503678 0.6805724574 
3.688401868 0.5343717533 
3.979107022 0.1905444376 
3.782357728 0.4284393791 
3.875119285 -0.6491627452 
4.242029352 0.03356996567 
4.577228867 0.02999989369 
3.733070007 0.06458113909 
3.581689661 0.5921628313 
3.989148557 0.2727426303 
3.933822091 0.2377319439 
4.433104243 1.179007269 
4.722987674 -0.3947453147 
4.608657308 1.056710227 
3.731002624 0.07482046772 
4.257905055 -0.7715683709 
3.145270534 0.8176421536 
3.527041383 -0.5321531119 
3.634210843 0.1859947364 
3.764472621 -0.1598817663 
3.988679662 -0.06882604171 
4.061688454 0.2682279629 
3.408702553 0.5850905077 
4.573303082 0.643828302 
4.267475604 0.5238033459 
4.906005173 0.6207734497 
3.413605287 0.1789861672 
4.503950009 -0.3689254277 
3.235106103 0.3505406229 
3.760013402 0.6941224226 
3.739999547 0.6281783503 
3.15591176 -0.4892271235 
4.557878565 0.8596250683 
4.153356671 0.3788920863 
3.420890068 0.04783027707 
4.799423409 0.4678749405 
3.973406429 0.2201561151 
3.190624196 0.7594023781 
4.303785237 0.3503121811 
4.00145882 0.2052539719 
4.416318047 -0.6206986653 
4.977419901 0.5379923011 
3.479604776 -0.6734746124 
3.815539669 0.06159207974 
4.310663122 0.7307761741 
3.912946174 0.5400659306 
4.629839908 -0.5019673304 
4.138926514 0.3528323864 
3.228793014 -0.4270972081 
3.134743544 -0.579690517 
3.986127126 0.7087598079 
4.106735076 0.1490777945 
3.95128449 0.3677831902 
3.439656366 0.6131125243 
3.472727877 -0.5968236237 
4.059889223 0.748901288 
4.321875529 0.4544043128 
4.181423948 0.6408794563 
3.316892371 -0.6967511301 
4.688361765 1.066072559 
3.717539245 0.4065223718 
4.118447497 -0.3068714282 
3.311481813 -0.5939047005 
3.210991115 0.6249035683 
3.766855841 -0.1700046335 
5.03471768 0.2171545848 
4.491540959 -0.1457511283 
4.032811926 0.1414897874 
3.423105769 -0.6820821372 
3.351932697 0.3212554336 
4.528813147 1.191588998 
4.755628178 0.7977303277 
4.447612961 0.9718871542 
3.734884966 1.146416894 
3.956791564 1.064767079 
3.9022278 0.5740513684 
3.308489277 -0.1675214261 
4.581323063 0.6801711746 
3.702272429 0.7185724074 
3.534738871 0.3031221179 
3.681879342 0.2889413596 
3.603832833 0.2490460923 
4.01324407 0.1395831835 
4.659773922 -0.3232808659 
4.86693784 -0.1532173652 
5.074188415 0.2673032289 
4.303744668 -0.7245486137 
3.808417386 -0.1921188063 
3.672198148 1.027866419 
3.861161348 1.208343143 
3.997769168 -0.4241256447 
3.505864781 0.4287894088 
3.758202221 0.1560976628 
4.137931505 0.3135646942 
3.383689422 -0.3619364422 
3.655740632 0.9241493211 
4.691536026 1.084141936 
3.877465478 -0.538229359 
3.974302576 0.05403914072 
3.841191742 0.423681996 
4.307615237 0.3414454401 
3.349078647 -0.6657357725 
3.636547285 0.2728588695 
4.324628191 0.1676832393 
3.097297782 0.2437739197 
3.971111899 0.2080905333 
3.877727926 0.05449623253 
4.489445216 0.2772641174 
3.306250512 0.8891952263 
4.946675002 0.6701385382 
3.897806768 0.1945129292 
4.411655904 0.4875674729 
3.757372834 0.6051298403 
4.70994715 0.9042206624 
3.712276082 -0.4196590226 
3.295907177 -0.5022548735 
4.71711691 0.8131367592 
3.942715643 0.07166404574 
3.236561861 -0.1931000537 
4.261131462 -0.1161282561 
3.941143101 0.1369445629 
3.667691528 -0.6951705897 
4.076904746 0.3225147639 
4.268704573 -0.01210436598 
3.891212978 0.116142228 
4.895224735 0.2331037008 
4.580549787 1.024054147 
4.122286278 0.3876523308 
4.037054172 0.1916942665 
4.006647107 0.6071397453 
4.074888843 0.686325604 
4.007883376 0.2250698343 
4.184905657 0.01448495066 
3.973833462 0.203289273 
3.932822397 0.2946248207 
4.06311595 0.6988570679 
4.008035279 0.2385233758 
4.743306766 0.2739053504 
4.196797071 1.189213034 
4.258133486 0.1120774664 
3.424148145 -0.424901282 
3.875289558 0.1234118695 
4.129607174 0.3324543335 
4.749458766 -0.3276393263 
4.466728101 -0.6024366245 
5.122928787 0.4394243698 
4.093122233 0.3168970237 
3.897837041 0.5242962387 
4.255370019 -0.1497598735 
4.038484743 1.294273627 
3.832617381 0.3395580004 
4.26871808 -0.09803601306 
2.998969451 0.5128981551 
4.10253168 0.3047313806 
4.470141961 0.629013126 
3.663595697 1.187966029 
3.664488212 -0.3831818059 
3.706322986 -0.0162941028 
4.494437682 -0.4543847819 
3.622401578 -0.01628137607 
3.985977331 0.7799479396 
3.595932896 0.6204960016 
4.003040797 0.1627569445 
3.319645856 0.1480459582 
4.043561059 0.3111990981 
2.876129415 0.1097418622 
4.172831462 -0.2747718839 
