9.884680322 8.817304243 
9.839341302 8.734150148 
9.891346337 8.564500337 
9.29467989 8.405995182 
10.61483386 9.455851769 
9.712525742 9.932991942 
9.875351495 9.630455613 
10.26473509 9.105334468 
9.803346404 8.74524568 
9.663585479 8.753960228 
9.56811131 8.597205083 
10.8230827 8.956939609 
10.3746973 8.753399421 
9.451140708 8.474666546 
10.36537906 9.439506971 
10.32149704 8.959281342 
9.331345238 8.988878551 
9.292397039 8.855879162 
10.58348914 8.769299542 
9.974990593 8.053115582 
9.768761042 9.179736483 
9.616002049 9.698251708 
10.2727509 9.404359242 
10.07841941 9.153649951 
9.041837682 8.590446113 
10.45668329 9.136258066 
9.893482789 8.898004835 
10.87033701 8.287670299 
9.868412873 9.99401349 
9.92080892 9.602731943 
9.336901957 9.414515823 
10.44554781 8.521101094 
9.192065035 8.388301347 
9.950117961 8.867885111 
9.420198656 9.21532506 
10.09549065 9.156473141 
9.930191394 9.046971382 
10.65935381 9.720656958 
9.895186771 8.877400807 
10.68456931 8.878409977 
10.01761626 8.558451745 
10.40048574 8.586174248 
9.988720645 8.864274063 
9.696789183 9.861610697 
9.070337062 9.174888762 
10.30538207 9.077245569 
9.476456151 8.871273559 
9.792083863 8.795622869 
9.590650706 8.539811114 
10.37783593 9.023226749 
9.177278693 8.407778792 
10.3993303 8.133952982 
10.34251656 8.474657797 
9.228763135 8.609611898 
8.866147151 8.532161135 
10.16338417 8.629916957 
9.726344854 9.672864119 
10.2717046 9.357431 
9.427511614 8.406431924 
9.624813755 8.082500125 
10.11797734 9.073517851 
9.360413399 9.048224732 
9.863245062 8.770871948 
9.97131901 8.95012651 
11.03035819 9.026534409 
9.042264193 9.377335452 
9.841129125 9.328341723 
9.542629834 9.258274232 
10.4859266 8.357387621 
9.540482843 9.463820337 
9.966550886 8.507453528 
9.709974105 8.876614742 
10.50991251 8.415336672 
10.1550624 9.943909997 
10.85919938 8.655735522 
10.01726014 8.840018514 
10.87231847 8.406079928 
9.857326665 9.492869065 
9.41137855 9.226054366 
9.91633548 8.860773346 
10.72584263 9.308475082 
9.863594608 8.564675728 
10.58421095 8.965847733 
10.03875685 8.533458236 
9.211077746 8.497709601 
9.757994229 8.474807798 
10.36285475 9.404097631 
10.1744663 8.36312558 
10.18848312 8.317341081 
10.28352471 8.353466259 
10.18958868 8.53799652 
10.04792664 8.997255103 
9.684715217 9.421066207 
9.754975369 9.189739091 
9.907224319 9.172595586 
10.5924533 8.189076848 
9.807878879 8.304155694 
10.17824896 8.131652077 
10.49292504 9.477020394 
9.604914245 8.471964804 
9.280335263 9.577255382 
10.25713884 8.650329025 
8.880632159 8.663157325 
9.438643807 8.500850686 
10.23776923 9.597094646 
10.01794049 8.144496067 
10.28301684 8.940465367 
9.889159422 8.628428835 
10.03755579 8.989186705 
9.917896612 8.842578985 
9.651939972 8.439754852 
9.742407515 8.892496075 
9.941804849 8.868204574 
9.601671123 9.031369947 
9.415598034 9.395445903 
9.523715665 9.258824467 
9.084519946 8.246378991 
9.784475538 9.068285625 
10.0287805 8.818948525 
9.715221144 9.084886538 
10.24791242 8.338334516 
9.643770674 9.015564721 
9.721593754 8.640115163 
9.976371649 8.870596073 
10.01001704 8.835349902 
9.774825037 8.664255636 
10.26036787 8.775962352 
10.45588254 9.429793141 
9.773646677 8.406656654 
8.966013896 8.809519567 
9.968797052 8.735882408 
9.218787873 9.196572523 
9.580894473 8.630777555 
9.192371676 9.020785314 
10.1807929 9.275607831 
10.76497812 9.329607977 
9.092222834 9.286184198 
9.313505175 8.516209805 
9.770144487 9.169907884 
9.733284176 8.423692389 
10.03316813 8.788768553 
9.292814069 8.988186446 
10.21270257 8.768988567 
9.119510789 9.66349113 
9.94620961 8.898544994 
9.116004689 8.525518611 
9.661470768 9.18599025 
9.173227997 9.117168104 
9.286423188 9.559567316 
10.24344743 8.35326058 
9.941583692 9.858948436 
10.0501889 8.970816549 
9.155803912 8.423303594 
9.397117086 8.561386936 
9.815262596 8.827513509 
9.46118248 8.450069094 
9.934133188 8.857655216 
9.696509439 9.853242251 
9.602507543 9.317214547 
9.692029791 8.662897175 
10.24934941 9.337220458 
10.5590734 9.394845936 
10.05602492 7.991293766 
10.10082873 9.061762985 
9.897945613 8.747667634 
10.076906 8.938997816 
9.507082003 8.216940144 
9.454306875 9.927845785 
10.11622321 8.572750327 
9.720228152 9.075804917 
10.12219874 8.907549706 
10.24797449 8.162504141 
9.885363322 8.681674491 
9.046709307 9.050517899 
10.08890579 8.693105784 
10.00987697 8.914429416 
10.2128515 8.557459517 
9.10365034 8.824132566 
10.04870579 8.703724699 
10.0948266 9.384177575 
10.33917908 8.167464974 
10.18849224 9.674741923 
10.13518949 8.750377873 
10.43721211 8.745354151 
9.684842388 8.485212493 
10.22765311 9.245099212 
8.867302186 8.394972843 
9.690969609 9.068774364 
10.0347452 8.753840081 
10.01164469 9.261251714 
10.18707928 8.826039126 
9.356750205 8.351852617 
9.234651368 9.743404219 
10.0564868 8.822682951 
10.28322682 9.232281429 
10.13476766 9.080924099 
10.2804726 9.067524382 
9.365338522 8.199022997 
9.451822498 8.283466351 
9.936825222 9.167000244 
9.473936369 9.75209401 
9.276636754 9.538391427 
10.03836831 9.24618223 
10.39798217 8.418573199 
9.915748567 9.138863219 
9.946049999 9.658694798 
10.11277064 8.547272911 
9.432439329 8.341122331 
9.382440853 8.163110712 
10.20655273 9.341394262 
10.35369072 9.127837727 
10.01880007 8.710575844 
9.513998399 9.611055463 
9.683553362 9.724210218 
9.915933982 9.310110647 
10.59233394 8.345739205 
10.21435215 8.214808181 
9.785527439 9.088079741 
9.968326852 8.888724967 
10.43273121 8.464599213 
9.644681863 8.506810922 
10.04254356 8.45411756 
9.693778106 8.74226466 
9.767396187 9.239252733 
10.35061622 7.969811042 
9.44916109 8.461103961 
9.82174056 8.598721443 
10.04574609 8.302541803 
9.953997215 8.861779364 
10.79432284 8.514371765 
9.106687781 8.586808429 
10.21968139 8.452434643 
9.603090725 8.732208196 
10.94357498 9.241863102 
9.109557293 9.042056691 
9.598180067 8.230398056 
10.30247783 9.263838536 
10.0210681 8.951989888 
10.63582919 9.707862654 
10.55703387 8.50527756 
9.97209448 8.893992684 
10.28104244 8.890726272 
10.20440388 8.696734899 
9.94253813 8.767956113 
10.00946035 8.997075165 
10.44830614 9.388096516 
9.941905071 8.969877975 
9.234248311 9.015152642 
9.948645984 9.531166597 
9.878404057 9.277141033 
9.91691956 9.140340023 
9.827292324 8.959453148 
9.974423495 8.607527544 
9.992396198 8.773317973 
10.92585812 8.376739339 
9.591634954 8.992675499 
10.62720851 8.706298973 
10.03002887 9.01909725 
9.180251756 8.69789046 
9.986486834 8.859708249 
10.13946585 9.291155219 
10.75883435 9.23043728 
10.60351919 8.256170214 
9.942390107 8.91992759 
10.60584631 7.933148898 
10.24342027 9.034905538 
9.480044135 9.573039747 
9.828866335 8.169779952 
10.5225294 8.791638083 
10.10528293 9.377012913 
9.540243292 9.808993298 
10.22514888 9.6341491 
9.278568044 8.309479782 
9.824801744 8.858940981 
10.62163423 9.502924916 
10.05194949 9.834186553 
10.08299294 8.937862347 
10.15451687 9.34664633 
9.832311248 8.928638577 
9.47804463 8.485991071 
9.635135156 9.269812709 
9.574919327 8.629984024 
10.81132058 9.644859817 
9.26798674 8.482708068 
9.738541803 8.654341142 
9.943331466 9.05505598 
10.08716811 8.917944012 
9.978193947 8.521719882 
9.575000448 9.283962493 
9.732721121 8.747125827 
9.52598314 9.138775794 
9.904027441 8.883694438 
9.74164014 8.95392257 
10.73368761 9.185025434 
9.774600844 8.060713103 
10.68552414 8.600529268 
9.743962094 10.00894983 
9.328403336 8.165734147 
9.849543558 8.394446696 
10.17498296 9.678920913 
10.3504656 8.416961479 
10.69584125 8.83250072 
9.865930197 8.804286648 
10.68517846 9.249019541 
9.902817466 9.44627953 
9.959384083 8.817044082 
10.00171798 8.801799751 
9.490945116 8.95700412 
10.64673461 9.495557505 
9.414052091 8.33071108 
10.1017147 9.739698584 
10.18228918 9.165675555 
10.60193198 9.465102342 
9.461058818 9.446855567 
9.285903289 8.37397584 
10.82019927 8.125869575 
10.00981695 8.882189698 
10.25020326 8.653832041 
10.13981636 8.91787146 
9.849269676 9.743198232 
10.1544585 8.507158728 
10.20780751 9.055952647 
9.792998169 8.737975717 
9.470572657 9.03173747 
9.321629155 8.746714676 
10.62028339 8.676419942 
10.39691618 9.870687894 
9.87599071 9.35407148 
9.869450552 9.183967028 
10.44205316 8.435595353 
9.878455619 8.920276616 
9.896438451 8.896810013 
10.6158799 9.471913396 
9.876934925 9.004625085 
10.28578624 8.437913978 
9.636604825 9.508192705 
9.766045998 8.570917454 
10.72126557 9.45600963 
10.22752798 8.661044211 
9.353536273 8.562050101 
9.902345695 9.343505982 
9.26541128 8.476257797 
10.46975713 8.749486758 
10.91432162 9.001716398 
10.8420471 8.262250313 
10.80434794 8.750304374 
9.920209346 8.886552069 
9.813737634 9.354220073 
9.940219618 8.848619089 
9.912190697 8.947067315 
10.02904295 9.018329302 
9.797379246 8.881131329 
10.63056739 8.090556895 
9.478780792 8.609575557 
9.883315511 9.098370283 
9.737875019 8.724773415 
9.765958596 9.766664287 
10.14799602 9.904908911 
9.987519492 8.804941743 
10.33793805 7.964279212 
10.89311183 8.480403852 
9.967682066 8.854366948 
9.766562219 8.391126982 
9.331071167 9.721557031 
10.07921665 8.888617024 
9.451358731 8.859216768 
10.65090438 9.77196537 
9.977321026 8.866114651 
10.20946317 9.1477475 
10.18050409 8.445231053 
9.385379734 9.185300475 
9.890696219 8.258157973 
10.7293181 7.996672091 
9.951397443 8.378346877 
9.089363078 9.386438444 
9.611771468 9.19179352 
10.89993728 9.257012461 
9.023066058 9.191575542 
8.890248205 9.282611203 
9.517933547 8.394568052 
9.797163169 8.676448644 
10.03315558 8.192808653 
10.69163544 9.050472172 
9.654445466 8.71564736 
10.00930803 9.47448467 
9.917266265 8.762622378 
9.551465863 8.442351137 
9.609534401 9.577554228 
9.768174995 8.761501323 
10.46382389 9.112896318 
10.31149238 9.948648608 
10.10634548 8.428571532 
10.52318827 8.696162908 
9.352211431 8.858702343 
10.65026826 9.079041285 
9.862867375 8.780260131 
9.812384567 8.880905663 
9.868792263 9.117757736 
10.30608432 9.867341223 
9.974081944 8.823413287 
10.16657246 8.51229291 
9.902029088 8.823311986 
10.80997406 8.301837988 
10.48084036 8.334315237 
9.742206636 8.889977918 
9.424286327 8.733862615 
9.855706107 8.480905879 
9.937943446 8.317373394 
10.95806479 9.383332222 
9.462449208 9.572390661 
10.757359 9.093153595 
9.481932786 8.454249933 
10.52313146 9.121405003 
9.957147395 8.770790112 
9.519348469 9.238577873 
8.871551296 8.462249965 
9.965455707 9.154501688 
10.3846208 8.622915954 
10.44508781 9.909705365 
9.637826484 8.50836201 
10.68154059 9.75599532 
9.923234415 8.816830774 
9.318192299 9.707704274 
10.60681092 9.290879553 
10.47853706 9.178265663 
10.33459445 8.895068708 
9.949511151 8.382085497 
10.00588089 9.566796269 
9.934779219 8.84075416 
10.17632209 8.41071118 
9.54429265 9.277800672 
9.977059642 8.860650675 
9.405606707 8.676402009 
9.735256474 9.061278703 
9.912891877 8.910981018 
10.07451883 9.335736272 
9.976217963 8.795946905 
9.76114297 8.955945584 
10.05889097 8.724500232 
8.904102368 8.531469577 
9.832420729 8.733880713 
10.1059153 8.968590737 
10.22984017 8.649438798 
10.27887959 9.274870828 
10.16771984 9.144108465 
10.08714266 8.53957928 
9.639344559 9.797230307 
10.3309902 9.740876338 
10.11207214 8.97350858 
10.43959605 8.361955864 
10.31970752 9.383996383 
9.880387739 8.702236708 
9.902864127 8.893914947 
9.882037886 8.657643885 
9.385120173 8.17170818 
10.03786661 8.810442874 
10.02673557 9.210516885 
9.436796763 8.864069672 
9.653816636 8.749716121 
9.959396121 8.524930023 
10.72993705 8.188439342 
10.28759425 9.304487068 
10.59453338 9.365935659 
9.78886401 8.830334085 
10.03098518 8.683458513 
10.63831208 8.199230464 
10.36587551 8.50571145 
9.927673176 8.926774415 
10.33141449 9.079792144 
10.58884715 9.590265478 
9.806784337 9.247297538 
9.69053142 8.219315071 
10.95939259 8.910879277 
9.464067657 8.580670478 
9.846642126 8.933783559 
10.06428008 8.677288845 
9.466977481 9.375161283 
9.890068431 8.92670708 
9.888990194 8.812257174 
10.58494777 9.786885728 
10.34752358 8.218006556 
10.32698287 9.035268509 
10.67393854 8.666967046 
10.48399981 9.144380365 
9.310931658 9.684575395 
10.44016136 8.622167119 
9.550101693 9.22151417 
9.972597995 9.596763898 
9.364184245 8.630317339 
9.933181025 8.916264918 
10.07327319 8.924134657 
9.478890969 8.38314502 
9.948569386 9.56607267 
9.431326595 8.517773053 
9.932616983 9.576437713 
10.68010797 8.848719648 
9.901121375 8.503877412 
9.897732743 8.862082547 
10.17499566 8.641557341 
10.28025284 9.267705095 
9.963556575 8.73804244 
10.31625525 9.849102544 
9.814707362 8.964417622 
10.60273092 9.28313371 
9.904000772 8.959669582 
9.996642484 8.842823856 
10.4635416 8.801188668 
9.724227214 9.074774062 
9.272980937 8.464109112 
10.42231124 7.863594118 
9.425509573 9.501192136 
9.941443042 8.872602656 
9.005682194 8.412101794 
10.04629149 8.726280394 
10.19216786 8.859051304 
8.841842146 8.51230957 
10.04600778 9.839684004 
10.13931403 9.6849794 
9.840464983 9.084746503 
9.797492571 8.928116652 
9.852675045 8.730504762 
10.90117575 8.202797923 
9.754220501 8.910421564 
10.25021508 9.397617495 
9.115167112 9.625692244 
10.51471847 8.642112431 
9.755300377 8.707854086 
10.27353487 8.115143746 
9.927564434 8.863708921 
9.996575381 8.245035527 
9.79911368 8.821837193 
9.694044548 8.445422434 
10.27962552 9.331374261 
10.9434812 9.175560662 
9.542145611 8.561311278 
9.668391399 9.13990526 
10.36863487 9.010258164 
9.898389221 9.880816719 
9.947788443 8.855605654 
9.988822559 9.701662547 
9.555516761 9.307993617 
9.528794366 8.418977635 
9.488855109 9.041051219 
9.351034395 8.817488858 
9.405158423 8.95432853 
10.10433308 8.83213815 
10.26344892 9.855796283 
10.46522445 8.495793181 
10.98726946 8.683136354 
10.20862097 8.644585133 
10.6792652 8.152004174 
9.358793378 9.341791193 
10.11384332 8.57302255 
10.14053884 8.323120321 
10.09917015 8.983341137 
10.70946112 8.993440626 
10.02433219 9.005622973 
10.69833341 8.470697371 
9.962725968 8.815469641 
10.1608371 8.907807527 
9.914876728 9.106909751 
9.298651532 9.581590704 
10.49248148 9.246765445 
10.03181171 9.471595648 
9.9485908 8.855699326 
9.593711842 8.418697051 
10.02342298 9.061941121 
10.31040472 8.399142015 
9.931921048 9.540338963 
10.0633339 8.180250711 
10.09746971 9.053886776 
10.27406682 9.316664067 
10.05815211 9.470068314 
10.43243423 8.096673522 
10.51141069 8.649228122 
10.02961017 8.603223694 
11.03995183 8.469755023 
9.554013745 8.611697993 
9.250722817 9.699197099 
9.901004959 8.679479973 
10.02579944 9.228922544 
9.884410262 9.445582986 
10.64108727 8.982612338 
9.914808385 9.14309333 
10.0988129 8.995821563 
9.361322385 9.739120273 
10.48821689 9.292488693 
10.1666856 9.015489706 
8.858259318 8.883475762 
9.151949495 8.935487219 
10.02397854 8.702036331 
10.83592188 8.482894962 
9.187036072 8.84641443 
10.20241412 8.574155166 
9.376133503 9.791859833 
10.04787459 8.712981317 
10.78751904 9.177709121 
10.18898101 8.847085679 
10.56361089 9.802661445 
9.844778817 9.516135782 
10.56022928 8.353613051 
9.622358936 8.775904355 
9.366311761 9.130297854 
9.262721472 9.093462664 
9.724034323 9.10613944 
10.12461224 9.068458402 
10.15154728 8.554527946 
9.176338874 8.464722837 
9.8413855 8.810029997 
9.783638385 8.080776241 
9.843050167 8.895838771 
10.21437378 8.777972373 
10.473164 8.469788106 
8.896426294 8.507608429 
9.574152843 8.714174322 
9.335764196 9.803275845 
9.394923745 8.943561688 
9.53858662 9.012420691 
10.4015892 9.194230452 
9.961394131 9.132361967 
10.2242399 9.095031189 
10.04290361 8.996490069 
10.05808758 8.823200137 
10.0976346 8.281318392 
10.99818717 9.257810138 
9.948748105 9.40783484 
10.5664111 8.027451069 
10.09152298 9.25270112 
9.668505228 8.904872014 
9.917412655 9.854460872 
9.046035131 8.340968262 
9.409752862 9.494952589 
10.57895802 9.297440265 
9.620296196 8.769636253 
10.06079098 8.896658331 
9.899791895 9.090467993 
10.41779459 9.811966906 
8.906565591 9.129061809 
9.577724382 9.427864383 
10.16799715 8.742334396 
9.684541437 9.335448261 
10.48852418 9.4851404 
9.192148486 8.518248972 
9.657186589 8.884433413 
9.076917681 8.907678815 
10.28431701 9.248656089 
10.09199643 9.129437509 
10.23218397 8.466562517 
10.23100146 8.962135441 
10.14050033 9.018324837 
9.940033612 8.856496278 
9.936282907 8.629693478 
10.30488974 8.536003422 
10.76140062 9.207314477 
9.977255273 8.07881417 
8.979543719 8.658521962 
10.33228993 9.307866802 
9.489037401 8.940002793 
9.458420022 8.473250628 
10.71140953 8.285799023 
9.756544119 8.891792601 
10.3740187 8.962571015 
10.2335353 8.460786504 
10.35413288 9.310221328 
10.22134335 9.506615046 
9.858839128 8.673078681 
9.67216858 9.045068785 
10.14118903 9.821930294 
9.802613285 8.943813799 
9.265758948 8.449707386 
9.612749093 8.414793846 
10.30520309 8.908434741 
9.810139791 9.155560612 
9.624406186 9.660949796 
9.879376335 8.902234746 
9.467585259 9.070021194 
10.79812754 8.523002229 
9.55399066 8.280545144 
10.82904829 8.698325577 
9.877372893 8.833509427 
9.682394942 8.588800107 
9.704733939 9.054655023 
9.298948951 9.045333323 
10.05914579 9.268558435 
9.625885833 8.541761905 
10.28072449 9.057426038 
9.853755774 9.012206369 
9.831859617 8.719754204 
9.783335847 8.097284738 
10.1133695 9.110208753 
9.685763585 8.428367859 
10.3353318 7.918182847 
9.970831333 8.873987927 
10.45187159 9.816209222 
9.881031265 8.795796738 
10.253029 9.392621279 
9.836667751 8.759684681 
10.16874612 9.660763605 
10.46129622 8.081164648 
10.02917077 8.540570333 
10.85732174 8.861940382 
10.13928026 7.958468164 
9.28956546 9.210314914 
9.941802644 8.873963179 
9.944561281 8.832082858 
10.61874312 8.826482658 
10.25497257 8.348909599 
10.2630914 9.440596672 
9.949373998 8.858190782 
10.35832248 9.119463878 
8.784801701 9.076949073 
10.02291561 8.688825144 
10.05341655 8.988512536 
10.31264087 8.963298563 
10.06705462 8.996648304 
9.324224909 8.773638773 
9.726572296 8.930631861 
9.950287724 8.839957694 
10.51541518 8.030334975 
9.281667863 9.53717511 
9.672333149 8.532721099 
10.46109479 9.007657826 
9.870364699 8.778618201 
9.926430051 9.820410537 
10.7851134 9.43815122 
9.943254188 8.762570792 
8.963132207 9.042205449 
10.56351554 9.188553025 
10.6538978 8.8302789 
10.71052219 8.305137609 
9.882890562 9.790097297 
9.275456216 8.323038468 
10.17153792 9.845612375 
11.00687631 8.971141831 
9.837675853 8.908107983 
10.02395003 8.492015881 
10.79609905 9.246395537 
8.999145848 9.431876268 
10.17487879 8.869142679 
10.49747633 9.581413216 
9.96304295 9.280646361 
10.07757011 8.688416726 
10.85522019 8.935676905 
9.849408261 8.347806988 
9.924946194 8.833744774 
9.161578161 9.733775632 
10.40439694 9.396441807 
10.11921953 7.95523157 
10.04104497 8.928111571 
9.05794288 8.436106202 
9.725862484 8.524029181 
9.803508679 8.922594477 
9.153788991 9.675402155 
10.43514962 9.168376122 
9.571416192 8.713884282 
9.194147267 9.567025782 
9.816323293 9.609897316 
9.835187564 8.953925014 
10.23658104 8.200224535 
10.98616415 8.966397536 
10.07145592 9.009793861 
10.13439919 9.080342278 
9.872252908 8.805509116 
9.580612524 8.486614495 
9.596743367 8.229198435 
10.90497713 9.334147257 
10.66673354 8.583503927 
9.950223002 9.182546774 
10.93111462 8.606808679 
9.954491913 8.808672254 
10.32225661 8.959057231 
9.820958232 8.813947634 
9.105654447 8.439719039 
9.958485778 9.107780075 
9.942589406 8.758831536 
9.889905573 8.731220446 
9.812728736 8.848150986 
10.17178701 8.748371146 
10.71734634 8.380024754 
10.6456521 8.201537204 
10.87543205 9.494440498 
9.87060239 9.153894597 
10.04481616 8.804771108 
9.369297242 9.262217666 
10.65329657 8.449680464 
10.62701819 9.432236411 
10.13931824 8.155711121 
10.03517158 8.948952012 
9.387635905 8.554870355 
9.74143213 8.68444315 
9.477112592 9.480785634 
10.5857772 8.082024781 
10.90946978 9.174264239 
9.967203094 8.83280218 
10.01063265 9.292700941 
10.17145911 9.334848029 
9.943522434 8.122916566 
10.27400723 9.137229344 
9.75524389 8.766084896 
9.911013963 8.801450626 
10.795177 9.619585752 
10.36681676 9.944577319 
9.77093072 9.806919307 
10.08763291 8.437675126 
9.690852025 8.658482974 
10.47415977 9.781240138 
9.830616202 9.279463413 
9.856700908 8.761498323 
9.847029599 9.488427883 
10.19211507 8.356399171 
10.65904395 9.472542654 
9.545043639 9.311783011 
10.41263344 9.482759233 
8.998182276 8.768153255 
10.05453794 9.071830113 
10.3843765 8.006893637 
10.3720506 9.0366907 
9.989868541 8.912883608 
10.23461247 9.806426728 
11.05436363 9.020552756 
10.74835688 9.280581217 
9.601736979 8.479531824 
10.00221737 8.947929618 
9.496600734 9.094630832 
10.55234415 8.605776748 
9.489149162 8.274616795 
10.03495973 8.767845289 
9.83114049 9.89041924 
9.584697401 8.839041971 
10.42172772 8.940571663 
10.4554687 9.6173183 
9.463877102 8.898874879 
9.412433366 8.353246907 
9.743702754 9.097326495 
10.58310637 8.052269762 
9.669463199 9.511090971 
9.55774267 9.882728556 
10.4781345 8.871700522 
9.835920553 9.630694655 
10.33990689 8.770176204 
10.29970259 8.417970259 
10.02793649 8.927322794 
10.23332324 8.775481071 
10.11735134 8.022277598 
10.76123842 8.922159427 
9.922047511 8.880856147 
9.9333989 8.788465811 
10.07939316 8.992827216 
9.130180405 9.560126092 
10.16594481 9.108675394 
9.219784641 9.270529198 
9.663933544 8.419022464 
9.673901483 8.819668164 
9.746273578 8.800811529 
10.03101523 9.959343408 
9.924263947 8.865999795 
10.02750019 9.210458791 
10.54391645 8.297663623 
9.233424569 9.359792418 
9.986288291 8.589978225 
10.51565799 9.235635131 
10.95613912 9.433954688 
10.03917939 8.847750322 
9.74792734 9.185612992 
10.43316983 9.246187567 
9.252870321 9.439035426 
11.05534972 9.209866068 
9.530787417 9.290748598 
9.174114997 9.706046712 
10.29677481 8.636212315 
9.86967432 8.863723667 
10.16713867 9.447636473 
10.07860464 8.764618662 
9.094169159 8.461159567 
10.25838434 9.064755316 
8.99125923 8.390736496 
10.62111755 8.02428789 
9.9527242 8.766837633 
10.04086076 8.842946756 
9.283696776 8.764920854 
10.14019266 9.348470371 
9.643533205 9.104649506 
9.497714982 8.818777749 
9.79357735 9.41973405 
10.5695049 9.257940682 
9.922379648 8.86880002 
10.32973702 8.606738861 
9.323758758 9.387758588 
9.152725536 8.515066522 
9.208624629 8.765519475 
10.9868956 9.053251183 
9.459665924 8.852043864 
9.905501038 8.739293012 
9.66063863 9.644596891 
9.335843866 8.473696748 
9.298441564 8.960622255 
10.17033978 8.786197794 
10.31257494 8.504714846 
9.135723998 8.841796531 
10.62236858 8.329721012 
10.45703347 7.894185045 
9.903696583 8.377017368 
10.27924919 9.19219771 
8.86537992 8.943820222 
9.249147967 8.606866308 
10.02431659 8.855570834 
9.231255959 9.745952011 
9.75022394 9.28588837 
9.938328281 8.854882545 
9.921356567 8.476682512 
10.44599769 8.950981542 
9.338101205 9.252949632 
10.10989728 8.647372461 
9.859661819 8.92641222 
10.40408728 9.467525716 
9.422072516 9.771638113 
9.918766677 8.59795425 
10.81967025 9.450446586 
9.606852091 9.240678894 
9.871277519 8.411428792 
9.749823621 8.733952466 
9.898480211 8.680103794 
10.90284482 8.496090394 
10.20893787 9.196174351 
9.478177401 8.302788362 
8.978841589 8.443352512 
9.565178823 8.87091192 
10.70448276 9.746037896 
9.327058126 8.826615206 
9.806527777 8.456644698 
9.920460241 8.839540593 
10.61149038 9.662245738 
9.551010901 8.507590965 
9.799536377 9.134259359 
10.01469775 8.570264648 
9.86029365 8.807534868 
9.475021321 8.176071707 
10.53950416 9.353017094 
9.81354352 9.021330554 
10.14603243 9.034385754 
9.901294765 8.662304829 
9.45466051 9.751635943 
9.590596693 8.653359518 
9.864352439 8.825703092 
10.45425402 8.231767752 
10.13206485 9.414973803 
10.35239377 9.33637885 
9.852530919 8.813813534 
9.572142683 8.948519314 
9.894829646 8.753940456 
10.63284586 8.859881079 
9.457109817 8.110402742 
9.344203459 8.012052617 
9.426185768 7.945520077 
9.354283107 7.996302855 
10.45434233 7.79654688 
10.39014025 7.813335071 
10.12355291 7.72306951 
10.19471885 7.791935956 
9.622169553 7.92413005 
9.477139739 8.072380771 
10.09564922 7.720072008 
9.428567712 8.021443532 
9.114387231 8.176722004 
9.242583646 8.104949818 
9.319262628 8.097007574 
10.27531595 7.754349442 
9.279443536 8.16306255 
9.192822248 7.952238458 
9.169344521 8.039437248 
9.380654096 7.903471828 
9.78516222 7.843338851 
9.511251511 7.868158778 
9.288234871 8.027318211 
9.552898297 7.994649813 
9.819136601 7.784420434 
9.451473992 7.888971376 
9.273806938 7.942452405 
9.641938833 7.828217828 
9.53259447 7.970070851 
10.19788247 7.796003247 
9.24579272 8.093615107 
10.41333316 7.776732419 
10.22266353 7.871229937 
9.277374562 8.119171676 
9.259643323 8.075754336 
9.370748378 7.985286813 
9.993992466 7.749475133 
9.674428697 7.857912091 
9.025745166 8.133795156 
10.11909716 7.788203445 
9.867032838 7.746301231 
10.12417633 7.736053447 
9.497713779 7.810001617 
9.547226443 8.089439835 
9.546968602 7.876533564 
9.412545446 8.109896571 
9.972394898 7.788180537 
9.303652682 8.140332581 
9.959076388 7.810827965 
