-0.1318628044 7.667340169 
-0.299027113 7.055599354 
0.2236241766 7.866202318 
-0.03391315602 7.230993527 
0.00127858699 7.306868828 
0.2292104977 7.443810311 
0.3344831902 7.313100596 
0.3498369877 7.776612099 
-0.0123918997 7.392205959 
0.1195649512 7.45974694 
0.275079509 6.769020817 
0.08017841348 7.289482134 
-0.1077768616 6.232393246 
-0.4620460794 7.794275724 
0.2683959912 7.505905476 
-0.09233060183 7.599047401 
0.1427941317 7.428268183 
0.3657112184 7.737692821 
0.5869900283 7.192252952 
-0.2330175192 7.538729381 
-0.3106274626 8.245928196 
-0.3089702809 7.777900741 
0.09212428057 7.748955023 
1.202610186 6.703082185 
-0.1097572885 7.503538148 
0.3588679712 7.191212274 
-0.3815758192 8.462685437 
0.2158012214 7.497719464 
0.7185318604 7.563597833 
-0.08411751605 7.582212152 
0.04625772359 7.586509674 
0.7859604153 8.100094462 
0.1713473447 7.461556113 
-0.05382117415 6.684117018 
0.7514322565 8.045272254 
0.04343979115 7.26037567 
0.4178607673 7.303338133 
0.5104752777 7.556215004 
0.5472199011 7.330211982 
0.6894750881 7.700864638 
0.3738946801 7.434520423 
0.1745529012 7.232766094 
0.3207174321 7.25762881 
-0.2020639708 7.836995793 
0.6358303222 7.94612777 
-0.2887824163 7.064668876 
0.2769502045 7.422967466 
0.2503382514 7.422352343 
-0.584760469 8.203902202 
0.302527855 7.038151156 
0.07281829452 7.979905611 
-0.2097755462 7.116758958 
0.04927062871 7.261731408 
-0.1349229965 7.653663529 
0.1241865227 7.524840706 
0.7977221272 7.643547519 
0.5971062177 7.296782293 
0.2429400726 7.721955699 
0.1422130436 7.490132456 
0.2705506357 7.252482992 
0.1464268771 7.407574846 
0.2695817887 7.540702553 
-0.2188311264 7.357644654 
0.3585049433 7.065439771 
-0.291451982 7.473817496 
0.3203602303 7.575214467 
-0.01688009156 8.204131995 
0.166797021 7.365876371 
0.0684588272 7.293946613 
0.2837774253 7.612978066 
0.7471171794 7.788790252 
-0.207153804 7.532832496 
-0.1643169621 6.559365207 
-0.4578040559 8.089127935 
0.4960133962 8.361374994 
0.2629504418 8.027801955 
-0.3997104322 7.318462308 
0.4747173931 7.629503386 
0.2531728749 7.514453422 
0.8870175574 7.0518599 
0.1757717287 7.417815329 
0.328526372 7.754792772 
0.02343411557 7.619850838 
0.2655307823 7.255386967 
-0.5856257579 7.019993625 
0.2147962882 7.427557266 
0.2018018871 7.45381615 
0.03427477 7.147032092 
0.1146655479 7.388118967 
0.6059819542 7.770702962 
-0.4616821606 6.801241694 
0.3379655513 7.322312881 
0.2295645797 7.89603081 
-0.2079927891 7.107176833 
0.3613355963 7.249974114 
0.1617661521 7.504350871 
0.3202166275 7.132938303 
0.4705897303 7.297300672 
-1.064388452 6.986768332 
0.2442514701 7.531699598 
0.7151545838 7.308622601 
0.7311882667 7.684343112 
0.1049880885 6.724226815 
1.002726462 6.858390652 
0.4425551275 7.862686445 
0.5709531032 7.391356689 
-0.07898672568 7.677222161 
0.06133943059 7.874543073 
0.666790596 7.021575755 
-0.003106730408 7.45785809 
0.2324909856 7.37453888 
0.07593128 8.113375675 
-0.4484326491 6.669762888 
0.4615732628 7.864717106 
0.08926052463 6.607353383 
1.19066349 6.483468175 
0.3389945067 7.026302747 
0.1557218642 7.413020505 
-0.2563448699 7.577165979 
0.212733372 7.385666058 
0.5974277625 7.192399982 
0.09702272837 7.388362973 
0.2619674217 7.553711555 
0.7398110205 6.827574103 
-0.3657209797 6.80316926 
-0.04004685539 7.244124665 
0.2157555941 8.29761765 
0.1717352935 7.421641645 
0.523286667 7.127160054 
0.8171340848 7.26054254 
0.1722257728 7.420830058 
-0.1290392511 7.337110475 
0.04284727459 7.068129181 
-0.06035582038 7.299975039 
0.3969535336 6.925624511 
0.2430179373 7.567959497 
0.5257622202 7.70237635 
0.3419636151 7.958884941 
0.331306908 7.187501472 
0.3892335917 7.990720383 
0.1821109057 7.16623507 
0.1401795107 7.451497684 
0.01287328511 7.573064334 
1.108858686 7.856141844 
0.08586391764 7.468217804 
0.4964805556 7.504607036 
-0.1067955205 7.173392237 
0.5026128354 7.387303058 
0.2541551232 8.042523225 
0.1726853123 7.421118696 
0.3984171986 7.6273901 
0.185714067 7.456670539 
0.8815458834 7.617628409 
-0.3297050627 7.472029246 
0.1244940519 7.004417637 
0.9621915749 7.465132649 
0.5956236634 7.501390477 
-0.1803112369 7.279808468 
0.08374905012 7.330183185 
-0.1514856171 7.13978208 
-0.2162661485 6.909202287 
0.3601377918 6.814705385 
-0.6945649516 7.938589511 
0.0986860544 7.283922786 
0.01803673944 7.352357454 
0.9187879626 7.675436357 
0.1466879597 7.52215988 
0.4589077905 6.825888574 
-0.04404559181 7.835754965 
0.3116395323 7.366141219 
0.02125771294 7.277309878 
0.2154244338 7.296944133 
-0.2758703972 6.909712756 
0.1787680726 7.680240849 
0.8706997578 6.096201508 
0.123291299 7.410734254 
0.1262207526 6.916285638 
0.3225992725 8.190388847 
0.1101681361 7.373685596 
0.1448559921 7.553843888 
0.1994404602 7.628516813 
0.1645882491 7.382729137 
0.5215503376 7.205452866 
-0.5419536829 6.703195653 
-0.1541957955 8.116260619 
-0.1740832881 7.284293705 
-0.03072811739 7.076055986 
-0.01059969446 6.771173048 
0.8047467447 7.775402062 
0.2281191773 6.747288916 
0.201437478 7.429735004 
0.7686999468 7.836912607 
0.4373537548 7.69516493 
-0.2895793903 6.805568564 
-0.6890480457 6.623307676 
0.203264002 7.42787363 
0.03137043818 7.324855618 
0.9002039893 7.93057127 
0.1102141189 7.499295583 
-1.027588084 8.314445741 
0.423016011 7.664590938 
-0.1175006039 6.841946375 
0.1489735904 7.377748549 
0.3190578585 7.197620401 
0.5321589623 6.87143589 
0.2734457586 7.755299997 
-0.08451218937 7.198665134 
0.7056382613 6.918684562 
0.2046603958 7.39392939 
-0.8508983699 7.62035118 
-0.219160715 7.21363514 
-0.01251208526 6.826711523 
0.7895058518 7.514354015 
0.265752804 7.500745926 
0.3531453433 7.713903939 
0.1710619237 7.970989416 
0.1983072808 7.377471662 
0.7557799375 6.99658047 
0.1900145135 7.355585165 
0.4485587355 7.740349163 
0.3920292062 7.849743048 
0.6582107298 7.065303528 
-0.1572390955 7.544598575 
0.0828211883 7.533969439 
0.2302025512 5.825071082 
1.019207412 6.34634818 
0.2004659413 6.504568726 
0.194579548 7.649408956 
-1.009043976 6.226651421 
0.0662226969 7.556351083 
0.1866092842 7.299728084 
0.3095313973 7.792336758 
0.2175828514 7.751748741 
0.4661156937 7.616929136 
-0.2853967052 7.655391133 
-0.8810048815 7.524402779 
0.1735323967 7.306739394 
0.03275627136 7.512290704 
0.169990513 7.420156632 
0.1949792066 7.595046992 
0.9545441011 7.370111857 
0.09826066653 7.268559955 
0.05435651066 7.420974573 
0.08327681085 6.937940844 
0.509423284 7.344517819 
1.13832926 7.69827545 
0.04580164734 7.335144592 
0.1903756639 7.435325098 
-0.5497677254 8.005232847 
0.4867017334 6.996247443 
0.219685705 7.240093064 
1.386456676 7.625106699 
0.4303528386 7.293288679 
0.2074145592 6.554535286 
1.18289622 7.227786986 
-0.9125990893 7.643795593 
0.2530532505 7.316439177 
0.9054393797 8.10103413 
0.2099174178 7.359182941 
-0.6031516508 6.56985846 
-0.2054866668 7.683376255 
0.3249926892 6.144208593 
0.2592173748 7.53083187 
-0.2031431171 7.066723673 
0.4981855623 8.355520141 
0.2457236507 6.871675401 
0.2853774554 7.540149705 
-0.2743489267 7.472225548 
-0.3763185288 7.09402411 
0.493086109 7.259052377 
-0.0158818315 7.475127991 
-0.3154945302 6.871407523 
0.4929891349 7.010847622 
0.2080424793 7.619232667 
0.1683260237 7.420517521 
0.1073694733 7.436969415 
-0.1152126311 6.996911303 
0.376137089 7.266682668 
-0.362227399 7.513688889 
0.4575534506 7.251648583 
0.7349001061 7.602981776 
0.2899682975 7.590806461 
-0.357931169 6.725960128 
-0.2524461347 6.99006061 
-0.487453512 7.31035219 
0.02336222187 7.824208067 
-0.4375932201 8.133630963 
0.2810845995 7.363238623 
0.06846838713 6.664555933 
0.9467766692 7.060382776 
-0.6690977575 8.186446622 
-0.5278496302 8.323269525 
-0.07795979359 7.500148785 
0.1789368465 7.461628622 
0.8570564842 7.581404835 
0.7373604722 6.538791463 
0.2872727062 7.253511426 
-0.8060996658 6.279978872 
0.3321638327 7.726725438 
0.001866430574 7.20559667 
0.2517209525 7.363217145 
0.3721496347 7.457807781 
0.2955398621 6.977452437 
-0.5716771474 8.221374753 
-0.2569953603 7.130389154 
0.1903974266 7.42153196 
0.9860239698 7.207060974 
0.511428839 7.417124176 
0.1573567702 7.285038645 
0.008526534837 7.701621729 
0.4928728981 6.775137894 
0.1296030735 7.413720204 
-0.3943756789 7.566354545 
-0.1976285144 7.458161996 
0.1210787952 7.400111154 
-0.3787498942 7.615669206 
0.5387933387 6.676620362 
-0.4948187936 6.729477195 
-0.2046586515 7.548351124 
-0.1795407123 7.710347846 
0.3001009436 7.633134595 
0.1992030565 7.69882924 
-0.1761005357 7.750973544 
0.4604758582 6.97334579 
0.8362987025 7.767167592 
0.03847306651 7.525119618 
-1.218597257 7.221347336 
0.2228698797 7.477503021 
-0.2968323957 7.502649601 
0.1223480427 7.25331626 
-0.3549584066 7.305114504 
-1.622478121 6.335290588 
0.4803523603 7.131539184 
0.1044291336 7.516368537 
0.1663171468 7.424176303 
0.4107326283 7.926327006 
0.8865312842 6.843311266 
0.05985458075 6.793422262 
-0.2559547623 7.476261127 
-0.4464385779 6.670264181 
-0.008868158643 7.90278405 
0.3287259003 7.240234534 
0.107721278 7.538686879 
0.6857788452 7.295201636 
0.1886989481 7.552218884 
0.5625055632 6.698610311 
0.153882698 7.432816327 
0.2690188817 7.326715412 
0.4337391806 7.009713268 
0.2328411834 8.003637165 
-0.5757956038 8.482520158 
0.9385263987 8.111133149 
0.1247011022 7.512086148 
0.272379568 7.801700554 
0.2799599248 6.99204746 
0.3603159577 7.624102696 
0.3240053881 7.719223414 
0.6177597619 6.856508411 
0.3402692213 7.065211016 
0.1748449019 7.457749995 
0.1638301571 7.291389154 
-0.255199781 6.987423687 
0.3007043864 7.105092795 
-0.3767045409 7.062240413 
0.418920715 7.620400854 
0.1182359659 7.430195025 
0.5811371382 6.832450627 
0.05212400455 7.300263461 
0.06893365071 7.526437186 
0.1577866376 7.411524392 
0.6335499261 7.922055773 
0.2170954722 7.422861054 
1.491532808 6.54025795 
0.2900599857 7.272793847 
-0.6808892131 6.827458891 
0.3351352661 7.024806663 
0.002302368528 7.603857405 
0.613209055 7.718931937 
0.1536385805 7.296149041 
0.2229385345 7.368966206 
0.3191659407 7.339448049 
0.4263234437 7.38529558 
-0.3802448927 7.009115468 
0.3499675737 6.867770693 
0.2565437744 7.391607371 
0.9576874887 7.635063028 
0.2529197017 7.50235297 
-0.1955701665 7.240456487 
0.1937757634 7.48305063 
0.2077099148 7.28130645 
-0.2732861423 7.140613015 
0.2791160795 7.392002308 
0.0143109986 7.228083073 
-0.1940087064 7.414596246 
-0.4032559926 7.32577808 
0.02506083422 7.554009917 
0.08606609066 7.269008945 
-0.7104647064 7.168358889 
0.5259494123 7.79468399 
0.4071158711 8.067381115 
0.9634839473 6.905846925 
0.02628441774 7.539064435 
0.1663811022 7.422048683 
-0.6736683903 8.276974454 
-0.3734566506 7.55729245 
0.2299704263 7.384459491 
0.1706821779 6.752706836 
0.2301413724 7.448376611 
-0.2380964184 6.668524601 
0.5221014422 6.142804913 
0.3348257676 7.623317036 
0.1068215934 7.425348499 
0.1605663273 7.410162374 
0.4185290567 7.764066844 
0.0741480266 7.222683769 
0.3367813579 7.321801751 
-0.6454046715 7.455139673 
-0.7735341894 8.014584315 
-0.03745422409 7.545521788 
0.4771108565 7.504470041 
-0.5430610752 7.822581683 
0.3549893445 7.313422836 
-0.4760934613 7.072051732 
-0.5983445122 7.731193159 
0.2360238659 7.412442012 
0.5213395918 7.245358218 
0.04301944886 7.488670079 
0.3754501552 7.494041583 
-0.1536292412 6.216699808 
0.4076266469 7.463693241 
0.1745587505 7.273282007 
0.209294184 6.960126035 
0.04606987802 7.848914845 
0.2410010854 7.401692414 
0.2893793055 7.343776871 
0.3425799094 7.322969052 
0.5554897912 7.663344127 
0.6681928382 6.018786707 
0.09988889445 7.340709604 
0.02532751837 7.474066054 
0.1999508397 7.399383615 
0.2502694874 7.457990767 
0.001572303973 7.681143941 
-0.9954513514 7.774612175 
1.120055815 7.085688808 
0.4239835694 6.660472133 
0.0001560613565 7.118963052 
-0.3937261089 7.547562632 
0.3304183943 7.178191859 
0.3411711516 7.622861472 
-0.8045917348 6.680353686 
0.4021885346 7.979749739 
0.202430672 7.469825385 
0.3742721407 7.369477006 
0.2692923066 7.520201438 
-0.01400250911 7.917998211 
0.4427631027 7.037046057 
0.7390339393 7.616363969 
0.2404155208 7.504139848 
0.339146781 7.545118854 
-0.1547733828 7.49594851 
-0.8479453519 7.455806005 
-0.1428652445 7.808037026 
0.5473603761 6.857634798 
0.9509457211 7.007087 
0.1465543361 7.407158398 
-0.006385958223 7.257279702 
-0.5589554113 6.577366538 
0.1095886712 7.516304637 
0.634857081 7.878436794 
-0.4312903246 7.219513493 
0.5439353366 7.175260661 
0.2161610039 7.343458746 
0.6516680649 7.699415684 
0.5667347933 7.113038141 
-0.1945165069 7.518888997 
0.1002320937 7.46261591 
0.5144453324 7.730654167 
-0.3192270192 7.343556669 
0.200340938 6.999357432 
-0.4966229515 7.385520218 
0.2779675759 7.238098176 
-0.1048292223 7.28832007 
0.2725731604 7.735446908 
-0.6377141634 7.682751618 
0.0313053229 7.607519993 
-0.1833258798 7.279758785 
1.053080005 7.53125087 
-0.2212057218 7.107697474 
-0.4451475767 7.099128898 
-0.3441497303 7.634262781 
0.260183755 6.79690886 
0.1603879786 7.412585106 
0.3704384725 6.760681284 
0.1563411692 7.395702614 
-0.07348680288 7.81960001 
-1.104058982 7.478798517 
-0.7590618417 7.861460662 
0.731334395 7.128868531 
0.3870262256 7.231859664 
0.3420766692 6.956788154 
0.2826706553 7.292452428 
0.4704054649 7.087589967 
-0.7918850592 8.008465422 
0.270825058 7.476144124 
0.1410994211 7.480179635 
-0.2981330774 6.422899632 
0.7509535547 8.025134209 
0.3362193205 7.442215747 
0.1296847313 7.241825751 
0.1809576549 6.181693259 
0.8118641253 7.82459934 
0.3001818 7.475345676 
0.04558104955 7.606669849 
-0.7259051085 7.599171966 
0.2412599559 7.647449802 
0.00799643631 7.050785733 
0.1935292479 7.448340864 
0.1229064747 7.291747912 
0.1638485351 7.415823714 
0.418786379 6.907533046 
0.1540832571 7.409542833 
-0.006213497732 7.567838628 
0.2754308323 7.30868413 
-0.3480837096 6.403502109 
0.3168113366 7.493694568 
0.1026118903 7.199590377 
0.392138164 7.715782807 
0.1361213504 7.430135516 
0.3174739903 7.613748898 
-0.2628962327 6.826980607 
0.05962951851 7.322383077 
0.5373447663 7.17543503 
0.1686383513 7.440158694 
0.3888381846 6.631548516 
0.5729854672 8.344166834 
0.07656045832 7.505988035 
-0.4734039281 7.977856108 
0.6863495247 7.21180173 
0.06442336977 7.728446405 
-0.3575891459 7.055726619 
0.4060092107 7.602828326 
0.3822065333 7.808332004 
0.03609757926 7.38011455 
0.2323809371 7.49653781 
0.589187615 7.85926207 
-0.1915330503 7.052311279 
0.3478411947 6.899037939 
0.07022122485 7.620613717 
0.1802025371 7.389457057 
-0.04384819529 7.397634095 
0.2410726165 7.239661591 
0.1924547549 7.434531956 
0.9078092862 7.600048811 
0.02032109671 7.928542024 
-0.183062181 7.553287734 
-0.151137734 7.436926027 
0.1570786349 7.341849128 
0.1499515197 7.442805596 
-0.5539092483 6.725066494 
0.4048295181 6.350769913 
0.1977167063 7.414165636 
0.7053160271 7.244099901 
0.3987056665 7.106185855 
0.3653725982 6.713830279 
0.1901278878 7.585175713 
-0.1024128234 7.706248679 
-0.01659392179 7.03621332 
0.09790326768 7.482336435 
-0.6644555957 7.130992916 
-0.4237099984 6.796804791 
0.07936905545 7.960425103 
-0.2863635642 6.97611724 
-0.3466061762 7.431414003 
0.3321214368 8.302806565 
0.0729407653 7.426275658 
-0.3047014661 6.675813601 
-0.05744955255 7.571741525 
0.09148061169 7.421958592 
0.06457454345 7.33346034 
0.4733391963 7.190108125 
0.4524724792 7.167665631 
-0.5588538304 7.522223649 
0.2682698644 7.332906557 
-0.3764558824 7.982115753 
0.6992140469 7.836985722 
1.164924683 6.978554384 
-0.215649432 6.474979843 
0.5166498719 6.919863305 
0.1032651354 7.449102548 
-0.1707690873 7.156439775 
-0.292798297 6.917314398 
-0.2699892244 7.127787402 
0.315839503 7.606106108 
-0.0291028781 7.583880796 
0.1001015368 7.016748753 
-0.5339060253 7.940925635 
0.06568021094 7.492971818 
0.5470315363 7.738678286 
-0.09755474789 7.634403233 
0.1608521542 7.411864387 
0.1893468811 7.565198254 
0.3728480559 7.574232848 
0.0954209378 7.431551368 
0.07458929877 7.674928025 
-0.4760945118 8.192359697 
0.3711528694 7.44230669 
0.108371465 7.329318265 
-0.4575542199 7.729145057 
0.16396732 7.422844 
0.006359733163 7.371401375 
-0.4550781813 6.513966425 
-0.2377283774 7.021167945 
0.2613001835 7.556478434 
0.7209108209 7.158226259 
0.03299978849 7.211714256 
0.4794030828 7.648469665 
-0.4217524299 7.639593527 
0.6804387043 8.336537111 
0.4160226538 6.080076925 
0.3459006857 6.791516009 
0.2952663032 7.031646574 
0.3456929273 7.1214222 
0.5446420953 8.043446384 
0.5188194806 7.268101501 
0.5898250901 7.658882599 
0.623074293 6.891820466 
0.09922362517 8.39843882 
0.04309568201 7.796196399 
-0.442996981 8.291564686 
0.380788874 7.670778756 
-0.06252806209 7.190762296 
0.455855324 7.721632803 
0.3246561356 7.506268251 
-0.1092303152 7.477280692 
0.6065187473 6.88325247 
0.4616479361 6.991756372 
0.3522157204 7.416896204 
0.0906656677 7.539832833 
0.270790788 7.577380345 
0.8364191411 6.953455021 
0.3543138991 7.49373951 
-0.04764990495 6.753044133 
-0.1522537214 7.665557606 
0.9058331417 8.241601549 
0.1550286016 7.359277593 
-0.6928809183 8.184518662 
-0.05898629653 7.93053923 
0.8405050914 7.872799975 
0.2877523112 7.68736843 
0.3112755202 7.378530518 
0.2260344454 7.058991691 
1.1030923 7.58251073 
-0.2518167052 7.146404959 
0.5460265414 7.851852883 
0.6313537989 7.851453348 
0.2493829585 6.999075741 
-0.2205897493 7.753206206 
-0.1100806529 7.734856003 
0.4590527451 7.717868987 
0.03425934033 7.33561169 
0.05186954643 7.363108347 
-0.2051455224 7.773102196 
-0.2530252087 7.005355032 
0.4435858902 7.077891895 
-0.2000598619 7.440633502 
0.220580394 7.037634134 
-0.1747916335 7.43258691 
0.04249749179 7.514681225 
0.3315840466 7.384284061 
0.5202130294 7.186968602 
1.25070321 6.399524933 
0.06848468718 7.39389182 
-0.1598952012 7.246834203 
-0.02193334188 7.339732638 
0.1717110333 7.429159784 
-0.09402660915 7.592850142 
0.09284207081 7.520160323 
0.1839644459 7.372342738 
0.366937334 7.537884241 
-0.4558276926 6.952328354 
-0.5293582182 7.484249691 
0.4478047304 7.205833349 
0.3585598239 8.072588011 
0.2317476478 8.007426071 
0.1251117049 7.200726393 
0.4624091213 7.251050407 
-0.4711256989 6.737424983 
0.2778443133 7.300225814 
0.7560761246 7.975601772 
0.6102804396 7.403824411 
1.280968371 6.978322048 
0.6041694243 7.888804022 
0.4714653832 7.19465902 
0.1256188309 7.617829246 
0.7568752318 7.823621822 
-0.8989140232 7.255209681 
0.333100779 7.391825102 
0.5356291788 7.434680412 
0.06077827462 7.236543177 
-0.4770900501 8.307603546 
0.4880102198 6.987778021 
0.129073105 7.457965763 
-0.1775146352 7.563965773 
-0.08317194802 7.420237057 
-0.03673379555 6.941469933 
0.09832456545 7.44643834 
0.3295825356 6.687633546 
-1.007784413 6.64911058 
0.3415333987 6.751893207 
-0.4106079584 7.985748323 
0.1098765569 7.339128418 
0.8659181629 7.858763623 
0.0173413327 7.765393531 
0.4327557626 7.620499659 
0.4281715284 7.687859368 
-0.005924080242 8.448138599 
-0.5982429125 7.139727438 
0.1802306111 7.668800468 
1.199384634 7.656734231 
-0.09043110721 7.200227223 
-0.08268983534 7.278500609 
0.1192383549 7.331541906 
0.1323156206 7.410144303 
-0.08298225782 7.082151614 
0.04038053591 7.357894445 
-0.5276721656 7.23965845 
-0.7351304664 6.984644443 
-0.3705478684 8.094315964 
-0.07739021996 7.536308062 
-0.1070132347 7.424461982 
0.009087300561 7.70020166 
0.1305922004 6.900624871 
0.3183954221 7.488843699 
0.7010244305 7.109593493 
0.07111926229 7.331498711 
0.6491906835 7.488478455 
0.1232173767 7.469343867 
0.1878926713 7.405033703 
0.2200069096 7.068037859 
-1.127276384 6.896419587 
0.2390321105 7.169562924 
0.7258950383 7.567510008 
-0.4713647706 7.761462589 
0.02575656869 7.525729264 
0.1234648256 7.125979 
-0.2125518647 7.036710669 
0.08214829927 7.585082952 
-0.1701526055 7.406984035 
-0.1467652021 7.340570144 
-0.6113771513 8.377354611 
0.1947802533 7.436474328 
-0.4285480684 7.331545585 
0.3212670079 7.627864371 
0.02597767394 6.764208991 
0.1843726389 7.381172259 
0.5964981488 7.873582878 
0.1713362067 7.436811358 
0.7657213053 7.796071997 
0.6309797157 7.758409918 
-0.0744062358 7.738506674 
0.2700926489 7.510860789 
0.4602620428 7.364693564 
0.1791255711 7.431033681 
-0.08543392458 7.163808318 
0.152337109 7.44188984 
0.2616230747 7.178699405 
-0.1123298451 7.852527331 
0.3971590791 7.622491 
0.144808133 7.760675265 
0.001074381352 7.155297054 
0.176911185 8.089527626 
0.06049849555 7.350154683 
0.07392231421 7.388550439 
0.3072262782 7.267871574 
0.1530414986 7.469021508 
0.7053581157 7.321422353 
-0.5281029834 6.754482102 
-0.7670889936 7.395883664 
0.1575080288 6.938772906 
0.7060257422 7.511608688 
-1.67204743 6.656336897 
0.1274288463 8.487622796 
0.09399420748 7.419971942 
0.08974985236 7.388301537 
0.2032597677 7.537622608 
0.3714353085 7.25321102 
0.2893621638 7.4407175 
0.7510571559 7.323105936 
-0.01046432273 7.636920334 
0.2608602574 6.819111755 
-0.1713097681 6.396712491 
-0.4214746307 7.630172983 
-0.1784568216 7.129451767 
0.2439907411 7.213560204 
0.1774843641 7.494300587 
-1.391964953 7.432384504 
0.1598094582 7.394646368 
-0.8483761102 8.21583909 
0.3401576559 7.394378412 
0.2429548619 7.677081519 
0.4730725618 7.158647109 
0.03410050466 7.379741042 
0.4142918691 7.443608575 
-0.1069931367 7.699443908 
-0.04711208241 7.21561545 
0.5095084002 7.673095895 
0.04628020442 7.535350094 
0.0008294462903 7.820641726 
0.1486803517 8.078627737 
0.227151907 8.138553212 
-0.660035094 7.25801042 
0.07781873737 7.069012097 
-0.8276242174 7.876894265 
-0.2009056232 7.280594325 
1.270420581 7.306274623 
0.5120870267 7.727763675 
-0.6263634736 6.596769612 
0.3195997661 7.737338756 
-0.5185876155 7.543497929 
-0.6647839751 8.116173075 
0.04565349615 7.623339828 
-0.05737358261 7.224318774 
-0.5541935459 7.306793737 
0.2084111241 7.528621508 
0.2070777491 7.438713329 
0.05593708709 7.14559037 
-0.5710208537 7.170485428 
-0.02077301511 7.320638157 
0.2018265239 7.551549373 
0.2644953282 7.45181394 
0.3714547739 7.437564112 
-0.01781104455 7.808048093 
-0.2494441338 6.670670975 
-0.1325824342 7.516635152 
-0.6811217168 7.003696943 
0.2322023851 7.515646317 
1.078765831 7.016713157 
0.1679325548 7.422487726 
0.3266853796 7.354724358 
0.2967769012 7.623438988 
0.1909153982 7.472317664 
-0.6677492886 7.501390179 
0.2028091636 7.536678703 
0.154161584 7.502181833 
0.4601104212 7.254550826 
0.3937254244 7.628225676 
-0.1139925918 7.031033887 
0.4129849608 7.648607195 
-0.4257167737 7.157174525 
-0.7046764883 7.136763838 
0.05334681984 7.538869309 
-0.6183623877 7.410413345 
0.05841604719 6.105676144 
0.1672855021 7.415882689 
0.3659136999 6.786752488 
0.194290349 7.46085576 
0.489252473 7.123334741 
0.0222718285 7.638314417 
0.2539420226 7.528794747 
0.4315482732 7.669837386 
-0.06600854857 7.122771081 
0.1287326702 7.413833057 
0.6667084841 7.078652561 
-0.08580292221 7.390948441 
0.1623203545 7.402696287 
-0.1654048637 7.97455675 
0.5395783091 7.692031081 
0.1642390642 7.388699526 
-0.2671683055 6.898570545 
-0.04375582945 6.89776229 
0.3097635427 7.543044616 
0.15175206 7.455475313 
-0.6305570835 7.769401379 
0.4790331956 7.72891971 
0.1927810785 7.431345409 
0.1599274795 7.194931046 
0.5706817077 7.569818751 
0.2912098978 7.254613924 
0.1601789284 6.57924359 
0.783776995 7.219373977 
0.41770663 6.930570027 
-0.0603577043 7.080723745 
0.03898485779 7.406937165 
0.3751206518 7.436155492 
1.349743598 6.881486469 
0.09212010956 7.394050214 
-0.5058767435 8.128277047 
-0.1961991949 7.757453909 
-0.214810279 7.937479746 
-0.01686326552 8.054848877 
-0.464252508 7.287921184 
-0.5761593475 6.188545215 
0.3934767889 6.96543584 
0.8061831688 7.847170548 
-0.7750418921 6.638752504 
0.4327495465 7.454372348 
0.9274695614 7.674057815 
-0.06309308156 7.268153653 
0.3848096915 7.604847664 
0.6876775319 6.786683074 
0.1833096389 7.321399467 
1.04210682 6.781713747 
0.5968565997 7.359587192 
-0.4475811898 7.444346093 
-0.05382090353 6.981185478 
0.1822313825 7.810426962 
0.1543541826 7.448662128 
0.3835504762 7.304033096 
0.2703761326 7.504513787 
1.081921472 7.530026369 
-0.371537862 7.966790204 
0.370024523 7.604104292 
0.3563689135 7.251136242 
-0.08224789881 7.241261857 
-0.01616012451 6.623409108 
0.1449678752 7.416754213 
-0.1082760938 7.863587724 
0.245370837 7.364587383 
0.2537868764 7.30269008 
0.1281906213 7.457470316 
0.3170192657 7.843711364 
0.9759438083 8.220574828 
0.01987857973 7.507379202 
0.2884513278 7.364830917 
0.3533268581 7.77596556 
0.1419062447 7.438246575 
0.1631423685 7.204104935 
0.4671682375 7.612802843 
0.2200768315 7.497372449 
-0.3106562659 7.653362551 
0.2705852995 7.500070129 
0.4892537608 6.696856464 
0.3812440099 6.715020571 
0.8184681693 6.599552877 
0.1068380239 7.547837779 
0.06871346235 7.696252727 
0.657881625 8.002042467 
-0.3825074438 8.368455871 
-0.02671897514 7.597908582 
0.8144160609 8.263162255 
0.1151762948 7.468608354 
0.04874811805 7.38114155 
0.4408131229 7.306989313 
0.4523670741 7.515579752 
-0.3221552792 7.115047451 
-0.004421031277 7.328246905 
-0.1133841696 7.314826983 
-0.3241214364 7.697492057 
0.2936298915 7.554304111 
0.1016496085 7.804386872 
-0.3489400026 7.808450853 
-0.07844111339 7.215215859 
0.2002458129 8.008048902 
0.2411643366 7.63338442 
0.153894867 7.16987465 
-0.429329201 7.464946125 
0.2034629166 7.461652111 
0.7000227476 7.819704034 
0.166587147 7.42349643 
0.1540220612 7.417603581 
0.4157365027 7.632554306 
-0.1291275814 7.389879925 
-0.04617073355 8.024103788 
0.708421817 7.316484245 
0.1453734789 7.444559575 
0.1764406151 7.469110089 
0.3298400277 7.907698111 
-0.3611373938 7.533093387 
-0.4768548611 7.490224792 
0.2591253738 7.551156084 
0.04766200534 7.370138841 
0.773821121 8.092923432 
-0.2267062807 7.762181918 
0.1890010236 7.370959493 
1.137259374 7.757864564 
0.3272337019 6.842758781 
0.6877342818 7.121081977 
0.09479560582 7.338238083 
0.115909401 7.160459875 
0.8789337196 7.737347514 
0.6715036668 7.364688591 
0.2005696416 7.561403832 
0.9013802525 7.241245212 
0.1991512697 7.974496036 
0.166780437 7.418465248 
-0.05074079737 7.18240214 
1.207482518 6.702599621 
1.114840192 7.977105969 
0.158924091 7.42449687 
0.02019973951 7.569284812 
-0.5375683593 8.007619323 
0.8638094791 8.40444777 
-0.2140132568 8.238854915 
0.4055484 8.325524584 
-0.23120476 8.478688 
-0.3121374533 8.436497159 
-0.2549464441 8.290496281 
-0.7245165483 8.257887146 
0.5763476411 8.292042639 
1.606405732 4.094865318 
1.436609141 8.257414078 
1.318929965 8.381281197 
0.8396520639 8.473430804 
0.8364976949 8.534606984 
