6.750931147 2.907067087 
6.831147978 2.98138864 
6.871214068 3.112671834 
6.01884324 3.151074228 
5.361493687 3.207594038 
5.297754242 3.347918062 
5.990266348 3.347327551 
6.019013621 3.143992407 
6.435731724 2.723413402 
6.054366742 3.262507125 
5.363151768 3.302882521 
5.254006734 3.111085462 
6.099609926 2.396468063 
6.21242542 3.259587019 
5.829616168 2.981957212 
6.427589366 3.322542136 
5.720744612 3.265060171 
5.850479133 3.323581763 
5.621038397 3.122320645 
5.334179277 3.240983525 
5.567993157 3.346781141 
5.938116653 3.285064533 
6.034820389 2.866962872 
5.402717971 3.315705874 
5.992843658 3.057918327 
5.61598807 3.313652366 
6.221317614 3.188923279 
6.731914659 3.156359268 
6.145555897 2.814866379 
6.481459334 3.252472618 
6.410029314 3.213780601 
6.507860885 3.247604017 
6.007763733 2.872105955 
7.01165885 3.181146786 
6.949812411 3.215570868 
6.956587646 3.242069697 
7.04038096 3.324624211 
6.884259563 3.242916911 
6.562448422 3.351753903 
6.605039901 3.38484541 
5.568912813 3.392482435 
5.54492985 3.409675878 
6.10623272 3.419958647 
5.678605897 3.372151711 
5.7599476 3.430263624 
5.462353443 3.438893682 
7.130648487 3.342551557 
7.128456531 3.354362388 
6.635060911 3.399596783 
6.253295152 3.497252658 
6.732113766 3.420647079 
6.569861733 3.404550841 
6.397089809 3.42702283 
6.230805291 3.446635079 
6.449638665 3.463709389 
6.433908801 3.490488953 
5.987726181 3.488459169 
6.073482649 3.495096738 
6.615074985 3.462471449 
6.212982048 3.464700278 
5.891162088 3.509249799 
6.30541445 3.481533275 
6.112144082 3.514308429 
6.564488921 3.412494126 
6.973563934 3.409874296 
6.306012531 3.48505096 
7.029282296 3.436592351 
6.266763329 3.471969173 
6.414410344 3.424159825 
6.540276304 3.459706156 
6.323948383 3.474537538 
6.277585509 3.447241813 
6.07465504 3.464062286 
6.415553177 3.489643052 
5.645502858 3.495800047 
5.694774585 3.472066499 
5.901918799 3.451395393 
5.620431153 3.465086717 
5.525045855 3.502172738 
5.694521794 3.498412333 
7.21250336 3.369406969 
6.148683443 3.692180123 
5.976219254 3.733363653 
5.994000101 3.596062774 
5.585871187 3.678860754 
5.419151507 3.617230723 
6.876543685 3.461867954 
6.375784913 3.53199635 
6.953440532 3.523700519 
6.125028945 3.590957846 
5.842314745 3.729815059 
5.764867949 3.778521556 
6.223933935 3.610198144 
6.672145305 3.481044397 
6.061865465 3.680811859 
6.833620622 3.54755353 
5.558323326 3.658780929 
6.65447413 3.625716233 
6.088228313 3.59230334 
6.041127064 3.750249936 
6.728420751 3.470658172 
5.001831803 3.857293251 
5.58633242 3.577409459 
6.808169693 3.57238642 
6.043077781 3.553595602 
5.862538843 3.726129609 
6.443926212 3.6599893 
6.451657905 3.532638072 
6.833814852 3.543435479 
6.37764513 3.676984404 
6.355623923 3.678624652 
6.350247469 3.682831617 
5.825771342 3.671450961 
6.567194262 3.553009291 
5.581051426 3.654627516 
6.677076994 3.569653929 
6.735193712 3.558721667 
6.478535158 3.645244402 
5.965984788 3.751546393 
6.475899556 3.643764925 
6.63289314 3.514015808 
5.896623426 3.784759946 
6.339403739 3.521824719 
6.399990501 3.584297498 
6.053011116 3.560495041 
6.367812249 3.610146002 
5.872768101 3.607555424 
5.978574437 3.731442006 
5.540125418 3.714090939 
6.482187843 3.640624546 
6.4412341 3.592515658 
5.835644327 3.615192221 
5.534335414 3.729278748 
5.870737476 3.782755832 
6.874065249 3.540267925 
6.135717163 3.688711723 
6.347911815 3.623799763 
5.922066808 3.569323217 
6.583906146 3.609737843 
6.237698932 3.63372659 
5.852367905 3.785319046 
6.278326492 3.564595612 
6.476402166 3.657888971 
5.574194615 3.796497726 
6.684022393 3.578814546 
6.459533255 3.618043698 
5.477170768 3.759005889 
6.700628572 3.600232198 
5.793711682 3.796957237 
5.537072225 3.782269996 
5.613840781 3.696489134 
7.262533911 3.548330072 
6.202685593 4.062969241 
6.055165716 3.986999906 
6.311552604 3.984522492 
5.058171758 4.698860547 
5.834818273 4.255037616 
6.348183523 4.042548717 
5.598258586 3.940610236 
6.407100058 3.980809799 
6.155281269 4.061931928 
7.032848492 3.606041783 
5.804462557 4.226029573 
6.151296467 3.880650042 
6.625037016 3.750801476 
6.411366094 3.974327311 
6.255886824 4.101531052 
6.555835761 3.918438601 
5.994761796 4.100005267 
6.886151443 3.629194745 
6.275088606 4.106725891 
6.349197307 4.069150268 
6.23027417 3.802759123 
5.842000665 3.9247215 
6.362527819 3.883468266 
5.806518851 4.146547866 
6.315469853 4.055370223 
6.172235274 3.974176824 
6.167799104 4.038210033 
6.162706022 4.052710728 
6.233766891 3.896715332 
6.33630556 4.03166994 
6.37000769 3.925698886 
6.241183554 4.101713361 
6.362840168 4.074141376 
5.46272359 3.931665571 
6.261437023 4.104686822 
6.264007876 4.079653876 
6.268561681 4.114420236 
6.191741226 4.160978437 
6.30430275 4.00213393 
6.278018764 4.083693109 
6.344965802 4.050598152 
6.087695443 3.94148583 
6.350047362 3.848829899 
6.613129036 3.812857867 
6.31646304 3.758107603 
6.214919767 4.124837239 
6.055606266 4.176192466 
6.019624194 4.171532185 
6.226520652 3.729476712 
6.801685631 3.757507049 
6.28580384 4.072387588 
6.252070329 4.090486779 
6.027372896 3.890223698 
6.59820621 3.827468438 
6.243403931 4.08742722 
6.277183579 4.084302515 
6.002130935 4.155188333 
5.970892873 3.870249718 
6.891090718 3.814826702 
6.108610829 4.199454092 
6.274397562 4.095039265 
6.34172812 4.072839805 
6.333921877 4.022668855 
6.0678048 3.897032946 
5.809109934 4.015372254 
5.653045997 4.42980739 
6.123105183 4.152990813 
6.502964121 3.917156467 
6.437449159 3.783228742 
6.359102802 3.920564753 
6.248138489 4.009289434 
6.315030809 4.053457979 
6.452002842 4.041120552 
6.322110104 4.057913698 
6.638153139 3.799939658 
6.306425244 4.073549157 
6.136348124 3.888886934 
5.703101071 4.120443454 
6.250844099 4.103729378 
6.557710836 3.874740751 
6.111597249 3.802179763 
6.508250796 3.867113208 
6.131740787 4.056891433 
6.257940236 4.088683612 
5.950507453 4.021608459 
6.257448931 4.139480324 
6.850413463 3.71832575 
5.998329706 4.11488824 
6.460787644 4.020072723 
5.974629744 4.172814979 
6.467230428 3.925984204 
6.042139092 3.982936541 
5.554540913 4.010031757 
6.046039383 4.089626206 
6.167515688 4.138384351 
6.196502868 4.142751351 
6.330655785 3.82326145 
6.223147598 4.119063035 
5.988135737 3.781523734 
5.891061612 4.278245724 
6.448709795 3.925581156 
6.16909228 3.729895342 
6.234083885 4.041695244 
5.680232815 4.181319003 
6.363165842 3.726817959 
6.589480954 3.971864297 
6.655228415 3.712687616 
6.278050817 4.046616675 
6.253746973 3.864268564 
6.18995313 4.151648689 
5.519721264 4.445519516 
5.403401631 4.031859471 
5.675480734 4.151890184 
6.417230427 3.928964226 
6.296786201 4.070567517 
6.370718795 3.96513767 
6.086987212 4.115223059 
6.300377994 4.080895684 
6.403726555 3.926176268 
6.26777952 4.104674593 
6.537293375 3.830401708 
5.833884272 3.950328764 
6.188814617 4.144328645 
6.316643045 3.987461103 
6.161550945 3.904646788 
5.889198325 3.79299177 
6.208884542 4.023885082 
5.034431192 4.191001173 
6.361805323 3.771079373 
6.225345034 4.139803258 
5.632913287 4.287898322 
5.677620473 4.284969701 
6.261761051 3.988109083 
6.262558941 4.087178159 
6.219034301 4.101373657 
6.076624961 3.875618234 
6.255636716 4.100366322 
6.950590981 3.630803254 
6.063375409 4.113341207 
5.781480347 3.914423792 
6.266466795 4.10543426 
5.600802943 4.342216437 
6.249618963 3.917209514 
6.316006758 4.063569378 
5.149970135 4.275850117 
6.617010539 3.690231581 
5.977546691 3.927751255 
6.288246588 4.093448636 
6.311204782 4.10790676 
6.373361018 3.990649948 
5.577488663 4.232180921 
5.914549728 3.974420802 
6.337687461 3.885660399 
5.181469572 4.047014837 
5.850795191 4.271139453 
6.516059578 3.947246599 
6.114291725 4.199760008 
6.243755566 4.043485992 
6.385294083 3.952220297 
6.120075759 3.868975305 
6.215552908 4.04806148 
6.311551171 4.020001282 
6.282602842 4.025777767 
6.38458872 3.984968158 
6.420577806 3.916624939 
6.111974828 3.824117604 
5.985464499 3.846978606 
6.425797207 3.709930942 
5.723325426 4.172880659 
5.979361649 4.020956283 
7.012025351 3.740360215 
6.409928374 3.976434895 
6.185576693 3.747116871 
5.739999699 4.265868068 
5.567227579 4.364994737 
6.548879898 3.878640753 
6.272845953 4.099960933 
6.217834103 3.998447996 
5.826666837 3.808737863 
5.713949316 4.26407685 
6.23009078 3.934012227 
6.51602702 3.912589448 
6.224665774 4.064618057 
5.592956919 4.265664655 
5.743729931 4.218063802 
6.137243147 3.923883527 
6.310109786 4.024831678 
6.860353443 3.820408984 
6.470999942 3.912215898 
6.41752171 3.917477658 
5.680948732 3.850506357 
6.151818469 3.914101844 
6.082194147 3.961014528 
6.401520567 3.754068073 
5.599323045 4.448442228 
6.897350961 3.718543948 
6.064656898 4.157576835 
6.304018286 3.800861373 
6.40578102 4.00796913 
6.346319574 4.046105261 
6.218448566 3.912036117 
6.128823066 4.143749142 
5.878832575 3.828015791 
6.275654901 4.104693594 
6.105981272 3.769449794 
6.337282509 3.994453355 
6.611935915 3.825122296 
6.516374262 3.937318899 
6.265684389 4.070927432 
6.392468321 3.984420886 
6.257619782 4.080640858 
6.268149825 4.097867319 
5.993281617 3.828779461 
7.279309981 3.522148953 
6.513344186 3.848320212 
6.21592781 4.133939836 
6.29552771 4.055995795 
6.600898714 3.950374014 
6.088116978 3.979924986 
6.214765943 4.126983487 
6.389678171 3.826491175 
6.27247571 4.097575131 
6.208772093 3.96332497 
7.151075583 3.564191417 
6.090766904 4.149202322 
5.849336595 3.982304514 
5.458922065 4.465143524 
6.067218594 4.12006777 
6.600085901 3.814190316 
6.325856623 3.983747653 
6.355191758 4.037718016 
6.117222355 3.977071602 
5.944305825 3.839731682 
6.336554546 4.026679291 
6.24267071 4.133055712 
6.399887746 4.035031986 
6.064006922 3.78260003 
6.788169298 3.862456175 
6.284138104 3.767324325 
6.18158556 4.130695345 
5.897108999 3.889346634 
6.098350848 3.920722084 
6.15493865 3.988992768 
5.951744612 4.010715737 
6.432755341 3.756399948 
6.499858971 3.750583503 
6.126275288 3.989911582 
6.355505022 4.068716051 
6.353454053 4.090146667 
6.183974831 3.837330803 
6.472679699 3.83176691 
6.495884989 4.003881592 
5.278679684 4.514635874 
6.548171732 3.957640051 
6.261720988 4.111645646 
6.226139685 4.113583738 
6.412989179 3.81920364 
5.582535219 4.295522931 
6.226251257 4.120347665 
5.987755937 4.194778584 
6.088979041 4.133144277 
6.348538254 4.017659448 
6.229903075 4.020554476 
6.2194418 3.873501819 
6.230111112 4.099995532 
6.128001344 4.17569916 
6.508675082 3.971659578 
6.031018937 3.761452002 
5.766384529 4.050772044 
4.844751887 4.381660026 
6.42543887 3.854279982 
6.269406499 4.097974292 
6.518556398 3.91700302 
6.245275563 4.047000023 
5.89397163 3.977797953 
6.126926331 3.809639533 
6.904071504 3.771842737 
6.223831846 4.028941814 
6.016482477 4.021596787 
5.432995098 4.257991089 
6.281169059 4.09161398 
6.233274384 3.919444789 
5.648219265 4.405412725 
6.286385417 3.755968418 
6.451683477 3.749952581 
5.94521367 4.270704296 
6.173838972 3.982754319 
6.273234589 4.124995661 
5.964296932 4.09759186 
6.260299847 4.080024941 
6.29634735 4.090176388 
6.311668964 4.093410895 
6.243402089 4.033157123 
6.01363677 3.98941871 
6.256804137 4.088115084 
6.437192102 3.904503579 
6.230053754 4.09238834 
6.270757844 4.038881435 
5.491701869 4.18716258 
6.26609415 4.098696758 
5.903575002 4.027132544 
6.293897491 4.068976398 
6.653060446 3.833918685 
5.600903402 4.31885456 
6.177049157 4.088365899 
6.218060062 3.964531066 
6.186316028 4.159396594 
6.635843419 3.690414299 
6.035094933 3.92647884 
5.897376149 4.134280357 
5.829581249 4.023235617 
5.942608489 3.954732757 
5.778285891 4.300399204 
5.789343544 4.061244432 
6.551959639 3.706970345 
6.242176417 4.071677502 
6.332346912 3.750942025 
6.322065607 4.09647359 
6.176232015 3.827658631 
6.388662208 3.97220342 
6.23328467 3.720195168 
6.240073341 4.142121508 
6.061416816 3.929499817 
6.299767938 4.031397221 
6.283292133 4.117953264 
6.160000975 4.009818483 
5.724485442 4.334721234 
5.840298124 3.93519042 
6.487482163 3.866814108 
6.524127773 3.694052036 
6.243900273 4.035443012 
6.169657685 3.793956391 
6.39569023 3.785354027 
6.235034253 4.018565894 
6.476165566 4.028693559 
6.172952098 3.933798896 
6.242659413 3.856152521 
5.685260022 4.079854377 
6.060432555 4.023434815 
6.467886421 3.918964121 
6.268474069 4.098562535 
6.302893803 4.009847757 
6.693814313 3.894319702 
6.059316176 3.960711574 
6.391536777 4.043346221 
6.913860513 3.651728478 
6.127050481 4.122730016 
6.587110973 3.845920813 
6.478378193 3.665561923 
5.852758479 3.800967133 
6.321098343 4.095525776 
6.792249369 3.660929104 
6.110818507 3.950851749 
6.795284764 3.866464899 
5.947265297 3.869867999 
6.232567328 4.055348082 
6.086937396 3.884691894 
6.127985303 3.960406444 
6.594890674 3.778422705 
6.258770621 4.049134816 
5.913392284 3.949382027 
6.195685114 3.91927223 
6.253828 4.101141295 
6.208169954 4.131779503 
5.531060267 3.884821024 
6.280445641 4.087838388 
6.144229603 4.02075265 
6.575899261 3.802051124 
6.103440713 4.027962259 
6.169007007 4.089775052 
6.278570297 4.095771567 
5.821497658 3.803229117 
5.955928827 3.937865779 
6.487994496 3.78028091 
6.029332291 3.950791033 
6.084002648 4.10481938 
6.265735331 4.091907202 
6.577225758 3.775731612 
6.323155774 3.949812289 
6.436918311 3.74587987 
5.46335178 4.476840642 
6.264878841 3.873356607 
6.707350988 3.738206781 
6.155879416 4.132597335 
5.964168537 4.045801704 
6.447665197 3.840974016 
6.325132729 3.882279211 
6.249808819 4.078922667 
6.20904879 4.052801019 
5.676971384 4.303040808 
6.087332826 3.967856633 
6.573239856 3.927033058 
6.427641436 3.862056499 
5.495675006 4.044876292 
6.03328014 4.174135064 
6.276764236 4.071582378 
5.84592976 4.248731349 
6.492908938 3.872193354 
6.269306034 4.100457571 
6.229526049 4.045662562 
6.22418019 4.091325795 
6.395553144 4.010753484 
6.288013227 3.966290749 
5.871227928 4.316864547 
6.26993266 4.095003454 
6.110962987 3.851043857 
5.753583737 4.327729096 
7.127811612 4.065450163 
5.756980628 4.493093528 
6.013647345 4.33508003 
5.352759941 5.114915526 
6.61464166 4.320521781 
5.73799779 4.409343359 
6.348672674 4.122351873 
5.993039569 4.548222573 
6.49672505 4.154147085 
5.903069169 4.471786121 
6.486827423 4.417164218 
6.879680619 4.514462421 
6.807129379 4.04251703 
5.957420933 4.575800333 
6.968379322 4.480926228 
6.247352095 4.302452024 
5.868885554 4.875184651 
6.852702247 4.675522147 
6.260363179 4.205334366 
5.889376749 4.402161913 
5.156857474 5.08944414 
6.372433515 4.294374363 
6.557279129 4.402229505 
6.341284921 4.305044486 
5.80448829 4.610035193 
6.532892531 4.632202893 
6.460765617 4.738451507 
6.408557801 4.204813092 
6.458239087 4.356364128 
6.388800845 4.268938203 
6.405142081 4.235866513 
6.310307561 4.160643422 
6.574055146 4.20294089 
6.829356892 4.383312745 
6.497443848 4.759911899 
6.689997525 4.236305379 
5.780709034 4.548673408 
6.111998541 4.289049898 
6.503034878 4.34436929 
6.288323506 4.569157864 
6.31677967 4.960352279 
6.338192359 4.18748558 
5.919856622 4.485874009 
6.156610088 4.289872329 
6.077382914 4.359096197 
6.698577244 4.167192803 
6.166355914 4.310225598 
6.994630163 3.826690088 
6.460276544 4.445358145 
6.378647024 4.171843699 
6.723957148 4.108365587 
6.459478349 5.082132011 
6.390901586 4.136009671 
6.474660416 4.284553806 
5.924488441 4.74121619 
6.362900984 5.126783255 
6.070246983 4.276651878 
6.87766268 4.355574424 
6.547046873 4.072016756 
7.064782298 4.11689397 
6.520130525 4.575907566 
6.013161641 4.854949045 
6.788044033 4.15132695 
5.683049886 4.424278244 
6.90176465 4.617716273 
6.649107199 4.688385881 
6.033248037 4.279411079 
5.75722333 5.142454677 
5.813339975 4.910640489 
6.456842426 4.148014751 
6.360512405 4.366480693 
6.284884359 4.185319673 
6.211650119 4.182026095 
6.524827252 4.543223401 
5.311551489 4.660662882 
6.439902489 4.052554441 
5.766485307 4.442344135 
5.994818918 4.31406711 
6.184222837 4.475584799 
6.497131527 4.590635721 
6.202405712 4.175585114 
6.37548954 4.279399796 
6.324081637 4.34375752 
6.786059938 4.190494975 
6.464392297 4.199617954 
6.229656173 4.184135906 
6.206631168 4.430276812 
6.30513391 4.130603331 
6.265716165 4.1731503 
6.794852082 3.970482554 
6.387853087 4.100562084 
6.370446983 4.282355374 
6.247412802 4.178780956 
6.94102919 3.964854766 
5.646958628 4.536322588 
6.090980407 4.768760833 
6.186719227 4.309252867 
6.073630047 4.246340321 
6.485168914 4.498156549 
6.365561948 4.139966341 
6.154010947 4.443891181 
6.770879797 4.842366861 
6.702305836 4.408349415 
6.322789895 4.126618108 
5.27247682 4.979395241 
5.945635093 4.338521577 
6.86581939 4.244725393 
5.970806499 4.39075378 
6.124964755 4.767968591 
6.076329855 4.978018194 
6.327526423 4.266914174 
6.371826236 5.180524571 
6.369875706 4.377733933 
6.668721036 4.462689911 
6.860936357 4.050334078 
5.60011294 4.768908333 
6.066583059 4.263282183 
6.531604065 4.202254205 
5.918600186 4.502789607 
6.065535696 4.348340185 
6.583025587 4.774795496 
6.433074949 4.227323801 
6.231244818 4.170917844 
6.637529546 4.067880678 
6.814941259 4.571257738 
6.878457293 4.191526238 
6.269578438 4.136824238 
7.215500421 3.789233432 
6.659640474 4.209050308 
5.963143671 4.866010099 
6.945679772 4.057855688 
5.361389839 4.915150522 
6.25506081 4.380476562 
6.777808597 4.189614335 
6.125944385 4.564014455 
6.305248345 4.305619669 
5.773376029 4.488919527 
6.47206454 4.645345645 
6.19335 4.180351582 
6.011017383 4.605002566 
6.11758252 4.394245406 
6.873140808 4.536935877 
6.633552688 4.162676999 
6.259462052 4.141999187 
6.752898153 4.645118613 
6.177286291 4.765128481 
6.675800242 4.708234822 
6.161472571 4.659844881 
6.450634704 4.584915447 
5.432935096 4.668961859 
6.237356803 4.212738493 
6.275243376 4.298502455 
5.978244416 4.478537146 
5.919589188 4.662694312 
6.227348367 4.183537953 
6.272311844 4.243781512 
6.424369694 4.152498923 
5.606800059 4.574720065 
6.458028837 4.405342975 
6.441159088 4.154945693 
6.218394512 4.248554169 
6.349425339 4.101497815 
6.699736909 4.444712163 
6.753736102 4.484414239 
6.464127498 4.224810601 
6.39263006 4.15249562 
6.047743858 4.701776346 
6.422210875 4.413364789 
6.650580326 4.603789875 
6.811761974 3.996206883 
6.211752956 4.305845945 
5.916214416 4.61931366 
6.412324568 4.217281725 
5.501356165 4.765819144 
6.139717353 4.746078453 
6.331517363 4.135773983 
6.400323596 4.133646058 
6.537888633 4.058426365 
6.138675042 4.515866871 
6.617723266 4.386763674 
6.564295505 4.550124826 
6.350195129 4.196711688 
5.969046105 4.425188461 
5.90531659 4.787434286 
6.22092873 4.172207697 
6.222403192 4.264153453 
6.387748358 4.219489765 
6.376614758 4.263289949 
7.089212803 4.004518387 
6.76680576 4.295872017 
6.914793835 4.387190365 
6.45262685 5.015228712 
5.731057568 5.236721335 
5.953266581 4.841028866 
5.60311493 4.800512947 
6.113624059 4.258630435 
6.436155674 4.130120473 
6.877529007 4.136784146 
6.154772639 4.20212381 
6.730371984 3.974483451 
6.132809519 4.293495422 
6.309910361 4.22314479 
6.28289675 4.325619976 
6.143355371 4.328844294 
6.361485599 5.266968145 
6.203538582 4.217362201 
6.377060826 4.354001981 
6.652510383 4.534867704 
6.146921659 4.309609737 
6.478420675 4.188092052 
6.482901731 4.730804035 
6.786931482 4.167745501 
5.559051715 4.521485768 
6.723921971 4.274590725 
5.917266592 4.449781547 
6.303030229 4.136682836 
6.620247274 3.976790947 
5.955219423 4.596471269 
5.849516532 4.438238904 
6.34175287 4.127673091 
6.131149127 4.682249233 
6.183295529 4.275831837 
5.469281682 4.607973847 
6.217600072 4.256027848 
6.789930389 4.18637339 
6.349506269 4.129641257 
5.896082557 4.623062344 
6.226506524 4.378366045 
6.421055949 4.53945827 
6.56057377 4.985477859 
6.966204366 4.40017742 
6.068110938 4.315356355 
4.662208757 5.047419523 
6.319904052 4.153235866 
6.409422993 4.070255235 
6.272676101 4.287003308 
5.759798978 4.850746308 
6.47195288 4.596084857 
6.708536092 4.216423576 
6.336407836 4.462020547 
6.33527068 4.354041483 
6.313282653 4.743111703 
6.360310645 4.460004849 
6.889201993 4.088542706 
6.029402907 4.266686361 
6.169502291 4.269745411 
6.572303657 4.164009888 
6.415881002 4.688165095 
6.703643812 4.207422689 
6.570134352 4.473259548 
6.418079229 4.756529205 
5.845919831 4.398317271 
6.358245341 4.57152468 
6.293188869 4.147754822 
6.13568452 4.267032988 
6.652123983 4.453682586 
6.734210566 4.21457621 
6.35040838 4.144203247 
6.54588793 4.019635405 
6.012288548 4.778758191 
6.558130774 4.462751891 
6.322771038 4.197397919 
6.311996063 4.311797158 
6.264983344 4.222016389 
6.363145472 4.327364494 
6.966239167 3.864184609 
6.887643509 4.142304236 
6.225302865 4.624577191 
5.896945562 4.430663554 
6.320521296 4.19817293 
7.124308857 4.232971528 
6.42101527 4.246946013 
6.668505434 4.505278793 
5.888425098 4.360321594 
5.989678464 4.397012736 
6.885178662 4.259368215 
5.476458303 4.82414225 
5.8275752 4.541773891 
6.156316075 4.464183887 
5.985398617 4.549355768 
6.993261096 4.174586404 
6.699959239 4.463203977 
6.442079214 4.0549783 
6.241701663 4.823106551 
6.602333259 4.711813356 
6.39107612 4.289337353 
6.353887518 4.673396924 
6.327851786 4.964227086 
6.325903495 4.159835853 
6.671754983 4.389887394 
6.913507358 4.142243032 
6.789750858 4.028535828 
5.958303957 4.674329346 
6.562411442 5.208147316 
6.323987083 4.175657546 
5.921814678 4.466411495 
6.358937521 4.319293892 
6.524175034 4.344480741 
6.494822369 4.209149397 
6.276062774 4.132562845 
6.297859456 4.12158241 
6.2763841 4.214214205 
6.882157713 4.117555467 
6.524292516 4.486070565 
6.129457431 4.229217777 
6.654236351 4.787072887 
5.984890811 4.896493076 
6.70743283 3.982294378 
5.966120448 4.290240358 
6.405125657 4.167427821 
6.565313164 4.356598585 
6.792467039 3.942510675 
6.26443418 4.295313532 
6.19836632 4.17251485 
6.402088224 4.505939998 
6.577032906 4.926240003 
7.015031525 4.332572723 
6.340621946 4.121117476 
6.901777081 4.204572999 
6.701180042 4.076142251 
6.452500422 4.942681257 
6.813533673 4.635892032 
6.075963691 4.299231317 
6.158821571 4.407735868 
6.588013253 4.159769901 
6.092728865 4.270738669 
7.157768178 4.109508989 
6.657546063 3.998938948 
6.55428723 4.04914181 
6.373329398 4.345432852 
6.812459356 4.105496594 
6.31434405 4.554787847 
5.244817469 4.762581851 
7.0730973 3.84431154 
6.567431281 4.338492519 
6.474967685 4.110383194 
6.513623318 4.179778032 
6.301336679 4.176792425 
6.245531394 4.280447602 
5.834399913 4.413798136 
6.073948655 4.411652554 
6.088376791 5.06601633 
6.268688106 4.165761969 
6.548205197 4.289578285 
6.763699304 3.912441904 
6.215289951 4.314885794 
6.475263153 4.39936645 
6.057424847 5.156386676 
6.565800202 4.478872329 
6.418288245 4.223761997 
5.688325262 4.781400457 
5.922904539 4.783231634 
6.556689327 4.611592606 
5.686842028 4.503216027 
6.100964136 4.444188423 
6.294667276 4.125690343 
6.742388622 4.621393955 
6.40026878 4.1629509 
6.401435708 4.141079075 
6.231311361 4.645959642 
6.616129564 4.33700542 
6.611473858 4.413684626 
5.973873971 4.492739243 
6.309250088 5.187691582 
6.091275748 4.319666576 
5.969165619 4.407266856 
6.713775038 4.083893392 
6.353806385 4.163518415 
6.035996143 4.427123869 
6.74355236 4.127658668 
6.971425396 4.17355636 
6.120949331 4.501953369 
6.361494527 4.196560046 
6.179615044 4.1806311 
6.250798228 4.205705181 
5.802462948 4.6064575 
6.875606893 4.188557924 
6.120919331 4.642252557 
6.518591586 4.241020671 
6.815119136 4.066135151 
6.618872292 4.190621129 
6.534177696 4.387079943 
6.52313483 4.178477692 
6.893124562 4.193357639 
6.657338152 4.442690113 
6.439364487 4.348719701 
6.467420552 4.234179879 
6.264570914 4.352907148 
5.837728246 4.774898277 
6.772214481 4.39891376 
6.389682687 4.448218277 
6.342072059 4.128850614 
6.149787328 4.22018378 
6.633108456 4.409247077 
5.984516461 4.433942503 
5.927213467 4.376447847 
6.66756627 4.141681523 
6.390700513 4.539947319 
6.409804836 4.606752589 
6.246967903 4.475191537 
6.563440236 4.10486331 
6.693274468 4.49031489 
6.186315627 4.174955032 
6.530307663 4.345538748 
6.116271944 4.445390215 
6.194361632 4.296479478 
6.693200825 4.285929148 
6.315356657 4.144845548 
5.517422673 4.959197501 
6.078049832 4.899736384 
6.35608914 4.342257651 
6.062731546 4.299442104 
6.55165942 4.046492793 
6.224296284 4.759435837 
6.748115883 3.987927526 
6.820845322 4.179030028 
5.925780586 4.478386169 
6.356308527 4.092758058 
7.110975598 3.846411382 
7.345723437 4.667826744 
7.558059513 4.077204791 
7.295924741 4.304513589 
7.447709807 3.931151988 
7.544910929 3.680892542 
6.997369214 4.735227512 
6.582248168 5.333984538 
7.54631811 3.957472585 
6.945616626 4.646911049 
7.11560177 4.413069537 
7.152463995 4.417483885 
6.91207376 4.821680629 
7.057336826 4.980761433 
7.290137951 4.270703636 
7.470650529 3.830462085 
6.954826004 4.663786936 
6.936306395 4.702045092 
7.079791117 5.0034794 
7.234117303 4.472229805 
7.313991122 4.100659603 
7.091690715 4.821999689 
7.516977664 4.112418601 
6.806731275 5.116262868 
6.78367204 5.160006785 
7.342114129 4.142236317 
7.472587107 4.294334247 
6.928555582 5.570919178 
5.11433842 8.199328449 
6.324274879 8.073636139 
7.487442004 4.543182644 
7.460050585 4.525941423 
7.382888245 4.82855874 
