0.4986614795 9.610913763 
-0.08542433 8.746183651 
0.0569691706 9.311256733 
-0.2389536837 8.798779541 
0.712790677 9.089700911 
0.1587621026 9.567709691 
-0.1087869737 9.490457491 
1.248482941 10.24757224 
-0.1174993372 9.948494723 
-1.37286628 9.15924988 
0.02613934501 9.65718989 
0.3571632086 9.374439187 
0.06967051194 9.631947088 
1.622696702 10.70093465 
0.03185424694 9.464430011 
0.1015571909 9.489689306 
0.5183968342 9.931284912 
0.0234721732 9.592284227 
0.3889505988 9.887992811 
0.8015877491 10.06275601 
-0.1368660661 9.633750771 
-0.8128966644 9.311205103 
0.962537051 9.777931667 
0.4379389512 9.963309486 
0.1308739543 8.987294795 
0.6599846585 9.090361255 
-0.3176563592 10.30063573 
0.8709584972 8.947341123 
0.8363212356 9.15021248 
0.5102676629 10.22365142 
-0.458523548 10.12114134 
0.4948284032 9.815618119 
-0.6050173202 9.751984835 
1.44668762 9.845305644 
-0.1673464369 9.662901315 
-0.4150929118 9.772950883 
0.09520280844 9.625086621 
0.8180056642 9.601974675 
0.7078729508 9.72675591 
0.04554037668 9.476871297 
0.5448919797 9.758976512 
-0.3767528577 10.43318183 
0.2421498743 9.956531597 
-0.2028976191 9.821606513 
-0.7795730096 9.986031928 
-0.0927229186 9.651461402 
-0.06054547327 9.692101224 
0.1454484286 10.06097377 
0.1088550011 9.635299735 
0.002738581928 10.54227949 
-0.0211889044 9.860700492 
-0.1386033304 9.374646461 
0.01507229608 9.727463554 
-0.1387347882 9.131430329 
-0.8972270938 10.93018072 
0.1397035814 8.720780173 
0.3621018435 9.184002084 
0.7627903489 9.24144328 
0.1929035092 9.270333643 
0.3949946754 10.15671479 
-0.1194122626 8.982186429 
-0.3404147612 9.840351267 
0.6191369406 9.298091978 
-0.1791354293 9.829429484 
0.4896053693 9.967099964 
0.04496468272 9.642845356 
0.3809334775 9.366523305 
-0.4379782198 10.18516505 
0.4085341522 9.795195352 
0.5327513835 10.08678938 
0.2133531718 8.939067893 
-0.9854459771 9.613774475 
0.1863509193 9.725261792 
0.1897647529 10.05523093 
-0.0255317559 9.452302697 
0.4377224429 10.01779586 
0.04076577721 9.792851444 
-0.06154352795 9.054967096 
-0.09772890196 9.49135574 
-0.002972973085 9.679793795 
0.08115453536 9.879045503 
0.1360468895 9.846012411 
0.09297371019 9.548077309 
-0.173325528 9.548749383 
0.2399719208 9.905315078 
1.771563699 9.096635573 
-0.05317911574 9.729682583 
0.8356261597 10.6510781 
-0.01612972973 9.572465693 
-0.6556885328 9.730311282 
-0.3313342011 9.507810526 
0.6333114205 9.353952233 
-0.3216169601 9.432511567 
0.03513815343 9.499426137 
-0.2544367533 9.116573125 
-0.03684228 10.09264352 
0.1552141883 9.481449355 
-0.1325166476 9.61302759 
0.069465019 9.625259851 
-0.2210412528 9.392605011 
-0.1120801692 9.833115267 
-0.01951384382 9.719173192 
-0.1825140716 9.818470086 
0.1129962647 9.628322235 
-0.1967157991 9.780913954 
0.2674620885 9.792579987 
0.6454106977 9.1502897 
-0.4198968133 9.231145858 
0.08848080323 10.049455 
-0.1288531269 8.8839007 
0.1955268238 9.514748276 
-0.3108762035 9.370593399 
0.3991153593 10.08654061 
0.2733004932 9.193888846 
0.3767800013 10.31087427 
0.09391346712 9.677910652 
0.03768504839 9.730461238 
0.1170034666 9.510715462 
-0.07422525431 10.09457564 
0.04042118756 9.702624782 
-0.3438385748 9.707746542 
0.2588642524 9.105092484 
0.7615134382 9.025689648 
-0.862705899 9.78517115 
0.1652997369 9.653403724 
0.2105582051 9.574786163 
0.1220612805 10.20081414 
-0.1368917729 9.136088672 
0.06088177528 9.559569855 
0.8267665356 10.36485487 
0.3974810039 9.578162272 
0.2969016759 9.806577127 
-0.3419026694 9.11234462 
-0.1682548517 9.359544163 
0.2383541318 9.692642421 
0.6392784201 9.293580805 
-0.06789351077 9.856369453 
0.2377631821 9.764689382 
-0.4367090326 9.543948851 
0.7021128683 9.889946445 
-0.4993679959 9.371928226 
0.5433434076 9.665447408 
-0.1352678517 9.722057958 
0.6325911547 9.366472417 
0.2364482016 9.732519529 
-0.1556215702 9.86908348 
0.04776949386 9.942097887 
0.3689235806 8.989386788 
0.03341629938 9.694344999 
0.2095773258 9.551239437 
0.0926930598 9.630840488 
-0.07929120622 9.745289226 
-0.3646430933 10.0932096 
0.6749945667 9.048746507 
-0.03193625772 9.554631375 
0.4018107798 9.963593644 
-0.12952807 9.778679488 
0.00662401638 9.52686034 
-0.05436886741 9.987008349 
0.8442754812 8.929762142 
0.3988421951 9.452006994 
-0.1219933516 10.27574406 
-0.2687136549 9.006265399 
0.1527733491 9.413062846 
-0.4342391314 9.540798562 
0.1151521937 9.849252494 
0.3282717133 9.559824817 
0.1437148597 9.71130996 
0.3886762555 9.722747684 
0.5770152261 9.266550129 
0.336545343 9.331568613 
0.1744837869 9.699586336 
0.3133410516 9.799052244 
-0.0971441949 9.818921869 
-0.5093258051 10.13732421 
0.4100568942 9.415724389 
0.08850511507 9.797604961 
-1.165356076 9.830293104 
-0.5042211887 9.336561312 
0.848889937 10.24816436 
0.1945338154 9.797297572 
0.1621513996 10.06223506 
0.0951195453 9.641765819 
0.3030615043 9.728951239 
0.09717653937 9.560433542 
0.38366839 9.679033113 
0.06504526798 9.673543982 
1.118087031 10.09510396 
0.2551187986 9.879788051 
1.175368875 10.98333281 
-0.3173653857 9.051888351 
-0.3786205667 9.158157737 
-0.1265982107 10.33176679 
-0.005002633737 10.35974208 
0.2983246946 9.610780632 
0.2796888367 9.723371337 
0.3866692957 9.144911085 
-0.02643360754 10.21876606 
0.003427292573 9.571940499 
-1.027827621 9.069359971 
-0.2539109717 9.602635887 
-0.2119596711 10.08342146 
0.1176720572 9.645669566 
0.07294628043 9.685814852 
-0.08034342612 9.009740523 
0.0847803784 9.581899608 
0.151262682 9.735497952 
-0.2601646101 9.707040606 
-0.0463616521 9.601782155 
0.3731759615 9.318583189 
-0.3366889416 9.874449546 
0.4432288031 9.352417957 
0.1547838914 10.10786469 
0.09456743773 9.657804347 
0.6270439405 9.782963096 
0.5359674108 10.10605976 
0.05565722459 9.668214047 
0.9740416515 9.392445306 
0.0584292332 9.078551765 
-1.031585408 10.496046 
0.2827951763 9.447913425 
-0.09214646737 10.1218626 
0.2166646744 10.11770593 
0.1393485926 9.054640162 
0.6240257218 9.985799731 
-0.6084293614 9.998890138 
0.3273213061 10.04459191 
0.506850605 9.962463279 
-0.1343561179 9.786548836 
0.1867500864 9.903201154 
-0.03403847109 9.662289407 
1.092653545 10.36429963 
0.1420997305 9.660175847 
0.3832962833 9.425808361 
0.20429795 9.661781886 
0.09481320053 9.777630633 
0.2179359749 9.576713745 
-0.01899605644 9.615132429 
0.1689748801 9.224364952 
0.4889605476 9.344971859 
-0.8050689939 10.57056274 
0.2804591563 10.02006257 
-0.1263897813 9.597639316 
0.2072809548 9.509032085 
-0.5470767493 9.811292791 
0.02102465244 9.746334122 
-0.1182222412 9.82529943 
0.1997627738 9.677049855 
0.1363593685 9.59027053 
0.1816910717 9.591915586 
0.6596593734 9.275777056 
0.294196273 9.375694553 
0.2158876452 9.619804492 
-0.886718311 9.343891926 
0.04528615079 10.37512463 
-0.1937428431 9.761313708 
0.125665695 9.801711885 
0.08239010621 9.969326774 
-0.2143119268 9.238396074 
0.1318828329 9.585638176 
0.03094630555 9.945408766 
-0.2067404218 9.294710706 
-0.4912568623 10.14979731 
-0.0281797656 9.742615107 
1.314854742 9.920360839 
0.2079760405 9.135310979 
-0.6674647157 10.05330511 
-0.3907773896 9.620640909 
0.004669834405 9.192531819 
0.09203431315 9.782387057 
0.6344445948 9.512525359 
0.686743689 10.1390041 
0.09097557247 9.997390078 
-0.1560633887 9.284633789 
0.08222172609 9.541552099 
0.6177547894 9.444939999 
-0.477520308 9.151285071 
0.07408712122 9.689805075 
0.1043669659 9.464592866 
0.2020028806 9.251214855 
0.2668911215 9.52039525 
-0.8183927842 9.537157061 
0.4411394593 10.0408455 
0.07838703844 10.45580158 
1.008317899 9.334704777 
0.144908586 9.672403329 
0.04213658128 9.604652986 
0.05215153075 9.445527961 
0.1050739441 9.634645822 
-0.03292538969 9.355292507 
0.2233468614 9.568871973 
-0.02642145725 9.8030528 
-0.2607360268 9.335279457 
0.1496436726 9.576141848 
0.1494879811 9.459628059 
-0.6644248791 9.70064481 
0.3009308759 9.919181011 
-0.2136872134 8.809272182 
0.2077233339 9.530905097 
0.1385032017 9.64270989 
-0.09851211589 9.552871802 
0.7052704493 9.250952907 
0.482200759 9.474895251 
-0.3187271109 9.466113305 
0.2027769169 9.802995813 
0.5554739848 9.172347804 
-0.04213891566 9.565693479 
0.2647327154 9.387633912 
-1.517127046 9.727613676 
-0.3132621446 9.623590067 
-0.05917738021 9.299158854 
0.7564761723 9.773847737 
0.1146388862 9.749350473 
-0.05868665299 9.775938886 
0.4872743695 9.371420939 
0.4317816293 9.968789623 
-0.3561685962 9.675615448 
1.032371613 9.786885935 
0.4292618946 9.624796827 
0.2720630205 9.195653974 
0.4059447055 9.561046759 
-0.3407255076 9.283375684 
0.3112948595 9.869044384 
-0.8284605874 10.77749595 
-0.2806841755 9.287645111 
-0.07576089864 9.458725714 
0.4473875437 10.28365006 
-0.09993558632 10.07994502 
0.1699398608 9.688687182 
-0.755117652 9.398129554 
-0.01244305856 9.653184309 
0.1740215534 9.898447312 
-0.4648226008 9.727365164 
1.318431862 8.739002271 
0.7134871869 9.736862285 
-0.5102190835 10.76695222 
0.1651771735 9.149717147 
0.117432977 9.663729073 
-0.0906567077 10.04989912 
0.164980652 9.002782325 
0.1507418233 9.566649106 
-0.3402505702 9.465683298 
-0.3191249423 10.3540194 
0.7503029946 8.955814967 
-0.008582700997 9.55243184 
0.1114286307 9.635420147 
-0.9738062636 10.57742712 
0.04702132307 8.978253674 
0.2705357293 9.562062555 
-0.2669219371 9.97951992 
0.06978880367 9.603785673 
0.2974439786 9.322795337 
0.8629756929 9.434355043 
-0.02631917606 9.770891379 
-0.1400675146 8.957551445 
0.4285621751 9.03607632 
-0.7228534595 9.917606446 
0.4604907982 9.253451605 
0.115922931 10.33459885 
0.1261884382 9.524690424 
0.1903457941 9.925926621 
0.8081317328 9.915343334 
0.8220332227 9.622019207 
0.00318084149 9.588777543 
-0.2864549362 9.648083533 
0.1605684623 9.842497499 
-0.1830241786 9.463887989 
-0.1582356358 9.227123333 
-0.1983234334 9.842133453 
0.1124385994 9.621658039 
0.1577934843 10.71965514 
0.1121526104 9.692832377 
0.3039158981 10.43317621 
-0.2283435303 9.100869439 
0.4209079992 8.711965108 
0.7489433284 9.086534085 
0.2387505954 10.29059517 
0.6202767143 10.00027914 
-0.05248781549 9.71334183 
0.166064087 9.604150597 
-0.7355206603 9.973828734 
0.2040340611 9.63155529 
0.09025246091 9.35298782 
0.09605854921 9.635291753 
-0.008214619988 9.643185269 
0.05712359364 9.373666387 
-0.01220802227 9.842237539 
0.3895203913 10.11724608 
-0.2086993886 9.720846216 
0.3416720214 9.513798045 
0.117233883 9.654544201 
-0.003470364243 9.117116565 
0.04617770354 9.571650877 
0.3651712821 9.395151254 
-0.3514405743 9.326483525 
-0.29402755 9.507327981 
-0.5161977938 10.16392433 
0.03856620486 9.955473534 
-0.1759994657 9.28470899 
0.02749318485 9.762180721 
-0.6286703589 10.10260177 
0.6836384707 9.676719961 
0.6312857719 9.891261886 
0.2996474759 10.02024802 
0.8221036751 9.055035269 
-0.202168827 9.562368205 
0.0455948174 9.629436563 
-0.5792045783 9.26361583 
-0.2005131039 10.76920348 
-0.1882105033 9.812720875 
0.9684655338 9.609772498 
-0.01074223283 9.593148808 
-0.2836851363 9.039641553 
0.1611384368 9.577457912 
0.2469795049 9.705374201 
-0.007536450889 9.559459068 
0.2855722445 9.498212728 
-0.5304466834 9.804325383 
0.281127406 8.759182999 
0.3313118903 9.089837664 
-0.4586714609 10.53990652 
0.5623255521 9.829493796 
-0.2659805548 10.59465387 
0.3674328131 9.89256273 
-0.2048636646 9.157441022 
0.3712815804 9.939030751 
0.06461658059 10.00944801 
-0.5353697027 9.366859668 
-0.2056840606 9.820077436 
-0.1451030767 9.550429539 
-0.2392577982 9.975906812 
-0.7591147244 9.150948178 
0.2742201015 9.444806567 
0.1667600366 9.688236559 
-0.1730933406 9.531802513 
-0.0836016716 9.504724275 
-0.1154136916 9.396377438 
-0.1091784486 9.057849581 
0.4637057971 9.797244982 
0.09490040643 9.630298284 
0.06427540148 9.599512901 
0.01614588573 9.188339764 
0.09196440454 10.35042904 
0.209298289 9.761484427 
0.4041132869 9.109841366 
0.4534844144 8.988706077 
0.941062225 9.189933708 
0.7168222445 10.50938442 
-0.357377603 10.23560434 
-0.4854560327 10.01200941 
-0.5218532479 9.684001533 
0.1157186643 9.618588528 
0.002092683868 9.099819219 
0.5937308763 8.807723735 
0.1735033772 10.11753696 
0.09240850865 9.405283931 
-0.3669029543 9.379575265 
0.9617194513 8.921321029 
1.047889996 10.91974283 
-0.4844898083 9.135112641 
-0.6031826344 9.316102257 
0.1651428172 9.547169199 
-0.03785251862 10.10878646 
0.2775937607 9.710933807 
0.6553974508 9.253331591 
0.1413118282 9.200570906 
0.827407287 10.43130292 
1.048901363 10.22767366 
0.1166964437 9.599849542 
-0.02824902418 9.748774611 
0.5441835823 10.17073883 
0.03113190731 9.580685053 
-0.3096089548 9.69033727 
0.08712959251 9.635540748 
0.2129344878 9.735501636 
0.2062512639 9.82652555 
-0.4901593062 10.07846746 
-0.1224377447 9.518135998 
0.1644498278 8.666472521 
-0.07721858366 9.458694169 
0.001986286846 9.719082757 
0.1257464074 9.697211266 
0.3978333051 9.361266409 
0.2780221257 9.69030497 
-0.7301051915 9.297626714 
0.4798315016 9.439499872 
-0.8535376139 10.2158683 
0.1558161862 9.512572336 
0.2062636948 10.5634511 
-0.7843554816 9.877545314 
0.2103140923 10.41404472 
-0.144180162 10.0517712 
-0.2377616187 9.447985055 
-0.2330388897 10.34760675 
0.09709150216 9.526490071 
-0.02479288614 9.672695029 
0.3453347061 8.928146811 
0.9984321384 9.923606659 
0.06452317063 9.375585367 
-0.60102496 9.228756169 
-0.4773215469 10.27107484 
0.1571674424 9.540269466 
-0.1017561471 9.651897721 
-0.05666174072 9.591260291 
-0.3017356214 10.07540395 
0.1477111595 9.08184894 
-0.5023913351 9.020671281 
0.247353374 9.098752167 
1.319565931 9.152725669 
0.5953779676 9.134054181 
-0.4899937861 10.36722276 
-0.3558793857 9.66921707 
0.1952357388 9.599692512 
-0.09761413983 9.250627738 
-0.161194727 9.350358533 
0.09557548916 9.626583604 
-0.1309295908 9.228066269 
0.07343322457 10.26736418 
0.07144062048 9.473571299 
0.2334437618 9.507074696 
-0.2070310743 9.341916995 
-0.1077884742 9.766774982 
0.6484425238 9.152601554 
0.04468542905 9.438058603 
-0.1615415255 9.444710726 
0.08464589703 9.57016087 
-1.05140447 9.471306428 
-0.195809449 9.60366824 
0.4908882773 9.700043051 
0.01636187596 9.272122067 
0.4301019034 9.791302218 
-0.08355632566 9.380093817 
-0.419148108 10.12995794 
0.40007239 10.41342476 
0.4983897814 9.107012878 
-0.4005482786 9.125530613 
0.581624255 9.919440888 
-0.7409526882 9.629839354 
0.02433047809 9.342067619 
-0.02093515363 9.479359147 
0.6220053886 9.11608375 
-0.19878257 9.143746395 
1.412546157 9.944515037 
1.383127859 10.17258774 
-0.1470909708 10.20121215 
-0.1821286737 9.417847815 
0.10816286 9.54461385 
-0.5468408802 10.12149854 
0.5322867594 8.914182691 
-0.09196460134 10.04109841 
-0.1291388735 9.731558079 
0.2045221579 9.607110273 
0.1520344002 9.563574588 
0.1542482738 9.55461949 
1.182739359 9.614879282 
0.4299535562 9.80966072 
0.166804652 10.05105035 
-0.2255725819 9.477479922 
0.1209932958 9.550208508 
0.03686876155 8.780843811 
0.04903567537 9.346445459 
-0.2234534399 10.65882943 
0.6842706559 9.476266733 
-0.05892528637 9.383376929 
-0.07998001159 9.158135514 
-0.09010314337 9.462487794 
0.2812079444 9.342345239 
0.01767694575 9.557410241 
0.228280991 9.796952673 
0.1091438185 9.803797488 
0.09844560045 9.648680864 
0.1507444877 9.694356621 
0.3526032879 10.00219387 
0.159272621 9.89345117 
0.2023464467 9.766266645 
-0.4636168727 10.05303986 
0.06454213767 9.197931807 
-0.005874497133 10.03302909 
0.2243965765 9.462458179 
0.3806789858 8.864368705 
0.9636811928 9.394297692 
1.365260949 9.476470488 
-0.01694031965 9.750864127 
0.006011877415 9.489087296 
-0.2565945382 9.576771247 
-0.1317092292 9.862272822 
-0.08885690403 9.548529206 
0.1046317955 9.604082967 
0.4656027549 9.791074078 
0.004771559218 9.742054524 
0.1535928367 8.71003761 
0.5042479909 9.660519835 
-0.4339637355 9.647323175 
-0.3563334679 9.226020798 
0.3501697235 9.900639037 
0.0879483843 9.630889815 
0.07510099417 9.64687248 
0.1396484541 9.800788307 
-0.3502275232 9.565738796 
0.1846315552 9.477266255 
-0.1376755434 9.533309511 
0.555073719 9.785851559 
-0.2161543006 9.973134837 
-0.1494146634 9.682055332 
0.4693055857 8.811758417 
-0.3119472244 8.923763919 
-0.7560461074 9.110672505 
0.5124333893 10.6957683 
0.1411102392 9.683450795 
0.3063944365 10.14484376 
0.160591899 9.596359554 
0.05987807502 9.259603267 
-0.1542407161 9.346380637 
0.2997808252 9.769862782 
0.1438928765 9.627923899 
0.3634527732 9.627932149 
-0.2334528444 9.885388671 
-0.3190032039 9.600538791 
0.1439312083 9.686775195 
-0.2966300999 9.228352494 
0.4086748694 9.808439558 
-0.5012435535 9.462260215 
-1.097156072 9.382195327 
-0.1370186653 9.399119875 
0.2867635704 9.918650416 
0.08034860333 9.645690177 
-0.0897191135 9.044725855 
-0.1347346143 9.358456455 
-0.1309880096 9.199061758 
0.2080460144 9.623257599 
0.1498366365 9.56552178 
0.01641484235 10.01360274 
-0.06745828189 9.726881188 
-0.05627860682 9.626094528 
0.9971031464 8.759334117 
0.1727562194 9.754171237 
0.09619675876 9.516378604 
-0.00389325871 9.651875702 
0.1191832368 9.891393694 
0.5783452591 9.6404843 
-0.4593895287 10.98594221 
0.875960721 9.679785234 
0.06728282449 9.500786097 
-0.3390292569 10.10527554 
0.1643440186 9.620277508 
0.4031498275 9.571187217 
0.02578178007 9.669626541 
0.478195922 10.1112924 
0.08408667277 9.629712382 
0.2147605093 9.519361297 
-0.1564937069 9.49114496 
0.189684573 9.725878068 
0.2910868916 10.59512978 
-0.01290721955 8.91084178 
0.06306746356 9.651250465 
0.1797740723 9.072488923 
0.09729116432 10.04675468 
-0.3176491713 10.09056767 
0.2889869882 9.623286191 
0.1289124886 9.619026254 
0.3196514206 9.559510915 
-0.3985681401 9.396221988 
0.06395738115 9.374006106 
-0.3685855402 9.63877078 
0.2914738606 9.848779922 
-0.08152722699 9.593973046 
0.08967719366 9.666130029 
0.2364824193 9.682923132 
0.2583362804 9.580829518 
0.1918342398 9.441871441 
0.8576439716 9.025349507 
0.03980506436 9.948132355 
0.1781729193 10.0358915 
0.1425206338 9.548149221 
0.284257404 10.01747835 
-0.1067203892 9.079534272 
0.1696824657 9.349760767 
0.5571421935 9.590897358 
-0.134169322 9.74215886 
0.506821378 9.328983382 
0.1220008239 9.740954287 
0.2708379641 9.458573098 
0.3206121158 9.130229981 
0.9008347946 9.985619985 
0.3141352375 9.670746133 
-0.0778075079 9.839139553 
0.264244505 9.830502405 
0.5664426528 10.82808132 
0.07775431609 9.479110306 
0.05594223956 9.54024743 
-0.1219392945 9.602990201 
-0.4376429328 9.580321085 
-1.153229912 10.84453519 
0.1686208507 9.615343932 
0.04375523102 9.038172437 
-0.3809170857 10.31207416 
-0.09977329404 9.270383762 
0.06354284348 9.64487769 
0.375792147 9.271675989 
0.03751767111 9.689337121 
0.0584659952 9.276269948 
-0.9404953068 9.037765955 
0.5171146217 9.753022086 
0.05804408821 9.59618191 
-0.2595341832 9.529324594 
-0.2549315928 9.359778645 
0.9277198235 9.114549283 
-0.4035807987 10.08959884 
-0.02250379312 9.515858624 
0.07287146175 9.740090741 
-0.4305949312 10.03711035 
-0.3950571187 9.464868342 
0.9404352299 9.793579572 
-0.01886791665 9.887870653 
0.08376920695 9.666755605 
0.3088582421 9.573060242 
-0.1145862352 9.529484351 
-0.1665616662 10.06838506 
0.2777787665 9.899186765 
0.1896392428 9.514072216 
-0.1515842958 9.412666647 
-0.6848194275 9.496356038 
0.1967671682 9.742758527 
-0.2002917866 10.09454916 
0.2187335309 8.996186034 
0.7103944434 9.822936606 
-0.2990644028 9.230357246 
0.1746746099 9.640071947 
0.3456333233 9.482799446 
0.1245328107 9.776470497 
0.4410224689 9.884811136 
-0.1432639927 9.677521597 
0.4084042296 9.42719018 
0.148952679 9.586718094 
0.2724928718 9.431568828 
0.3777580822 9.563214982 
0.3455346924 9.773112899 
-0.1221156695 9.682389921 
0.180189739 10.08613024 
0.9936932612 9.386680232 
0.5938613055 9.607305411 
-0.3149592137 10.12189774 
-0.2584033175 9.927336048 
0.4409266885 10.69875682 
0.3637619506 9.973609617 
0.09626770966 9.635071895 
0.2233572647 9.463177861 
-0.4094774128 9.854361215 
-0.3095695606 9.345324941 
1.266067529 10.02211394 
-0.4282611418 9.539832907 
-0.5887367109 10.1790472 
0.2066692402 9.517673898 
0.2180843983 9.975274321 
0.241812503 10.19706569 
-0.01346411241 9.846445593 
0.04235089014 10.05189978 
-0.2159224202 10.19908573 
-0.08806825732 9.804664312 
-0.1909754946 8.885702027 
0.1390649927 9.27222622 
0.001872854609 10.67883873 
0.1426181197 9.646586985 
-0.54924731 9.52921671 
0.1155004893 9.610855519 
0.4500924551 9.862046714 
0.2107096922 9.409827541 
-0.1699869435 9.461692911 
1.131282175 9.725327161 
0.06247190563 10.24243703 
0.06842312383 9.653489305 
0.6116744053 9.248913622 
0.0918983841 9.629492459 
0.6921677475 9.499703245 
0.5821847501 9.735400732 
0.2225700524 9.607399617 
0.1455991659 9.564679074 
1.213901396 8.736084743 
1.263287258 9.23822746 
0.03954021461 9.552462017 
0.01960813723 9.537204816 
0.2206137389 9.730252258 
-0.6849393543 9.303518883 
0.4702496192 9.676077082 
0.1775286825 9.81499792 
-0.4655370791 9.448035672 
-0.2899305503 8.976968741 
0.4515552292 9.374802896 
0.02540815336 9.828694696 
0.0007400985065 9.646514017 
0.09792037294 9.640457273 
0.1915487537 9.678210903 
1.071868034 10.44131944 
0.385481184 9.642882353 
-0.7208292076 10.1652774 
0.2488958099 9.805320709 
0.5680463803 9.289447327 
-0.2287859795 10.21985462 
0.5892510465 10.14644815 
0.1698304379 9.590605725 
0.1905201076 9.294924281 
0.1455100788 9.676076629 
0.6129602214 10.09444091 
-0.4315999862 9.894929822 
1.243368638 9.589383031 
-0.06189410352 9.542136417 
-0.1902935416 9.265272425 
0.2343648007 9.601990118 
-0.09246020953 9.889644408 
-0.3698266854 9.640021387 
-0.5047611747 9.426908176 
-0.5612286102 9.238782186 
-0.1434137709 9.665109267 
0.06090500698 9.569139323 
0.2200273835 9.666633007 
0.08168141969 9.623021095 
0.6058292524 10.04022418 
0.3643736288 9.649485267 
0.345567373 9.555936391 
-0.6796886731 9.560615755 
-0.7292172238 9.615645712 
-0.07759258832 9.68210357 
0.303834275 9.627997077 
-0.9501869169 9.08634594 
0.5537995008 9.892477691 
-0.1196310672 9.670548754 
-0.07803407057 9.458679309 
-0.5882435552 8.969522103 
0.2512729387 9.405174307 
0.04039956503 9.654940874 
0.4981652113 8.958465796 
0.113414476 9.313871687 
-0.1482938397 9.868894127 
0.4940621069 9.953475506 
-1.283065329 9.764019397 
-0.2416298171 9.258914867 
0.0391104401 9.697913303 
0.09136117909 9.614558647 
-0.4247715236 9.79649193 
0.02560548001 9.792947375 
0.1032192717 9.966675367 
0.2737120534 9.21719247 
-0.04243870842 9.562679162 
-0.9066239975 10.06365431 
0.07747290884 9.656135232 
0.05860726098 8.788879277 
0.2055395615 9.849401304 
0.1668292548 9.4481579 
-0.09217852221 9.736176704 
0.2983150351 9.856184553 
-0.07507806571 8.747594097 
0.09729770832 9.683415198 
-0.1819093993 10.34595687 
0.1979110796 9.810976716 
-0.06346792662 9.413631128 
-0.06305311797 9.197305071 
0.09543840969 9.631125874 
0.3417469213 9.393935873 
0.2243580704 9.644799025 
0.04032635039 9.579760566 
0.5998462948 10.44960084 
0.02380540916 9.005678616 
-0.6186500726 9.521682044 
-0.04765749024 9.54341109 
0.2429443025 9.398201836 
0.3441773582 9.924842029 
0.06929345463 9.679890371 
0.4855084777 8.983375814 
0.3823511115 9.651305399 
-0.03738896195 9.903911906 
0.3434007549 9.698108678 
-0.07863844687 9.92768853 
0.409681426 9.203483099 
0.6284789399 10.14119409 
0.2695013778 9.391444544 
0.5033301628 9.475965325 
0.07708627469 9.689519591 
0.6420503225 9.827909419 
-0.09956287131 10.53394904 
-0.8217250826 9.533216533 
0.6440398413 9.66639896 
-0.3743494883 10.27357924 
0.5320975051 9.694975857 
-0.2566087055 9.409942466 
-0.1449830182 9.877368109 
-0.4563177445 10.67414632 
0.5737789648 9.464754811 
-0.4764128354 9.094365059 
0.1446021176 9.673878459 
-0.3082415935 10.13353114 
0.2404649721 9.719604986 
0.4049397057 9.836298189 
0.7033560385 9.877317998 
-0.06405784355 9.511529202 
-0.03267006548 10.02798679 
-0.04003921045 10.34408894 
-0.3965035058 10.31111764 
0.08592258638 9.697145906 
-0.07622429572 9.695078585 
-0.4617817873 10.42485715 
-0.01427115815 9.565850706 
-0.02900668119 9.557382731 
0.272001034 9.898625626 
0.6607614903 9.824205895 
0.80555107 9.694633156 
1.651104284 8.855800278 
-0.1727248134 10.29180947 
0.498670779 9.196723835 
0.1725965898 9.668558997 
0.1442948131 9.193523919 
-0.8440717909 9.135954166 
1.142029731 8.712013321 
-0.1910420818 9.602504981 
1.248527754 9.689815598 
-0.3660106496 9.693914593 
0.3158501678 9.785054893 
0.1596030487 9.777792915 
-0.1196924921 10.10380962 
-0.2356723966 9.490048299 
0.5080544086 9.970400576 
0.1566645812 9.737633775 
-0.00209532148 9.719665012 
-0.4331975565 10.034436 
-0.3428033554 9.305302582 
1.153549285 9.442998667 
0.9394182533 10.49105135 
0.08291769168 9.674902291 
0.2733015679 9.809872928 
0.7018031175 9.882600452 
-0.4117043896 9.89906117 
0.07450421892 9.611687207 
-0.4358490076 9.783068315 
0.5169349702 9.617604904 
-0.2901806403 10.09395516 
-0.4628630326 9.66691345 
0.09765792456 9.625822778 
0.531686679 10.27491634 
0.4126249502 9.209818254 
0.01856792011 9.661525311 
0.2856762575 9.53318539 
0.4352171922 10.15910142 
0.0711807371 9.231105452 
0.05700238726 9.57695733 
-0.7869165379 9.915705816 
-0.2649490334 9.487694399 
0.01349572832 9.685426873 
0.1687385239 9.212400418 
0.3380869813 9.753011066 
0.2279120466 10.24966321 
-0.1280186899 10.24402977 
0.5328274826 9.762090093 
0.4188218982 9.277333253 
-0.3899825779 9.973887428 
-0.6316316758 9.578800732 
-0.2583213716 9.885962149 
0.3618896184 9.295365888 
-0.007716351424 9.715775766 
1.047858968 8.758196582 
-0.1240853909 9.891878899 
-0.1157093156 9.803976452 
1.32325994 9.648155836 
-0.1916488664 9.495160038 
0.1671513411 9.591525075 
-0.07555010792 9.804892033 
0.1958734001 9.717942378 
0.08819449237 9.498658277 
0.3023234415 9.089713555 
0.2101912354 9.098228161 
0.2669485415 9.484278996 
0.2296880764 10.63922709 
-0.3471514905 9.359431423 
-0.5738532308 9.564371812 
-0.02498396783 9.071403487 
0.5167587213 10.2178176 
0.01459893887 9.760800577 
0.1825203044 9.656258182 
-0.4126062999 9.319747381 
-0.1704783837 9.41435094 
0.1423272477 9.566681429 
0.01024607222 9.658448895 
-0.7188956954 9.03504854 
0.1367427709 9.711253515 
0.1388874943 9.848859195 
-0.1969531138 8.671263841 
-0.1849475399 8.627230389 
-0.1244828652 8.680547107 
-0.6474802968 8.641909956 
-0.7484053149 8.613125253 
0.2055746913 8.583909081 
-0.3968381391 8.77244006 
-0.1049803159 8.577271407 
-0.1692702512 8.747180868 
-0.7655829341 8.68725678 
-0.1637573502 8.6915611 
-0.2520505738 8.7075075 
-0.1887077661 8.689556993 
