6.199843615 -0.02341265637 
5.84820456 0.4563457218 
6.278729196 0.2506750353 
7.263414257 0.02337950352 
6.507112767 -0.3240858329 
5.717143004 0.2495313376 
6.129809948 0.04456487423 
6.097431188 0.03524992087 
6.496242381 -0.1213909312 
6.082037327 -0.01640296012 
6.559590805 0.4712435754 
6.099366431 -0.09818049188 
7.308838555 -0.0559540497 
6.105915846 -0.1780575846 
6.408983911 0.004269465323 
6.955496194 0.7278149194 
6.531466526 -0.1207362058 
6.130890674 0.0461757585 
6.512014866 0.2283863646 
5.383431111 0.2341823243 
6.018960564 -0.1828633057 
5.897051109 -0.5386322356 
5.781647905 -0.1541446495 
6.029344354 -0.57802733 
6.045297019 0.2782664213 
5.411583028 0.9294563265 
6.594899124 0.660923971 
6.169730039 0.01768126809 
5.980876334 0.4582700291 
6.006546919 -0.0417398927 
5.577566666 -0.4134850676 
6.62047721 -0.01852226758 
6.063185982 -0.5254550057 
6.169250988 0.08191022148 
6.65848229 -0.3109037785 
5.035518548 -0.4783283517 
5.655176915 -0.3316729192 
6.845212737 -0.6095825217 
6.25281945 0.2168687521 
6.183134745 -0.0138037678 
6.132344159 -0.289850859 
6.910656987 0.1893426035 
6.6550249 -0.5276884165 
6.148732721 0.3573314281 
5.811857827 0.2817579088 
6.194209732 0.2204332419 
5.551975466 1.391346617 
7.208167727 -0.1388853423 
4.800187149 0.7098079128 
6.117184968 -0.1426766162 
5.21953034 -0.0694944488 
6.348015329 -0.05265019236 
5.418485639 -0.3703986369 
6.04883584 0.3836114164 
5.230635023 -0.2532627274 
6.343277005 0.2237061836 
7.135395449 0.01193577692 
6.025745092 -0.2426005932 
7.027074575 -0.4524443929 
5.948363358 -0.0943807746 
5.881173042 0.5015880387 
6.498008351 0.4104862124 
7.302591723 0.487570383 
6.164445581 -0.01545890257 
5.58814197 0.6055459843 
6.040400087 -0.06512354047 
6.156683922 0.03457701024 
6.316115208 0.07283677274 
6.82963031 -1.051454049 
5.944056292 0.1938557856 
5.177054097 -0.2772775413 
5.724315617 0.4703279496 
5.708095944 0.4627443171 
6.154590258 0.03159956024 
6.125910972 -0.09035168412 
5.34960873 -0.7453213603 
6.676273601 -0.3558904014 
6.040524791 -0.08277626401 
6.687560344 -0.7363753938 
6.165268749 0.02570156965 
6.402637089 -0.1082104365 
6.593935573 0.1356072742 
7.028492101 0.1496757248 
5.509636624 -0.3301419272 
6.131593825 -0.06992199678 
6.643581437 -0.5852423123 
6.654847507 -0.445996213 
6.015007178 0.9190805417 
5.434019359 0.1492714059 
6.246365873 0.1552929834 
5.97500026 0.5415955414 
5.781392006 0.3037577637 
6.653398412 -0.1421604774 
6.493576989 0.351511716 
6.195532159 0.2634434629 
6.420851949 -0.2128730288 
5.669445531 -0.3180942108 
6.706508284 0.02249752281 
5.691142326 0.2164308155 
6.195745797 0.08185221566 
6.121857339 0.01033119351 
6.131375715 0.1205943383 
6.010487386 -0.3063437386 
5.575336405 0.5755111297 
5.788795616 -0.06719771603 
6.121755877 -0.1221382295 
6.492675395 0.1837998862 
6.686435945 0.2532764736 
6.226953816 -0.2934325077 
6.467500157 0.8495668913 
6.170057699 0.007556145361 
6.255510361 -0.2903365918 
5.914672474 -1.125802167 
6.335154124 0.1703908336 
6.444786382 -0.1495456768 
6.293571752 -0.06381697181 
6.610581343 0.006469785919 
6.04393015 -0.2360655132 
6.199026321 0.159888804 
5.851350853 -0.217130091 
6.56424574 0.3524714613 
6.110424451 0.04750212732 
6.050117684 1.453050069 
5.817432505 0.9104714629 
6.371672292 -0.3447432052 
6.586135332 -0.1458492479 
6.060289678 0.09559256694 
6.191073938 0.06011632592 
5.864851349 0.01763780145 
5.67280383 0.3598487862 
6.030049836 -0.07888711356 
6.492593189 0.1828937354 
5.984094131 -0.8177838886 
6.640563391 -0.6193274887 
5.58288289 0.467889171 
5.69202494 0.5179768726 
7.044449403 0.3628419894 
5.926986354 0.911263162 
6.503409713 0.793841254 
6.159560465 0.02919098335 
6.062305815 -0.07304740351 
6.127041776 -1.181885383 
5.135396783 0.2750464768 
5.826624416 0.5533305136 
6.281524985 0.3789703208 
6.597927132 0.4227748854 
6.119972353 0.02429117393 
6.693650438 -0.1022598178 
6.798543478 0.2374086372 
6.125665813 0.05560700117 
5.83681018 0.5349301362 
6.063458494 -0.1885512409 
6.33138198 0.6211300363 
6.044143342 0.1999807591 
6.77183396 0.5731361303 
6.447674895 -0.5214198427 
6.658347434 0.3756261049 
6.06533388 -0.4367597829 
6.117272191 -0.0112218722 
5.926377959 0.237704709 
6.170745365 0.07708992128 
5.948652117 -0.1651450481 
6.286433379 0.366531435 
6.224895634 -0.5984167113 
6.676320205 -0.6435741256 
6.152463503 0.04613339287 
5.639677651 0.9788111987 
7.334376306 0.2405480505 
6.594367095 0.4347229894 
5.61546674 -0.6847743682 
6.187244551 0.1323229883 
6.010609407 -0.4627266793 
6.102897245 -0.1583678908 
6.276561754 -0.1140835297 
6.193563743 0.1616832316 
5.744463145 -0.1240740161 
6.215153309 0.4597414379 
5.881810685 -0.03930489608 
6.119195383 -0.2228601806 
6.921882486 -0.2897016522 
6.140511268 0.09503176966 
6.348041448 0.3389722142 
6.159628201 -0.3329931675 
6.309326995 -0.1738751001 
5.928517732 0.1639480063 
6.340435732 0.2657625071 
5.920035895 0.6830617794 
5.361368522 -0.4103621213 
7.001763319 0.6711321233 
6.054525868 0.04463008523 
6.21458835 0.1618595166 
5.987763247 0.4224243664 
6.170740672 -0.2063216674 
6.372257517 -0.1969767694 
5.447893934 0.470642797 
6.139078251 -0.3371376507 
6.153504176 0.0380920829 
7.2469335 -1.320294222 
5.865278672 -0.1388004037 
6.236211298 0.1718496058 
7.294750721 -0.04550316305 
5.363017992 -0.3486628099 
6.367460689 0.01218925709 
6.164886006 -0.07273521848 
6.341077157 0.3405336871 
5.987676057 0.4049421812 
6.483691513 -0.1792975041 
6.244263406 -0.04460655945 
5.521936477 -0.1973695088 
6.185102369 -0.01777711944 
5.894103578 0.184740527 
6.151071532 -0.05122335369 
6.161860708 0.03101908369 
6.688900935 0.6229778825 
6.50327753 -0.2896918264 
5.031498043 0.2402825881 
5.925306005 0.5416719179 
5.533857114 -0.560684011 
5.862513913 1.107312282 
6.283364348 -0.1173183794 
6.520227099 0.3636773218 
6.126046543 0.03182124824 
6.072147836 -0.02792455152 
5.967672556 -0.1607747877 
6.102368187 0.4401035045 
6.124825862 0.02962140163 
5.968741871 -0.8801870604 
6.086337384 0.4835096709 
5.909569098 0.5307032935 
5.991645148 0.5231706994 
6.541274603 0.4841427249 
6.512522749 -0.2634518198 
5.872206337 0.1202573927 
5.477006544 -0.6179930722 
6.430858752 -0.4748411634 
6.147848926 -0.006807441441 
5.980308087 -0.3703206674 
6.174130802 -0.1083371209 
6.305383365 -0.1197204814 
6.299184722 -0.01462930092 
6.316567316 -0.1208513531 
5.795067492 0.3375292544 
6.149056502 0.01619525905 
6.138900522 0.003449738058 
5.513401513 -0.7225261927 
5.856172514 -0.1901091235 
6.63044523 0.3607758956 
5.795363593 0.01060491271 
6.088714828 -0.01345215841 
6.169925649 -0.08875067604 
6.357281043 -0.002509051575 
6.344327093 0.5940383451 
6.331266951 -0.6143237879 
5.506893027 1.087485231 
6.546893615 -0.2863497494 
6.871567849 -0.1881704142 
6.773837773 -0.2163619051 
6.06311023 -0.3423048091 
6.914383179 -0.1923518467 
6.825399529 -0.5220495698 
5.944831866 -0.1134687206 
6.108698643 -0.04993228108 
6.016336552 -0.349471256 
6.461174288 -0.1738133096 
6.042202931 0.2237582952 
6.448708622 -0.09191247838 
6.274786889 -0.08103787659 
6.143192035 0.02467362113 
6.331124551 0.04784213509 
6.057822568 0.2636026608 
5.815680227 0.3137751579 
5.540462652 -0.5583349616 
5.443566926 0.6269592207 
6.473819275 -0.1843006243 
6.267410976 0.005303237861 
5.964898679 -0.0201412271 
6.566590188 0.5252015337 
6.799600026 0.1951412884 
6.113607205 0.09437205977 
6.200047946 0.4393822153 
5.826157139 -0.6323013127 
6.326939676 0.06916251044 
6.619658621 0.9704597283 
6.361308346 0.5335284391 
6.179408804 0.005890999464 
6.192774927 0.04480906366 
6.209427437 -0.2736755301 
6.032553467 0.1875220851 
6.922222141 -0.5713127907 
6.103372581 -0.2287930051 
6.068383428 0.007093821794 
6.13092087 0.005204164692 
6.460562627 1.16937648 
5.814867816 -0.3628598381 
6.314769983 -0.3079686251 
6.572664142 0.009624788523 
5.871796198 0.2945887476 
6.033730496 0.7722980743 
6.654614951 0.2040145782 
6.127925658 0.4471099982 
5.369109448 0.8574978002 
5.819961664 -0.1621287823 
6.771012752 0.2770629636 
6.573124856 -0.008648893786 
6.030020793 0.4027575834 
6.211779039 0.1471098894 
5.883821116 -0.7986814932 
6.057474671 0.2739921124 
6.276795054 0.0005358483036 
5.673208276 -0.2377364489 
6.110479097 0.9737719414 
6.455595498 0.2530564374 
6.316427948 -0.5551172297 
6.113236719 0.2027460681 
6.122892023 -0.1244646235 
6.359162304 0.1860156879 
6.495832382 -0.1464903683 
5.603928422 -0.2982332546 
6.171476581 0.09434339657 
5.884575091 0.5907249586 
6.316288306 -0.4936719964 
5.769874937 -0.1626918119 
6.062853146 0.1736550137 
6.113525763 0.1043421178 
6.35123465 -0.2738933056 
6.011724852 0.06450218986 
5.884937747 0.1732655745 
6.330208157 0.5076154653 
6.271006013 -0.5048308193 
6.530736403 -0.688288273 
6.046779035 0.1254932487 
6.123793 0.01351141502 
6.207525061 0.5415431831 
6.278677501 0.6067897788 
5.505994128 0.8674176883 
5.658852041 0.2832769176 
6.363888303 0.1996897712 
7.104140062 0.09939949594 
5.895049577 -0.3172860191 
6.226339877 0.08327606061 
6.777412975 0.2818564233 
6.170826096 0.04364647719 
6.571063276 0.1407859301 
6.370931759 0.2004284215 
6.393091131 0.5927123295 
5.892583374 0.7767751327 
5.096141572 -0.1145532672 
6.729422714 -0.6473399092 
6.02822667 0.6734589589 
6.98163704 -0.09277001795 
5.286618159 -1.082332506 
5.760428219 -0.3753682841 
6.15388551 0.1856157942 
6.552058886 -0.06993418751 
5.627037285 0.6215029021 
6.581503259 -0.1825975047 
6.065142904 0.4683913732 
6.173543061 0.05453058497 
5.877824359 0.03535022365 
6.542270442 -0.5589013438 
6.487446656 -0.4348207486 
6.325665132 0.2002611428 
6.518816594 0.3742627329 
6.157259652 0.03066388911 
5.879000719 0.1699572583 
6.701394474 -0.1180392929 
5.911265742 0.2545792402 
6.382182892 0.1689362382 
6.884977345 -0.445050091 
6.346648184 0.1093523492 
7.10122218 0.3652560693 
6.031119276 -0.06354080241 
5.689737287 0.3213893869 
6.811187307 -0.3664627478 
6.494450227 0.2314108544 
5.805038514 0.164764421 
6.767077426 -0.4772694867 
5.744984633 -0.7605480706 
6.248564341 0.147614699 
6.018276915 0.1823463505 
6.167945633 0.03951576627 
6.188283268 0.009143694643 
5.966282874 -0.01492852513 
5.585346404 -0.1298162776 
6.303762552 -0.142441599 
5.205318395 -0.2542147416 
6.004496862 -0.05022946348 
6.811629707 -0.5638101905 
6.302293944 0.1281862245 
5.476161614 0.4813810576 
6.200774105 -1.04377528 
5.948144292 0.01705765728 
6.141918315 -0.009366124063 
6.89275169 0.5522256579 
6.195286049 0.06369290719 
6.111458388 0.02726848521 
7.690862394 0.2242264484 
6.111190689 0.1647066332 
6.14228232 0.1999383365 
5.821674946 0.4436203931 
6.872620468 -0.3362731827 
6.118932119 0.08762939889 
6.491092668 0.5406605317 
5.93322538 0.1870856942 
5.942769162 0.3640441946 
5.421479762 -0.618434778 
6.815137811 0.7739770015 
6.735897149 -0.1401844709 
5.927135281 0.2817936259 
5.972310575 0.2168025626 
5.576563339 0.2515852697 
5.960480091 -0.06783576039 
6.196520325 0.2919176789 
5.978346184 0.4831085369 
5.990869032 -0.3892858421 
6.026504389 0.09886289193 
5.159982415 0.1610749325 
6.141780817 -0.3714880985 
5.985316942 -0.5619330863 
6.527348526 -0.3384239599 
5.733060926 0.5232401288 
6.246006659 0.1709432346 
6.132180865 0.0797328212 
6.302464251 -0.02917745876 
5.51337838 0.2964296441 
5.755070173 0.1727101038 
6.225427705 0.1532843547 
6.689114961 0.9170501505 
6.113151478 -0.06040145535 
6.215026123 0.07578881403 
6.202491337 0.05931345793 
6.449420093 -0.4153377111 
6.537390073 0.5369199021 
6.147279233 0.01978845303 
5.776220145 0.389941766 
6.600800747 0.3449380391 
6.355685989 0.2140878933 
6.14634936 -0.1406003029 
5.387174624 -0.2711260757 
6.108212672 0.07687984711 
6.452207948 0.2111044108 
6.654449422 -0.5355513779 
6.187004127 0.005980735932 
5.00713733 1.16884731 
5.413576636 0.201138048 
6.268034692 -0.07278852655 
6.284482914 -0.04320435075 
6.172024463 0.040316128 
6.382586066 -0.6285989381 
5.812888914 -0.2990395983 
6.203680479 -0.0987213529 
6.104359096 -0.05023909133 
7.027521189 -0.3128250542 
5.829171113 -0.6481165785 
6.868899153 -0.238774481 
5.477983393 0.179833558 
6.720502593 0.5264689217 
6.693664448 0.8147582115 
6.382962138 -0.1189130919 
5.730279668 0.4392097088 
5.9273394 -0.5431081776 
5.88502864 -0.1682025459 
5.824778072 0.01470784684 
5.322871931 0.307332806 
6.07293234 0.1136664394 
6.462439286 0.6070496773 
6.61422167 0.4075718009 
6.266012963 0.08239572293 
6.521977668 0.360785323 
7.396007793 -0.09183935616 
6.535061913 -0.1872512884 
7.243604741 0.01036859309 
5.726846837 -0.459569197 
5.761884781 -0.2887950156 
7.203203217 -0.3509291236 
6.143857652 0.05158876948 
6.142289721 -0.1805651325 
6.081990363 -0.08836959047 
6.08300481 -0.1628917007 
6.084538612 -1.04197686 
6.181414031 0.02935534919 
5.87584429 -0.885190477 
6.189752549 -0.2610250249 
6.588862605 -0.2655588835 
6.431864443 -0.1263133584 
6.676967383 -0.2840949787 
6.004591718 0.1638675189 
5.611995175 -0.7499515595 
5.595681959 0.1867311746 
6.007150174 -0.6034891637 
6.511155436 -0.02728698215 
6.163386287 0.01631784679 
6.147608543 0.05415861294 
6.081528848 -0.2068410443 
5.079880948 -0.0136993179 
6.643861656 -0.04547794711 
6.600156041 0.3423593883 
6.134638725 0.2037170361 
4.750006446 -0.5310175534 
6.088298031 0.05952941778 
6.165752481 0.1331378072 
6.176449112 -0.3387258324 
6.25419228 -0.04754235848 
6.264745855 0.08361453918 
6.200514204 0.04186221966 
6.279574967 0.273907612 
6.647403433 0.5329574277 
6.15100651 -0.0366117265 
6.111190393 0.2184889456 
6.224086393 -0.3375788947 
6.302656609 0.1554492886 
6.187441493 0.05596179617 
5.447380373 0.6817825905 
7.077429264 -0.6629000055 
6.435952794 0.01155427313 
5.488288386 -0.2336454228 
5.37199673 -0.09493559483 
6.451607813 -0.1175666808 
5.961280339 -0.0429122564 
5.943021219 0.1653117287 
5.901621394 -0.135455384 
6.175039696 -0.0445814086 
5.997860523 -0.1189401756 
6.127938247 0.0498567064 
5.845075327 0.3668862542 
6.088350856 -0.07079858061 
6.296175165 0.1937664053 
6.545510813 -0.2394470002 
6.224142689 0.09234799737 
6.007495233 0.2181136581 
6.079719796 -0.5471150584 
6.292625384 -0.3553773789 
5.897063248 -0.3725164379 
6.252514087 -0.3625959418 
6.111114608 0.476173487 
6.048953836 0.1465453841 
5.690441127 0.2202487026 
5.503133506 0.9907996197 
6.009490509 0.1647599747 
6.016257741 0.6447506501 
6.179761922 0.02839275319 
6.20731478 0.01373606162 
6.140449161 -0.09066248241 
6.085022084 0.2816191655 
5.055359793 -0.4024038835 
6.328881924 -0.1795565049 
6.019645171 -0.5181049242 
5.87017679 0.8180143232 
5.46048731 -0.8582850566 
6.59583645 0.6703331651 
6.026063066 -0.1517860851 
5.945880621 -0.9827674616 
6.522030471 -0.3225724986 
6.296822667 -0.008442986639 
5.965415568 0.7786927934 
6.430256621 0.07037250729 
6.045310653 0.03494527173 
5.677798761 -0.2275913699 
7.003932538 -0.2865612507 
6.597777956 0.2193201018 
5.929735269 0.6820342854 
6.104302514 -0.03365245922 
5.823791941 0.5536588496 
6.349263614 0.1072419165 
6.76583088 -0.4782160832 
5.682411286 0.3622904143 
6.131759469 -0.07506005301 
5.994894733 0.05078935292 
5.903410974 0.05204445191 
5.026310684 0.8045210914 
6.65274674 -0.8267064786 
6.848825374 -0.5213667182 
5.222805516 -0.5760021857 
6.217691446 -0.2203629531 
6.378479444 0.6712870879 
6.235838542 -0.2661351373 
6.860540626 0.3021346834 
6.132355794 0.2211912752 
6.462904738 0.6972172597 
6.562857688 -0.2211358453 
6.018417555 -0.01878969331 
6.534448145 -0.5913822412 
6.145781583 -0.02080605922 
6.607553619 0.08710504383 
5.983343392 0.2166497343 
6.177554217 0.01489215629 
5.696400903 -0.3096313011 
6.143328833 0.04754297176 
6.062276696 0.01228215097 
6.972980364 0.3000837329 
6.449681288 0.3160793435 
6.327051056 0.07418643864 
6.675350776 0.415421064 
5.982137287 0.09500024264 
6.15736429 0.01680456323 
5.573463874 -0.8563238432 
6.08045711 0.006045437287 
5.916595731 -0.735660495 
6.136991759 0.413903641 
6.063607942 0.2952323286 
6.289681176 -0.2933397115 
5.968167173 0.3578024802 
6.213613004 -0.1061408228 
6.144804854 0.04374388445 
5.803022167 -0.1610769467 
4.726980882 0.3508596546 
5.849207891 -0.2124116984 
5.292684451 -0.2722858871 
6.521164899 -0.2526639478 
5.993111041 0.2290805872 
6.293251987 0.3142686686 
6.588155632 -0.377287866 
6.301207318 0.3202857039 
5.559552118 -0.4735908424 
6.178970859 0.1325249181 
6.18007384 0.01608753389 
6.199063111 -0.06155319405 
5.916369738 -0.2357865805 
6.131155911 0.5357678617 
5.94083447 -0.5517574326 
5.774292859 -0.01441486841 
6.156443148 -0.2598929569 
6.065523612 0.1343633784 
6.250299975 0.1076970356 
7.285282366 -0.3110600972 
5.960479386 -0.3261588705 
5.948622397 0.1333340004 
6.632340132 0.1334159513 
6.222678092 -0.05903287659 
6.342220116 -0.01814360547 
4.815150001 -0.6002986024 
5.976894261 -0.05459813104 
6.804673985 -0.5718331316 
7.174263425 -0.618988592 
6.708629031 -0.4721073143 
5.934240739 0.1625432967 
5.950264031 -0.2234297641 
6.478335995 -0.07124020591 
6.214847648 0.07991594997 
5.876157224 0.3950752762 
5.562236392 0.6803566207 
5.316805352 0.1213684116 
6.964640644 0.2307679538 
6.402901989 0.003412181781 
6.351360874 0.09416017365 
5.209009383 0.1176637111 
5.936657393 0.1396705968 
6.320443438 0.1776632699 
6.60304881 -0.2794960945 
6.572301547 0.2731044811 
6.424448798 0.2146655127 
6.493269442 0.3305758566 
6.212208453 0.2197161547 
6.269186089 -0.1069343267 
6.167027238 0.23360234 
6.248697332 -0.3014833746 
6.906280413 -0.8311931977 
5.24955589 -0.8582334721 
6.569105105 0.1700564326 
6.155583431 -0.03861885923 
5.707255482 0.5790481063 
6.442146171 -0.6417029115 
6.884401959 0.5114220901 
6.00773991 -0.03684388792 
6.26783776 0.1317499988 
6.328896465 0.3287984516 
5.982936233 -0.6444741383 
5.811674866 0.8027249967 
6.032027853 -0.3934840748 
7.010484762 -0.6250554273 
6.019948635 -0.108384766 
6.996735408 0.1116908671 
6.173467494 0.04884318416 
6.071279725 -0.08598005559 
6.074457063 0.05001030063 
6.114489209 0.1320909706 
6.234654391 0.01740719426 
5.97107232 0.0960335221 
6.179328822 -0.01710718604 
6.127923659 0.02247586067 
6.18304038 -0.1466441168 
6.215894259 -0.04241086316 
6.255263161 0.6191212951 
6.080339463 -0.175739292 
6.366564238 -0.02749410154 
5.309150879 0.5153964482 
5.991299121 0.148045502 
5.962730819 -0.1922204753 
6.218446373 0.09910946731 
7.976672703 -0.1623783144 
6.157901589 0.02706126424 
6.03962249 0.02937991755 
6.753851681 -0.5671972518 
6.372814056 -0.2191699693 
6.003125633 -0.2679655609 
6.502524881 -0.07660322691 
5.108880852 0.3265197071 
5.845501444 0.2304770895 
6.182322785 0.1543754257 
5.714374648 0.5431828876 
6.184421258 -0.005686220504 
6.111550711 0.1950868973 
6.149921433 -1.047128564 
5.438079475 -0.1517413453 
5.416955352 0.4907434068 
7.235473657 -0.5662881561 
5.699779279 0.7577966288 
6.133437463 -0.0344902715 
5.943710819 0.1331061961 
6.454139985 0.4067478487 
6.496450034 -0.1652660107 
6.175172513 0.01238897093 
6.296889306 0.072330197 
6.458140367 0.2123056277 
5.801058511 0.003772236626 
6.85459122 -0.07639489803 
5.779127112 0.699243022 
5.874413051 0.3331173169 
6.330142871 0.4371664289 
6.503005292 -0.3279745715 
6.365352849 0.4193445201 
6.649701656 0.1772035654 
5.810027269 -0.9154918606 
6.117477929 0.03919454972 
6.189772184 -0.3384025666 
6.268141804 0.005445838757 
6.157539949 0.04046894302 
6.500118807 -0.04630545448 
6.017262034 0.207027652 
6.707980926 0.4496917553 
6.19064607 0.06705650588 
6.196069149 -0.2141307127 
7.024650579 -0.8444290575 
5.800163376 -0.1250494237 
5.996200778 0.397802762 
6.433736789 0.2039348512 
6.039013815 0.04839195604 
6.770334748 0.2884623271 
5.915550706 0.1624427979 
5.726181377 0.3327534262 
5.662793339 -0.5295520094 
6.036753681 -0.01376518854 
7.036367822 -0.3466709977 
6.598277886 0.121409909 
5.928137858 -0.2074845916 
5.971604712 0.2048154435 
6.17597705 0.04071068224 
6.225090431 -0.07379344871 
6.140138351 -0.005685739249 
5.988002201 0.06088955624 
7.100257194 0.3844843978 
6.114821652 0.1164948963 
6.150229609 0.1795045271 
5.567036959 0.3907507141 
5.880881458 -0.2376778765 
6.27364948 0.1452342195 
6.352527416 0.1898943448 
6.159072695 0.1184045278 
5.842535652 0.4611355407 
6.42632094 0.1469991726 
5.946246999 -0.1790010912 
5.728253436 -0.8229077964 
6.291695967 -0.1917576175 
6.557213151 0.3851204237 
6.072880106 0.2045069808 
5.747277109 -0.4011896673 
6.020947442 -0.2357850163 
6.761430885 0.09157658929 
5.703028082 -0.6526625509 
6.141980642 0.03323036479 
6.072807006 0.06205023084 
7.136190056 -0.4909043618 
6.360501567 -1.792820017 
6.520216068 -0.1286669779 
6.084730745 -0.2583008552 
6.437779744 -0.2087119342 
5.717267888 0.4733955637 
5.532182559 0.3235485648 
6.410006467 -0.502085613 
5.783821769 1.413224679 
6.294584394 -0.2715365402 
6.221783221 -0.07430290117 
6.158079381 0.0525048159 
6.043823783 0.1456240662 
6.161504196 0.7553623153 
5.588645178 -0.2531630854 
6.174131011 0.6374294007 
5.990330949 -0.4543945962 
6.213714214 -0.004317946653 
6.07738836 -0.7013996674 
6.361809047 0.3202670182 
6.078742245 0.06011056721 
7.409698138 -0.495248053 
7.18356047 -0.4912915378 
6.141133711 0.1501875818 
6.255970576 0.142388452 
6.305805125 -0.427719847 
6.160289429 0.02690341004 
6.840774292 0.3417422151 
6.045776455 0.2352097651 
5.800148828 0.1485345453 
5.553970503 -0.2406907296 
5.226688043 -0.9267242476 
5.999125279 0.06198401963 
5.725095329 0.1879398569 
6.20390053 -0.06922704321 
6.197454644 -0.01108011225 
6.104769039 0.8106626904 
6.207924068 0.05187399051 
5.930020006 0.8392445108 
6.012585842 -0.021532824 
6.313503366 0.3263955832 
6.363250962 0.0500204994 
6.417757252 -0.2630473947 
5.523497341 -0.3415092687 
6.89276005 -0.1657631318 
6.158867591 0.02561917425 
6.68703981 0.2111203233 
6.594047106 0.8347118293 
6.366080327 0.2732282004 
6.172618024 0.034488936 
6.483205375 0.3976868136 
5.726486409 0.9035638394 
5.805798541 -0.3007428064 
6.164785709 0.03474396178 
6.032796789 -0.03972888171 
6.054008846 0.07044854242 
5.66887283 0.1655699279 
6.538669067 -1.258276351 
6.21026502 0.6936115898 
6.207287453 -0.1769007619 
5.879604772 -0.565784148 
6.197271011 0.07629366701 
6.135861138 -0.004252054068 
7.08184426 -0.3133721332 
6.416644578 0.001217166504 
6.161250834 0.02918501562 
5.947312235 -0.4864624404 
6.237613772 -0.2768177196 
6.275021894 0.3597111619 
6.737745858 -0.6503487611 
6.281372224 0.1359541801 
6.212033622 -0.6396702186 
6.5267464 0.5919698778 
5.720898261 0.3499989996 
7.651510487 -0.08018720159 
6.333460164 -0.1278647034 
6.797704671 0.1599622188 
6.276657032 0.165575565 
6.167618185 0.03408545011 
6.17775724 -0.07288094759 
6.367395871 0.3450228558 
5.897152191 -0.1959242718 
6.280535333 0.1048476461 
5.9050869 0.4056455619 
5.752986131 0.2632775703 
6.942220341 -0.2388993001 
6.363114422 -0.1328159133 
6.793350167 -1.675012752 
6.151700093 0.07032252766 
6.293339541 0.12285836 
6.569364507 0.2433520237 
6.463760741 0.3439685795 
5.825566244 0.2271212787 
6.360995983 -0.359943457 
6.142734457 0.05292368704 
6.447124434 -0.1078210664 
6.046976526 -0.03302774697 
5.878621139 0.5975585494 
6.575482077 0.154242717 
6.002629217 -0.1545526415 
5.347561971 -0.4208100763 
5.767466555 0.9194768928 
6.894335729 0.148323711 
5.620516705 0.05850478998 
5.891749069 0.08100923347 
6.824690563 -0.2368277716 
6.42809635 0.4065332385 
6.222345543 0.2319955056 
6.171018993 -0.01007776253 
5.688651332 1.11418863 
5.076137391 -0.08175057679 
6.265813979 0.6379041571 
5.991740401 -0.04874563408 
6.037268157 -0.7247194136 
6.075785312 -0.3467551429 
6.212463678 0.06273768825 
6.169959009 0.01659471023 
6.201205712 0.16428504 
5.533361335 -0.7957168663 
6.262154979 -0.0599484846 
6.071037783 0.9040700512 
5.949823059 -0.1788040595 
6.63895656 -0.6391375428 
6.137449693 -0.07313221474 
6.212278244 -0.3020291735 
5.864347964 0.07964330221 
6.08619828 -0.1218877989 
6.358963939 -0.8223317865 
6.539854963 0.6746538134 
6.125166812 0.06149533358 
6.384499563 0.3742322426 
6.135418652 0.6697304283 
5.95236198 0.5793061861 
6.450384231 -0.04144428621 
5.666981849 0.9227816742 
6.536338262 0.8373000313 
6.317370127 0.304674909 
6.154131193 0.02968187773 
6.244179958 -0.02911213886 
5.818619049 -0.6199730355 
6.511694891 -0.7974461513 
6.345610439 -0.4377105757 
6.335903995 0.05439544759 
6.546521463 0.784695885 
6.00857073 -0.1926433472 
6.435775524 -0.1106319138 
5.881899434 0.4501133038 
6.511709966 0.2802828122 
6.099669647 0.01926305087 
6.542417755 1.018958415 
6.23563931 0.1138956757 
6.255328147 -0.1654639421 
7.048096321 -0.6207121171 
6.140166287 0.01492325774 
6.246665176 -0.3696582807 
6.085127643 0.08170837628 
6.05460431 -0.3496482821 
6.801545524 0.3527938387 
6.075278832 0.3350842326 
5.620511691 0.3726726554 
6.370488102 0.2664935194 
6.549007824 0.3218964794 
6.050102477 0.2797375336 
6.213953731 0.07946712605 
5.938762265 0.1368941238 
5.779604755 -0.3980519948 
6.295460378 0.001767302982 
5.807921891 0.4371591671 
6.49183906 0.4297894564 
6.18188205 0.03140152181 
6.15183619 0.01026743222 
6.557496652 0.3136832863 
6.50451975 0.5596952514 
6.385068954 0.2094819363 
5.731001689 0.003213577692 
5.819025264 0.1992934006 
5.878520397 -0.3540472155 
6.289874312 -0.06041697637 
5.859051257 -0.06693903945 
6.102218152 0.1374385527 
6.688145786 -0.03999020961 
6.276201508 0.02691201835 
5.831643736 -0.06046277698 
6.440990727 -0.4249259911 
6.283780714 -0.4534191425 
6.528555177 0.01536932449 
6.270754585 0.0399000183 
6.194321352 0.1041789042 
6.807547391 0.3530024508 
6.401448709 -0.1608827513 
5.2059887 -0.1749365124 
6.56970281 -0.8854500852 
6.240764561 0.1050366586 
7.163342842 -0.598783125 
4.993825592 1.04235739 
6.17657366 -0.08980687522 
6.162976747 0.008811876952 
6.334057315 0.06171160376 
6.115225485 0.04192280163 
6.100847412 0.04356767172 
5.807551587 0.7533605225 
6.27460895 -0.1673016822 
5.883414083 0.3989385787 
5.680428739 -0.391103765 
5.630808835 -0.3642675659 
5.22928058 -1.014568225 
6.386632085 0.2520874656 
6.592488088 -0.396783488 
6.100189741 0.007801546775 
5.792669466 -0.1375350716 
5.94256367 0.1099040002 
5.440887765 -0.2971425127 
5.883302874 0.4110821364 
5.961153113 -0.1863355213 
6.580871312 -0.6878687286 
5.636110941 0.01967590528 
6.034172793 0.05445165761 
7.089751479 0.4493178026 
0.6270551194 1.308788762 
0.09655591103 0.3880361492 
7.03559829 0.9175625549 
6.951122877 1.03625671 
7.748695151 0.2825902873 
6.875191218 1.098596546 
6.660482819 1.069714781 
6.858345882 1.14603143 
6.97066891 1.094049054 
6.867592193 1.2014977 
7.020296106 1.19667726 
6.830132389 1.227442225 
7.212586529 1.077263424 
5.654167972 1.75968808 
