8.036415742 4.465208561 
8.949070706 4.642583341 
8.643089867 5.032403614 
8.504540791 4.63539165 
8.944690972 4.194781119 
8.909271473 4.644789611 
8.105992479 4.093208715 
8.863596799 4.773719222 
9.77895094 5.269329047 
8.796239405 4.923929367 
8.89682552 4.706580842 
8.235685842 4.259601477 
8.312757656 4.456973274 
8.886391252 4.783718373 
8.51903474 4.794564034 
8.688790151 5.141687535 
7.724806018 5.377466391 
8.918647483 5.837807582 
7.871004689 4.513511325 
8.411598713 4.344449646 
8.892954594 4.783970969 
8.524607006 4.924187252 
8.719991711 4.639308787 
8.516599626 4.700330134 
9.035855455 4.291503293 
8.691888231 5.491345557 
8.752493307 4.755508735 
9.137704967 4.162430958 
8.979783544 5.053465814 
8.702218776 4.749360581 
8.926623168 4.765591776 
8.854039603 5.081441103 
8.02870512 3.997546726 
9.782823389 5.729020461 
8.998055673 4.964473906 
8.492653992 4.97820237 
8.329007863 3.793588146 
8.523491278 4.734862761 
8.320320602 4.890637018 
9.114235438 5.007329256 
8.439410709 4.937313092 
8.949069227 5.032165131 
8.733752667 4.676231982 
8.067345593 4.280300518 
8.585997601 4.450697255 
8.777233689 4.709909128 
8.612512424 4.011129216 
9.090074999 3.990054736 
9.458264616 4.821793772 
9.282418539 5.06205025 
8.851097055 4.523701568 
8.865701061 4.678807468 
8.066774759 4.440996337 
8.647669826 5.328872284 
8.518074092 4.751534704 
8.451839275 4.671215324 
8.709958663 4.598212741 
9.272924027 4.771047478 
8.999604828 4.104215967 
8.215285814 4.956571901 
9.162203788 5.118926962 
8.784817766 5.000578724 
8.88362905 4.944361114 
8.865533349 4.624967554 
9.230740432 5.145468899 
9.583188081 5.033135141 
8.871705984 4.834640904 
9.022021548 4.911118658 
8.371702114 5.04790241 
9.032475874 4.415477842 
9.071109812 4.631393981 
8.606935369 5.539990345 
8.771515308 4.690133285 
9.095618577 4.849844842 
8.617346999 4.506440487 
7.628961028 5.003215498 
8.964139798 3.910023239 
8.541702975 4.374795414 
8.684062908 4.817669926 
8.829268921 4.245008196 
8.702313935 3.995625711 
8.485300959 4.707778297 
9.046014251 5.018902268 
9.709642838 5.321909158 
10.16320259 5.898775403 
8.824772086 4.736915138 
8.776067219 4.71795938 
8.857650957 4.820463011 
8.883841074 4.574517306 
8.918198975 4.582208921 
8.82032826 4.602077432 
8.569351943 5.033285271 
8.747446454 4.745056957 
9.154690923 4.427055812 
9.207299975 4.25440626 
8.716541501 4.786027087 
8.572827512 4.291487465 
8.878917812 4.508389013 
9.68022433 5.544030478 
8.449665933 4.206923276 
9.174282634 4.51593041 
9.086470247 4.158431739 
8.703241261 4.740745926 
9.187506026 4.950875194 
8.365015133 4.328618776 
8.013369672 4.318358261 
8.693705131 4.649005536 
8.554012012 4.374692878 
8.382754132 4.937907112 
9.028329057 4.778436754 
8.765904516 4.557219859 
8.262276823 5.426460739 
8.858812329 4.582497998 
8.544060363 4.91228665 
8.902650293 5.4662596 
8.744681772 4.711156538 
8.060531317 5.225101929 
8.767992292 4.278671577 
8.844621797 5.601434977 
8.478888677 4.648023626 
7.949965466 3.991406394 
8.413901839 4.484906552 
9.34423719 4.803962902 
8.75828619 4.753706211 
9.193248842 4.436072979 
8.824016532 4.666829207 
8.765590342 4.712284884 
8.810413959 4.852997215 
8.682028292 5.603101208 
9.020359933 4.665521556 
8.655339026 4.512557019 
9.142520124 4.258654062 
8.832099889 4.692046735 
8.754972056 4.305921768 
8.953954941 4.283455923 
9.321210729 4.772147962 
9.425169485 5.991726501 
8.413194916 4.229803955 
9.546812601 4.308900965 
8.59207744 4.886915708 
8.844341603 4.83787114 
8.929283031 4.574551018 
9.335942759 4.751915625 
9.093133286 4.698959302 
8.581769549 4.749286904 
8.720210693 4.720971445 
9.264479267 4.606593297 
9.536385713 5.765931365 
9.675301084 4.315933433 
8.832693422 4.752198308 
9.680623773 5.449675639 
9.108811363 4.556050665 
8.700543505 4.453427037 
8.600559373 4.921651648 
8.838487761 4.408081443 
9.22552412 4.122963994 
8.344094702 5.26328543 
8.14419089 4.547302943 
8.909718032 5.102013993 
8.931430977 4.617710037 
8.25549528 4.991357808 
9.145405441 4.901172301 
8.90434646 4.538420026 
8.771641696 5.118429252 
8.812185897 4.576385307 
8.829611476 4.951539231 
8.858782289 4.601216939 
8.690192606 4.398327697 
9.158884696 5.061962962 
8.200745639 4.200707138 
8.890584149 4.686548023 
8.768981991 4.987420725 
7.924637928 5.743265963 
8.894082329 5.179989936 
7.635259071 4.801475944 
8.741699656 4.752613262 
7.853082979 5.808666552 
9.076694866 4.165331464 
9.114656338 4.191569657 
9.337078604 5.664681325 
9.196654449 4.350318726 
9.042520376 5.281288594 
8.739047225 4.204380532 
9.000598286 4.502971521 
8.679734799 4.492163188 
8.847103399 4.651420881 
8.793911778 4.816716559 
8.533420498 5.221858213 
8.609133343 4.016041267 
8.651039101 4.727523855 
8.786413912 4.746122648 
8.913704938 4.522561001 
8.794132982 4.717282594 
8.473893193 4.750349055 
9.479599718 5.612875952 
9.431944288 4.103908319 
8.880972078 4.716040409 
8.165866001 4.732895525 
9.282736848 4.122643032 
9.244713304 5.178846819 
10.30237606 4.769325487 
8.63008803 4.638824771 
8.931346334 4.847318318 
9.758303911 4.233581906 
9.194380543 4.752014073 
9.432839101 5.038933326 
8.694164089 4.778038228 
8.53589773 4.61386745 
8.851654876 4.588661019 
8.242889361 5.441897096 
8.689668822 4.798086128 
8.810162121 4.673154998 
8.883550087 4.059468001 
8.502995275 5.067647899 
8.731790834 5.56379953 
7.51708858 4.844527515 
8.563665947 4.968155002 
8.509457859 4.499767739 
9.279051555 4.478065448 
8.447124664 5.33227502 
8.484739404 5.10327513 
9.704377018 5.266089093 
8.801303784 4.688794801 
8.465733889 5.150761789 
9.060856817 4.782410271 
9.431098465 4.798668733 
7.751581437 4.501668888 
8.809283898 4.753739331 
8.951666244 4.384968678 
8.620625205 4.637344473 
8.891137211 4.623289803 
8.88573432 4.867955536 
8.779726304 5.12861319 
9.134378195 4.856216583 
7.880733702 4.117528071 
8.162759206 5.704921116 
8.31849527 5.800587581 
9.281134032 5.295218657 
8.092054165 4.262476942 
9.541190765 5.665408816 
8.669121113 4.897107978 
8.812996501 5.202652717 
9.691418604 4.898172763 
7.724224321 5.710776036 
8.838296548 4.650117949 
8.91246411 5.040845527 
8.767542035 4.807611511 
8.695633176 4.697817019 
8.96363505 5.160069721 
8.57165065 4.865727648 
8.547508789 4.870660226 
8.945563153 4.549420136 
8.143846166 4.651896894 
7.909907622 4.82814153 
8.88194332 4.498955974 
9.32886556 5.480709522 
9.191599509 4.821299508 
8.647519432 4.135035479 
8.615837838 4.749018951 
8.113414377 4.624477603 
8.871083177 4.528950432 
8.823760157 5.136310049 
8.342681878 4.4857838 
7.955532555 4.348593311 
8.828566053 4.557215652 
8.856868126 4.753488236 
8.350224639 4.504021957 
9.164490682 4.493263546 
8.665058014 5.304433809 
8.753720575 4.700060164 
9.298294781 4.783911283 
8.230575411 5.083438328 
8.527510326 4.160205187 
8.623912625 5.509165235 
8.266167719 4.183814481 
8.446859062 4.35804973 
8.824902765 4.978837645 
9.875227491 5.011542953 
8.732987766 4.646496359 
8.555504369 4.563233572 
9.505335384 5.318084363 
8.236313475 4.816818582 
8.614360325 4.836013893 
8.762093268 4.664580505 
8.776944951 4.678736584 
8.973717248 4.74610505 
8.789906879 4.704609059 
9.01620894 4.019774309 
8.770269207 4.703062126 
9.32141802 4.452868188 
8.530764595 4.439311744 
8.542373444 4.389191525 
8.391857417 4.897573108 
7.981818587 5.492689737 
9.522144144 5.378877188 
9.85253839 4.965951865 
8.993429452 4.341886822 
9.738826576 4.689937678 
8.589911606 4.660680205 
9.084759319 4.96054066 
8.877230627 4.94446152 
8.875349555 4.665608495 
8.858729897 4.661718003 
8.780318895 4.63549917 
8.260477942 5.802151126 
8.747321937 4.397789877 
8.877997558 4.568428882 
8.152076696 3.970400151 
8.547936576 4.875555285 
8.844344338 4.738493951 
8.785225482 4.69561667 
9.360909789 5.56670461 
8.328999202 4.7865466 
8.104220237 5.222268892 
8.68013148 4.558848988 
8.768446664 4.722669039 
8.877758087 4.775601427 
8.723628476 4.712517819 
9.587521037 4.155806377 
8.49979481 4.420479088 
8.294131759 3.840780106 
8.730008893 4.72857239 
9.350230291 4.334949289 
8.780732499 4.666739502 
8.631847511 4.640022232 
8.770284906 4.709828912 
8.795256254 4.683047717 
9.264684332 4.462097476 
9.160963414 5.005725335 
8.298408602 5.068551842 
8.713020818 5.128576203 
8.0279075 5.143101219 
8.491485908 4.440292055 
8.690917792 4.781713139 
8.300852446 4.433350234 
9.209204096 5.094338617 
9.267085558 4.338523902 
8.315680289 4.117421802 
9.043771196 4.993191848 
8.349960773 4.716406929 
8.569640443 4.572036336 
9.570823121 4.854137854 
8.852567062 4.618510451 
8.060290976 4.383311322 
8.991863642 4.562950298 
8.765799382 5.092440565 
8.7231142 4.751057464 
8.600527686 3.844218265 
9.051502283 4.523572405 
8.960564813 5.149180526 
8.786338529 4.676758504 
8.635868107 4.39307835 
8.53819161 4.726789113 
9.586775748 5.355347037 
9.275188746 5.1920588 
9.111791571 4.514573287 
8.740419293 4.937928591 
9.573347875 4.314211488 
8.784168819 4.456357524 
8.869130647 4.688043506 
8.828456599 5.507858038 
9.833087458 4.403240179 
8.303498882 4.121784693 
8.735363345 4.642777941 
8.146480305 4.897592712 
8.999852656 4.964304198 
8.695593437 4.08826179 
8.818904434 4.879175221 
8.311777339 5.320215551 
8.855778651 4.825716576 
8.560178381 4.872970955 
9.301061722 4.343298247 
8.687024001 4.641809006 
8.673368557 4.437958764 
8.369852392 4.398865847 
8.428513011 4.455656673 
8.347102237 5.142427471 
8.904194849 5.342541456 
8.834134389 4.729693593 
9.026324985 4.993831025 
9.05209746 4.915733772 
9.150514638 5.143166623 
8.591431282 4.583506184 
8.687739535 4.610222199 
8.465479232 5.409181702 
8.861087602 4.657518528 
8.729737051 4.2153859 
8.858264062 5.382818823 
8.974798553 4.491178102 
9.13959972 5.017677877 
8.249236404 4.171198838 
8.575657733 4.98030013 
8.606733564 4.302965476 
9.368094366 4.561565431 
8.316117812 5.492639632 
9.027641857 4.394520166 
8.822242431 4.746797494 
8.154243519 4.184490143 
8.493591731 4.510576527 
8.390766671 4.964423482 
8.776419695 4.700182427 
8.877317795 4.631591556 
8.531528303 4.290437311 
9.0353513 4.544627676 
8.767423863 4.552417671 
8.875053874 4.774275363 
8.65906453 4.568379025 
8.854362123 4.718468675 
8.668944239 4.141757972 
8.666584249 5.38896919 
8.923068295 4.729421148 
8.346492026 5.390924878 
9.032211574 5.375501318 
8.094859112 3.857265699 
8.476554448 4.900944595 
8.79978142 4.674475335 
8.233903372 4.403755431 
8.962858598 4.794816092 
8.600009196 4.877359434 
8.918898557 4.765623987 
9.082430377 5.601254495 
9.144620896 4.135184599 
8.937485629 4.483533483 
9.11334396 4.700613439 
9.153817244 4.57212237 
8.651424975 4.99025692 
9.428547098 5.407225001 
9.401148311 4.61435892 
8.097256567 4.742326762 
8.78891452 4.752498109 
9.164828355 5.177453978 
8.63410683 4.928102163 
8.804073659 4.700890711 
8.812545691 4.754598219 
8.858313859 4.90673026 
9.070319107 5.747438249 
8.719419001 5.069148056 
8.304629497 5.110936695 
8.714299007 4.576936253 
8.641503035 4.469002253 
9.128219859 5.463957514 
9.068510633 4.608288844 
9.069717699 4.281352626 
9.749093003 5.590536037 
8.720809692 4.685126088 
9.001515126 5.662824694 
8.418570394 4.191169676 
9.247363367 3.993213375 
8.869989271 4.634454614 
8.370518839 5.242943414 
8.487885433 5.434669156 
9.148889905 4.529164618 
8.687180858 4.435886411 
7.816351461 5.081979877 
8.747984957 5.200114599 
8.480741392 5.037163305 
8.741301749 4.85758327 
9.271044977 5.187208991 
9.347355306 4.156917525 
8.652718824 4.592562134 
8.934669626 4.826476761 
8.743823707 4.724484313 
8.73936299 4.282321927 
8.543362941 5.010624438 
8.661052573 4.662918375 
8.590767454 4.947099199 
9.040248037 4.596681389 
9.793820405 5.113809685 
8.749381749 4.73748788 
8.795274176 4.682761974 
8.776643001 4.642758301 
8.880190207 4.567666932 
8.799801881 4.68806509 
9.568889736 4.310930356 
8.800456629 4.680982316 
8.757726234 4.666608729 
8.770592362 4.676893121 
9.240907349 4.065563429 
8.617282861 5.070268913 
9.023267784 5.253101557 
8.608223047 4.256758952 
8.35683118 5.84509203 
8.192552651 5.22076984 
8.753102543 4.742746083 
9.88196635 5.591988235 
8.810439608 4.831506783 
8.798571698 4.685585771 
9.190880797 4.99771168 
8.651227155 4.577115921 
8.921016516 4.416823494 
8.735134737 4.677399817 
8.738321226 4.663797133 
8.334535489 3.969881435 
8.97449951 4.825028632 
8.805471855 4.713972071 
8.7187832 4.656665383 
8.834752992 4.972089049 
8.494929618 4.624605909 
8.866545512 4.581718287 
8.410596515 4.107753786 
9.059977849 4.82325992 
8.798302078 4.585827908 
8.991465122 4.767924962 
9.208935716 4.477536866 
8.763229777 4.470872645 
8.687026622 4.355141615 
8.640913137 4.69635157 
9.143498972 3.981184612 
7.677138496 4.330227469 
8.671719665 4.644616655 
9.039083925 4.612970472 
9.363397575 4.919264678 
8.692153786 4.59776859 
8.045298737 4.981685431 
8.491230949 4.963965538 
8.920095866 4.78263268 
8.675134556 4.460112107 
9.165374061 4.331705607 
8.744091555 4.27061911 
8.20570853 4.049800102 
8.929127323 4.703840168 
8.762830198 4.704429868 
8.750531287 4.759060968 
8.854560215 4.729618339 
9.531215303 4.197170892 
8.509878683 4.878175645 
8.153906746 5.247298941 
8.539112996 5.164333389 
8.778441911 4.714133605 
8.78783434 4.69559509 
8.795730039 4.81357472 
9.058940772 4.304772539 
9.702528857 4.531013195 
8.816996844 4.712827457 
8.616671033 5.077932981 
9.297375221 4.345182181 
9.469503639 5.43970053 
8.278119636 4.321598337 
9.019217572 4.417657826 
8.627831195 4.53915366 
10.08972642 5.077628958 
9.118673947 4.493785688 
9.057882379 4.40684411 
8.681174327 4.784691372 
8.638451833 5.612452929 
8.611104413 4.884079479 
8.566565678 4.183776032 
9.396954631 4.957936191 
9.020661521 5.241459626 
9.175779637 4.984586957 
9.066726231 5.159983037 
9.340807763 5.028851688 
8.361963908 4.827007979 
8.744127808 4.58970639 
7.514454223 5.238138384 
9.563401454 5.321656093 
8.023299378 4.275817206 
8.643584423 5.327859829 
7.987831316 5.066747359 
8.900386606 4.934376117 
8.861935838 4.674867561 
8.467924907 4.462609922 
8.740010661 4.686761025 
9.029534844 4.342349765 
9.265771333 4.308957916 
8.900063005 4.23261856 
8.238091497 5.192272349 
8.181528932 3.950065526 
8.307335613 5.342095953 
8.463942631 4.884977712 
8.779618306 4.686383762 
8.566321853 5.19200915 
9.282119757 4.507121376 
9.548122839 5.444936058 
8.858266644 4.874596011 
8.874253137 4.751759287 
8.88358405 4.67427548 
8.478402575 3.866687057 
8.969319954 4.839278702 
9.254091787 4.289508507 
8.17223854 5.160043786 
8.467096832 4.833738793 
8.94111695 4.856099314 
8.62534808 5.614923223 
8.760607677 4.399630398 
8.441468819 4.452191957 
8.621321878 4.123516542 
9.217200812 5.140364918 
8.539751686 4.957615937 
9.15066712 4.767073844 
8.837168233 4.930169524 
8.757891281 4.456697683 
7.803215005 4.721499746 
8.555571336 4.691288648 
9.801551946 4.411945463 
8.555632003 4.614515312 
9.166898427 4.664236384 
8.748928851 4.592988345 
8.891254215 4.768031624 
8.87741429 4.675524071 
8.644881461 4.830600495 
9.096790702 4.607814204 
8.885014477 4.79682374 
9.101596353 5.107943098 
7.799322371 5.841883755 
8.02041647 4.116517732 
9.241283575 5.601124587 
8.912887159 4.61093211 
8.548465039 4.422415648 
8.903713635 4.3891628 
9.423805485 4.662800261 
9.243550647 4.200832337 
8.918131368 4.242775059 
8.993341257 4.794965257 
8.874585513 4.778440668 
8.600655409 4.572677596 
8.792988801 4.70089233 
9.299676982 4.622023737 
8.631478185 4.508235652 
8.688844482 4.592230648 
8.83758486 4.72781738 
8.671949643 4.645395708 
8.5412449 4.425725628 
9.062488469 4.525632832 
9.537641017 4.436637479 
8.794226362 4.740022245 
8.813609497 4.775403485 
8.30421242 5.110014251 
8.613254198 4.553645209 
9.053250506 4.139938283 
8.944030268 4.569000605 
9.239132763 5.127573526 
8.210681757 5.238142156 
8.592601526 4.833485817 
9.106625098 4.608772787 
7.975582975 4.402993394 
8.644016646 3.970771434 
8.561895137 4.49767499 
9.008989199 4.519043074 
8.758981883 4.718777085 
9.349779367 4.361922298 
8.962966913 4.784939334 
8.977142438 4.37247615 
8.870235434 4.756423394 
8.649634419 4.666459482 
8.929659382 4.698858966 
8.8550475 4.835350706 
7.493228347 4.964177751 
8.661038956 4.755274155 
8.332503756 4.845815212 
9.184744653 4.105623699 
8.642935919 5.057563464 
8.965514506 4.938098626 
9.665661753 5.852369988 
8.380615971 3.787560312 
8.681094112 4.61792278 
8.286811241 4.125877847 
8.742296767 4.370072719 
8.523246498 4.528015512 
8.545639667 4.724557197 
8.16974987 4.119272978 
9.024683668 5.578711979 
8.907051942 4.851354526 
8.195389142 5.132888423 
9.04535118 5.779272146 
8.45471691 4.503558711 
8.616243532 5.101870928 
9.633199141 5.132520319 
9.262689924 4.126639697 
8.973387209 5.033866577 
8.836611114 4.699016488 
9.691346868 4.42065463 
8.678380523 4.773073529 
8.02486074 4.424923233 
8.062380252 3.910922271 
8.619449439 4.973739103 
8.812711435 4.685330905 
8.46686982 4.983344437 
8.890238648 4.704392589 
9.043795258 4.533810451 
9.233542961 4.223422593 
8.714696726 3.98146301 
8.866514275 4.8319003 
9.360044045 5.031391489 
9.103374531 4.693461251 
8.831972328 4.717179762 
8.776559578 4.686899336 
8.764681838 4.741193016 
8.656025129 5.262919176 
9.38835198 4.878580948 
8.832366326 4.682101602 
8.436140557 4.288262973 
9.297092132 5.035824383 
8.676512513 4.659092511 
9.158930822 4.024889254 
8.376163438 4.550714449 
8.429375518 4.690221929 
8.899509176 4.8752045 
9.046521916 4.64187191 
8.240188208 5.400170672 
8.853146219 5.037098567 
8.263044442 4.464564924 
8.075479542 4.760118334 
9.035123484 4.311228347 
8.971650548 4.915538027 
8.179340606 4.533502005 
8.621136073 4.729784716 
8.832440829 5.419446844 
8.415053491 4.98960226 
9.239230455 4.042955954 
8.580704712 5.401128829 
8.842560311 4.656938743 
9.508665398 4.292333197 
8.454867573 5.166949107 
9.309015694 4.491168571 
8.972723977 4.51340747 
8.486274466 4.698864801 
8.707056801 4.175866137 
8.219044252 5.261033401 
8.617219288 5.149126643 
9.676008839 4.615686717 
9.040017496 5.251906202 
9.08019196 4.97037928 
8.494231641 3.86313193 
8.279866866 4.596030758 
8.933338841 4.523929729 
8.456582267 4.475749331 
7.822524943 5.514918792 
8.85373293 4.697446725 
8.523800413 4.733533426 
8.901015113 4.80823929 
8.430260891 5.188782121 
8.586010884 4.500675572 
8.863130064 4.808659359 
8.791140788 4.783964853 
8.698424328 4.649314168 
7.582150949 4.201799344 
8.812211377 4.11658367 
8.885959592 3.928497941 
9.367597598 4.915697256 
8.158270533 4.109837849 
8.745053313 4.667525041 
9.251320351 4.268025293 
8.554713826 4.579978032 
9.005489715 4.815103169 
9.598170976 5.273495875 
8.599733387 5.460697019 
8.6328817 4.541304711 
7.788774145 4.184044706 
9.1130441 4.576393329 
8.286126726 5.732608191 
9.171800901 4.40575586 
9.098539224 4.257978471 
8.587808934 4.542879485 
8.698629998 4.847525305 
9.338423618 5.249474154 
8.136050718 5.82437679 
8.741521385 4.530143974 
8.734511296 4.869148385 
9.417675989 5.35771658 
8.631989706 4.859883189 
8.659788129 4.394929005 
8.532301055 4.935320699 
8.592096324 4.971424396 
9.390110145 4.406042124 
9.26661694 4.244531483 
8.397808095 4.900120003 
8.799500123 4.718749639 
9.380308027 4.44751372 
9.428077135 4.176623557 
8.870066598 5.098334803 
9.048992037 4.83458139 
8.571167123 3.989856479 
8.796614184 4.695390084 
9.167431234 5.189264245 
8.219985108 4.0022442 
8.232953473 4.952498623 
9.307193679 4.610030808 
8.039964344 5.284948272 
8.785612906 4.694145374 
8.678247393 4.292051367 
9.033731174 4.889256105 
8.969730663 4.342142543 
8.98516749 4.688297551 
8.216317941 4.342642444 
8.859277764 4.744195869 
8.650515656 5.208097658 
9.001063172 5.867363412 
8.831288247 4.760966986 
7.907650344 3.734514499 
8.461215776 4.35717441 
9.119124555 6.051574349 
8.991507304 4.738486007 
7.939015986 4.871073654 
8.639880769 4.234494692 
8.384790594 4.270724017 
8.943067387 4.774312062 
8.648318455 4.428990588 
8.738150343 4.76837289 
8.714518427 4.63544851 
9.340966198 4.662848943 
8.760570139 4.64284283 
8.679194229 5.185023659 
8.577383901 4.89874345 
8.699971241 4.832357285 
8.772534655 4.869515691 
8.783175717 4.675262992 
9.245395848 5.458382158 
9.506342163 5.43778056 
9.360830405 4.400210164 
8.925620644 5.655721919 
8.672679837 4.753672141 
8.70436424 4.580937388 
9.652635556 4.623991037 
8.727690993 5.057955524 
9.049212917 4.735291455 
8.467449551 4.976238036 
8.878260591 4.57346058 
8.494896877 5.252450191 
9.037142343 6.159807104 
8.898043717 4.904590644 
8.044711098 5.158799974 
8.776402955 4.784510407 
9.250537703 5.025975313 
8.35967161 4.850420279 
9.086713518 4.608499896 
8.806028704 4.288959904 
8.281623284 4.711881045 
7.937945567 3.981975645 
9.12718793 4.869429983 
9.05483413 4.764696732 
8.860952944 4.826296047 
9.000768079 4.797520732 
8.881406844 4.636630728 
8.655480355 4.351482658 
7.884229997 5.27821517 
8.90801952 4.857099336 
8.695448818 4.758209336 
8.825229099 5.320405101 
8.299187827 4.50332862 
7.730654074 4.007518555 
9.061258397 5.244055281 
8.680653562 4.830352009 
8.534517579 5.405422152 
9.067703455 4.205226793 
8.43494966 4.039991845 
9.110931969 5.089321087 
8.583264189 5.59720835 
8.828332001 4.943820205 
7.669809435 3.914066601 
8.95739451 4.624880449 
8.065223875 3.984374137 
8.602986889 4.619023317 
8.813617292 4.71616278 
8.588119318 5.47367391 
8.738720152 4.677678192 
8.277926277 4.826494094 
8.736050135 4.712555385 
9.731587409 4.748016465 
8.197653103 4.503565974 
9.022906126 4.36730137 
8.891495921 4.669851757 
8.561310203 4.815458501 
8.37622631 4.750777808 
8.779924969 4.600977591 
9.311107146 4.1076997 
8.42049128 4.585571043 
8.777832144 4.58053457 
8.85817385 4.832472135 
9.091176362 5.079306451 
8.494391505 4.593803757 
7.985545086 4.980142889 
9.139469603 4.578290325 
8.793010306 4.688643825 
9.165849313 4.080852593 
8.325739061 4.069444206 
8.566108402 5.126034636 
8.600007163 4.460735689 
8.586796272 4.908685098 
8.670538134 4.727203413 
8.30662267 4.823652015 
8.703299457 5.161514117 
8.512280355 4.954662216 
8.610102314 4.107091563 
8.757749863 4.532448361 
8.992601457 4.563127883 
8.366245662 5.600379255 
8.782132854 4.714032305 
7.940831154 4.986647934 
9.231863135 4.622621697 
8.98221563 4.971588656 
8.860188903 4.766593638 
8.335788503 4.953653146 
8.687362882 4.796686061 
8.935335758 4.802178405 
9.198914477 4.283479721 
8.031782809 3.816308812 
9.198263931 4.467685598 
8.806146309 4.841915171 
8.936583923 4.783328223 
8.615197618 4.481092632 
8.331511449 4.194275741 
8.585695037 4.040855392 
8.941781321 4.410370907 
8.580814128 5.053749208 
8.046805677 3.855184792 
8.895454741 5.003020359 
8.697728545 4.635517082 
8.099990708 4.076553557 
8.67981388 4.414956607 
9.301162764 4.460042819 
8.707613272 4.821192588 
8.860424757 4.92635189 
8.18348061 4.194497762 
8.764921773 4.365753496 
8.84793977 4.859755112 
9.23944055 5.087053184 
8.364257071 5.204631242 
8.777799328 4.724373903 
8.37930395 4.763182057 
9.427637227 5.391989314 
8.344592332 4.458872671 
8.963601019 4.982313678 
9.451598039 4.874986174 
8.765891996 4.706003115 
8.406771289 4.919177881 
9.023575968 4.81982445 
8.965343096 4.601459173 
8.790702154 4.702334981 
8.83510305 4.821616361 
8.604644924 4.637682581 
8.425191244 3.803146169 
9.820019338 4.220861906 
8.315795256 4.088999331 
8.835595058 4.76372504 
8.605755346 4.986881667 
8.786620751 4.818885038 
8.79128462 4.895859079 
8.726447413 5.477814889 
8.667063108 5.148954519 
8.80323557 4.723795214 
9.080452507 4.626424269 
8.818764243 4.631204384 
9.108643442 4.677152832 
8.869228977 4.699793497 
9.094419899 4.264504215 
8.611342151 4.364459877 
9.108819793 4.072677868 
9.355362034 5.107864864 
8.791174548 4.69430823 
9.164325126 4.253339166 
8.632014552 4.501073347 
8.478025925 5.362413074 
9.154364571 4.457873534 
8.328442098 4.745685998 
8.555825253 4.428884819 
8.866035353 4.64670347 
8.254457111 5.494694829 
8.755861165 4.715520487 
8.699237471 4.223076752 
8.704683949 4.603395014 
8.00500322 3.813112615 
8.213702013 3.648755541 
8.069882757 3.72034153 
8.443325731 4.038560381 
7.497579981 5.21537566 
7.585975185 4.386201857 
7.30489553 5.356305566 
7.539771407 4.390070998 
7.685170042 4.169279133 
8.000160843 4.648901502 
8.217999376 4.897704552 
7.942732588 7.365512524 
7.988510534 8.55847225 
8.467969744 3.677838066 
8.295699053 3.625317807 
8.825236595 3.810758424 
9.45143326 4.015788942 
8.98070394 3.858754206 
8.641159221 3.71599062 
8.933726645 3.796807619 
8.644277537 3.697726769 
9.274055017 3.934130831 
10.05218183 4.188799066 
9.687605761 4.06600021 
9.520667685 4.015698514 
9.544950957 3.977514626 
9.185692272 3.900597509 
8.470618682 3.643447527 
9.142187845 3.801205022 
8.849102218 3.698156784 
9.575042143 3.940987739 
9.365591053 3.871766127 
8.743906108 3.723662914 
8.339735259 3.597758569 
9.22107876 3.624652412 
9.376112962 3.652250463 
9.723010749 3.777127019 
9.100684554 3.678834154 
10.03050855 3.740131578 
8.869521486 3.59018263 
8.522296778 3.509578655 
9.259665131 3.403321118 
8.784275553 3.407916888 
9.242751001 3.277504193 
