8.449165812 2.824644892 
8.724417901 3.299940452 
8.829693437 3.152512434 
8.979609145 3.188567993 
8.14220324 3.46408001 
7.827887298 3.328123257 
8.682709817 3.308107965 
8.121570966 2.725340442 
7.878805216 2.67841005 
7.849491581 2.420371104 
8.634765079 2.109886515 
7.938686679 2.408956429 
7.920431824 2.365042654 
8.777551719 2.192878374 
8.453141892 3.082866253 
8.811841849 2.950958088 
7.977913154 3.175244105 
8.206785698 2.755983499 
7.781396371 2.700624353 
8.109606596 2.524920373 
7.952324371 3.023873384 
8.183440527 2.638467436 
8.086337882 2.309756468 
7.916097384 2.557154292 
8.368620495 2.011052962 
8.24794912 3.003103926 
7.713834768 2.737593236 
8.408310814 2.913729513 
7.866368051 2.557223136 
8.67231207 1.825652583 
8.141391227 2.226316314 
7.900108669 2.42238321 
8.063727354 2.390050472 
7.937154773 2.406874061 
8.320530865 2.598630926 
8.206616866 2.65455099 
8.092903675 2.656633688 
7.944074152 2.398145345 
7.836611364 2.64683863 
8.432270403 3.214664017 
7.930316308 2.409177554 
7.902782761 2.387796369 
8.051991016 2.341129737 
8.053484818 2.336318217 
8.153773116 2.585257377 
7.95589341 2.536764055 
8.053306968 2.436209843 
7.936851158 2.442076831 
8.81564928 3.183907049 
7.999104263 2.4026072 
8.202473142 2.283091201 
7.961045226 2.671430192 
8.194407595 2.26849905 
7.982240501 2.540813004 
8.573502785 2.185467294 
8.135427892 2.443439373 
7.983736307 2.356238712 
8.115055922 2.623729063 
7.909275271 2.433404939 
8.421459914 2.653366227 
8.106822348 2.229504901 
7.902345318 2.42867482 
8.630843118 2.647834402 
8.013492247 2.370887959 
8.537765732 2.922905524 
8.1815046 2.132695012 
8.29956846 2.858198509 
8.104391608 2.502154237 
7.848286985 3.314164862 
8.028926842 2.324880822 
8.017067161 2.386066673 
8.052898526 2.29155753 
8.604405301 3.007988687 
7.780593484 3.090830429 
7.792752556 2.620220981 
7.839967422 2.510116731 
8.782419308 2.725217612 
8.069314165 2.306400794 
8.594415789 2.487147097 
8.065055451 2.76768475 
8.101755739 2.537877034 
8.169885415 2.536235635 
8.438048015 2.011515363 
8.469420643 3.130306058 
7.89910179 2.372502064 
7.905167112 2.469570778 
7.893116325 2.51557138 
8.746643593 2.275760145 
7.964916927 2.39115271 
8.166144122 3.10255094 
7.93609792 2.403193255 
8.100590572 3.349142271 
7.93579161 2.406894398 
7.923241838 2.376458888 
8.151418274 2.978533583 
8.226603264 2.792074924 
7.857604344 2.456812564 
8.484081631 2.424219903 
7.914747517 2.375964563 
7.919603596 2.468632546 
8.291079591 2.809459145 
8.463077595 2.232370832 
8.331339609 2.740182179 
7.839060504 2.520137691 
7.904141265 2.445866907 
8.992095709 2.352115523 
8.001416116 2.516616982 
8.181216325 2.784717963 
8.072045198 2.348430329 
7.9090138 2.37971662 
7.848823734 2.45744016 
8.025691649 2.322127799 
7.917727799 2.362702289 
8.14109312 2.554753136 
8.267039634 2.631480602 
8.350260057 2.795434167 
8.620086918 3.140560504 
8.362108073 2.358350287 
7.775737995 2.557054748 
8.150809746 2.557557808 
7.905003596 2.419702245 
8.015817072 2.885149679 
8.034361728 2.295997649 
7.811032922 2.629992323 
7.965891314 2.67911663 
8.28756915 2.16635636 
8.71021745 2.438620068 
8.84488756 2.649196422 
7.925860057 2.417421798 
8.773819213 2.832010595 
8.002946074 2.624517181 
7.830816316 2.496482184 
8.339699209 3.011365506 
7.872567227 2.662411511 
8.293996719 2.234153588 
8.19902356 2.381717816 
7.953739951 2.395120541 
7.786933667 2.762377367 
8.352041647 2.64316903 
7.921284188 2.621331094 
8.056368053 2.589629367 
7.854615409 2.986110539 
7.991898884 2.609977706 
8.139746304 2.504860358 
8.04336985 2.469111576 
7.856926799 2.832130179 
8.070228322 2.4532952 
8.100787132 2.964612813 
8.500504553 2.677922605 
8.1106984 3.170696272 
8.075744415 2.895602056 
7.691510755 2.785943635 
8.082867971 2.424281983 
7.995319279 2.410618239 
7.831222124 2.738867132 
7.930853604 2.446821623 
7.953311219 2.383606997 
8.191306698 2.490144234 
8.220406938 2.653635024 
7.96941589 2.558749261 
7.894495079 2.449968122 
7.98784724 2.357834578 
7.784649308 2.579462614 
8.13518556 2.340923484 
8.0012468 2.295853141 
7.947300221 2.403305619 
7.912705965 2.451615815 
7.921139588 2.395194643 
8.884710149 2.133224115 
7.962398599 2.419924177 
8.65584286 2.374023837 
8.475419698 2.947168769 
8.520782555 2.737024195 
7.999925427 2.556104986 
7.818782353 2.62880659 
8.602733178 3.063901544 
7.954476807 2.436101797 
7.962816709 2.693977616 
9.355160303 2.317133022 
8.058220461 2.601728857 
7.947442048 2.572150295 
8.228909185 2.925356601 
7.829196164 2.510000905 
8.195604337 2.840357711 
8.158638732 2.7227192 
7.939627026 2.42269836 
8.151378373 2.215854017 
8.230139006 2.297447636 
8.427066777 2.475442215 
7.877807269 2.457660488 
7.934729634 2.582392143 
8.558209414 2.51130335 
8.662532871 2.330623606 
8.497159711 1.980119347 
8.273301219 2.189288389 
8.448062406 1.920440779 
7.944932655 2.385824896 
7.930503988 2.41470056 
8.28289662 2.61590211 
7.922563909 2.380362332 
8.16243434 2.444934538 
8.590494245 2.256076791 
7.821697234 2.475687615 
7.897684247 2.642906242 
7.776541676 2.556566393 
8.181420117 2.718739511 
7.794967902 3.025036137 
8.138328986 2.559742895 
7.78668891 2.926504105 
8.208725777 2.72092542 
7.939678807 2.681574034 
8.203149869 2.369677724 
8.202184165 2.137025698 
8.110634229 2.29091983 
8.053592353 2.351668914 
7.98640399 2.328486113 
8.611018946 1.916158665 
8.018757963 2.313870137 
8.194084999 2.134679978 
7.87553799 2.563348416 
8.405117048 3.278770793 
8.015784665 2.606551235 
7.886350144 2.459420726 
8.861108169 2.737540187 
8.27061019 2.144251214 
7.925385591 2.42278404 
8.687560767 2.329886744 
7.835054621 3.039926167 
7.904633116 2.423152799 
8.135731354 2.174819697 
7.775335756 2.495949707 
7.912183822 2.399714925 
7.973556404 3.277624913 
7.999815913 3.02239999 
7.988827956 2.313890278 
7.920726635 2.73758578 
8.059401999 2.537756207 
7.932188614 2.392651533 
8.385572865 2.285047332 
8.398819949 1.984927133 
8.15230666 2.242514342 
8.356739137 3.216525897 
7.759075563 2.511292396 
8.04214454 2.473361567 
8.457584655 2.149652338 
8.058819694 2.484667533 
7.880398288 2.720689106 
8.538171561 2.344498229 
7.886801361 2.634666444 
7.971497795 2.573142578 
8.423539825 3.197500989 
7.894002885 2.466515696 
7.907240456 2.453183488 
7.972200491 3.299002748 
8.086831796 2.519971246 
8.115363765 2.478006749 
8.202487832 2.426674007 
8.066751933 2.248722499 
7.953764274 2.975825677 
8.104767111 2.353119366 
7.746378195 2.631750276 
7.977463939 2.421755241 
8.458968063 2.101892255 
8.371023947 2.869096201 
7.933681539 2.385160646 
8.289848292 2.658826535 
8.097526119 2.64743712 
8.218355317 2.489537043 
7.852373954 2.524681897 
8.226658519 2.645458163 
7.839792108 2.561630299 
8.228921199 3.216587367 
8.122182498 2.394680428 
8.506237651 1.896182374 
7.992200981 2.586934876 
7.925361218 2.682428255 
8.088916099 2.739609906 
7.877694638 2.389652768 
8.343581912 3.133311577 
7.767850778 2.791862046 
7.937218068 2.402252774 
8.492976192 2.949912336 
8.465011126 2.430433977 
8.714569599 2.606643036 
7.939215397 2.373219596 
8.213681083 2.37224375 
8.03260376 2.416375419 
8.096380509 2.203747417 
8.028712192 2.328166966 
7.937023695 2.339639822 
7.938726158 2.401811503 
8.533406898 1.884105998 
7.927741289 2.386829901 
8.228370348 2.483372584 
8.042105326 2.302791679 
7.996509458 2.590260557 
7.852768727 3.273360695 
8.280251193 2.692215525 
7.950581462 2.382751184 
8.050789145 2.34826247 
8.045426574 2.436662765 
8.205615707 2.608780393 
8.733061922 2.355190295 
8.357400893 2.323829396 
7.891222629 2.415842623 
8.182662688 2.204137718 
7.952280936 2.347284487 
7.975383474 2.447410316 
8.407779896 2.7627403 
7.951617606 2.360810908 
7.990030123 2.468191353 
8.531842528 2.856857486 
7.938098203 2.424950708 
7.783415162 2.488063627 
8.109652689 2.771567069 
8.128874506 2.470230432 
7.909084036 2.460700277 
8.105113369 3.02786655 
8.073834251 2.379933578 
9.1242868 2.859601124 
8.418507458 2.076626921 
8.330769133 2.203320988 
8.146080675 2.522720572 
7.995828798 2.62234894 
8.259504948 2.262165047 
7.980727318 2.363428461 
8.0269513 2.372008416 
8.52243905 2.421074247 
9.07603066 1.954855091 
8.363874471 2.488799049 
8.347071696 2.643369507 
8.731463644 2.186009179 
7.930236558 2.483282206 
8.095492425 2.455849037 
8.217941669 2.490137725 
8.306721949 2.428970478 
8.462302658 1.942739006 
7.933084007 2.45773448 
8.163118466 2.742832036 
7.950416202 2.42217538 
7.770149027 2.749370511 
7.914016851 2.405798063 
8.395354218 2.829657743 
7.907650568 2.376794877 
8.290286793 2.47567269 
7.862247498 2.488833383 
9.048715489 3.269058431 
8.162123753 2.241413618 
7.8922501 2.900590704 
8.467501884 1.916641159 
7.984990037 2.448388019 
8.154803378 2.907809164 
8.144306181 2.554095345 
8.365391735 2.082699675 
8.176069194 2.428172717 
7.863775193 2.554698189 
8.178164455 2.17516692 
8.261331782 2.486381386 
8.012541392 2.329196481 
7.842111137 2.815390829 
8.589685499 1.978694679 
8.667127611 3.138209962 
7.944907196 2.409434033 
8.115444404 2.190648742 
8.015005875 2.620894455 
7.905230431 2.426778518 
8.204487112 2.243415992 
7.895828329 2.473324345 
7.917222341 2.392129229 
8.196625676 2.534867048 
7.979308734 2.443748852 
7.938669404 2.395000394 
8.093116429 2.452602806 
7.865468088 2.558179493 
7.860439991 2.818032271 
7.894485761 2.519526623 
8.372267132 2.121844424 
8.000454994 2.495110824 
9.08458587 1.684127346 
8.400540425 2.275682039 
8.111659414 2.414527124 
7.929510932 2.386729909 
8.560653238 2.303503044 
9.113553255 1.980589356 
7.795337128 2.499270372 
7.931743066 2.409073917 
8.203694778 2.46210017 
8.706327861 2.151839763 
7.898288883 2.413284499 
7.842785505 2.770603677 
7.950055276 2.392911165 
8.182807054 2.319246433 
8.871778579 2.131323676 
7.950807785 2.454489156 
8.17954284 2.67702109 
8.205963979 2.918653656 
8.079728258 2.262518372 
7.902350698 2.375354161 
8.696301976 1.85420796 
8.146421382 2.816190784 
8.031907544 2.553916911 
8.264874286 2.674621322 
8.813650595 2.867760889 
8.002520773 2.434605099 
7.909668432 2.394445073 
7.87619176 2.401682799 
8.215097704 2.163727447 
8.59562639 1.969019082 
8.201937031 2.179455899 
8.375426147 2.285288773 
8.196296378 2.308176145 
8.188096273 2.359814162 
8.252830378 2.138328292 
8.07853649 2.444391202 
7.802656439 2.512167263 
8.819697819 2.195694792 
8.604037603 1.998191711 
7.812940182 2.531946568 
7.955360556 2.379349523 
7.936118704 2.452269837 
8.01130504 2.489123869 
7.82902251 2.701487396 
7.814134556 2.483883489 
8.444972864 2.801196564 
8.209386657 2.5537084 
8.329836979 2.726765375 
8.105733924 2.658531125 
7.861063688 2.468734262 
8.147884909 2.413748965 
8.131401234 2.373149986 
8.337854496 2.132547982 
8.144714194 2.355095197 
8.009763694 2.343360017 
7.980066116 2.400525172 
8.151386242 2.635066677 
7.834971935 2.467406293 
7.90938274 2.41112188 
8.944424431 2.179417225 
8.426682162 2.548166973 
7.872284566 2.521388972 
9.896227563 2.811154016 
8.24257426 3.076822303 
8.17666839 2.877151529 
8.624894519 2.400880781 
8.242786533 2.979140878 
7.971830153 2.443368966 
7.937069329 2.393553117 
8.216532763 3.155504219 
8.48839502 2.590040297 
8.510327974 2.659531974 
8.3963398 3.096813671 
7.899051513 2.43495818 
7.93412645 2.404545295 
7.971696047 2.674244206 
7.865141309 2.493479184 
8.162665049 2.659879952 
8.04902251 2.345173861 
8.177086289 2.806381755 
7.969418941 2.43981503 
8.019772721 2.27307283 
7.941068979 2.395266094 
8.456015646 2.038170378 
8.042489781 2.844568062 
7.930866357 2.385980395 
8.295791161 2.1444496 
8.231435283 2.763257062 
7.8752118 2.445385559 
7.835483116 2.937914501 
7.963913925 2.434085992 
7.891340558 2.505647194 
8.01002744 2.330455804 
8.376207525 2.965934786 
9.128443347 2.11125791 
8.655114796 2.741622711 
8.312129432 2.908143883 
7.754437546 2.709872399 
7.912430048 2.499262743 
8.354955925 2.637334952 
8.09917045 2.378148463 
8.077995663 2.263757043 
8.607772476 3.193869411 
7.878811208 2.675805552 
7.957515304 2.339987969 
7.838057106 2.507383946 
7.910652995 2.36241792 
7.746071276 2.664409469 
8.324408654 2.910372126 
8.122244765 2.285146578 
8.447716285 2.045585904 
8.198958843 2.223023291 
7.933402009 2.404548341 
7.745103781 2.640931726 
7.950170647 2.332097586 
8.499794706 2.330104759 
8.261573695 2.327496241 
7.875404422 2.392391378 
7.798356632 2.532481484 
8.072916602 2.305881354 
8.004617661 2.302830557 
7.970294898 2.37467547 
7.996540259 2.416367177 
8.235404765 2.995142962 
8.332267821 2.864043321 
8.150018994 2.605037084 
7.919663184 2.407250059 
8.105944793 2.737819507 
7.985660155 2.745502738 
7.962396721 2.432647668 
8.335345231 2.226923452 
7.715106954 2.711466208 
7.796026085 2.459215669 
7.933351631 2.393338973 
7.76977543 2.514279467 
7.885566384 2.804055757 
7.960861689 2.728015416 
7.769172837 2.594415369 
8.134019967 2.953943483 
8.435384983 2.612900201 
8.179063416 2.623238588 
8.433061176 2.394218956 
7.758071705 3.085356631 
8.402071155 2.836912433 
7.765601804 2.513831368 
8.029938567 2.426630987 
7.967325958 2.543843384 
7.898871864 2.832294934 
7.901872267 2.837232792 
7.990348361 2.425853169 
8.161055863 3.03450122 
8.147443936 3.217650269 
8.183908967 2.651008286 
8.760725788 1.890848399 
7.900463365 2.393321211 
7.949909135 2.40872062 
7.919767747 2.447984085 
7.789850972 2.631359863 
7.960782244 2.433157101 
7.986534147 2.340622482 
7.787451128 2.572825836 
9.006930213 2.124555612 
7.92873093 3.162289391 
8.787550271 2.146089619 
8.005669487 2.401936766 
8.129754038 2.225766982 
7.829980458 2.782083149 
8.066824745 2.663248283 
8.326346487 2.218115646 
7.748547124 2.562925321 
8.050488163 2.51457384 
7.931052307 2.45116814 
7.860709517 2.741328488 
8.836463301 2.31925633 
8.189169396 2.814185376 
7.899054552 2.366902768 
7.946110915 2.213681896 
7.871898105 2.38017839 
8.012013253 2.108362431 
8.03216812 2.24239066 
8.389828285 1.61211691 
8.298841112 1.7704356 
7.902203114 2.328934639 
7.820534776 2.422784697 
7.944829439 2.238342293 
8.05124252 2.190226766 
8.342247401 1.838103418 
7.951079694 2.282724959 
8.268391466 1.901206985 
8.423110222 1.808029567 
8.608790392 1.71499736 
7.961970218 2.288954135 
8.735205122 1.621779581 
7.953788952 2.300127885 
7.931614876 2.29448273 
7.801193435 2.442917057 
7.995006777 2.275038183 
7.852627967 2.372213877 
7.887351947 2.352033308 
8.003856997 2.222855253 
8.108958185 2.021934149 
8.171595651 1.989988492 
8.14365776 1.951799773 
8.037963911 2.217392759 
8.003553772 2.194407226 
7.979659299 2.244018637 
8.061745299 2.169021004 
7.905997491 2.351411592 
7.991347724 2.267875603 
7.958355344 2.197494166 
8.080891456 2.135814833 
8.352725148 1.904768613 
7.909512127 2.326923125 
7.985092577 2.176550359 
8.828493998 1.342264123 
7.867165029 2.363740503 
8.474816846 1.569207952 
8.175083496 1.882971848 
8.877421358 0.791858631 
8.060228625 2.133205999 
8.084689134 2.160523355 
8.294169356 1.677133873 
8.099965378 2.155011032 
8.225812366 2.043187424 
8.467049163 1.691875719 
7.976083093 2.231258354 
8.053047793 2.216439881 
8.467070405 1.418255495 
7.912160286 2.350803178 
8.275050128 1.955192196 
7.956264715 2.308802469 
8.107480131 2.094571841 
7.958738207 2.199818094 
7.894788704 2.358696097 
8.015868488 2.193558992 
8.296745568 1.745219084 
7.908889773 2.310737128 
7.87466706 2.34143136 
7.940151446 2.30836238 
8.051641489 2.238430476 
8.103638373 2.090868917 
8.123985765 2.0938669 
7.937661648 2.320940203 
7.878380808 2.383895383 
8.127176834 2.168839747 
8.3218267 2.004696672 
7.892222685 2.347381108 
8.385302328 1.738322682 
8.142635726 2.077024479 
8.196611382 2.066122606 
7.915043196 2.273343688 
8.534093886 1.75404785 
8.120211185 2.121385908 
8.008986396 2.169843331 
7.891074289 2.3037931 
7.95114987 2.245468446 
7.960607232 2.284939899 
7.90277168 2.326636719 
7.90575774 2.331249524 
8.043238894 2.169566122 
7.813985982 2.420341838 
8.066676922 2.21965475 
8.051934149 2.100288544 
8.960021457 1.404468082 
8.295155568 1.956445251 
8.252972666 2.06334223 
8.168731068 2.023892462 
7.772537462 2.475825274 
8.166818677 1.44901319 
8.113054816 1.899341099 
7.984160273 1.938198205 
8.25089864 1.60059433 
7.835529704 2.36118136 
7.808557904 2.395947601 
8.267398542 1.643815673 
7.791262833 2.437324789 
7.839143528 2.330678712 
7.942586529 2.188449421 
7.937067469 2.038478858 
7.887175417 2.230353017 
8.061803979 1.966452985 
7.880789207 2.175159286 
8.182734688 1.504712844 
7.883097603 2.282020604 
7.974873889 2.043614982 
7.800640182 2.434588488 
7.947341634 1.989228715 
7.815398688 2.38411223 
7.923149696 2.130060427 
8.079344263 1.994639966 
7.896774968 2.250498869 
7.851910524 2.279581692 
7.870708796 2.308041244 
8.400787238 1.407522013 
8.024790438 1.838445026 
8.113890126 1.603269318 
7.837704224 2.374652391 
8.060598048 1.871566401 
8.039871682 1.94545069 
8.020410081 2.017013527 
7.8333167 2.310619196 
7.841348968 2.354538497 
8.227090021 1.705143592 
7.869146311 2.327339891 
7.849978641 2.314301616 
7.990946461 1.701397906 
8.029198268 1.443452776 
7.771934415 2.327199759 
7.928826684 1.953915308 
7.761081322 2.474129543 
7.803285076 2.369182947 
7.83741176 1.99904124 
7.815557336 2.287326677 
7.930210464 1.990077005 
7.849977204 1.944572179 
7.897848486 1.915655438 
8.052735106 1.298900112 
7.772670943 2.313891 
7.81421056 2.310922472 
7.91615772 1.865267427 
7.839909616 2.028311098 
7.796175814 2.37619579 
7.867812415 2.118004106 
7.834464778 2.116098897 
7.783650785 2.264026396 
7.780517646 2.39045141 
7.755706941 2.457956038 
7.970469495 1.900708015 
7.922666615 1.950722413 
7.885692607 2.130830964 
7.798618919 2.300450214 
8.088479157 1.51239768 
7.954968314 1.912620158 
7.777831997 2.30436937 
7.935318394 1.655610465 
7.953546304 1.388717268 
7.886908906 2.148521123 
7.890183282 1.941510226 
7.832259291 2.036980331 
7.796381353 2.254740779 
7.754729828 2.474802959 
7.951099019 1.756335198 
8.040152498 1.2529692 
7.817471632 2.220214726 
7.791576994 2.299443452 
7.797348392 2.37659526 
7.814755564 2.267173884 
7.874094954 2.057224809 
7.763682662 2.374976018 
7.798757206 2.317598917 
7.9265908 1.975003703 
7.81019934 2.276166615 
7.736131453 2.555581848 
7.675451556 2.525286147 
7.773194131 2.13273982 
7.668407518 1.991836197 
7.711213436 2.447354463 
7.7060311 2.14721689 
7.728696075 2.188990965 
7.711832654 2.484069854 
7.654984894 1.407322298 
7.910046066 1.271983077 
7.731465404 2.021422381 
7.836177614 1.842583657 
7.655393656 2.531452053 
7.69238297 2.431477315 
7.715371527 2.280919581 
7.776104802 2.065361649 
7.675851628 2.328118409 
7.78166265 2.122247985 
7.664532898 1.896676521 
7.738599555 2.362483588 
7.69324326 2.242615975 
7.661814404 2.320600339 
7.75050193 2.05909197 
7.870807803 1.698748121 
7.823661207 1.817153037 
7.667133161 1.816048138 
7.759398482 2.168504402 
7.733266604 2.132740562 
7.753682577 2.220692007 
7.850951703 1.827232442 
7.83793299 1.446523999 
7.795478181 1.918037581 
7.749064956 2.140212577 
7.75912856 2.20220632 
7.89817092 1.607214115 
7.672298309 1.996279731 
7.667522133 2.408494057 
7.624155215 1.20082667 
7.760935402 1.986430868 
7.775492987 2.213039572 
7.76808405 2.327507349 
7.737137035 2.238856012 
7.754439898 1.962954195 
7.648253558 1.548506163 
7.752904915 2.254847222 
7.797633476 2.023694574 
7.7684243 2.270431058 
7.767334162 2.28184917 
7.873949827 1.64703524 
7.846401356 1.609903776 
7.824630258 1.995478396 
7.792789622 2.052527996 
7.732419856 2.318805355 
7.668113029 2.075422778 
7.69011532 2.0911742 
7.65664042 1.978865231 
7.787089455 2.060196319 
7.835599058 1.780216643 
7.637283126 1.870222311 
7.749398019 2.339151197 
7.710418482 2.130251789 
7.696612553 1.916270282 
7.848063529 1.463089871 
7.824515134 1.533595103 
7.715482965 2.510765524 
7.729002681 2.117004141 
7.730246579 2.233342643 
7.668442291 2.349623502 
7.710011433 1.189602236 
7.660531522 2.592746017 
7.699802265 2.560979756 
7.686936424 2.683199679 
7.683880397 2.704318987 
7.66654319 2.691753206 
7.690556794 2.621352161 
7.672532914 2.769308356 
7.534762566 1.757745669 
7.544272042 2.566902081 
7.345107963 1.803412893 
7.377807023 2.389120503 
7.588662393 2.089034024 
7.38983228 1.556161862 
7.518980544 1.764430152 
7.253877748 2.016884184 
7.578699215 2.134865922 
7.561614447 2.431366315 
7.596760126 2.150458233 
7.35349727 2.042735347 
7.3058175 2.175614354 
7.401806668 1.960266995 
7.463906759 1.943143418 
7.593298097 2.259822896 
7.368691842 1.837676909 
7.518005826 1.931004103 
7.571568525 1.892923226 
7.469968761 1.546543695 
7.49046759 2.436751784 
7.356553482 1.928818385 
7.551773832 1.350557402 
7.481685273 2.154933624 
7.584876526 1.583204917 
7.515392839 2.074523544 
7.366233342 1.956706626 
7.344086167 1.880364896 
7.582203832 1.976445465 
7.507388448 1.998193748 
7.451360459 2.245145685 
7.570679515 1.963198811 
7.582626797 2.613346068 
7.587157864 2.342279285 
7.602212746 2.056662457 
7.367827073 2.351013891 
7.619466366 1.985148984 
7.489921212 2.688159424 
7.636164233 2.234940912 
7.466453507 2.550196407 
7.60427446 2.227271522 
7.610102934 2.018704483 
7.628845356 2.350764734 
7.315320441 2.118955483 
7.466490794 1.821682908 
7.534875462 2.109493848 
7.607653821 2.478161317 
7.486420002 2.538282239 
7.553075203 1.945110161 
7.405943543 2.273094859 
7.644999573 2.526239655 
7.314528981 1.397369929 
7.548630609 2.568137289 
7.565869789 2.093028198 
7.540201589 2.508680302 
7.296914385 1.793698504 
7.606047691 1.990792897 
7.591417609 1.889645501 
7.599298209 2.038304399 
7.30058123 1.977173203 
7.525109269 2.265703288 
7.572052543 2.032900449 
7.579494917 2.451542319 
7.235641516 1.589928359 
7.397547062 1.933276514 
7.620031992 2.293925668 
7.588923895 2.523497626 
7.57071223 2.638862016 
7.572609049 2.585897248 
7.185228359 1.678556669 
7.302167701 2.139576031 
7.526214805 2.304814097 
7.459936045 1.7516841 
7.311390818 1.483985292 
7.455495473 1.478108158 
7.413518227 2.160404384 
7.527852691 2.550065095 
7.498071953 2.605366581 
7.451637227 2.085814201 
7.47985554 2.285431745 
7.355864594 1.803701209 
7.589481726 1.492176313 
7.505422251 2.721284976 
7.545291408 2.838874994 
7.647279281 2.672981439 
7.57853585 2.76060481 
7.652962597 2.740215 
7.598642491 2.940321721 
7.578571401 2.886793676 
7.602828523 2.834687993 
7.544760587 2.847874479 
7.663963383 2.994299898 
7.66314536 2.983614237 
7.411769724 2.573767376 
7.259982792 2.293971548 
7.330400049 2.332035688 
7.310798347 2.706719162 
7.15605962 1.838070044 
7.230890325 2.246467481 
7.142939597 2.924752254 
7.30283147 2.557607818 
7.125862371 2.782553787 
7.302630702 2.862134476 
7.204578467 2.075385091 
7.368688919 2.72547515 
7.147218541 2.617018377 
7.027276631 1.820942562 
7.125201043 2.14472806 
7.12964728 2.347775292 
7.213558889 2.451900621 
7.228572245 2.831458798 
7.215072158 2.081363289 
7.282140714 2.580384256 
7.316708508 2.343260623 
7.254753055 2.568837902 
7.416836629 2.609107209 
6.921718204 1.906339067 
7.29686902 2.2813816 
7.020879419 1.914824862 
7.284577287 2.299944479 
7.310571154 2.69099314 
7.31147098 2.831330633 
7.375565126 2.579160511 
7.090752577 2.754531823 
7.430410131 2.627988891 
7.023009786 1.571288683 
7.270270377 2.423573526 
7.068435871 2.637961081 
7.217091616 2.891906511 
7.20911241 2.882002232 
7.133358797 2.064175782 
7.339953369 2.35858577 
7.304830831 2.731409302 
7.085662805 2.216596269 
7.274812002 2.84156233 
7.04689773 1.706591279 
7.342781054 2.469296043 
7.345393023 2.640114792 
7.057034176 2.650563876 
7.102740411 2.527617469 
6.662602164 2.229477805 
7.310766204 2.483334839 
6.936594998 2.188589233 
7.01294558 2.692188533 
7.19184024 2.681335717 
7.376371269 2.408727674 
7.229160092 2.108713038 
6.879303008 2.626757206 
7.222514171 2.903073809 
6.869386975 1.479378344 
7.390967386 2.69447769 
7.499817575 2.780208216 
7.364990508 2.846639128 
7.353220055 2.84320322 
7.478943292 2.773351798 
7.495864901 2.814046324 
7.49605148 2.835820196 
7.463983351 2.884444489 
7.458826721 2.958002304 
7.49964565 2.807711533 
7.526493823 2.860345879 
7.306622624 2.965506372 
7.373475054 3.114105896 
7.505878782 3.02448381 
7.505768238 2.904419096 
7.395504987 3.304570573 
7.560222027 3.118232015 
7.664660474 3.287306357 
7.766960106 3.463843745 
7.076980256 2.979195417 
6.440659692 2.205939399 
6.629380099 2.669040535 
7.005013941 2.858066678 
7.042829525 2.889902315 
6.89850722 2.675328191 
6.861959032 2.944012883 
7.114317654 3.127594369 
7.235036523 3.342018114 
7.6035143 3.545016585 
7.951769222 3.658215531 
7.715567862 3.606403062 
7.542483272 3.626611522 
7.901025226 3.526346666 
7.227047734 3.350219851 
8.110405432 3.622603889 
