5.25640687 10.18227368 
5.621355491 10.31276772 
5.285006515 10.10612589 
5.370156039 9.980528754 
5.641028268 10.1826945 
5.107947707 10.12295131 
5.437025644 10.24537634 
5.698886457 10.18093864 
5.602202305 9.790837905 
5.388948395 9.91049214 
5.193955088 10.22678099 
5.593268333 10.0869588 
5.232094907 10.17860434 
5.571817335 9.949607953 
5.188729051 10.09736368 
5.449491007 9.934464692 
5.502463293 10.31457276 
5.645098344 10.26504188 
5.320819844 10.14129714 
5.526081274 10.08712533 
5.321947923 10.22430999 
5.118521881 10.19815057 
5.369078791 9.991140041 
5.163438172 10.22403946 
5.495744951 10.19681877 
5.592802449 10.19724806 
5.518390998 10.39944844 
5.658893663 9.83150211 
5.514669027 10.33659753 
5.269839709 10.28207286 
5.600163504 10.12359588 
5.170836394 10.08426316 
5.332066494 9.950734726 
5.621404443 10.13455254 
5.615257453 10.0477432 
5.228708766 10.14901044 
5.639903037 10.23868827 
5.505590991 10.0369549 
5.562118455 10.12155956 
5.389644738 9.89397472 
5.524400116 9.822314703 
5.259135271 9.951722037 
5.137945325 10.04209203 
5.51582215 9.783106453 
5.203967056 9.980717075 
5.036664442 10.09531096 
5.476036436 9.811562715 
5.479753553 9.84825498 
5.479415971 9.818244548 
5.532787626 9.763802794 
5.331955661 9.935557196 
5.454429206 9.826864694 
5.149919792 10.02068247 
5.582787441 9.78830704 
5.339812515 9.890942869 
5.366296368 9.792018275 
5.101976283 9.962446473 
5.039581309 10.04749382 
5.164179915 9.918080635 
4.997165137 9.976943782 
5.460901509 9.782426709 
5.073387407 9.98979795 
5.208417137 9.874190299 
5.275532424 9.879862443 
5.38268326 9.798484088 
5.197795167 9.929855434 
5.19993852 9.894044696 
5.068211641 9.997334123 
5.014683938 9.989572164 
5.210890276 9.839852843 
5.269836014 9.808851031 
5.343569118 9.714235606 
5.129360735 9.847655578 
5.210086143 9.780411803 
5.03972133 9.861088963 
5.387022741 9.733610281 
4.899766516 9.934202435 
5.08715381 9.823715279 
5.244711563 9.795653979 
5.12108031 9.797333918 
5.015500941 9.897331781 
5.133298241 9.806261169 
5.121689354 9.881587196 
5.22145518 9.837125683 
4.973629412 9.870239926 
5.309277236 9.605906408 
5.353640971 9.598632757 
5.093304915 9.714178963 
5.30942707 9.603300802 
5.256210624 9.672881123 
5.092662262 9.719307298 
5.112906798 9.762569234 
5.157725144 9.650628499 
5.051659679 9.684745199 
5.265458627 9.691710639 
5.174391534 9.648608491 
5.167466423 9.638424657 
5.186937127 9.632524081 
5.09807312 9.567952552 
4.971384498 9.618288497 
4.961788179 9.582790293 
5.050560687 9.609222908 
4.751405432 9.645064519 
5.084771532 9.600036223 
5.023994494 9.629874441 
4.85456915 9.61578704 
4.912555949 9.582481984 
5.138359776 9.489678625 
4.86791538 9.520729522 
4.966869002 9.453175314 
4.810915908 9.559250963 
5.028226696 9.407079287 
5.081921492 9.408783399 
4.9820778 9.373543789 
4.823526569 9.303803014 
4.957749883 9.329176197 
4.87347957 9.250437315 
4.796230573 9.20748877 
5.674181461 9.798271986 
5.606591308 9.703729465 
5.58790208 9.657436123 
5.533948825 9.656376865 
5.504243867 9.657584094 
5.416069954 9.56161404 
5.49251575 9.542669234 
5.411689631 9.583114774 
5.455952402 9.512213142 
5.426127278 9.553127996 
5.493197011 9.529540766 
5.388031558 9.428570663 
5.376900393 9.433706667 
5.312856515 9.479163356 
5.398197974 9.472198483 
5.270872834 9.457545555 
5.277887644 9.477084836 
5.444553468 9.467821141 
5.064318024 9.374809609 
5.285249103 9.365592059 
5.375613137 9.366633555 
5.214689464 9.36359952 
5.355916451 9.347469312 
5.334641725 9.311654497 
5.172159618 9.247239581 
4.874535376 9.210038177 
5.267692715 9.27220148 
5.275796854 9.280875238 
5.231143898 9.231476678 
5.219140473 9.24214365 
4.974062165 9.206498187 
4.877729466 9.154605447 
4.771845184 9.111100701 
4.772331123 9.057012241 
5.132145618 9.135478966 
5.132147985 9.113687956 
4.960994599 9.047365283 
5.027029632 9.063708838 
5.104187443 9.07380482 
4.916614537 9.028054013 
4.836558558 8.96069879 
4.809415943 8.951023307 
4.986066357 8.985617409 
5.670321064 9.732979161 
5.628129873 9.629300498 
5.571102577 9.594449336 
5.571363107 9.58238494 
5.563908422 9.542285095 
5.610493753 9.54283423 
5.587537058 9.566319384 
5.519704437 9.528699579 
5.494998558 9.478338643 
5.568975617 9.492137448 
5.574514744 9.474221623 
5.533875325 9.432131219 
5.51837166 9.409300476 
5.506710986 9.367052825 
5.461385227 9.390079449 
5.517857821 9.347123892 
5.392176638 9.342372676 
5.420841081 9.345412483 
5.40824896 9.356265995 
5.375015308 9.330077398 
5.529045501 9.282437232 
5.500025385 9.277188171 
5.344891051 9.245722185 
5.423273473 9.219953536 
5.397872812 9.209228892 
5.430914868 9.196770622 
5.28385558 9.142296382 
5.338576056 9.099930234 
5.365682984 9.090588951 
5.657434743 9.617621115 
5.642426428 9.623209628 
5.638537917 9.475009753 
5.637982801 9.479167123 
5.619504751 9.479205563 
5.62280487 9.477997463 
5.593200811 9.440623289 
5.626250753 9.379823784 
5.608127825 9.349771474 
5.567847191 9.333793704 
5.580551798 9.285324945 
5.588745306 9.265206076 
5.547778279 9.245817972 
5.586155441 9.235312353 
5.684968742 9.730918075 
5.663966457 9.650453442 
5.659350333 9.508316389 
5.657038808 9.419638212 
5.641794918 9.369087331 
5.637497544 9.209815202 
5.625998222 9.188853482 
5.620615737 9.179692871 
5.663649213 9.406147866 
