5.889787477 9.30858504 
6.558385192 10.17878923 
6.23409677 9.535590478 
6.078273004 9.968784029 
6.173733887 9.735576782 
6.165947251 9.722245133 
6.233472725 9.735300834 
6.250399557 9.405999259 
6.10971867 9.916056465 
6.257432246 9.567580846 
6.828104822 9.977613013 
6.097360409 9.829173437 
6.202042348 9.442632463 
6.521626086 10.14267818 
6.585691754 10.23843803 
6.391143504 10.13959682 
6.141547841 9.724178075 
6.637622407 9.573257082 
6.020077916 9.669791314 
6.276200989 10.23871712 
6.071859458 9.579465143 
6.519050416 10.28218853 
6.436319779 9.582135925 
6.673572427 10.16670741 
6.254172582 9.624444034 
6.085109233 9.699458126 
6.516908512 10.19244179 
6.496063676 10.10206232 
6.144992332 9.526724876 
6.116697216 9.935405419 
5.839174266 9.637281799 
5.892942491 9.812386098 
6.05060152 9.564109967 
6.464313249 10.27623484 
6.17963031 9.618661249 
6.291304813 9.541975126 
6.022923392 9.909815029 
6.499312725 10.12419068 
6.224446218 9.652084979 
6.590791397 9.522734421 
6.51791667 9.891039701 
6.546649265 9.982930733 
6.47951176 9.977644397 
6.186744928 9.919780247 
6.401484423 9.99626166 
5.99329489 9.609094515 
6.574346365 10.27241823 
6.565707379 10.27368063 
6.375490844 10.05638465 
6.309759238 9.47386389 
6.228269329 9.893158272 
6.95775303 9.789127886 
5.833138368 9.756938018 
6.033139394 9.629985425 
6.24734985 9.434102053 
6.399203054 9.832598335 
6.080836724 9.593887342 
6.061449634 9.606191712 
6.146824415 9.689716598 
6.390386209 9.863324058 
6.117648763 9.615079706 
6.630873954 9.760265022 
6.335618608 10.09394542 
6.584610083 9.801685755 
5.796051218 9.881407639 
6.486118801 9.707739724 
6.099019841 9.64243087 
6.293148953 9.536124453 
6.175477364 9.638139454 
6.225191838 9.54493068 
6.209770158 9.906971158 
6.067570758 9.646628601 
6.367454379 9.69634064 
6.610490897 9.888577901 
6.346801945 9.964681614 
6.617528279 10.12739877 
6.910030948 9.82445045 
6.729270287 9.710245068 
6.530586939 9.569630499 
6.031346085 9.880116736 
6.095881496 9.613728457 
6.919200949 9.58607844 
6.26040935 9.724312713 
6.225705993 9.718455609 
6.13769544 10.04279258 
6.867308947 9.583392866 
6.650318457 9.599638433 
6.365239177 9.873856458 
6.153813578 9.520072428 
6.106667658 9.531575446 
5.850569047 9.784390487 
6.346158392 9.771478568 
6.148944612 9.79615981 
6.542908548 10.13089132 
6.603210553 9.817233374 
6.181335664 9.612334085 
6.23198913 10.10015482 
6.094256904 9.831555059 
6.028311164 9.581320307 
6.461430293 10.07601436 
6.863228669 9.639315172 
6.432960785 9.971550037 
6.258723242 10.20952392 
6.250413293 9.496221151 
6.550005006 10.00633362 
6.312782997 9.882666374 
6.36643425 9.675451344 
6.560881485 10.0150172 
6.550502653 9.509115804 
6.176686859 9.721522732 
6.63594531 9.752775369 
5.917849171 9.772568756 
6.177380029 9.841061864 
6.141877934 9.56489344 
6.115871805 9.533925643 
5.722873123 9.702525481 
6.638522 9.675251878 
6.551888428 9.656063477 
6.415839213 9.503483168 
6.007634838 10.04018005 
6.483746641 9.846816825 
6.594549965 10.21078318 
6.145091175 10.1163658 
6.799998593 9.882228067 
6.400497444 9.763848881 
6.313709358 9.648454153 
6.394564362 9.578101401 
6.187521493 9.863493406 
6.259864764 9.95228487 
6.185830972 9.953139278 
6.532642598 9.942660907 
5.865874353 9.889565613 
5.924031528 9.600121913 
5.995654024 9.815906069 
6.035502312 9.510355676 
6.298712712 9.503319801 
6.63975709 10.19902998 
6.962917332 9.75427979 
6.590506385 9.721702088 
6.458476897 9.77997546 
6.59847095 9.977070923 
6.353453173 9.940371113 
6.49331147 10.3034074 
6.397224282 9.970757208 
6.40736662 10.26104324 
6.914777595 9.815762911 
5.951104638 9.743218818 
5.784346244 9.658572788 
5.885946901 9.589776242 
5.941507932 9.551774008 
5.93211118 9.526103263 
5.938022528 9.546521768 
5.834919001 9.585311083 
5.850840681 9.577211776 
6.045350307 9.452889263 
6.124874853 9.442951358 
6.022489391 9.472080638 
6.15836548 9.386753981 
6.038517823 9.490998832 
5.841244941 9.623789923 
6.032146854 9.49077047 
6.061439674 9.471864373 
5.854368256 9.569722157 
5.904270244 9.583414344 
5.846659907 9.546009024 
6.095334135 9.395904173 
6.05995114 9.43933431 
6.035832707 9.449385217 
5.99356349 9.436987706 
5.950038389 9.4644085 
5.870140865 9.50363668 
5.964281142 9.466682986 
5.717192921 9.59817294 
6.027692543 9.453787774 
6.105777733 9.382742223 
5.850194208 9.534728836 
6.004863976 9.412082206 
5.939639662 9.442637661 
5.969559567 9.435638095 
5.769330354 9.517368563 
5.701915089 9.533028076 
5.882665565 9.463978233 
5.932644228 9.445774066 
5.871603431 9.473510203 
5.689321979 9.542708486 
5.707457052 9.541739097 
5.721735569 9.563636634 
5.874767018 9.480871482 
5.887763034 9.427123956 
5.902852537 9.438925785 
5.871359338 9.449502414 
5.737803109 9.499002541 
5.993094078 9.410183686 
5.747411311 9.487411156 
5.856528409 9.440337812 
5.914984756 9.441648736 
5.924172592 9.438017068 
5.774503454 9.462053382 
5.801345492 9.475372533 
5.878821649 9.447125716 
5.90511067 9.435054533 
5.840655981 9.418427537 
5.74972671 9.456299306 
5.963118436 9.392113657 
5.696697209 9.465624968 
5.86445968 9.410731215 
5.797050958 9.446236124 
5.746881777 9.454888445 
5.730034855 9.462125619 
5.713788289 9.453648573 
5.896497429 9.412977632 
5.83434551 9.421522529 
5.901169696 9.389975304 
5.743156928 9.426945406 
5.834658452 9.401680856 
5.731445945 9.424430035 
5.941499396 9.378086909 
5.818450225 9.410550706 
5.811734045 9.39160044 
5.765819182 9.400928849 
5.799456077 9.403653434 
5.855485043 9.405249949 
5.986181903 9.379611131 
5.785097922 9.397400551 
5.765540298 9.407587878 
5.843530579 9.365318048 
5.733962675 9.380121842 
5.762835414 9.380406353 
5.727543107 9.376167386 
5.807442839 9.373957015 
5.912261786 9.374985551 
5.921104076 9.37113778 
5.920037825 9.373527528 
5.949681478 9.373761444 
5.929399577 9.374256354 
5.750684286 9.386472538 
5.729488262 9.37029781 
5.777419282 9.375744207 
5.816889472 9.37627735 
5.767525619 9.375946031 
5.902373541 9.376122954 
5.840075409 9.352250041 
5.685985135 9.350801974 
5.882595685 9.353817669 
5.857171748 9.351757705 
5.849780587 9.354455614 
5.811868375 9.346222491 
5.795683128 9.346550161 
5.869576632 9.350166188 
5.948329777 9.360035027 
5.939077761 9.348732191 
5.867638794 9.340013262 
5.937959561 9.350731557 
5.761837429 9.32969068 
5.833683361 9.344637722 
5.735662727 9.325861412 
5.93214969 9.347708826 
5.893064636 9.336332055 
5.87942463 9.33629929 
5.921473065 9.341205391 
5.929151047 9.342419068 
5.866324102 9.337157293 
5.881077855 9.334554398 
5.889597791 9.327163044 
5.86987438 9.329152083 
5.887389306 9.326593772 
5.95057357 9.341918394 
5.872725764 9.329090885 
5.968502314 9.340633078 
5.909456581 9.329681603 
5.884383308 9.320845976 
6.000881306 9.349036729 
5.880435003 9.318259091 
6.010576168 9.34912931 
5.877595705 9.318985952 
5.887660136 9.323211759 
5.929961557 9.329454464 
5.883609188 9.321724435 
5.879170766 9.318078601 
5.884122424 9.319817096 
5.888860351 9.321581949 
5.879339357 9.31723056 
5.743085683 9.280123197 
5.876491789 9.312343344 
5.933565421 9.318866118 
5.883415184 9.31812891 
5.888300445 9.307624011 
5.780949136 9.286176411 
5.885021984 9.315843594 
5.900494403 9.317534495 
5.862309751 9.307348223 
5.739984902 9.282159736 
5.89446054 9.310545443 
5.911339689 9.324876134 
5.790375523 9.273824659 
5.888066472 9.298319438 
5.789695997 9.274551599 
5.874601744 9.302451905 
5.885227053 9.304796004 
5.975559558 9.319218899 
5.831356921 9.282360788 
5.76002581 9.272752883 
5.846013772 9.294808563 
6.066595563 9.343774755 
5.868773952 9.302388609 
6.186276011 9.37440047 
5.865732013 9.28757035 
5.840327987 9.276451421 
5.770351016 9.253842826 
6.018072602 9.322164381 
5.827165044 9.279004947 
5.828038574 9.268227225 
5.70435464 9.242630848 
5.951623012 9.308696276 
5.941490936 9.306541248 
6.518373556 9.44907298 
5.870493098 9.272085279 
5.80179463 9.258185533 
5.857891233 9.272729265 
5.860006862 9.272744616 
5.938561106 9.289669507 
5.911808133 9.287961934 
5.882522421 9.27259883 
5.904954857 9.282951297 
5.884733619 9.263807243 
5.837068705 9.253608019 
5.892934005 9.2727276 
5.7893367 9.241342323 
5.757136517 9.235775798 
5.845866022 9.259353783 
5.796298722 9.242735347 
6.040946281 9.309491288 
6.230309295 9.360341674 
5.835028564 9.248349007 
5.895797171 9.264779279 
6.005439307 9.293268987 
5.801852555 9.230080823 
5.776809517 9.224392641 
5.962494175 9.275544465 
6.023215491 9.287535161 
5.903030036 9.252120339 
6.225368803 10.25078672 
6.127707975 10.18890099 
5.983828114 10.06681516 
6.403297372 10.36088956 
6.170758401 10.32530107 
6.226177122 10.26197834 
6.004766836 10.4057445 
6.030418073 10.37817354 
5.992200495 10.37456517 
6.047787304 10.43569496 
5.777347177 9.958149501 
5.804054182 10.11393714 
5.881582991 10.08813308 
5.833792944 10.09564696 
5.738781495 9.88819993 
5.844205213 10.05387892 
5.946655134 10.35841069 
5.762998177 10.04259273 
5.715611876 9.842460642 
