9.34423719 4.803962902 
8.949070706 4.642583341 
8.643089867 5.032403614 
8.504540791 4.63539165 
8.944690972 4.194781119 
8.909271473 4.644789611 
8.105992479 4.093208715 
8.863596799 4.773719222 
9.77895094 5.269329047 
8.796239405 4.923929367 
8.89682552 4.706580842 
8.235685842 4.259601477 
8.312757656 4.456973274 
8.886391252 4.783718373 
8.51903474 4.794564034 
8.688790151 5.141687535 
7.724806018 5.377466391 
8.918647483 5.837807582 
7.871004689 4.513511325 
8.411598713 4.344449646 
8.892954594 4.783970969 
8.524607006 4.924187252 
8.719991711 4.639308787 
8.516599626 4.700330134 
9.035855455 4.291503293 
8.691888231 5.491345557 
8.752493307 4.755508735 
9.137704967 4.162430958 
8.979783544 5.053465814 
8.702218776 4.749360581 
8.926623168 4.765591776 
8.854039603 5.081441103 
8.02870512 3.997546726 
9.782823389 5.729020461 
8.998055673 4.964473906 
8.492653992 4.97820237 
8.329007863 3.793588146 
8.523491278 4.734862761 
8.320320602 4.890637018 
9.114235438 5.007329256 
8.439410709 4.937313092 
8.949069227 5.032165131 
8.733752667 4.676231982 
8.067345593 4.280300518 
8.585997601 4.450697255 
8.777233689 4.709909128 
8.612512424 4.011129216 
9.090074999 3.990054736 
9.458264616 4.821793772 
9.282418539 5.06205025 
8.851097055 4.523701568 
8.865701061 4.678807468 
8.066774759 4.440996337 
8.647669826 5.328872284 
8.518074092 4.751534704 
8.451839275 4.671215324 
8.709958663 4.598212741 
9.272924027 4.771047478 
8.999604828 4.104215967 
8.825236595 3.810758424 
8.215285814 4.956571901 
9.162203788 5.118926962 
8.784817766 5.000578724 
8.88362905 4.944361114 
8.865533349 4.624967554 
9.230740432 5.145468899 
9.583188081 5.033135141 
8.871705984 4.834640904 
9.274055017 3.934130831 
9.022021548 4.911118658 
8.371702114 5.04790241 
9.032475874 4.415477842 
9.071109812 4.631393981 
8.606935369 5.539990345 
8.771515308 4.690133285 
9.095618577 4.849844842 
8.617346999 4.506440487 
7.628961028 5.003215498 
8.964139798 3.910023239 
8.541702975 4.374795414 
8.684062908 4.817669926 
8.829268921 4.245008196 
8.702313935 3.995625711 
8.485300959 4.707778297 
9.046014251 5.018902268 
9.709642838 5.321909158 
10.16320259 5.898775403 
8.824772086 4.736915138 
8.776067219 4.71795938 
8.857650957 4.820463011 
8.883841074 4.574517306 
8.918198975 4.582208921 
8.82032826 4.602077432 
8.569351943 5.033285271 
8.747446454 4.745056957 
9.154690923 4.427055812 
9.207299975 4.25440626 
8.716541501 4.786027087 
8.572827512 4.291487465 
8.878917812 4.508389013 
9.68022433 5.544030478 
8.449665933 4.206923276 
9.174282634 4.51593041 
10.05218183 4.188799066 
9.086470247 4.158431739 
8.703241261 4.740745926 
9.187506026 4.950875194 
8.365015133 4.328618776 
8.013369672 4.318358261 
8.693705131 4.649005536 
8.554012012 4.374692878 
8.382754132 4.937907112 
9.028329057 4.778436754 
8.765904516 4.557219859 
8.262276823 5.426460739 
8.858812329 4.582497998 
8.544060363 4.91228665 
8.902650293 5.4662596 
8.744681772 4.711156538 
8.060531317 5.225101929 
8.767992292 4.278671577 
8.844621797 5.601434977 
8.478888677 4.648023626 
7.949965466 3.991406394 
8.413901839 4.484906552 
8.75828619 4.753706211 
9.193248842 4.436072979 
8.824016532 4.666829207 
8.765590342 4.712284884 
8.810413959 4.852997215 
8.682028292 5.603101208 
9.020359933 4.665521556 
8.655339026 4.512557019 
9.142520124 4.258654062 
8.832099889 4.692046735 
8.754972056 4.305921768 
8.953954941 4.283455923 
9.321210729 4.772147962 
9.425169485 5.991726501 
8.413194916 4.229803955 
9.546812601 4.308900965 
8.59207744 4.886915708 
8.844341603 4.83787114 
8.929283031 4.574551018 
9.335942759 4.751915625 
9.093133286 4.698959302 
8.581769549 4.749286904 
8.720210693 4.720971445 
9.264479267 4.606593297 
9.536385713 5.765931365 
9.675301084 4.315933433 
8.832693422 4.752198308 
9.680623773 5.449675639 
9.108811363 4.556050665 
8.700543505 4.453427037 
8.600559373 4.921651648 
8.838487761 4.408081443 
9.22552412 4.122963994 
8.344094702 5.26328543 
8.14419089 4.547302943 
8.036415742 4.465208561 
8.909718032 5.102013993 
8.931430977 4.617710037 
8.25549528 4.991357808 
9.145405441 4.901172301 
8.90434646 4.538420026 
8.771641696 5.118429252 
8.812185897 4.576385307 
8.829611476 4.951539231 
8.858782289 4.601216939 
8.690192606 4.398327697 
9.158884696 5.061962962 
8.200745639 4.200707138 
8.890584149 4.686548023 
8.768981991 4.987420725 
8.894082329 5.179989936 
7.635259071 4.801475944 
8.741699656 4.752613262 
9.076694866 4.165331464 
9.114656338 4.191569657 
9.337078604 5.664681325 
9.196654449 4.350318726 
9.042520376 5.281288594 
8.739047225 4.204380532 
9.000598286 4.502971521 
8.679734799 4.492163188 
8.847103399 4.651420881 
8.793911778 4.816716559 
8.533420498 5.221858213 
8.609133343 4.016041267 
8.651039101 4.727523855 
8.786413912 4.746122648 
8.913704938 4.522561001 
8.470618682 3.643447527 
8.794132982 4.717282594 
8.473893193 4.750349055 
9.479599718 5.612875952 
9.431944288 4.103908319 
8.880972078 4.716040409 
8.165866001 4.732895525 
9.282736848 4.122643032 
9.244713304 5.178846819 
10.30237606 4.769325487 
8.63008803 4.638824771 
8.931346334 4.847318318 
9.758303911 4.233581906 
9.194380543 4.752014073 
9.432839101 5.038933326 
8.694164089 4.778038228 
8.53589773 4.61386745 
8.851654876 4.588661019 
8.242889361 5.441897096 
8.689668822 4.798086128 
8.810162121 4.673154998 
8.883550087 4.059468001 
8.502995275 5.067647899 
8.731790834 5.56379953 
8.563665947 4.968155002 
8.509457859 4.499767739 
9.279051555 4.478065448 
8.447124664 5.33227502 
8.484739404 5.10327513 
9.704377018 5.266089093 
8.801303784 4.688794801 
8.465733889 5.150761789 
8.641159221 3.71599062 
9.060856817 4.782410271 
9.431098465 4.798668733 
7.751581437 4.501668888 
9.142187845 3.801205022 
8.809283898 4.753739331 
8.951666244 4.384968678 
8.620625205 4.637344473 
8.891137211 4.623289803 
8.88573432 4.867955536 
8.779726304 5.12861319 
9.134378195 4.856216583 
7.880733702 4.117528071 
8.162759206 5.704921116 
8.31849527 5.800587581 
9.281134032 5.295218657 
8.092054165 4.262476942 
9.541190765 5.665408816 
8.669121113 4.897107978 
8.812996501 5.202652717 
9.691418604 4.898172763 
8.838296548 4.650117949 
8.91246411 5.040845527 
8.767542035 4.807611511 
8.695633176 4.697817019 
8.96363505 5.160069721 
8.57165065 4.865727648 
8.110405432 3.622603889 
8.547508789 4.870660226 
8.945563153 4.549420136 
8.143846166 4.651896894 
7.909907622 4.82814153 
8.88194332 4.498955974 
9.32886556 5.480709522 
9.191599509 4.821299508 
8.647519432 4.135035479 
8.615837838 4.749018951 
8.113414377 4.624477603 
8.871083177 4.528950432 
8.823760157 5.136310049 
8.342681878 4.4857838 
7.955532555 4.348593311 
8.828566053 4.557215652 
8.856868126 4.753488236 
8.350224639 4.504021957 
9.164490682 4.493263546 
8.665058014 5.304433809 
8.753720575 4.700060164 
9.687605761 4.06600021 
9.298294781 4.783911283 
8.230575411 5.083438328 
8.527510326 4.160205187 
8.623912625 5.509165235 
8.266167719 4.183814481 
8.446859062 4.35804973 
8.824902765 4.978837645 
9.875227491 5.011542953 
8.732987766 4.646496359 
8.555504369 4.563233572 
9.505335384 5.318084363 
8.236313475 4.816818582 
8.614360325 4.836013893 
8.762093268 4.664580505 
8.776944951 4.678736584 
8.973717248 4.74610505 
8.789906879 4.704609059 
9.01620894 4.019774309 
8.770269207 4.703062126 
9.32141802 4.452868188 
8.530764595 4.439311744 
8.542373444 4.389191525 
8.391857417 4.897573108 
7.981818587 5.492689737 
9.522144144 5.378877188 
9.85253839 4.965951865 
8.993429452 4.341886822 
9.738826576 4.689937678 
8.589911606 4.660680205 
9.084759319 4.96054066 
8.877230627 4.94446152 
8.875349555 4.665608495 
8.858729897 4.661718003 
8.780318895 4.63549917 
8.260477942 5.802151126 
8.747321937 4.397789877 
8.877997558 4.568428882 
8.152076696 3.970400151 
8.547936576 4.875555285 
8.844344338 4.738493951 
8.785225482 4.69561667 
9.360909789 5.56670461 
8.328999202 4.7865466 
8.104220237 5.222268892 
9.520667685 4.015698514 
8.68013148 4.558848988 
8.768446664 4.722669039 
8.877758087 4.775601427 
8.723628476 4.712517819 
9.587521037 4.155806377 
8.49979481 4.420479088 
8.294131759 3.840780106 
8.730008893 4.72857239 
9.350230291 4.334949289 
8.780732499 4.666739502 
8.631847511 4.640022232 
8.770284906 4.709828912 
8.795256254 4.683047717 
9.264684332 4.462097476 
9.160963414 5.005725335 
8.298408602 5.068551842 
8.713020818 5.128576203 
8.0279075 5.143101219 
8.491485908 4.440292055 
8.690917792 4.781713139 
8.300852446 4.433350234 
9.209204096 5.094338617 
9.267085558 4.338523902 
8.315680289 4.117421802 
9.043771196 4.993191848 
8.349960773 4.716406929 
8.569640443 4.572036336 
9.570823121 4.854137854 
8.852567062 4.618510451 
8.060290976 4.383311322 
8.991863642 4.562950298 
8.765799382 5.092440565 
8.7231142 4.751057464 
8.600527686 3.844218265 
9.051502283 4.523572405 
8.960564813 5.149180526 
8.786338529 4.676758504 
8.635868107 4.39307835 
8.53819161 4.726789113 
9.586775748 5.355347037 
9.275188746 5.1920588 
9.111791571 4.514573287 
8.740419293 4.937928591 
9.573347875 4.314211488 
8.784168819 4.456357524 
8.869130647 4.688043506 
8.828456599 5.507858038 
9.833087458 4.403240179 
8.303498882 4.121784693 
8.735363345 4.642777941 
8.146480305 4.897592712 
8.999852656 4.964304198 
8.695593437 4.08826179 
8.818904434 4.879175221 
9.45143326 4.015788942 
8.311777339 5.320215551 
8.855778651 4.825716576 
8.560178381 4.872970955 
9.301061722 4.343298247 
8.687024001 4.641809006 
8.673368557 4.437958764 
8.369852392 4.398865847 
8.428513011 4.455656673 
8.347102237 5.142427471 
8.904194849 5.342541456 
8.834134389 4.729693593 
9.026324985 4.993831025 
9.05209746 4.915733772 
9.150514638 5.143166623 
8.591431282 4.583506184 
8.687739535 4.610222199 
8.465479232 5.409181702 
8.861087602 4.657518528 
8.729737051 4.2153859 
8.858264062 5.382818823 
8.974798553 4.491178102 
9.13959972 5.017677877 
8.249236404 4.171198838 
8.575657733 4.98030013 
8.606733564 4.302965476 
9.368094366 4.561565431 
8.316117812 5.492639632 
9.027641857 4.394520166 
8.822242431 4.746797494 
8.154243519 4.184490143 
8.493591731 4.510576527 
8.390766671 4.964423482 
8.776419695 4.700182427 
8.877317795 4.631591556 
8.531528303 4.290437311 
9.0353513 4.544627676 
8.767423863 4.552417671 
8.14220324 3.46408001 
8.875053874 4.774275363 
8.65906453 4.568379025 
8.854362123 4.718468675 
8.668944239 4.141757972 
8.666584249 5.38896919 
8.923068295 4.729421148 
8.346492026 5.390924878 
9.032211574 5.375501318 
8.094859112 3.857265699 
8.476554448 4.900944595 
8.79978142 4.674475335 
8.233903372 4.403755431 
8.962858598 4.794816092 
8.600009196 4.877359434 
8.918898557 4.765623987 
9.082430377 5.601254495 
9.144620896 4.135184599 
8.937485629 4.483533483 
9.11334396 4.700613439 
9.153817244 4.57212237 
8.651424975 4.99025692 
9.428547098 5.407225001 
9.401148311 4.61435892 
8.097256567 4.742326762 
8.78891452 4.752498109 
9.164828355 5.177453978 
8.63410683 4.928102163 
8.804073659 4.700890711 
8.812545691 4.754598219 
8.858313859 4.90673026 
9.070319107 5.747438249 
8.719419001 5.069148056 
8.304629497 5.110936695 
8.714299007 4.576936253 
8.641503035 4.469002253 
9.128219859 5.463957514 
9.068510633 4.608288844 
9.069717699 4.281352626 
9.749093003 5.590536037 
8.720809692 4.685126088 
9.001515126 5.662824694 
8.418570394 4.191169676 
9.247363367 3.993213375 
7.827887298 3.328123257 
8.869989271 4.634454614 
8.370518839 5.242943414 
8.487885433 5.434669156 
9.148889905 4.529164618 
8.687180858 4.435886411 
7.816351461 5.081979877 
8.747984957 5.200114599 
8.480741392 5.037163305 
8.741301749 4.85758327 
9.271044977 5.187208991 
9.347355306 4.156917525 
8.652718824 4.592562134 
8.934669626 4.826476761 
8.743823707 4.724484313 
8.73936299 4.282321927 
8.543362941 5.010624438 
8.661052573 4.662918375 
8.590767454 4.947099199 
9.040248037 4.596681389 
9.793820405 5.113809685 
8.749381749 4.73748788 
8.795274176 4.682761974 
8.776643001 4.642758301 
8.880190207 4.567666932 
8.799801881 4.68806509 
9.568889736 4.310930356 
8.800456629 4.680982316 
8.757726234 4.666608729 
8.770592362 4.676893121 
9.240907349 4.065563429 
8.617282861 5.070268913 
9.023267784 5.253101557 
8.608223047 4.256758952 
8.35683118 5.84509203 
8.192552651 5.22076984 
8.753102543 4.742746083 
9.88196635 5.591988235 
8.810439608 4.831506783 
8.798571698 4.685585771 
9.190880797 4.99771168 
8.651227155 4.577115921 
8.467969744 3.677838066 
8.921016516 4.416823494 
8.735134737 4.677399817 
8.738321226 4.663797133 
8.334535489 3.969881435 
8.97449951 4.825028632 
8.805471855 4.713972071 
8.7187832 4.656665383 
8.834752992 4.972089049 
8.494929618 4.624605909 
8.866545512 4.581718287 
8.410596515 4.107753786 
9.059977849 4.82325992 
8.798302078 4.585827908 
8.991465122 4.767924962 
9.208935716 4.477536866 
8.763229777 4.470872645 
8.687026622 4.355141615 
8.640913137 4.69635157 
9.143498972 3.981184612 
7.677138496 4.330227469 
8.671719665 4.644616655 
9.039083925 4.612970472 
9.363397575 4.919264678 
8.692153786 4.59776859 
8.045298737 4.981685431 
8.491230949 4.963965538 
8.920095866 4.78263268 
8.675134556 4.460112107 
9.165374061 4.331705607 
8.744091555 4.27061911 
8.20570853 4.049800102 
8.929127323 4.703840168 
8.762830198 4.704429868 
8.933726645 3.796807619 
8.750531287 4.759060968 
8.854560215 4.729618339 
9.531215303 4.197170892 
8.509878683 4.878175645 
8.153906746 5.247298941 
8.539112996 5.164333389 
8.778441911 4.714133605 
8.78783434 4.69559509 
8.795730039 4.81357472 
9.058940772 4.304772539 
9.702528857 4.531013195 
8.816996844 4.712827457 
8.616671033 5.077932981 
9.297375221 4.345182181 
9.469503639 5.43970053 
8.278119636 4.321598337 
9.019217572 4.417657826 
8.849102218 3.698156784 
8.627831195 4.53915366 
10.08972642 5.077628958 
9.118673947 4.493785688 
9.057882379 4.40684411 
8.681174327 4.784691372 
8.638451833 5.612452929 
8.611104413 4.884079479 
8.566565678 4.183776032 
9.396954631 4.957936191 
9.020661521 5.241459626 
9.175779637 4.984586957 
9.066726231 5.159983037 
9.340807763 5.028851688 
8.361963908 4.827007979 
8.744127808 4.58970639 
9.563401454 5.321656093 
8.023299378 4.275817206 
8.643584423 5.327859829 
7.987831316 5.066747359 
8.900386606 4.934376117 
8.861935838 4.674867561 
8.467924907 4.462609922 
8.740010661 4.686761025 
9.029534844 4.342349765 
9.265771333 4.308957916 
8.900063005 4.23261856 
8.238091497 5.192272349 
8.181528932 3.950065526 
9.575042143 3.940987739 
8.307335613 5.342095953 
8.463942631 4.884977712 
8.779618306 4.686383762 
8.566321853 5.19200915 
9.282119757 4.507121376 
9.548122839 5.444936058 
8.858266644 4.874596011 
8.874253137 4.751759287 
8.88358405 4.67427548 
8.478402575 3.866687057 
8.969319954 4.839278702 
9.254091787 4.289508507 
8.17223854 5.160043786 
8.467096832 4.833738793 
8.94111695 4.856099314 
8.62534808 5.614923223 
8.760607677 4.399630398 
8.441468819 4.452191957 
8.621321878 4.123516542 
9.217200812 5.140364918 
8.539751686 4.957615937 
9.15066712 4.767073844 
8.837168233 4.930169524 
8.757891281 4.456697683 
7.803215005 4.721499746 
8.555571336 4.691288648 
9.801551946 4.411945463 
8.555632003 4.614515312 
7.558059513 4.077204791 
9.166898427 4.664236384 
8.748928851 4.592988345 
8.891254215 4.768031624 
8.87741429 4.675524071 
8.644881461 4.830600495 
9.096790702 4.607814204 
8.885014477 4.79682374 
9.101596353 5.107943098 
8.02041647 4.116517732 
9.241283575 5.601124587 
8.912887159 4.61093211 
8.548465039 4.422415648 
8.903713635 4.3891628 
9.423805485 4.662800261 
9.243550647 4.200832337 
8.918131368 4.242775059 
8.993341257 4.794965257 
8.874585513 4.778440668 
8.600655409 4.572677596 
8.792988801 4.70089233 
9.299676982 4.622023737 
8.631478185 4.508235652 
8.688844482 4.592230648 
8.83758486 4.72781738 
8.98070394 3.858754206 
8.671949643 4.645395708 
8.5412449 4.425725628 
9.062488469 4.525632832 
9.537641017 4.436637479 
8.794226362 4.740022245 
8.813609497 4.775403485 
8.30421242 5.110014251 
8.613254198 4.553645209 
9.053250506 4.139938283 
8.944030268 4.569000605 
9.239132763 5.127573526 
8.210681757 5.238142156 
8.592601526 4.833485817 
9.106625098 4.608772787 
7.975582975 4.402993394 
8.644016646 3.970771434 
8.561895137 4.49767499 
9.008989199 4.519043074 
8.758981883 4.718777085 
9.349779367 4.361922298 
8.962966913 4.784939334 
8.977142438 4.37247615 
8.870235434 4.756423394 
8.649634419 4.666459482 
8.929659382 4.698858966 
8.8550475 4.835350706 
8.661038956 4.755274155 
8.332503756 4.845815212 
9.184744653 4.105623699 
8.642935919 5.057563464 
8.965514506 4.938098626 
9.665661753 5.852369988 
8.380615971 3.787560312 
8.681094112 4.61792278 
8.286811241 4.125877847 
8.742296767 4.370072719 
8.523246498 4.528015512 
8.545639667 4.724557197 
8.16974987 4.119272978 
9.544950957 3.977514626 
9.024683668 5.578711979 
8.907051942 4.851354526 
8.195389142 5.132888423 
9.04535118 5.779272146 
8.45471691 4.503558711 
8.616243532 5.101870928 
9.633199141 5.132520319 
9.262689924 4.126639697 
8.973387209 5.033866577 
8.836611114 4.699016488 
9.691346868 4.42065463 
8.678380523 4.773073529 
8.02486074 4.424923233 
8.062380252 3.910922271 
8.619449439 4.973739103 
8.812711435 4.685330905 
8.46686982 4.983344437 
8.890238648 4.704392589 
9.043795258 4.533810451 
9.233542961 4.223422593 
8.714696726 3.98146301 
8.866514275 4.8319003 
9.360044045 5.031391489 
9.103374531 4.693461251 
8.831972328 4.717179762 
8.776559578 4.686899336 
8.764681838 4.741193016 
8.656025129 5.262919176 
9.38835198 4.878580948 
8.832366326 4.682101602 
8.436140557 4.288262973 
9.297092132 5.035824383 
8.676512513 4.659092511 
9.158930822 4.024889254 
8.376163438 4.550714449 
8.429375518 4.690221929 
8.899509176 4.8752045 
9.046521916 4.64187191 
8.240188208 5.400170672 
8.853146219 5.037098567 
8.263044442 4.464564924 
8.075479542 4.760118334 
9.035123484 4.311228347 
8.971650548 4.915538027 
8.179340606 4.533502005 
8.621136073 4.729784716 
8.832440829 5.419446844 
8.415053491 4.98960226 
9.239230455 4.042955954 
8.580704712 5.401128829 
8.842560311 4.656938743 
9.508665398 4.292333197 
8.454867573 5.166949107 
9.309015694 4.491168571 
8.972723977 4.51340747 
8.486274466 4.698864801 
8.707056801 4.175866137 
8.219044252 5.261033401 
8.617219288 5.149126643 
9.185692272 3.900597509 
9.676008839 4.615686717 
9.040017496 5.251906202 
9.08019196 4.97037928 
8.494231641 3.86313193 
8.279866866 4.596030758 
8.933338841 4.523929729 
8.456582267 4.475749331 
7.822524943 5.514918792 
8.85373293 4.697446725 
8.523800413 4.733533426 
8.901015113 4.80823929 
8.430260891 5.188782121 
8.586010884 4.500675572 
8.863130064 4.808659359 
8.791140788 4.783964853 
8.698424328 4.649314168 
7.582150949 4.201799344 
8.812211377 4.11658367 
8.885959592 3.928497941 
9.367597598 4.915697256 
8.158270533 4.109837849 
8.745053313 4.667525041 
9.251320351 4.268025293 
8.554713826 4.579978032 
9.005489715 4.815103169 
9.598170976 5.273495875 
8.599733387 5.460697019 
8.6328817 4.541304711 
7.788774145 4.184044706 
9.1130441 4.576393329 
8.286126726 5.732608191 
9.171800901 4.40575586 
9.098539224 4.257978471 
8.587808934 4.542879485 
8.698629998 4.847525305 
9.338423618 5.249474154 
9.365591053 3.871766127 
8.136050718 5.82437679 
8.741521385 4.530143974 
8.734511296 4.869148385 
9.417675989 5.35771658 
8.631989706 4.859883189 
8.659788129 4.394929005 
8.532301055 4.935320699 
8.592096324 4.971424396 
9.390110145 4.406042124 
9.26661694 4.244531483 
8.397808095 4.900120003 
8.799500123 4.718749639 
9.380308027 4.44751372 
9.428077135 4.176623557 
8.870066598 5.098334803 
9.048992037 4.83458139 
8.571167123 3.989856479 
8.796614184 4.695390084 
9.167431234 5.189264245 
8.219985108 4.0022442 
8.232953473 4.952498623 
9.307193679 4.610030808 
8.039964344 5.284948272 
8.785612906 4.694145374 
8.678247393 4.292051367 
9.033731174 4.889256105 
8.969730663 4.342142543 
8.98516749 4.688297551 
8.216317941 4.342642444 
8.859277764 4.744195869 
8.650515656 5.208097658 
9.001063172 5.867363412 
8.831288247 4.760966986 
7.907650344 3.734514499 
8.461215776 4.35717441 
9.119124555 6.051574349 
8.991507304 4.738486007 
7.939015986 4.871073654 
8.639880769 4.234494692 
8.384790594 4.270724017 
8.943067387 4.774312062 
8.648318455 4.428990588 
8.738150343 4.76837289 
8.714518427 4.63544851 
9.340966198 4.662848943 
8.760570139 4.64284283 
8.679194229 5.185023659 
8.644277537 3.697726769 
8.577383901 4.89874345 
8.699971241 4.832357285 
8.772534655 4.869515691 
8.783175717 4.675262992 
9.245395848 5.458382158 
9.506342163 5.43778056 
9.360830405 4.400210164 
8.925620644 5.655721919 
8.672679837 4.753672141 
8.70436424 4.580937388 
9.652635556 4.623991037 
8.727690993 5.057955524 
9.049212917 4.735291455 
8.467449551 4.976238036 
8.878260591 4.57346058 
8.494896877 5.252450191 
9.037142343 6.159807104 
8.898043717 4.904590644 
8.044711098 5.158799974 
8.776402955 4.784510407 
9.250537703 5.025975313 
8.35967161 4.850420279 
9.086713518 4.608499896 
8.806028704 4.288959904 
8.281623284 4.711881045 
7.937945567 3.981975645 
9.12718793 4.869429983 
9.05483413 4.764696732 
8.860952944 4.826296047 
9.000768079 4.797520732 
8.881406844 4.636630728 
8.655480355 4.351482658 
7.884229997 5.27821517 
8.90801952 4.857099336 
8.695448818 4.758209336 
8.825229099 5.320405101 
8.299187827 4.50332862 
7.730654074 4.007518555 
9.061258397 5.244055281 
8.680653562 4.830352009 
8.534517579 5.405422152 
9.067703455 4.205226793 
8.43494966 4.039991845 
9.110931969 5.089321087 
8.583264189 5.59720835 
8.828332001 4.943820205 
7.669809435 3.914066601 
8.95739451 4.624880449 
8.065223875 3.984374137 
8.602986889 4.619023317 
8.813617292 4.71616278 
8.588119318 5.47367391 
8.738720152 4.677678192 
8.277926277 4.826494094 
8.736050135 4.712555385 
9.731587409 4.748016465 
8.197653103 4.503565974 
9.022906126 4.36730137 
8.891495921 4.669851757 
8.561310203 4.815458501 
8.37622631 4.750777808 
8.779924969 4.600977591 
9.311107146 4.1076997 
8.42049128 4.585571043 
8.777832144 4.58053457 
8.85817385 4.832472135 
9.091176362 5.079306451 
8.494391505 4.593803757 
7.985545086 4.980142889 
9.139469603 4.578290325 
8.793010306 4.688643825 
9.165849313 4.080852593 
8.325739061 4.069444206 
8.566108402 5.126034636 
8.600007163 4.460735689 
8.586796272 4.908685098 
8.670538134 4.727203413 
8.30662267 4.823652015 
8.703299457 5.161514117 
8.512280355 4.954662216 
8.610102314 4.107091563 
8.757749863 4.532448361 
8.992601457 4.563127883 
8.366245662 5.600379255 
8.782132854 4.714032305 
7.940831154 4.986647934 
9.231863135 4.622621697 
8.98221563 4.971588656 
8.860188903 4.766593638 
8.335788503 4.953653146 
8.687362882 4.796686061 
8.935335758 4.802178405 
9.198914477 4.283479721 
8.031782809 3.816308812 
9.198263931 4.467685598 
8.806146309 4.841915171 
8.743906108 3.723662914 
8.936583923 4.783328223 
8.615197618 4.481092632 
8.331511449 4.194275741 
8.585695037 4.040855392 
8.941781321 4.410370907 
8.580814128 5.053749208 
8.046805677 3.855184792 
8.895454741 5.003020359 
8.697728545 4.635517082 
8.099990708 4.076553557 
8.67981388 4.414956607 
9.301162764 4.460042819 
8.707613272 4.821192588 
8.860424757 4.92635189 
8.18348061 4.194497762 
8.764921773 4.365753496 
8.84793977 4.859755112 
9.23944055 5.087053184 
8.364257071 5.204631242 
8.777799328 4.724373903 
8.37930395 4.763182057 
9.427637227 5.391989314 
8.344592332 4.458872671 
8.963601019 4.982313678 
9.451598039 4.874986174 
8.765891996 4.706003115 
8.406771289 4.919177881 
9.023575968 4.81982445 
8.965343096 4.601459173 
8.790702154 4.702334981 
8.83510305 4.821616361 
8.604644924 4.637682581 
8.425191244 3.803146169 
9.820019338 4.220861906 
8.315795256 4.088999331 
8.835595058 4.76372504 
8.605755346 4.986881667 
8.786620751 4.818885038 
8.79128462 4.895859079 
8.726447413 5.477814889 
8.667063108 5.148954519 
8.80323557 4.723795214 
9.080452507 4.626424269 
8.818764243 4.631204384 
9.108643442 4.677152832 
8.869228977 4.699793497 
9.094419899 4.264504215 
8.611342151 4.364459877 
9.108819793 4.072677868 
9.355362034 5.107864864 
8.791174548 4.69430823 
9.164325126 4.253339166 
8.632014552 4.501073347 
8.478025925 5.362413074 
9.154364571 4.457873534 
8.328442098 4.745685998 
8.555825253 4.428884819 
8.866035353 4.64670347 
8.254457111 5.494694829 
8.755861165 4.715520487 
8.699237471 4.223076752 
8.704683949 4.603395014 
7.848286985 3.314164862 
7.766960106 3.463843745 
8.100590572 3.349142271 
8.339735259 3.597758569 
7.373475054 3.114105896 
7.447709807 3.931151988 
8.295699053 3.625317807 
7.972200491 3.299002748 
7.852768727 3.273360695 
7.544910929 3.680892542 
7.227047734 3.350219851 
7.395504987 3.304570573 
7.664660474 3.287306357 
8.00500322 3.813112615 
8.213702013 3.648755541 
8.522296778 3.509578655 
7.235036523 3.342018114 
8.069882757 3.72034153 
8.443325731 4.038560381 
7.6035143 3.545016585 
7.901025226 3.526346666 
7.951769222 3.658215531 
7.715567862 3.606403062 
7.54631811 3.957472585 
7.585975185 4.386201857 
7.470650529 3.830462085 
7.279309981 3.522148953 
7.539771407 4.390070998 
7.516977664 4.112418601 
7.542483272 3.626611522 
7.472587107 4.294334247 
7.685170042 4.169279133 
8.000160843 4.648901502 
8.217999376 4.897704552 
8.724417901 3.299940452 
8.829693437 3.152512434 
8.979609145 3.188567993 
9.259665131 3.403321118 
9.22107876 3.624652412 
8.682709817 3.308107965 
9.376112962 3.652250463 
8.784275553 3.407916888 
9.723010749 3.777127019 
9.100684554 3.678834154 
10.03050855 3.740131578 
8.869521486 3.59018263 
8.121570966 2.725340442 
7.499817575 2.780208216 
8.453141892 3.082866253 
8.811841849 2.950958088 
7.977913154 3.175244105 
8.206785698 2.755983499 
7.952324371 3.023873384 
8.24794912 3.003103926 
7.713834768 2.737593236 
8.408310814 2.913729513 
8.432270403 3.214664017 
8.81564928 3.183907049 
7.142939597 2.924752254 
8.421459914 2.653366227 
8.630843118 2.647834402 
8.537765732 2.922905524 
8.29956846 2.858198509 
8.604405301 3.007988687 
7.364990508 2.846639128 
7.780593484 3.090830429 
8.782419308 2.725217612 
8.065055451 2.76768475 
7.302630702 2.862134476 
8.469420643 3.130306058 
8.166144122 3.10255094 
8.151418274 2.978533583 
8.226603264 2.792074924 
8.291079591 2.809459145 
8.331339609 2.740182179 
8.181216325 2.784717963 
7.353220055 2.84320322 
8.350260057 2.795434167 
8.620086918 3.140560504 
8.015817072 2.885149679 
8.84488756 2.649196422 
8.773819213 2.832010595 
8.339699209 3.011365506 
7.786933667 2.762377367 
7.854615409 2.986110539 
7.228572245 2.831458798 
7.856926799 2.832130179 
8.100787132 2.964612813 
8.500504553 2.677922605 
8.1106984 3.170696272 
8.075744415 2.895602056 
7.691510755 2.785943635 
7.831222124 2.738867132 
8.475419698 2.947168769 
8.520782555 2.737024195 
8.602733178 3.063901544 
8.228909185 2.925356601 
8.195604337 2.840357711 
8.158638732 2.7227192 
7.672532914 2.769308356 
8.181420117 2.718739511 
7.794967902 3.025036137 
7.78668891 2.926504105 
8.208725777 2.72092542 
7.478943292 2.773351798 
7.663963383 2.994299898 
8.405117048 3.278770793 
8.861108169 2.737540187 
7.835054621 3.039926167 
7.31147098 2.831330633 
7.495864901 2.814046324 
7.973556404 3.277624913 
7.999815913 3.02239999 
7.505878782 3.02448381 
7.920726635 2.73758578 
8.356739137 3.216525897 
7.49605148 2.835820196 
7.880398288 2.720689106 
8.423539825 3.197500989 
7.953764274 2.975825677 
8.371023947 2.869096201 
8.289848292 2.658826535 
8.228921199 3.216587367 
8.449165812 2.824644892 
8.088916099 2.739609906 
8.343581912 3.133311577 
7.767850778 2.791862046 
8.492976192 2.949912336 
8.714569599 2.606643036 
7.463983351 2.884444489 
8.280251193 2.692215525 
7.217091616 2.891906511 
8.407779896 2.7627403 
8.531842528 2.856857486 
7.20911241 2.882002232 
7.458826721 2.958002304 
8.109652689 2.771567069 
8.105113369 3.02786655 
9.1242868 2.859601124 
7.545291408 2.838874994 
8.163118466 2.742832036 
7.770149027 2.749370511 
8.395354218 2.829657743 
9.048715489 3.269058431 
7.8922501 2.900590704 
7.505768238 2.904419096 
7.598642491 2.940321721 
8.154803378 2.907809164 
7.842111137 2.815390829 
8.667127611 3.138209962 
7.578571401 2.886793676 
7.860439991 2.818032271 
7.842785505 2.770603677 
8.17954284 2.67702109 
8.205963979 2.918653656 
8.146421382 2.816190784 
7.274812002 2.84156233 
8.264874286 2.674621322 
8.813650595 2.867760889 
8.444972864 2.801196564 
8.329836979 2.726765375 
7.602828523 2.834687993 
7.544760587 2.847874479 
7.57853585 2.76060481 
9.896227563 2.811154016 
8.24257426 3.076822303 
8.17666839 2.877151529 
8.242786533 2.979140878 
8.216532763 3.155504219 
8.510327974 2.659531974 
8.3963398 3.096813671 
8.177086289 2.806381755 
8.042489781 2.844568062 
8.231435283 2.763257062 
7.835483116 2.937914501 
8.376207525 2.965934786 
8.655114796 2.741622711 
8.312129432 2.908143883 
7.49964565 2.807711533 
8.607772476 3.193869411 
8.324408654 2.910372126 
8.235404765 2.995142962 
8.332267821 2.864043321 
7.560222027 3.118232015 
8.105944793 2.737819507 
7.985660155 2.745502738 
7.526493823 2.860345879 
7.885566384 2.804055757 
7.960861689 2.728015416 
8.134019967 2.953943483 
7.758071705 3.085356631 
8.402071155 2.836912433 
7.222514171 2.903073809 
7.898871864 2.832294934 
7.901872267 2.837232792 
8.161055863 3.03450122 
8.147443936 3.217650269 
7.66314536 2.983614237 
7.92873093 3.162289391 
7.829980458 2.782083149 
9.242751001 3.277504193 
7.860709517 2.741328488 
8.189169396 2.814185376 
7.306622624 2.965506372 
7.878805216 2.67841005 
7.781396371 2.700624353 
8.109606596 2.524920373 
8.183440527 2.638467436 
7.916097384 2.557154292 
7.866368051 2.557223136 
7.505422251 2.721284976 
8.320530865 2.598630926 
8.206616866 2.65455099 
7.310798347 2.706719162 
8.092903675 2.656633688 
7.836611364 2.64683863 
7.660531522 2.592746017 
8.153773116 2.585257377 
7.95589341 2.536764055 
7.961045226 2.671430192 
7.982240501 2.540813004 
8.115055922 2.623729063 
8.104391608 2.502154237 
7.125862371 2.782553787 
7.792752556 2.620220981 
8.594415789 2.487147097 
8.101755739 2.537877034 
8.169885415 2.536235635 
7.368688919 2.72547515 
8.992095709 2.352115523 
8.14109312 2.554753136 
8.267039634 2.631480602 
8.150809746 2.557557808 
7.811032922 2.629992323 
7.965891314 2.67911663 
8.71021745 2.438620068 
8.002946074 2.624517181 
7.872567227 2.662411511 
8.352041647 2.64316903 
7.921284188 2.621331094 
8.056368053 2.589629367 
7.991898884 2.609977706 
8.139746304 2.504860358 
8.191306698 2.490144234 
8.220406938 2.653635024 
7.96941589 2.558749261 
7.784649308 2.579462614 
7.686936424 2.683199679 
7.999925427 2.556104986 
7.818782353 2.62880659 
7.962816709 2.693977616 
7.582626797 2.613346068 
9.355160303 2.317133022 
8.058220461 2.601728857 
7.947442048 2.572150295 
8.427066777 2.475442215 
7.934729634 2.582392143 
8.558209414 2.51130335 
8.28289662 2.61590211 
7.897684247 2.642906242 
8.138328986 2.559742895 
7.939678807 2.681574034 
7.310571154 2.69099314 
7.489921212 2.688159424 
7.87553799 2.563348416 
8.015784665 2.606551235 
8.059401999 2.537756207 
7.683880397 2.704318987 
7.090752577 2.754531823 
7.886801361 2.634666444 
7.971497795 2.573142578 
8.086831796 2.519971246 
7.746378195 2.631750276 
8.097526119 2.64743712 
8.218355317 2.489537043 
8.226658519 2.645458163 
7.839792108 2.561630299 
7.992200981 2.586934876 
7.925361218 2.682428255 
7.652962597 2.740215 
8.465011126 2.430433977 
8.228370348 2.483372584 
7.996509458 2.590260557 
8.205615707 2.608780393 
8.146080675 2.522720572 
7.995828798 2.62234894 
8.52243905 2.421074247 
8.363874471 2.488799049 
8.347071696 2.643369507 
8.217941669 2.490137725 
8.290286793 2.47567269 
8.144306181 2.554095345 
7.863775193 2.554698189 
7.647279281 2.672981439 
8.261331782 2.486381386 
8.015005875 2.620894455 
8.196625676 2.534867048 
7.865468088 2.558179493 
7.304830831 2.731409302 
8.031907544 2.553916911 
7.82902251 2.701487396 
8.209386657 2.5537084 
8.105733924 2.658531125 
8.151386242 2.635066677 
7.57071223 2.638862016 
8.426682162 2.548166973 
8.624894519 2.400880781 
7.66654319 2.691753206 
8.48839502 2.590040297 
7.971696047 2.674244206 
8.162665049 2.659879952 
7.19184024 2.681335717 
7.754437546 2.709872399 
8.354955925 2.637334952 
7.878811208 2.675805552 
7.746071276 2.664409469 
7.745103781 2.640931726 
7.690556794 2.621352161 
8.150018994 2.605037084 
7.715106954 2.711466208 
7.769172837 2.594415369 
8.435384983 2.612900201 
8.179063416 2.623238588 
7.967325958 2.543843384 
8.183908967 2.651008286 
7.789850972 2.631359863 
7.787451128 2.572825836 
7.390967386 2.69447769 
8.066824745 2.663248283 
8.050488163 2.51457384 
7.544272042 2.566902081 
7.938686679 2.408956429 
7.411769724 2.573767376 
7.675451556 2.525286147 
7.900108669 2.42238321 
8.063727354 2.390050472 
7.772537462 2.475825274 
7.937154773 2.406874061 
7.930316308 2.409177554 
8.053306968 2.436209843 
7.936851158 2.442076831 
7.999104263 2.4026072 
8.135427892 2.443439373 
7.909275271 2.433404939 
7.30283147 2.557607818 
7.902345318 2.42867482 
8.017067161 2.386066673 
7.711832654 2.484069854 
7.839967422 2.510116731 
7.905167112 2.469570778 
7.893116325 2.51557138 
8.746643593 2.275760145 
7.93609792 2.403193255 
7.93579161 2.406894398 
7.857604344 2.456812564 
8.484081631 2.424219903 
7.919603596 2.468632546 
7.791262833 2.437324789 
7.839060504 2.520137691 
7.904141265 2.445866907 
7.655393656 2.531452053 
8.001416116 2.516616982 
7.147218541 2.617018377 
7.848823734 2.45744016 
8.362108073 2.358350287 
7.775737995 2.557054748 
7.905003596 2.419702245 
7.761081322 2.474129543 
7.925860057 2.417421798 
7.830816316 2.496482184 
8.19902356 2.381717816 
7.801193435 2.442917057 
8.04336985 2.469111576 
8.070228322 2.4532952 
7.282140714 2.580384256 
8.082867971 2.424281983 
7.254753055 2.568837902 
7.416836629 2.609107209 
7.995319279 2.410618239 
7.930853604 2.446821623 
7.894495079 2.449968122 
7.947300221 2.403305619 
7.912705965 2.451615815 
7.962398599 2.419924177 
8.65584286 2.374023837 
7.954476807 2.436101797 
7.829196164 2.510000905 
7.939627026 2.42269836 
7.877807269 2.457660488 
8.662532871 2.330623606 
7.930503988 2.41470056 
8.16243434 2.444934538 
7.821697234 2.475687615 
7.776541676 2.556566393 
8.203149869 2.369677724 
7.886350144 2.459420726 
7.925385591 2.42278404 
8.687560767 2.329886744 
7.800640182 2.434588488 
7.375565126 2.579160511 
7.904633116 2.423152799 
7.775335756 2.495949707 
7.466453507 2.550196407 
7.759075563 2.511292396 
8.04214454 2.473361567 
8.058819694 2.484667533 
8.538171561 2.344498229 
7.430410131 2.627988891 
7.894002885 2.466515696 
7.907240456 2.453183488 
8.115363765 2.478006749 
8.202487832 2.426674007 
7.977463939 2.421755241 
7.755706941 2.457956038 
7.852373954 2.524681897 
8.122182498 2.394680428 
7.937218068 2.402252774 
7.607653821 2.478161317 
7.486420002 2.538282239 
8.213681083 2.37224375 
8.03260376 2.416375419 
7.938726158 2.401811503 
7.068435871 2.637961081 
8.045426574 2.436662765 
8.733061922 2.355190295 
8.357400893 2.323829396 
7.891222629 2.415842623 
7.975383474 2.447410316 
7.990030123 2.468191353 
7.938098203 2.424950708 
7.783415162 2.488063627 
7.644999573 2.526239655 
8.128874506 2.470230432 
7.909084036 2.460700277 
8.073834251 2.379933578 
7.930236558 2.483282206 
8.095492425 2.455849037 
8.306721949 2.428970478 
7.548630609 2.568137289 
7.933084007 2.45773448 
7.950416202 2.42217538 
7.862247498 2.488833383 
7.540201589 2.508680302 
7.984990037 2.448388019 
8.176069194 2.428172717 
7.944907196 2.409434033 
7.905230431 2.426778518 
7.895828329 2.473324345 
7.979308734 2.443748852 
8.093116429 2.452602806 
7.894485761 2.519526623 
8.000454994 2.495110824 
8.111659414 2.414527124 
8.560653238 2.303503044 
7.795337128 2.499270372 
7.931743066 2.409073917 
8.203694778 2.46210017 
7.898288883 2.413284499 
7.950807785 2.454489156 
8.002520773 2.434605099 
8.188096273 2.359814162 
8.07853649 2.444391202 
7.802656439 2.512167263 
7.812940182 2.531946568 
7.936118704 2.452269837 
7.345393023 2.640114792 
8.01130504 2.489123869 
7.814134556 2.483883489 
7.057034176 2.650563876 
7.588923895 2.523497626 
7.861063688 2.468734262 
8.147884909 2.413748965 
8.131401234 2.373149986 
7.980066116 2.400525172 
7.754729828 2.474802959 
7.834971935 2.467406293 
7.90938274 2.41112188 
8.944424431 2.179417225 
7.872284566 2.521388972 
7.572609049 2.585897248 
7.971830153 2.443368966 
7.899051513 2.43495818 
7.93412645 2.404545295 
7.865141309 2.493479184 
7.969418941 2.43981503 
7.8752118 2.445385559 
7.963913925 2.434085992 
7.891340558 2.505647194 
7.912430048 2.499262743 
7.699802265 2.560979756 
8.09917045 2.378148463 
7.838057106 2.507383946 
7.933402009 2.404548341 
8.499794706 2.330104759 
7.798356632 2.532481484 
7.996540259 2.416367177 
7.919663184 2.407250059 
7.962396721 2.432647668 
7.796026085 2.459215669 
7.76977543 2.514279467 
7.527852691 2.550065095 
8.433061176 2.394218956 
7.498071953 2.605366581 
7.765601804 2.513831368 
8.029938567 2.426630987 
7.990348361 2.425853169 
7.949909135 2.40872062 
7.736131453 2.555581848 
7.919767747 2.447984085 
7.960782244 2.433157101 
7.715482965 2.510765524 
8.005669487 2.401936766 
7.748547124 2.562925321 
7.931052307 2.45116814 
8.836463301 2.31925633 
7.899054552 2.366902768 
7.849491581 2.420371104 
8.634765079 2.109886515 
7.946110915 2.213681896 
7.920431824 2.365042654 
8.777551719 2.192878374 
7.871898105 2.38017839 
7.377807023 2.389120503 
8.086337882 2.309756468 
8.141391227 2.226316314 
7.561614447 2.431366315 
8.03216812 2.24239066 
7.944074152 2.398145345 
7.902203114 2.328934639 
7.902782761 2.387796369 
8.051991016 2.341129737 
8.053484818 2.336318217 
7.711213436 2.447354463 
7.820534776 2.422784697 
8.202473142 2.283091201 
8.194407595 2.26849905 
8.573502785 2.185467294 
7.983736307 2.356238712 
8.106822348 2.229504901 
7.944829439 2.238342293 
8.05124252 2.190226766 
8.013492247 2.370887959 
8.1815046 2.132695012 
8.028926842 2.324880822 
8.052898526 2.29155753 
7.835529704 2.36118136 
7.808557904 2.395947601 
7.771934415 2.327199759 
8.069314165 2.306400794 
7.89910179 2.372502064 
7.951079694 2.282724959 
7.964916927 2.39115271 
7.923241838 2.376458888 
7.914747517 2.375964563 
8.463077595 2.232370832 
8.072045198 2.348430329 
7.9090138 2.37971662 
8.025691649 2.322127799 
7.917727799 2.362702289 
7.49046759 2.436751784 
7.213558889 2.451900621 
8.034361728 2.295997649 
7.839143528 2.330678712 
7.69238297 2.431477315 
8.28756915 2.16635636 
7.961970218 2.288954135 
7.715371527 2.280919581 
7.675851628 2.328118409 
7.803285076 2.369182947 
8.293996719 2.234153588 
7.953739951 2.395120541 
7.953788952 2.300127885 
7.815557336 2.287326677 
7.931614876 2.29448273 
7.995006777 2.275038183 
7.852627967 2.372213877 
7.738599555 2.362483588 
7.887351947 2.352033308 
7.661814404 2.320600339 
8.003856997 2.222855253 
7.953311219 2.383606997 
7.98784724 2.357834578 
8.13518556 2.340923484 
8.0012468 2.295853141 
7.921139588 2.395194643 
8.884710149 2.133224115 
7.887175417 2.230353017 
7.772670943 2.313891 
8.037963911 2.217392759 
8.151378373 2.215854017 
8.230139006 2.297447636 
8.003553772 2.194407226 
7.979659299 2.244018637 
7.587157864 2.342279285 
7.81421056 2.310922472 
8.273301219 2.189288389 
8.061745299 2.169021004 
7.944932655 2.385824896 
7.922563909 2.380362332 
8.590494245 2.256076791 
7.905997491 2.351411592 
7.883097603 2.282020604 
7.796175814 2.37619579 
7.991347724 2.267875603 
7.367827073 2.351013891 
8.202184165 2.137025698 
8.110634229 2.29091983 
8.053592353 2.351668914 
7.98640399 2.328486113 
8.018757963 2.313870137 
8.194084999 2.134679978 
7.958355344 2.197494166 
8.27061019 2.144251214 
7.909512127 2.326923125 
7.783650785 2.264026396 
7.780517646 2.39045141 
8.135731354 2.174819697 
7.912183822 2.399714925 
7.988827956 2.313890278 
7.932188614 2.392651533 
8.385572865 2.285047332 
8.15230666 2.242514342 
8.457584655 2.149652338 
7.628845356 2.350764734 
8.066751933 2.248722499 
8.104767111 2.353119366 
7.867165029 2.363740503 
8.458968063 2.101892255 
7.933681539 2.385160646 
7.877694638 2.389652768 
7.939215397 2.373219596 
7.270270377 2.423573526 
8.096380509 2.203747417 
8.084689134 2.160523355 
8.028712192 2.328166966 
7.937023695 2.339639822 
7.927741289 2.386829901 
8.042105326 2.302791679 
7.667522133 2.408494057 
7.950581462 2.382751184 
8.050789145 2.34826247 
8.182662688 2.204137718 
7.952280936 2.347284487 
7.815398688 2.38411223 
7.951617606 2.360810908 
8.099965378 2.155011032 
7.798618919 2.300450214 
8.418507458 2.076626921 
7.76808405 2.327507349 
7.976083093 2.231258354 
8.330769133 2.203320988 
7.777831997 2.30436937 
8.259504948 2.262165047 
7.980727318 2.363428461 
8.0269513 2.372008416 
9.07603066 1.954855091 
8.053047793 2.216439881 
8.731463644 2.186009179 
7.914016851 2.405798063 
7.907650568 2.376794877 
8.162123753 2.241413618 
7.912160286 2.350803178 
8.178164455 2.17516692 
8.012541392 2.329196481 
7.752904915 2.254847222 
7.896774968 2.250498869 
8.115444404 2.190648742 
8.204487112 2.243415992 
7.917222341 2.392129229 
7.938669404 2.395000394 
8.372267132 2.121844424 
7.956264715 2.308802469 
7.339953369 2.35858577 
8.400540425 2.275682039 
7.7684243 2.270431058 
7.958738207 2.199818094 
7.929510932 2.386729909 
9.113553255 1.980589356 
7.767334162 2.28184917 
8.706327861 2.151839763 
7.894788704 2.358696097 
7.950055276 2.392911165 
8.182807054 2.319246433 
8.871778579 2.131323676 
7.851910524 2.279581692 
8.079728258 2.262518372 
8.015868488 2.193558992 
7.902350698 2.375354161 
7.579494917 2.451542319 
7.908889773 2.310737128 
7.87466706 2.34143136 
7.909668432 2.394445073 
7.87619176 2.401682799 
8.215097704 2.163727447 
7.940151446 2.30836238 
8.051641489 2.238430476 
8.201937031 2.179455899 
7.870708796 2.308041244 
8.375426147 2.285288773 
7.732419856 2.318805355 
8.196296378 2.308176145 
8.252830378 2.138328292 
7.937661648 2.320940203 
7.342781054 2.469296043 
7.620031992 2.293925668 
8.819697819 2.195694792 
7.955360556 2.379349523 
7.796381353 2.254740779 
7.878380808 2.383895383 
8.127176834 2.168839747 
7.837704224 2.374652391 
8.337854496 2.132547982 
8.144714194 2.355095197 
8.009763694 2.343360017 
7.892222685 2.347381108 
7.102740411 2.527617469 
7.791576994 2.299443452 
7.937069329 2.393553117 
7.526214805 2.304814097 
7.797348392 2.37659526 
7.814755564 2.267173884 
7.310766204 2.483334839 
8.04902251 2.345173861 
8.019772721 2.27307283 
7.941068979 2.395266094 
7.930866357 2.385980395 
8.295791161 2.1444496 
8.01002744 2.330455804 
9.128443347 2.11125791 
7.376371269 2.408727674 
8.077995663 2.263757043 
7.915043196 2.273343688 
7.957515304 2.339987969 
7.910652995 2.36241792 
8.122244765 2.285146578 
8.198958843 2.223023291 
7.950170647 2.332097586 
7.749398019 2.339151197 
7.8333167 2.310619196 
8.261573695 2.327496241 
7.841348968 2.354538497 
7.875404422 2.392391378 
8.072916602 2.305881354 
8.004617661 2.302830557 
7.891074289 2.3037931 
7.95114987 2.245468446 
7.970294898 2.37467547 
7.960607232 2.284939899 
8.335345231 2.226923452 
7.933351631 2.393338973 
7.90277168 2.326636719 
7.763682662 2.374976018 
7.90575774 2.331249524 
8.043238894 2.169566122 
7.869146311 2.327339891 
7.849978641 2.314301616 
7.813985982 2.420341838 
8.066676922 2.21965475 
7.798757206 2.317598917 
7.900463365 2.393321211 
7.986534147 2.340622482 
9.006930213 2.124555612 
8.787550271 2.146089619 
8.129754038 2.225766982 
8.326346487 2.218115646 
7.668442291 2.349623502 
7.81019934 2.276166615 
7.588662393 2.089034024 
8.368620495 2.011052962 
7.259982792 2.293971548 
8.012013253 2.108362431 
8.67231207 1.825652583 
7.578699215 2.134865922 
7.596760126 2.150458233 
8.298841112 1.7704356 
7.330400049 2.332035688 
7.773194131 2.13273982 
7.3058175 2.175614354 
7.668407518 1.991836197 
8.113054816 1.899341099 
7.7060311 2.14721689 
7.984160273 1.938198205 
7.230890325 2.246467481 
7.728696075 2.188990965 
7.593298097 2.259822896 
8.342247401 1.838103418 
8.438048015 2.011515363 
7.731465404 2.021422381 
8.268391466 1.901206985 
7.928826684 1.953915308 
8.423110222 1.808029567 
7.125201043 2.14472806 
7.12964728 2.347775292 
8.608790392 1.71499736 
7.776104802 2.065361649 
7.78166265 2.122247985 
8.735205122 1.621779581 
7.83741176 1.99904124 
7.481685273 2.154933624 
7.515392839 2.074523544 
7.316708508 2.343260623 
7.69324326 2.242615975 
7.942586529 2.188449421 
7.937067469 2.038478858 
7.75050193 2.05909197 
7.451360459 2.245145685 
8.108958185 2.021934149 
7.930210464 1.990077005 
8.171595651 1.989988492 
7.849977204 1.944572179 
8.061803979 1.966452985 
7.897848486 1.915655438 
8.14365776 1.951799773 
7.880789207 2.175159286 
8.497159711 1.980119347 
8.448062406 1.920440779 
7.839909616 2.028311098 
7.29686902 2.2813816 
7.602212746 2.056662457 
7.284577287 2.299944479 
7.867812415 2.118004106 
7.619466366 1.985148984 
8.611018946 1.916158665 
7.759398482 2.168504402 
8.080891456 2.135814833 
7.834464778 2.116098897 
7.733266604 2.132740562 
7.636164233 2.234940912 
7.753682577 2.220692007 
8.352725148 1.904768613 
7.974873889 2.043614982 
8.398819949 1.984927133 
7.60427446 2.227271522 
7.610102934 2.018704483 
7.315320441 2.118955483 
7.985092577 2.176550359 
7.795478181 1.918037581 
7.749064956 2.140212577 
8.506237651 1.896182374 
7.75912856 2.20220632 
7.947341634 1.989228715 
7.534875462 2.109493848 
8.175083496 1.882971848 
7.672298309 1.996279731 
8.060228625 2.133205999 
8.533406898 1.884105998 
7.970469495 1.900708015 
7.922666615 1.950722413 
7.885692607 2.130830964 
7.760935402 1.986430868 
7.405943543 2.273094859 
8.225812366 2.043187424 
8.467049163 1.691875719 
7.775492987 2.213039572 
7.954968314 1.912620158 
7.923149696 2.130060427 
7.737137035 2.238856012 
7.754439898 1.962954195 
8.079344263 1.994639966 
8.462302658 1.942739006 
7.565869789 2.093028198 
8.467501884 1.916641159 
7.606047691 1.990792897 
8.365391735 2.082699675 
8.589685499 1.978694679 
7.599298209 2.038304399 
8.275050128 1.955192196 
7.525109269 2.265703288 
7.797633476 2.023694574 
9.08458587 1.684127346 
7.572052543 2.032900449 
8.107480131 2.094571841 
7.886908906 2.148521123 
7.890183282 1.941510226 
7.085662805 2.216596269 
8.696301976 1.85420796 
7.832259291 2.036980331 
7.824630258 1.995478396 
8.296745568 1.745219084 
7.792789622 2.052527996 
8.59562639 1.969019082 
8.103638373 2.090868917 
8.123985765 2.0938669 
8.024790438 1.838445026 
7.668113029 2.075422778 
8.604037603 1.998191711 
7.69011532 2.0911742 
8.3218267 2.004696672 
7.65664042 1.978865231 
8.060598048 1.871566401 
7.817471632 2.220214726 
7.302167701 2.139576031 
8.385302328 1.738322682 
8.142635726 2.077024479 
8.196611382 2.066122606 
7.787089455 2.060196319 
8.456015646 2.038170378 
7.874094954 2.057224809 
8.039871682 1.94545069 
8.020410081 2.017013527 
7.229160092 2.108713038 
8.534093886 1.75404785 
8.447716285 2.045585904 
8.120211185 2.121385908 
8.008986396 2.169843331 
7.413518227 2.160404384 
7.710418482 2.130251789 
7.451637227 2.085814201 
8.760725788 1.890848399 
7.47985554 2.285431745 
7.9265908 1.975003703 
8.051934149 2.100288544 
7.729002681 2.117004141 
8.295155568 1.956445251 
8.252972666 2.06334223 
7.730246579 2.233342643 
8.168731068 2.023892462 
7.253877748 2.016884184 
8.389828285 1.61211691 
7.35349727 2.042735347 
7.990946461 1.701397906 
8.25089864 1.60059433 
7.401806668 1.960266995 
7.463906759 1.943143418 
7.518005826 1.931004103 
8.267398542 1.643815673 
7.204578467 2.075385091 
7.571568525 1.892923226 
7.836177614 1.842583657 
7.356553482 1.928818385 
7.664532898 1.896676521 
7.215072158 2.081363289 
7.366233342 1.956706626 
7.344086167 1.880364896 
7.582203832 1.976445465 
7.507388448 1.998193748 
7.570679515 1.963198811 
7.91615772 1.865267427 
7.870807803 1.698748121 
7.823661207 1.817153037 
7.667133161 1.816048138 
7.850951703 1.827232442 
8.828493998 1.342264123 
7.466490794 1.821682908 
8.474816846 1.569207952 
8.294169356 1.677133873 
7.553075203 1.945110161 
7.133358797 2.064175782 
7.935318394 1.655610465 
7.591417609 1.889645501 
7.30058123 1.977173203 
7.397547062 1.933276514 
8.113890126 1.603269318 
7.951099019 1.756335198 
6.936594998 2.188589233 
7.835599058 1.780216643 
7.637283126 1.870222311 
8.227090021 1.705143592 
7.696612553 1.916270282 
8.960021457 1.404468082 
7.345107963 1.803412893 
7.518980544 1.764430152 
7.534762566 1.757745669 
7.368691842 1.837676909 
8.182734688 1.504712844 
7.020879419 1.914824862 
7.89817092 1.607214115 
8.088479157 1.51239768 
8.467070405 1.418255495 
7.873949827 1.64703524 
7.846401356 1.609903776 
8.400787238 1.407522013 
7.459936045 1.7516841 
7.355864594 1.803701209 
8.166818677 1.44901319 
7.15605962 1.838070044 
7.296914385 1.793698504 
7.924637928 5.743265963 
7.853082979 5.808666552 
