-1.104058982 7.478798517 
-0.6945649516 7.938589511 
-0.7735341894 8.014584315 
-0.6377141634 7.682751618 
-0.7590618417 7.861460662 
-0.7918850592 8.008465422 
-0.8483761102 8.21583909 
-0.8276242174 7.876894265 
-0.7245165483 8.257887146 
-1.027588084 8.314445741 
-0.8508983699 7.62035118 
-0.8810048815 7.524402779 
-0.9125990893 7.643795593 
-0.9954513514 7.774612175 
-0.7259051085 7.599171966 
-0.8479453519 7.455806005 
-1.391964953 7.432384504 
-0.584760469 8.203902202 
-0.5497677254 8.005232847 
-0.5716771474 8.221374753 
-0.6736683903 8.276974454 
-0.5339060253 7.940925635 
-0.6113771513 8.377354611 
-0.5375683593 8.007619323 
-0.5757956038 8.482520158 
-0.6690977575 8.186446622 
-0.5430610752 7.822581683 
-0.5983445122 7.731193159 
-0.6928809183 8.184518662 
-0.6647839751 8.116173075 
-0.6305570835 7.769401379 
-0.4620460794 7.794275724 
-0.3815758192 8.462685437 
-0.4578040559 8.089127935 
-0.4375932201 8.133630963 
-0.5278496302 8.323269525 
-0.4734039281 7.977856108 
-0.4760945118 8.192359697 
-0.442996981 8.291564686 
-0.4770900501 8.307603546 
-0.4106079584 7.985748323 
-0.5058767435 8.128277047 
-0.3825074438 8.368455871 
-0.3121374533 8.436497159 
-0.4713647706 7.761462589 
-0.3106274626 8.245928196 
-0.3764558824 7.982115753 
-0.3705478684 8.094315964 
-0.371537862 7.966790204 
-0.2140132568 8.238854915 
-0.23120476 8.478688 
-0.2549464441 8.290496281 
-0.1541957955 8.116260619 
-0.005924080242 8.448138599 
-0.01688009156 8.204131995 
