0.3601377918 6.814705385 
0.3351352661 7.024806663 
0.275079509 6.769020817 
0.3588679712 7.191212274 
0.302527855 7.038151156 
0.3585049433 7.065439771 
0.3202166275 7.132938303 
0.1049880885 6.724226815 
0.08926052463 6.607353383 
0.3389945067 7.026302747 
0.04284727459 7.068129181 
0.3969535336 6.925624511 
0.1244940519 7.004417637 
0.4589077905 6.825888574 
0.1262207526 6.916285638 
0.2281191773 6.747288916 
0.2302025512 5.825071082 
0.2004659413 6.504568726 
0.08327681085 6.937940844 
0.4867017334 6.996247443 
0.2074145592 6.554535286 
0.3249926892 6.144208593 
0.2457236507 6.871675401 
0.06846838713 6.664555933 
0.2955398621 6.977452437 
0.4928728981 6.775137894 
0.5387933387 6.676620362 
0.4604758582 6.97334579 
0.05985458075 6.793422262 
0.5625055632 6.698610311 
0.4337391806 7.009713268 
0.2799599248 6.99204746 
0.3402692213 7.065211016 
0.3007043864 7.105092795 
0.3499675737 6.867770693 
0.1706821779 6.752706836 
0.5221014422 6.142804913 
0.209294184 6.960126035 
0.6681928382 6.018786707 
0.4239835694 6.660472133 
0.3304183943 7.178191859 
0.4427631027 7.037046057 
0.200340938 6.999357432 
0.260183755 6.79690886 
0.3704384725 6.760681284 
0.3420766692 6.956788154 
0.1809576549 6.181693259 
0.418786379 6.907533046 
0.3888381846 6.631548516 
0.3478411947 6.899037939 
0.4048295181 6.350769913 
0.3987056665 7.106185855 
0.3653725982 6.713830279 
0.5166498719 6.919863305 
0.1001015368 7.016748753 
0.4160226538 6.080076925 
0.3459006857 6.791516009 
0.2952663032 7.031646574 
0.3456929273 7.1214222 
0.4616479361 6.991756372 
0.2260344454 7.058991691 
0.2493829585 6.999075741 
0.4435858902 7.077891895 
0.220580394 7.037634134 
0.4880102198 6.987778021 
0.3295825356 6.687633546 
0.3415333987 6.751893207 
0.1305922004 6.900624871 
0.2200069096 7.068037859 
0.1575080288 6.938772906 
0.2608602574 6.819111755 
0.07781873737 7.069012097 
0.05841604719 6.105676144 
0.3659136999 6.786752488 
0.1601789284 6.57924359 
0.41770663 6.930570027 
0.3934767889 6.96543584 
0.4892537608 6.696856464 
0.3812440099 6.715020571 
0.3272337019 6.842758781 
0.5321589623 6.87143589 
0.4929891349 7.010847622 
0.5473603761 6.857634798 
0.4704054649 7.087589967 
0.4524724792 7.167665631 
0.4478047304 7.205833349 
0.4803523603 7.131539184 
0.5811371382 6.832450627 
0.4733391963 7.190108125 
0.4714653832 7.19465902 
0.4730725618 7.158647109 
0.489252473 7.123334741 
0.523286667 7.127160054 
0.5215503376 7.205452866 
0.5213395918 7.245358218 
0.5373447663 7.17543503 
0.5202130294 7.186968602 
0.6177597619 6.856508411 
0.5439353366 7.175260661 
0.5667347933 7.113038141 
0.6065187473 6.88325247 
0.5869900283 7.192252952 
0.5974277625 7.192399982 
0.623074293 6.891820466 
