-0.09755474789 7.634403233 
-0.07898672568 7.677222161 
-0.3489400026 7.808450853 
-0.01781104455 7.808048093 
-0.09233060183 7.599047401 
-0.2330175192 7.538729381 
-0.3089702809 7.777900741 
-0.1097572885 7.503538148 
-0.08411751605 7.582212152 
-0.2020639708 7.836995793 
-0.1349229965 7.653663529 
-0.291451982 7.473817496 
-0.207153804 7.532832496 
0.02343411557 7.619850838 
-0.2563448699 7.577165979 
0.01287328511 7.573064334 
-0.04404559181 7.835754965 
-0.1572390955 7.544598575 
-0.2853967052 7.655391133 
-0.2054866668 7.683376255 
-0.2743489267 7.472225548 
0.02336222187 7.824208067 
-0.07795979359 7.500148785 
0.008526534837 7.701621729 
-0.1976285144 7.458161996 
-0.3787498942 7.615669206 
-0.2046586515 7.548351124 
-0.1795407123 7.710347846 
-0.1761005357 7.750973544 
-0.2968323957 7.502649601 
-0.2559547623 7.476261127 
-0.008868158643 7.90278405 
0.002302368528 7.603857405 
-0.1940087064 7.414596246 
0.02506083422 7.554009917 
-0.03745422409 7.545521788 
-0.1318628044 7.667340169 
0.001572303973 7.681143941 
-0.01400250911 7.917998211 
-0.1547733828 7.49594851 
-0.1428652445 7.808037026 
-0.1945165069 7.518888997 
0.0313053229 7.607519993 
-0.3441497303 7.634262781 
-0.07348680288 7.81960001 
-0.006213497732 7.567838628 
0.02032109671 7.928542024 
-0.183062181 7.553287734 
-0.151137734 7.436926027 
-0.1024128234 7.706248679 
-0.05744955255 7.571741525 
-0.0291028781 7.583880796 
-0.1092303152 7.477280692 
-0.1522537214 7.665557606 
-0.05898629653 7.93053923 
-0.2205897493 7.753206206 
-0.1100806529 7.734856003 
-0.2051455224 7.773102196 
-0.2000598619 7.440633502 
-0.1747916335 7.43258691 
-0.09402660915 7.592850142 
-0.1775146352 7.563965773 
-0.08317194802 7.420237057 
0.0173413327 7.765393531 
-0.07739021996 7.536308062 
-0.1070132347 7.424461982 
0.009087300561 7.70020166 
-0.1701526055 7.406984035 
-0.0744062358 7.738506674 
-0.1123298451 7.852527331 
-0.01046432273 7.636920334 
-0.1069931367 7.699443908 
0.0008294462903 7.820641726 
-0.1325824342 7.516635152 
0.0222718285 7.638314417 
-0.1654048637 7.97455675 
-0.1961991949 7.757453909 
-0.214810279 7.937479746 
-0.01686326552 8.054848877 
-0.1082760938 7.863587724 
-0.3106562659 7.653362551 
-0.02671897514 7.597908582 
-0.3241214364 7.697492057 
-0.1291275814 7.389879925 
-0.04617073355 8.024103788 
-0.2267062807 7.762181918 
0.02019973951 7.569284812 
-0.0158818315 7.475127991 
0.02628441774 7.539064435 
-0.08580292221 7.390948441 
-0.003106730408 7.45785809 
-0.04384819529 7.397634095 
0.02575656869 7.525729264 
0.01987857973 7.507379202 
-0.0123918997 7.392205959 
0.03275627136 7.512290704 
0.02532751837 7.474066054 
0.006359733163 7.371401375 
0.03410050466 7.379741042 
0.03609757926 7.38011455 
-0.3297050627 7.472029246 
-0.362227399 7.513688889 
-0.3943756789 7.566354545 
-0.3734566506 7.55729245 
-0.3937261089 7.547562632 
-0.3466061762 7.431414003 
-0.4217524299 7.639593527 
-0.4214746307 7.630172983 
-0.5185876155 7.543497929 
-0.429329201 7.464946125 
-0.3611373938 7.533093387 
-0.4768548611 7.490224792 
-0.4475811898 7.444346093 
-0.4966229515 7.385520218 
-0.5293582182 7.484249691 
-0.6183623877 7.410413345 
-0.5588538304 7.522223649 
-0.6454046715 7.455139673 
-0.6677492886 7.501390179 
-0.7670889936 7.395883664 
-0.4575542199 7.729145057 
