0.1247011022 7.512086148 
0.2292104977 7.443810311 
0.3498369877 7.776612099 
0.1195649512 7.45974694 
0.08017841348 7.289482134 
0.2683959912 7.505905476 
0.1427941317 7.428268183 
0.3657112184 7.737692821 
0.2158012214 7.497719464 
0.7185318604 7.563597833 
0.7859604153 8.100094462 
0.1713473447 7.461556113 
0.7514322565 8.045272254 
0.04343979115 7.26037567 
0.5104752777 7.556215004 
0.6894750881 7.700864638 
0.3738946801 7.434520423 
0.6358303222 7.94612777 
0.2769502045 7.422967466 
0.2503382514 7.422352343 
0.04927062871 7.261731408 
0.1241865227 7.524840706 
0.7977221272 7.643547519 
0.2429400726 7.721955699 
0.1422130436 7.490132456 
0.1464268771 7.407574846 
0.2695817887 7.540702553 
0.3203602303 7.575214467 
0.166797021 7.365876371 
0.0684588272 7.293946613 
0.2837774253 7.612978066 
0.7471171794 7.788790252 
0.4747173931 7.629503386 
0.2531728749 7.514453422 
0.1757717287 7.417815329 
0.328526372 7.754792772 
0.2147962882 7.427557266 
0.2018018871 7.45381615 
0.1146655479 7.388118967 
0.6059819542 7.770702962 
0.3379655513 7.322312881 
0.1617661521 7.504350871 
0.2442514701 7.531699598 
0.7311882667 7.684343112 
0.4425551275 7.862686445 
0.2324909856 7.37453888 
0.4615732628 7.864717106 
0.1557218642 7.413020505 
0.212733372 7.385666058 
0.09702272837 7.388362973 
0.2619674217 7.553711555 
0.1717352935 7.421641645 
0.1722257728 7.420830058 
0.2430179373 7.567959497 
0.5257622202 7.70237635 
0.3419636151 7.958884941 
0.3892335917 7.990720383 
0.1401795107 7.451497684 
1.108858686 7.856141844 
0.08586391764 7.468217804 
0.4964805556 7.504607036 
0.5026128354 7.387303058 
0.1726853123 7.421118696 
0.3984171986 7.6273901 
0.185714067 7.456670539 
0.8815458834 7.617628409 
0.5956236634 7.501390477 
0.08374905012 7.330183185 
0.0986860544 7.283922786 
0.9187879626 7.675436357 
0.1466879597 7.52215988 
0.3116395323 7.366141219 
0.2154244338 7.296944133 
0.1787680726 7.680240849 
0.123291299 7.410734254 
0.1101681361 7.373685596 
0.1448559921 7.553843888 
0.1994404602 7.628516813 
0.1645882491 7.382729137 
0.8047467447 7.775402062 
0.201437478 7.429735004 
0.7686999468 7.836912607 
0.4373537548 7.69516493 
0.203264002 7.42787363 
0.9002039893 7.93057127 
0.1102141189 7.499295583 
0.423016011 7.664590938 
0.1489735904 7.377748549 
0.2734457586 7.755299997 
0.2046603958 7.39392939 
0.7895058518 7.514354015 
0.265752804 7.500745926 
0.3531453433 7.713903939 
0.1983072808 7.377471662 
0.1900145135 7.355585165 
0.4485587355 7.740349163 
0.3920292062 7.849743048 
0.0828211883 7.533969439 
0.194579548 7.649408956 
0.0662226969 7.556351083 
0.1866092842 7.299728084 
0.3095313973 7.792336758 
0.2175828514 7.751748741 
0.4661156937 7.616929136 
0.1735323967 7.306739394 
0.169990513 7.420156632 
0.1949792066 7.595046992 
0.09826066653 7.268559955 
0.05435651066 7.420974573 
1.13832926 7.69827545 
0.04580164734 7.335144592 
0.1903756639 7.435325098 
0.2530532505 7.316439177 
0.9054393797 8.10103413 
0.2099174178 7.359182941 
0.2592173748 7.53083187 
0.2853774554 7.540149705 
0.2080424793 7.619232667 
0.1683260237 7.420517521 
0.1073694733 7.436969415 
0.7349001061 7.602981776 
0.2899682975 7.590806461 
0.2810845995 7.363238623 
1.436609141 8.257414078 
0.1789368465 7.461628622 
0.8570564842 7.581404835 
0.3321638327 7.726725438 
0.2517209525 7.363217145 
0.3721496347 7.457807781 
0.1903974266 7.42153196 
0.511428839 7.417124176 
0.1573567702 7.285038645 
0.1296030735 7.413720204 
0.1210787952 7.400111154 
0.3001009436 7.633134595 
0.1992030565 7.69882924 
0.8362987025 7.767167592 
0.2228698797 7.477503021 
0.1223480427 7.25331626 
0.1044291336 7.516368537 
0.1663171468 7.424176303 
0.4107326283 7.926327006 
0.107721278 7.538686879 
0.1886989481 7.552218884 
0.153882698 7.432816327 
0.2690188817 7.326715412 
0.9385263987 8.111133149 
0.272379568 7.801700554 
0.3603159577 7.624102696 
0.3240053881 7.719223414 
0.1748449019 7.457749995 
0.1638301571 7.291389154 
0.418920715 7.620400854 
0.1182359659 7.430195025 
0.05212400455 7.300263461 
0.06893365071 7.526437186 
0.1577866376 7.411524392 
0.6335499261 7.922055773 
0.2170954722 7.422861054 
0.613209055 7.718931937 
0.1536385805 7.296149041 
0.2229385345 7.368966206 
0.3191659407 7.339448049 
0.4263234437 7.38529558 
0.2565437744 7.391607371 
0.9576874887 7.635063028 
0.2529197017 7.50235297 
0.1937757634 7.48305063 
0.2077099148 7.28130645 
0.2791160795 7.392002308 
0.08606609066 7.269008945 
0.5259494123 7.79468399 
0.1663811022 7.422048683 
0.2299704263 7.384459491 
0.2301413724 7.448376611 
0.3348257676 7.623317036 
0.1068215934 7.425348499 
0.1605663273 7.410162374 
0.4185290567 7.764066844 
0.0741480266 7.222683769 
0.3367813579 7.321801751 
0.4771108565 7.504470041 
0.2360238659 7.412442012 
0.04301944886 7.488670079 
0.3754501552 7.494041583 
0.4076266469 7.463693241 
0.1745587505 7.273282007 
0.2410010854 7.401692414 
0.2893793055 7.343776871 
0.3425799094 7.322969052 
0.5554897912 7.663344127 
0.09988889445 7.340709604 
0.1999508397 7.399383615 
0.2502694874 7.457990767 
0.3411711516 7.622861472 
0.4021885346 7.979749739 
0.202430672 7.469825385 
0.3742721407 7.369477006 
0.2692923066 7.520201438 
0.7390339393 7.616363969 
0.2404155208 7.504139848 
0.339146781 7.545118854 
0.1465543361 7.407158398 
0.1095886712 7.516304637 
0.634857081 7.878436794 
0.2161610039 7.343458746 
0.6516680649 7.699415684 
0.1002320937 7.46261591 
0.5144453324 7.730654167 
0.2725731604 7.735446908 
0.1603879786 7.412585106 
0.1563411692 7.395702614 
0.2826706553 7.292452428 
0.270825058 7.476144124 
0.1410994211 7.480179635 
0.7509535547 8.025134209 
0.3362193205 7.442215747 
0.1296847313 7.241825751 
0.8118641253 7.82459934 
0.3001818 7.475345676 
0.2412599559 7.647449802 
0.1935292479 7.448340864 
0.1229064747 7.291747912 
0.1638485351 7.415823714 
0.1540832571 7.409542833 
0.2754308323 7.30868413 
0.3168113366 7.493694568 
0.392138164 7.715782807 
0.1361213504 7.430135516 
0.3174739903 7.613748898 
0.05962951851 7.322383077 
0.1686383513 7.440158694 
0.07656045832 7.505988035 
0.4060092107 7.602828326 
0.3822065333 7.808332004 
0.2323809371 7.49653781 
0.589187615 7.85926207 
0.1802025371 7.389457057 
0.1924547549 7.434531956 
0.9078092862 7.600048811 
0.1570786349 7.341849128 
0.1499515197 7.442805596 
0.1977167063 7.414165636 
0.1901278878 7.585175713 
0.09790326768 7.482336435 
0.0729407653 7.426275658 
0.09148061169 7.421958592 
0.06457454345 7.33346034 
0.2682698644 7.332906557 
0.6992140469 7.836985722 
0.1032651354 7.449102548 
0.315839503 7.606106108 
0.06568021094 7.492971818 
0.5470315363 7.738678286 
0.1608521542 7.411864387 
0.1893468811 7.565198254 
0.3728480559 7.574232848 
0.0954209378 7.431551368 
0.3711528694 7.44230669 
0.108371465 7.329318265 
0.16396732 7.422844 
0.2613001835 7.556478434 
0.4794030828 7.648469665 
0.6804387043 8.336537111 
0.5446420953 8.043446384 
0.5898250901 7.658882599 
0.380788874 7.670778756 
0.455855324 7.721632803 
0.3246561356 7.506268251 
0.3522157204 7.416896204 
0.0906656677 7.539832833 
0.270790788 7.577380345 
0.3543138991 7.49373951 
0.9058331417 8.241601549 
0.1550286016 7.359277593 
0.8405050914 7.872799975 
0.2877523112 7.68736843 
0.3112755202 7.378530518 
0.5460265414 7.851852883 
0.6313537989 7.851453348 
0.4590527451 7.717868987 
0.05186954643 7.363108347 
0.04249749179 7.514681225 
0.3315840466 7.384284061 
0.06848468718 7.39389182 
0.1717110333 7.429159784 
0.09284207081 7.520160323 
0.1839644459 7.372342738 
0.366937334 7.537884241 
0.2778443133 7.300225814 
0.7560761246 7.975601772 
0.6041694243 7.888804022 
0.1256188309 7.617829246 
0.7568752318 7.823621822 
0.333100779 7.391825102 
0.5356291788 7.434680412 
0.06077827462 7.236543177 
0.129073105 7.457965763 
0.09832456545 7.44643834 
0.1098765569 7.339128418 
1.318929965 8.381281197 
0.8659181629 7.858763623 
0.4327557626 7.620499659 
0.4281715284 7.687859368 
0.1802306111 7.668800468 
0.1192383549 7.331541906 
0.1323156206 7.410144303 
0.04038053591 7.357894445 
0.3183954221 7.488843699 
0.07111926229 7.331498711 
0.6491906835 7.488478455 
0.1232173767 7.469343867 
0.1878926713 7.405033703 
0.7258950383 7.567510008 
0.08214829927 7.585082952 
0.1947802533 7.436474328 
0.3212670079 7.627864371 
0.1843726389 7.381172259 
0.5964981488 7.873582878 
0.1713362067 7.436811358 
0.7657213053 7.796071997 
0.6309797157 7.758409918 
0.2700926489 7.510860789 
0.1791255711 7.431033681 
0.152337109 7.44188984 
0.3971590791 7.622491 
0.06049849555 7.350154683 
0.07392231421 7.388550439 
0.1530414986 7.469021508 
0.7060257422 7.511608688 
0.09399420748 7.419971942 
0.08974985236 7.388301537 
0.2032597677 7.537622608 
0.2893621638 7.4407175 
0.1774843641 7.494300587 
0.1598094582 7.394646368 
0.3401576559 7.394378412 
0.2429548619 7.677081519 
0.4142918691 7.443608575 
0.5095084002 7.673095895 
0.5120870267 7.727763675 
0.3195997661 7.737338756 
0.2084111241 7.528621508 
0.2070777491 7.438713329 
0.2018265239 7.551549373 
0.2644953282 7.45181394 
0.3714547739 7.437564112 
0.2322023851 7.515646317 
0.1679325548 7.422487726 
0.3266853796 7.354724358 
0.2967769012 7.623438988 
0.1909153982 7.472317664 
0.2028091636 7.536678703 
0.154161584 7.502181833 
0.3937254244 7.628225676 
0.4129849608 7.648607195 
0.05334681984 7.538869309 
0.1672855021 7.415882689 
0.194290349 7.46085576 
0.2539420226 7.528794747 
0.4315482732 7.669837386 
0.1287326702 7.413833057 
0.1623203545 7.402696287 
0.5395783091 7.692031081 
0.1642390642 7.388699526 
0.3097635427 7.543044616 
0.15175206 7.455475313 
0.4790331956 7.72891971 
0.1927810785 7.431345409 
0.5706817077 7.569818751 
0.03898485779 7.406937165 
0.3751206518 7.436155492 
0.09212010956 7.394050214 
0.8061831688 7.847170548 
0.4327495465 7.454372348 
0.9274695614 7.674057815 
0.3848096915 7.604847664 
0.1833096389 7.321399467 
0.1543541826 7.448662128 
0.2703761326 7.504513787 
0.370024523 7.604104292 
0.1449678752 7.416754213 
0.245370837 7.364587383 
0.2537868764 7.30269008 
0.1281906213 7.457470316 
0.3170192657 7.843711364 
0.9759438083 8.220574828 
0.2884513278 7.364830917 
0.3533268581 7.77596556 
0.1419062447 7.438246575 
0.4671682375 7.612802843 
0.2200768315 7.497372449 
0.2705852995 7.500070129 
0.1068380239 7.547837779 
0.657881625 8.002042467 
0.8144160609 8.263162255 
0.1151762948 7.468608354 
0.04874811805 7.38114155 
0.4523670741 7.515579752 
0.2936298915 7.554304111 
0.8396520639 8.473430804 
0.2411643366 7.63338442 
0.2034629166 7.461652111 
0.7000227476 7.819704034 
0.166587147 7.42349643 
0.1540220612 7.417603581 
0.4157365027 7.632554306 
0.1453734789 7.444559575 
0.1764406151 7.469110089 
0.3298400277 7.907698111 
0.2591253738 7.551156084 
0.04766200534 7.370138841 
0.773821121 8.092923432 
0.1890010236 7.370959493 
1.137259374 7.757864564 
0.09479560582 7.338238083 
0.8789337196 7.737347514 
0.2005696416 7.561403832 
0.166780437 7.418465248 
1.114840192 7.977105969 
0.158924091 7.42449687 
0.8638094791 8.40444777 
0.8364976949 8.534606984 
0.4071158711 8.067381115 
0.5729854672 8.344166834 
0.5763476411 8.292042639 
0.2236241766 7.866202318 
0.4960133962 8.361374994 
0.2295645797 7.89603081 
0.4981855623 8.355520141 
0.3585598239 8.072588011 
0.1822313825 7.810426962 
0.2629504418 8.027801955 
0.2541551232 8.042523225 
0.3225992725 8.190388847 
0.2328411834 8.003637165 
0.3321214368 8.302806565 
0.2317476478 8.007426071 
0.144808133 7.760675265 
0.2002458129 8.008048902 
0.1991512697 7.974496036 
0.4055484 8.325524584 
0.09212428057 7.748955023 
0.2157555941 8.29761765 
0.1710619237 7.970989416 
0.07022122485 7.620613717 
0.07458929877 7.674928025 
0.176911185 8.089527626 
0.1486803517 8.078627737 
0.227151907 8.138553212 
0.1016496085 7.804386872 
0.04628020442 7.535350094 
0.06442336977 7.728446405 
0.06871346235 7.696252727 
0.04625772359 7.586509674 
0.07281829452 7.979905611 
0.06133943059 7.874543073 
0.07593128 8.113375675 
0.07936905545 7.960425103 
0.09922362517 8.39843882 
0.1274288463 8.487622796 
0.04606987802 7.848914845 
0.04558104955 7.606669849 
0.04309568201 7.796196399 
0.04565349615 7.623339828 
0.03847306651 7.525119618 
0.3344831902 7.313100596 
0.4178607673 7.303338133 
0.1745529012 7.232766094 
0.2705506357 7.252482992 
0.2655307823 7.255386967 
0.5709531032 7.391356689 
0.509423284 7.344517819 
0.219685705 7.240093064 
0.2872727062 7.253511426 
0.2900599857 7.272793847 
0.3549893445 7.313422836 
0.1026118903 7.199590377 
0.2410726165 7.239661591 
1.1030923 7.58251073 
0.1251117049 7.200726393 
0.6102804396 7.403824411 
1.199384634 7.656734231 
0.4602620428 7.364693564 
0.3072262782 7.267871574 
0.2912098978 7.254613924 
0.3835504762 7.304033096 
0.1631423685 7.204104935 
0.4408131229 7.306989313 
0.376137089 7.266682668 
0.5472199011 7.330211982 
0.3207174321 7.25762881 
0.3613355963 7.249974114 
0.4705897303 7.297300672 
0.4303528386 7.293288679 
0.3287259003 7.240234534 
0.2779675759 7.238098176 
1.053080005 7.53125087 
0.3714353085 7.25321102 
0.2439907411 7.213560204 
0.05593708709 7.14559037 
0.1599274795 7.194931046 
0.5968565997 7.359587192 
1.081921472 7.530026369 
0.3563689135 7.251136242 
0.153894867 7.16987465 
0.115909401 7.160459875 
0.6715036668 7.364688591 
0.1821109057 7.16623507 
0.9621915749 7.465132649 
1.386456676 7.625106699 
0.3870262256 7.231859664 
0.1234648256 7.125979 
0.3190578585 7.197620401 
0.4575534506 7.251648583 
0.4624091213 7.251050407 
0.2390321105 7.169562924 
0.2616230747 7.178699405 
0.4601104212 7.254550826 
0.5971062177 7.296782293 
0.493086109 7.259052377 
0.5188194806 7.268101501 
0.331306908 7.187501472 
