-0.3997104322 7.318462308 
-0.5856257579 7.019993625 
-1.064388452 6.986768332 
-0.6890480457 6.623307676 
-1.009043976 6.226651421 
-0.3763185288 7.09402411 
-0.487453512 7.31035219 
-1.218597257 7.221347336 
-0.3549584066 7.305114504 
-1.622478121 6.335290588 
-0.3767045409 7.062240413 
-0.6808892131 6.827458891 
-0.4032559926 7.32577808 
-0.7104647064 7.168358889 
-0.4760934613 7.072051732 
-0.8045917348 6.680353686 
-0.4312903246 7.219513493 
-0.4451475767 7.099128898 
-0.3575891459 7.055726619 
-0.6644555957 7.130992916 
-0.4558276926 6.952328354 
-0.8989140232 7.255209681 
-1.007784413 6.64911058 
-0.5982429125 7.139727438 
-0.5276721656 7.23965845 
-0.7351304664 6.984644443 
-1.127276384 6.896419587 
-0.4285480684 7.331545585 
-1.67204743 6.656336897 
-0.660035094 7.25801042 
-0.5541935459 7.306793737 
-0.5710208537 7.170485428 
-0.6811217168 7.003696943 
-0.4257167737 7.157174525 
-0.7046764883 7.136763838 
-0.464252508 7.287921184 
-0.7750418921 6.638752504 
-0.3221552792 7.115047451 
-0.299027113 7.055599354 
-0.2887824163 7.064668876 
-0.4616821606 6.801241694 
-0.5419536829 6.703195653 
-0.219160715 7.21363514 
-0.6031516508 6.56985846 
-0.8060996658 6.279978872 
-0.2569953603 7.130389154 
-0.4948187936 6.729477195 
-0.3802448927 7.009115468 
-0.2732861423 7.140613015 
-0.5539092483 6.725066494 
-0.2699892244 7.127787402 
-0.2518167052 7.146404959 
-0.4711256989 6.737424983 
-0.5281029834 6.754482102 
-0.6263634736 6.596769612 
-0.2097755462 7.116758958 
-0.2079927891 7.107176833 
-0.4484326491 6.669762888 
-0.3657209797 6.80316926 
-0.1514856171 7.13978208 
-0.2758703972 6.909712756 
-0.2031431171 7.066723673 
-0.3154945302 6.871407523 
-0.357931169 6.725960128 
-0.2524461347 6.99006061 
-0.4464385779 6.670264181 
-0.255199781 6.987423687 
-0.5589554113 6.577366538 
-0.2212057218 7.107697474 
-0.1915330503 7.052311279 
-0.4237099984 6.796804791 
-0.2863635642 6.97611724 
-0.1707690873 7.156439775 
-0.292798297 6.917314398 
-0.4550781813 6.513966425 
-0.2377283774 7.021167945 
-0.2530252087 7.005355032 
-0.2125518647 7.036710669 
-0.1784568216 7.129451767 
-0.2671683055 6.898570545 
-0.2162661485 6.909202287 
-0.2895793903 6.805568564 
-0.2380964184 6.668524601 
-0.2981330774 6.422899632 
-0.3480837096 6.403502109 
-0.2628962327 6.826980607 
-0.3047014661 6.675813601 
-0.2494441338 6.670670975 
-0.1139925918 7.031033887 
-0.5761593475 6.188545215 
-0.1643169621 6.559365207 
-0.1175006039 6.841946375 
-0.1152126311 6.996911303 
-0.215649432 6.474979843 
-0.1713097681 6.396712491 
-0.1077768616 6.232393246 
-0.05382117415 6.684117018 
-0.1536292412 6.216699808 
-0.04764990495 6.753044133 
-0.04375582945 6.89776229 
-0.01059969446 6.771173048 
-0.01251208526 6.826711523 
-0.01616012451 6.623409108 
0.02597767394 6.764208991 
-0.2009056232 7.280594325 
-0.1955701665 7.240456487 
-0.1598952012 7.246834203 
-0.1067955205 7.173392237 
-0.08451218937 7.198665134 
-0.09043110721 7.200227223 
-0.08543392458 7.163808318 
-0.08298225782 7.082151614 
-0.06600854857 7.122771081 
-0.0603577043 7.080723745 
-0.05382090353 6.981185478 
-0.03072811739 7.076055986 
0.0001560613565 7.118963052 
-0.01659392179 7.03621332 
-0.03673379555 6.941469933 
0.00799643631 7.050785733 
-0.1803112369 7.279808468 
-0.1833258798 7.279758785 
-0.1740832881 7.284293705 
-0.06252806209 7.190762296 
-0.05737358261 7.224318774 
-0.08224789881 7.241261857 
-0.07844111339 7.215215859 
-0.03391315602 7.230993527 
-0.04004685539 7.244124665 
-0.04711208241 7.21561545 
-0.05074079737 7.18240214 
0.001866430574 7.20559667 
0.001074381352 7.155297054 
0.0143109986 7.228083073 
0.03427477 7.147032092 
0.03299978849 7.211714256 
-0.1133841696 7.314826983 
-0.1048292223 7.28832007 
-0.08268983534 7.278500609 
-0.06035582038 7.299975039 
-0.06309308156 7.268153653 
-0.006385958223 7.257279702 
0.02125771294 7.277309878 
-0.3192270192 7.343556669 
-0.1290392511 7.337110475 
-0.02077301511 7.320638157 
0.00127858699 7.306868828 
-0.004421031277 7.328246905 
0.03137043818 7.324855618 
-0.2188311264 7.357644654 
-0.1467652021 7.340570144 
-0.02193334188 7.339732638 
0.03425934033 7.33561169 
0.01803673944 7.352357454 
