6.707350988 3.738206781 
6.625037016 3.750801476 
6.555835761 3.918438601 
6.613129036 3.812857867 
6.59820621 3.827468438 
6.375784913 3.53199635 
6.437449159 3.783228742 
6.638153139 3.799939658 
6.557710836 3.874740751 
6.569861733 3.404550841 
6.508250796 3.867113208 
6.794852082 3.970482554 
6.397089809 3.42702283 
6.449638665 3.463709389 
6.433908801 3.490488953 
6.363165842 3.726817959 
6.589480954 3.971864297 
6.655228415 3.712687616 
6.537293375 3.830401708 
6.65447413 3.625716233 
6.30541445 3.481533275 
6.617010539 3.690231581 
6.811761974 3.996206883 
6.564488921 3.412494126 
6.425797207 3.709930942 
6.548879898 3.878640753 
6.730371984 3.974483451 
6.427589366 3.322542136 
6.443926212 3.6599893 
6.401520567 3.754068073 
6.451657905 3.532638072 
6.620247274 3.976790947 
6.37764513 3.676984404 
6.611935915 3.825122296 
6.355623923 3.678624652 
6.513344186 3.848320212 
6.600898714 3.950374014 
6.350247469 3.682831617 
6.306012531 3.48505096 
6.600085901 3.814190316 
6.567194262 3.553009291 
6.788169298 3.862456175 
6.432755341 3.756399948 
6.499858971 3.750583503 
6.472679699 3.83176691 
6.478535158 3.645244402 
6.475899556 3.643764925 
6.63289314 3.514015808 
6.451683477 3.749952581 
6.789750858 4.028535828 
6.339403739 3.521824719 
6.399990501 3.584297498 
6.367812249 3.610146002 
6.266763329 3.471969173 
6.70743283 3.982294378 
6.653060446 3.833918685 
6.792467039 3.942510675 
6.635843419 3.690414299 
6.551959639 3.706970345 
6.482187843 3.640624546 
6.487482163 3.866814108 
6.524127773 3.694052036 
6.414410344 3.424159825 
6.657546063 3.998938948 
6.540276304 3.459706156 
6.4412341 3.592515658 
6.763699304 3.912441904 
6.693814313 3.894319702 
6.587110973 3.845920813 
6.478378193 3.665561923 
6.323948383 3.474537538 
6.795284764 3.866464899 
6.277585509 3.447241813 
6.594890674 3.778422705 
6.347911815 3.623799763 
6.583906146 3.609737843 
6.575899261 3.802051124 
6.481459334 3.252472618 
6.487994496 3.78028091 
6.278326492 3.564595612 
6.577225758 3.775731612 
6.436918311 3.74587987 
6.410029314 3.213780601 
6.476402166 3.657888971 
6.573239856 3.927033058 
6.459533255 3.618043698 
6.492908938 3.872193354 
6.415553177 3.489643052 
6.748115883 3.987927526 
6.750931147 2.907067087 
6.635060911 3.399596783 
7.01165885 3.181146786 
7.130648487 3.342551557 
6.831147978 2.98138864 
6.871214068 3.112671834 
6.949812411 3.215570868 
7.032848492 3.606041783 
6.886151443 3.629194745 
6.994630163 3.826690088 
6.732113766 3.420647079 
6.801685631 3.757507049 
6.891090718 3.814826702 
6.876543685 3.461867954 
6.953440532 3.523700519 
6.850413463 3.71832575 
6.94102919 3.964854766 
6.672145305 3.481044397 
6.615074985 3.462471449 
7.215500421 3.789233432 
6.956587646 3.242069697 
6.833620622 3.54755353 
6.950590981 3.630803254 
6.728420751 3.470658172 
7.128456531 3.354362388 
7.089212803 4.004518387 
6.808169693 3.57238642 
7.012025351 3.740360215 
6.860353443 3.820408984 
6.897350961 3.718543948 
6.833814852 3.543435479 
6.562448422 3.351753903 
7.151075583 3.564191417 
6.973563934 3.409874296 
6.677076994 3.569653929 
6.735193712 3.558721667 
6.966239167 3.864184609 
6.605039901 3.38484541 
6.904071504 3.771842737 
6.861959032 2.944012883 
7.029282296 3.436592351 
7.04038096 3.324624211 
6.884259563 3.242916911 
7.0730973 3.84431154 
6.913860513 3.651728478 
6.731914659 3.156359268 
6.792249369 3.660929104 
6.874065249 3.540267925 
6.507860885 3.247604017 
6.684022393 3.578814546 
6.700628572 3.600232198 
7.110975598 3.846411382 
7.005013941 2.858066678 
7.114317654 3.127594369 
7.076980256 2.979195417 
7.21250336 3.369406969 
7.042829525 2.889902315 
7.01294558 2.692188533 
7.262533911 3.548330072 
6.350047362 3.848829899 
6.31646304 3.758107603 
6.502964121 3.917156467 
6.467230428 3.925984204 
6.330655785 3.82326145 
6.448709795 3.925581156 
6.361805323 3.771079373 
6.516059578 3.947246599 
6.420577806 3.916624939 
6.51602702 3.912589448 
6.470999942 3.912215898 
6.41752171 3.917477658 
6.304018286 3.800861373 
6.516374262 3.937318899 
6.389678171 3.826491175 
6.284138104 3.767324325 
6.54588793 4.019635405 
6.548171732 3.957640051 
6.412989179 3.81920364 
6.508675082 3.971659578 
6.42543887 3.854279982 
6.518556398 3.91700302 
6.286385417 3.755968418 
6.437192102 3.904503579 
6.332346912 3.750942025 
6.39569023 3.785354027 
6.467886421 3.918964121 
6.447665197 3.840974016 
6.427641436 3.862056499 
6.411366094 3.974327311 
6.362527819 3.883468266 
6.37000769 3.925698886 
6.359102802 3.920564753 
6.417230427 3.928964226 
6.403726555 3.926176268 
6.337687461 3.885660399 
6.385294083 3.952220297 
6.495884989 4.003881592 
6.325132729 3.882279211 
6.407100058 3.980809799 
6.460787644 4.020072723 
6.370718795 3.96513767 
6.409928374 3.976434895 
6.392468321 3.984420886 
6.388662208 3.97220342 
6.373361018 3.990649948 
6.38458872 3.984968158 
6.40578102 4.00796913 
6.323155774 3.949812289 
6.395553144 4.010753484 
6.311552604 3.984522492 
6.316643045 3.987461103 
6.337282509 3.994453355 
6.325856623 3.983747653 
6.288013227 3.966290749 
6.30430275 4.00213393 
6.302893803 4.009847757 
6.89850722 2.675328191 
6.879303008 2.626757206 
6.629380099 2.669040535 
6.435731724 2.723413402 
6.662602164 2.229477805 
6.440659692 2.205939399 
