6.538669067 -1.258276351 
6.845212737 -0.6095825217 
6.6550249 -0.5276884165 
6.82963031 -1.051454049 
6.687560344 -0.7363753938 
6.643581437 -0.5852423123 
5.914672474 -1.125802167 
5.984094131 -0.8177838886 
6.640563391 -0.6193274887 
6.127041776 -1.181885383 
6.676320205 -0.6435741256 
7.2469335 -1.320294222 
5.968741871 -0.8801870604 
6.825399529 -0.5220495698 
6.922222141 -0.5713127907 
5.883821116 -0.7986814932 
6.530736403 -0.688288273 
6.729422714 -0.6473399092 
5.286618159 -1.082332506 
6.811629707 -0.5638101905 
6.200774105 -1.04377528 
6.654449422 -0.5355513779 
6.382586066 -0.6285989381 
6.084538612 -1.04197686 
5.87584429 -0.885190477 
7.077429264 -0.6629000055 
5.945880621 -0.9827674616 
6.65274674 -0.8267064786 
6.848825374 -0.5213667182 
6.534448145 -0.5913822412 
5.573463874 -0.8563238432 
6.804673985 -0.5718331316 
6.906280413 -0.8311931977 
6.442146171 -0.6417029115 
7.010484762 -0.6250554273 
6.753851681 -0.5671972518 
6.149921433 -1.047128564 
5.810027269 -0.9154918606 
7.024650579 -0.8444290575 
5.728253436 -0.8229077964 
6.360501567 -1.792820017 
6.07738836 -0.7013996674 
6.737745858 -0.6503487611 
6.793350167 -1.675012752 
6.037268157 -0.7247194136 
6.63895656 -0.6391375428 
6.358963939 -0.8223317865 
6.511694891 -0.7974461513 
7.048096321 -0.6207121171 
6.56970281 -0.8854500852 
5.22928058 -1.014568225 
6.580871312 -0.6878687286 
6.507112767 -0.3240858329 
5.897051109 -0.5386322356 
6.029344354 -0.57802733 
6.063185982 -0.5254550057 
6.65848229 -0.3109037785 
5.34960873 -0.7453213603 
6.676273601 -0.3558904014 
6.654847507 -0.445996213 
6.371672292 -0.3447432052 
6.447674895 -0.5214198427 
6.224895634 -0.5984167113 
5.61546674 -0.6847743682 
6.50327753 -0.2896918264 
6.430858752 -0.4748411634 
5.513401513 -0.7225261927 
6.331266951 -0.6143237879 
6.546893615 -0.2863497494 
6.773837773 -0.2163619051 
5.826157139 -0.6323013127 
6.316427948 -0.5551172297 
6.316288306 -0.4936719964 
6.271006013 -0.5048308193 
6.542270442 -0.5589013438 
6.487446656 -0.4348207486 
6.884977345 -0.445050091 
6.811187307 -0.3664627478 
6.767077426 -0.4772694867 
5.744984633 -0.7605480706 
5.985316942 -0.5619330863 
6.527348526 -0.3384239599 
6.449420093 -0.4153377111 
5.829171113 -0.6481165785 
5.9273394 -0.5431081776 
6.588862605 -0.2655588835 
6.676967383 -0.2840949787 
5.611995175 -0.7499515595 
6.007150174 -0.6034891637 
6.079719796 -0.5471150584 
6.019645171 -0.5181049242 
5.46048731 -0.8582850566 
6.522030471 -0.3225724986 
6.76583088 -0.4782160832 
5.916595731 -0.735660495 
6.588155632 -0.377287866 
5.94083447 -0.5517574326 
6.708629031 -0.4721073143 
6.60304881 -0.2794960945 
5.24955589 -0.8582334721 
5.982936233 -0.6444741383 
6.503005292 -0.3279745715 
5.703028082 -0.6526625509 
6.410006467 -0.502085613 
6.305805125 -0.427719847 
5.226688043 -0.9267242476 
5.879604772 -0.565784148 
6.212033622 -0.6396702186 
6.360995983 -0.359943457 
5.533361335 -0.7957168663 
5.818619049 -0.6199730355 
6.345610439 -0.4377105757 
6.440990727 -0.4249259911 
6.283780714 -0.4534191425 
6.592488088 -0.396783488 
6.531466526 -0.1207362058 
6.132344159 -0.289850859 
6.653398412 -0.1421604774 
6.420851949 -0.2128730288 
6.226953816 -0.2934325077 
6.255510361 -0.2903365918 
6.444786382 -0.1495456768 
6.586135332 -0.1458492479 
6.693650438 -0.1022598178 
6.06533388 -0.4367597829 
6.010609407 -0.4627266793 
6.159628201 -0.3329931675 
6.372257517 -0.1969767694 
6.139078251 -0.3371376507 
6.483691513 -0.1792975041 
5.533857114 -0.560684011 
6.512522749 -0.2634518198 
5.477006544 -0.6179930722 
5.980308087 -0.3703206674 
6.06311023 -0.3423048091 
6.016336552 -0.349471256 
6.461174288 -0.1738133096 
5.540462652 -0.5583349616 
6.473819275 -0.1843006243 
6.209427437 -0.2736755301 
6.314769983 -0.3079686251 
6.495832382 -0.1464903683 
6.35123465 -0.2738933056 
6.581503259 -0.1825975047 
6.701394474 -0.1180392929 
5.421479762 -0.618434778 
5.990869032 -0.3892858421 
6.141780817 -0.3714880985 
6.535061913 -0.1872512884 
5.726846837 -0.459569197 
6.189752549 -0.2610250249 
6.176449112 -0.3387258324 
6.224086393 -0.3375788947 
6.545510813 -0.2394470002 
6.292625384 -0.3553773789 
6.252514087 -0.3625959418 
6.235838542 -0.2661351373 
6.562857688 -0.2211358453 
6.289681176 -0.2933397115 
6.521164899 -0.2526639478 
6.248697332 -0.3014833746 
6.032027853 -0.3934840748 
6.372814056 -0.2191699693 
6.496450034 -0.1652660107 
6.189772184 -0.3384025666 
5.662793339 -0.5295520094 
6.520216068 -0.1286669779 
6.437779744 -0.2087119342 
6.294584394 -0.2715365402 
5.990330949 -0.4543945962 
6.417757252 -0.2630473947 
5.947312235 -0.4864624404 
6.237613772 -0.2768177196 
6.075785312 -0.3467551429 
6.212278244 -0.3020291735 
6.246665176 -0.3696582807 
6.05460431 -0.3496482821 
6.496242381 -0.1213909312 
6.62047721 -0.01852226758 
6.402637089 -0.1082104365 
6.010487386 -0.3063437386 
6.610581343 0.006469785919 
6.119195383 -0.2228601806 
6.309326995 -0.1738751001 
6.170740672 -0.2063216674 
6.305383365 -0.1197204814 
6.316567316 -0.1208513531 
6.448708622 -0.09191247838 
6.103372581 -0.2287930051 
5.814867816 -0.3628598381 
6.573124856 -0.008648893786 
5.895049577 -0.3172860191 
5.760428219 -0.3753682841 
6.552058886 -0.06993418751 
6.303762552 -0.142441599 
6.382962138 -0.1189130919 
6.431864443 -0.1263133584 
6.511155436 -0.02728698215 
6.643861656 -0.04547794711 
6.451607813 -0.1175666808 
5.897063248 -0.3725164379 
6.328881924 -0.1795565049 
6.217691446 -0.2203629531 
5.559552118 -0.4735908424 
6.156443148 -0.2598929569 
5.960479386 -0.3261588705 
6.478335995 -0.07124020591 
6.003125633 -0.2679655609 
6.502524881 -0.07660322691 
6.500118807 -0.04630545448 
6.196069149 -0.2141307127 
6.291695967 -0.1917576175 
5.747277109 -0.4011896673 
6.084730745 -0.2583008552 
6.207287453 -0.1769007619 
6.333460164 -0.1278647034 
6.363114422 -0.1328159133 
6.447124434 -0.1078210664 
6.435775524 -0.1106319138 
6.255328147 -0.1654639421 
5.779604755 -0.3980519948 
5.878520397 -0.3540472155 
6.401448709 -0.1608827513 
6.27460895 -0.1673016822 
6.105915846 -0.1780575846 
5.577566666 -0.4134850676 
6.348015329 -0.05265019236 
6.025745092 -0.2426005932 
6.04393015 -0.2360655132 
6.063458494 -0.1885512409 
6.276561754 -0.1140835297 
6.283364348 -0.1173183794 
6.572664142 0.009624788523 
6.14634936 -0.1406003029 
5.812888914 -0.2990395983 
6.142289721 -0.1805651325 
6.081528848 -0.2068410443 
5.222805516 -0.5760021857 
6.269186089 -0.1069343267 
6.18304038 -0.1466441168 
6.080339463 -0.175739292 
6.020947442 -0.2357850163 
5.805798541 -0.3007428064 
6.450384231 -0.04144428621 
6.528555177 0.01536932449 
5.680428739 -0.391103765 
6.018960564 -0.1828633057 
5.655176915 -0.3316729192 
6.117184968 -0.1426766162 
5.669445531 -0.3180942108 
6.293571752 -0.06381697181 
6.102897245 -0.1583678908 
6.174130802 -0.1083371209 
6.274786889 -0.08103787659 
6.122892023 -0.1244646235 
6.268034692 -0.07278852655 
6.203680479 -0.0987213529 
5.761884781 -0.2887950156 
6.08300481 -0.1628917007 
5.696400903 -0.3096313011 
6.213613004 -0.1061408228 
5.916369738 -0.2357865805 
5.950264031 -0.2234297641 
6.366564238 -0.02749410154 
5.962730819 -0.1922204753 
5.928137858 -0.2074845916 
5.880881458 -0.2376778765 
6.00857073 -0.1926433472 
6.289874312 -0.06041697637 
5.630808835 -0.3642675659 
6.408983911 0.004269465323 
5.418485639 -0.3703986369 
5.509636624 -0.3301419272 
6.121755877 -0.1221382295 
5.851350853 -0.217130091 
5.948652117 -0.1651450481 
5.361368522 -0.4103621213 
5.967672556 -0.1607747877 
6.169925649 -0.08875067604 
5.603928422 -0.2982332546 
6.284482914 -0.04320435075 
6.435952794 0.01155427313 
6.026063066 -0.1517860851 
5.849207891 -0.2124116984 
6.342220116 -0.01814360547 
4.815150001 -0.6002986024 
6.402901989 0.003412181781 
6.225090431 -0.07379344871 
5.946246999 -0.1790010912 
6.221783221 -0.07430290117 
6.20390053 -0.06922704321 
5.523497341 -0.3415092687 
6.416644578 0.001217166504 
5.897152191 -0.1959242718 
6.002629217 -0.1545526415 
5.347561971 -0.4208100763 
6.262154979 -0.0599484846 
5.949823059 -0.1788040595 
6.08619828 -0.1218877989 
6.17657366 -0.08980687522 
5.961153113 -0.1863355213 
6.099366431 -0.09818049188 
5.035518548 -0.4783283517 
6.125910972 -0.09035168412 
6.131593825 -0.06992199678 
5.363017992 -0.3486628099 
6.164886006 -0.07273521848 
6.244263406 -0.04460655945 
6.299184722 -0.01462930092 
5.856172514 -0.1901091235 
6.357281043 -0.002509051575 
5.819961664 -0.1621287823 
5.673208276 -0.2377364489 
6.302464251 -0.02917745876 
5.88502864 -0.1682025459 
6.081990363 -0.08836959047 
4.750006446 -0.5310175534 
6.25419228 -0.04754235848 
5.901621394 -0.135455384 
5.997860523 -0.1189401756 
6.140449161 -0.09066248241 
5.055359793 -0.4024038835 
5.677798761 -0.2275913699 
6.131759469 -0.07506005301 
5.803022167 -0.1610769467 
6.199063111 -0.06155319405 
6.222678092 -0.05903287659 
6.019948635 -0.108384766 
6.071279725 -0.08598005559 
6.215894259 -0.04241086316 
5.588645178 -0.2531630854 
5.553970503 -0.2406907296 
6.17775724 -0.07288094759 
6.137449693 -0.07313221474 
6.244179958 -0.02911213886 
5.440887765 -0.2971425127 
5.781647905 -0.1541446495 
5.230635023 -0.2532627274 
5.948363358 -0.0943807746 
6.040400087 -0.06512354047 
5.177054097 -0.2772775413 
6.040524791 -0.08277626401 
6.030049836 -0.07888711356 
6.062305815 -0.07304740351 
5.744463145 -0.1240740161 
5.865278672 -0.1388004037 
6.367460689 0.01218925709 
5.521936477 -0.1973695088 
6.151071532 -0.05122335369 
5.944831866 -0.1134687206 
6.108698643 -0.04993228108 
5.769874937 -0.1626918119 
6.031119276 -0.06354080241 
5.205318395 -0.2542147416 
5.960480091 -0.06783576039 
6.113151478 -0.06040145535 
5.387174624 -0.2711260757 
6.104359096 -0.05023909133 
6.15100651 -0.0366117265 
5.488288386 -0.2336454228 
6.175039696 -0.0445814086 
6.088350856 -0.07079858061 
6.296822667 -0.008442986639 
5.292684451 -0.2722858871 
6.155583431 -0.03861885923 
6.133437463 -0.0344902715 
5.800163376 -0.1250494237 
6.199843615 -0.02341265637 
6.295460378 0.001767302982 
5.792669466 -0.1375350716 
6.082037327 -0.01640296012 
6.006546919 -0.0417398927 
6.183134745 -0.0138037678 
6.164445581 -0.01545890257 
5.788795616 -0.06719771603 
6.117272191 -0.0112218722 
5.881810685 -0.03930489608 
6.185102369 -0.01777711944 
6.072147836 -0.02792455152 
6.147848926 -0.006807441441 
6.088714828 -0.01345215841 
6.267410976 0.005303237861 
5.964898679 -0.0201412271 
6.276795054 0.0005358483036 
5.096141572 -0.1145532672 
5.585346404 -0.1298162776 
6.004496862 -0.05022946348 
6.141918315 -0.009366124063 
5.37199673 -0.09493559483 
5.961280339 -0.0429122564 
6.104302514 -0.03365245922 
6.018417555 -0.01878969331 
6.145781583 -0.02080605922 
5.976894261 -0.05459813104 
6.00773991 -0.03684388792 
6.179328822 -0.01710718604 
6.184421258 -0.005686220504 
5.438079475 -0.1517413453 
6.268141804 0.005445838757 
6.036753681 -0.01376518854 
6.140138351 -0.005685739249 
6.213714214 -0.004317946653 
6.197454644 -0.01108011225 
6.012585842 -0.021532824 
6.032796789 -0.03972888171 
6.135861138 -0.004252054068 
6.046976526 -0.03302774697 
6.171018993 -0.01007776253 
5.991740401 -0.04874563408 
5.859051257 -0.06693903945 
5.831643736 -0.06046277698 
5.2059887 -0.1749365124 
6.158867591 0.02561917425 
6.169730039 0.01768126809 
5.21953034 -0.0694944488 
6.165268749 0.02570156965 
6.121857339 0.01033119351 
6.170057699 0.007556145361 
5.864851349 0.01763780145 
6.159560465 0.02919098335 
6.119972353 0.02429117393 
6.124825862 0.02962140163 
6.149056502 0.01619525905 
6.138900522 0.003449738058 
5.795363593 0.01060491271 
6.143192035 0.02467362113 
6.179408804 0.005890999464 
6.068383428 0.007093821794 
6.13092087 0.005204164692 
6.123793 0.01351141502 
6.188283268 0.009143694643 
5.966282874 -0.01492852513 
5.948144292 0.01705765728 
6.111458388 0.02726848521 
6.147279233 0.01978845303 
6.187004127 0.005980735932 
5.824778072 0.01470784684 
6.181414031 0.02935534919 
6.163386287 0.01631784679 
5.079880948 -0.0136993179 
6.179761922 0.02839275319 
6.20731478 0.01373606162 
6.177554217 0.01489215629 
6.062276696 0.01228215097 
6.15736429 0.01680456323 
6.08045711 0.006045437287 
6.18007384 0.01608753389 
5.774292859 -0.01441486841 
6.234654391 0.01740719426 
6.127923659 0.02247586067 
6.157901589 0.02706126424 
6.175172513 0.01238897093 
5.801058511 0.003772236626 
6.160289429 0.02690341004 
6.161250834 0.02918501562 
5.076137391 -0.08175057679 
6.169959009 0.01659471023 
6.154131193 0.02968187773 
6.099669647 0.01926305087 
6.140166287 0.01492325774 
6.15183619 0.01026743222 
5.731001689 0.003213577692 
6.276201508 0.02691201835 
6.162976747 0.008811876952 
6.100189741 0.007801546775 
5.636110941 0.01967590528 
6.129809948 0.04456487423 
6.097431188 0.03524992087 
6.130890674 0.0461757585 
6.156683922 0.03457701024 
6.154590258 0.03159956024 
6.110424451 0.04750212732 
6.191073938 0.06011632592 
6.125665813 0.05560700117 
6.152463503 0.04613339287 
6.054525868 0.04463008523 
6.153504176 0.0380920829 
6.161860708 0.03101908369 
6.126046543 0.03182124824 
6.331124551 0.04784213509 
6.192774927 0.04480906366 
6.011724852 0.06450218986 
6.170826096 0.04364647719 
6.173543061 0.05453058497 
5.877824359 0.03535022365 
6.157259652 0.03066388911 
6.167945633 0.03951576627 
6.195286049 0.06369290719 
6.202491337 0.05931345793 
6.172024463 0.040316128 
6.143857652 0.05158876948 
6.147608543 0.05415861294 
6.088298031 0.05952941778 
6.200514204 0.04186221966 
6.187441493 0.05596179617 
6.127938247 0.0498567064 
6.045310653 0.03494527173 
5.994894733 0.05078935292 
5.903410974 0.05204445191 
6.143328833 0.04754297176 
6.144804854 0.04374388445 
6.173467494 0.04884318416 
6.074457063 0.05001030063 
6.03962249 0.02937991755 
6.117477929 0.03919454972 
6.157539949 0.04046894302 
6.039013815 0.04839195604 
6.17597705 0.04071068224 
5.988002201 0.06088955624 
6.141980642 0.03323036479 
6.072807006 0.06205023084 
6.158079381 0.0525048159 
6.078742245 0.06011056721 
5.999125279 0.06198401963 
6.207924068 0.05187399051 
6.363250962 0.0500204994 
6.172618024 0.034488936 
6.164785709 0.03474396178 
6.054008846 0.07044854242 
6.167618185 0.03408545011 
6.142734457 0.05292368704 
5.620516705 0.05850478998 
6.212463678 0.06273768825 
6.125166812 0.06149533358 
6.335903995 0.05439544759 
6.18188205 0.03140152181 
6.270754585 0.0399000183 
6.115225485 0.04192280163 
6.100847412 0.04356767172 
6.034172793 0.05445165761 
6.169250988 0.08191022148 
6.316115208 0.07283677274 
5.434019359 0.1492714059 
6.195745797 0.08185221566 
6.060289678 0.09559256694 
6.170745365 0.07708992128 
6.140511268 0.09503176966 
5.872206337 0.1202573927 
6.113607205 0.09437205977 
6.326939676 0.06916251044 
6.171476581 0.09434339657 
6.113525763 0.1043421178 
6.226339877 0.08327606061 
6.118932119 0.08762939889 
6.026504389 0.09886289193 
5.159982415 0.1610749325 
6.132180865 0.0797328212 
6.215026123 0.07578881403 
6.108212672 0.07687984711 
6.07293234 0.1136664394 
6.266012963 0.08239572293 
6.264745855 0.08361453918 
6.224142689 0.09234799737 
6.430256621 0.07037250729 
6.327051056 0.07418643864 
5.982137287 0.09500024264 
6.214847648 0.07991594997 
5.316805352 0.1213684116 
6.351360874 0.09416017365 
5.209009383 0.1176637111 
5.97107232 0.0960335221 
6.218446373 0.09910946731 
6.296889306 0.072330197 
6.19064607 0.06705650588 
6.197271011 0.07629366701 
6.151700093 0.07032252766 
5.891749069 0.08100923347 
5.864347964 0.07964330221 
6.085127643 0.08170837628 
6.213953731 0.07946712605 
6.194321352 0.1041789042 
6.240764561 0.1050366586 
6.334057315 0.06171160376 
5.94256367 0.1099040002 
0.09655591103 0.3880361492 
5.383431111 0.2341823243 
6.131375715 0.1205943383 
5.135396783 0.2750464768 
6.187244551 0.1323229883 
5.928517732 0.1639480063 
5.031498043 0.2402825881 
5.884937747 0.1732655745 
6.046779035 0.1254932487 
5.879000719 0.1699572583 
6.346648184 0.1093523492 
5.805038514 0.164764421 
5.755070173 0.1727101038 
5.413576636 0.201138048 
5.477983393 0.179833558 
6.004591718 0.1638675189 
5.595681959 0.1867311746 
6.165752481 0.1331378072 
5.943021219 0.1653117287 
6.048953836 0.1465453841 
6.009490509 0.1647599747 
6.349263614 0.1072419165 
6.178970859 0.1325249181 
6.065523612 0.1343633784 
6.250299975 0.1076970356 
5.948622397 0.1333340004 
5.934240739 0.1625432967 
5.936657393 0.1396705968 
6.26783776 0.1317499988 
6.114489209 0.1320909706 
5.991299121 0.148045502 
5.943710819 0.1331061961 
5.915550706 0.1624427979 
6.114821652 0.1164948963 
6.159072695 0.1184045278 
6.043823783 0.1456240662 
5.800148828 0.1485345453 
5.725095329 0.1879398569 
5.66887283 0.1655699279 
6.280535333 0.1048476461 
6.293339541 0.12285836 
6.23563931 0.1138956757 
5.938762265 0.1368941238 
6.102218152 0.1374385527 
5.717143004 0.2495313376 
5.944056292 0.1938557856 
6.246365873 0.1552929834 
5.691142326 0.2164308155 
6.199026321 0.159888804 
6.044143342 0.1999807591 
6.193563743 0.1616832316 
6.21458835 0.1618595166 
5.894103578 0.184740527 
6.032553467 0.1875220851 
6.211779039 0.1471098894 
6.062853146 0.1736550137 
5.658852041 0.2832769176 
6.248564341 0.147614699 
6.018276915 0.1823463505 
6.302293944 0.1281862245 
6.111190689 0.1647066332 
5.93322538 0.1870856942 
5.972310575 0.2168025626 
5.576563339 0.2515852697 
5.51337838 0.2964296441 
6.225427705 0.1532843547 
5.322871931 0.307332806 
5.690441127 0.2202487026 
5.983343392 0.2166497343 
4.726980882 0.3508596546 
5.108880852 0.3265197071 
5.845501444 0.2304770895 
6.182322785 0.1543754257 
6.017262034 0.207027652 
5.971604712 0.2048154435 
6.150229609 0.1795045271 
6.27364948 0.1452342195 
6.141133711 0.1501875818 
6.255970576 0.142388452 
6.281372224 0.1359541801 
5.752986131 0.2632775703 
5.825566244 0.2271212787 
6.201205712 0.16428504 
5.819025264 0.1992934006 
0.6270551194 1.308788762 
5.811857827 0.2817579088 
4.800187149 0.7098079128 
5.781392006 0.3037577637 
5.67280383 0.3598487862 
5.926377959 0.237704709 
5.447893934 0.470642797 
6.236211298 0.1718496058 
5.795067492 0.3375292544 
6.042202931 0.2237582952 
6.057822568 0.2636026608 
5.815680227 0.3137751579 
5.871796198 0.2945887476 
6.113236719 0.2027460681 
6.15388551 0.1856157942 
5.911265742 0.2545792402 
5.689737287 0.3213893869 
6.14228232 0.1999383365 
5.927135281 0.2817936259 
6.246006659 0.1709432346 
6.134638725 0.2037170361 
6.111190393 0.2184889456 
6.302656609 0.1554492886 
6.007495233 0.2181136581 
5.682411286 0.3622904143 
6.132355794 0.2211912752 
5.993111041 0.2290805872 
5.309150879 0.5153964482 
6.111550711 0.1950868973 
5.416955352 0.4907434068 
5.726181377 0.3327534262 
5.567036959 0.3907507141 
6.072880106 0.2045069808 
5.532182559 0.3235485648 
6.045776455 0.2352097651 
5.720898261 0.3499989996 
6.276657032 0.165575565 
5.620511691 0.3726726554 
6.045297019 0.2782664213 
6.25281945 0.2168687521 
6.194209732 0.2204332419 
5.724315617 0.4703279496 
5.708095944 0.4627443171 
6.335154124 0.1703908336 
5.58288289 0.467889171 
6.057474671 0.2739921124 
5.476161614 0.4813810576 
5.942769162 0.3640441946 
5.776220145 0.389941766 
5.730279668 0.4392097088 
5.845075327 0.3668862542 
6.296175165 0.1937664053 
6.085022084 0.2816191655 
5.026310684 0.8045210914 
6.063607942 0.2952323286 
5.968167173 0.3578024802 
5.876157224 0.3950752762 
6.320443438 0.1776632699 
6.212208453 0.2197161547 
6.167027238 0.23360234 
5.874413051 0.3331173169 
5.717267888 0.4733955637 
6.222345543 0.2319955056 
6.050102477 0.2797375336 
5.807921891 0.4371591671 
5.883414083 0.3989385787 
5.84820456 0.4563457218 
5.58814197 0.6055459843 
6.195532159 0.2634434629 
5.575336405 0.5755111297 
5.69202494 0.5179768726 
5.987676057 0.4049421812 
5.443566926 0.6269592207 
6.359162304 0.1860156879 
6.363888303 0.1996897712 
6.325665132 0.2002611428 
6.382182892 0.1689362382 
5.821674946 0.4436203931 
6.196520325 0.2919176789 
5.733060926 0.5232401288 
5.447380373 0.6817825905 
5.714374648 0.5431828876 
5.996200778 0.397802762 
6.352527416 0.1898943448 
5.842535652 0.4611355407 
6.42632094 0.1469991726 
5.9050869 0.4056455619 
5.881899434 0.4501133038 
6.075278832 0.3350842326 
5.883302874 0.4110821364 
6.278729196 0.2506750353 
5.980876334 0.4582700291 
6.148732721 0.3573314281 
6.04883584 0.3836114164 
6.343277005 0.2237061836 
5.881173042 0.5015880387 
5.826624416 0.5533305136 
5.83681018 0.5349301362 
5.987763247 0.4224243664 
5.369109448 0.8574978002 
6.030020793 0.4027575834 
6.370931759 0.2004284215 
5.627037285 0.6215029021 
6.355685989 0.2140878933 
6.279574967 0.273907612 
5.823791941 0.5536588496 
5.562236392 0.6803566207 
5.707255482 0.5790481063 
6.385068954 0.2094819363 
4.993825592 1.04235739 
5.411583028 0.9294563265 
6.340435732 0.2657625071 
5.925306005 0.5416719179 
6.102368187 0.4401035045 
5.909569098 0.5307032935 
5.991645148 0.5231706994 
5.884575091 0.5907249586 
5.505994128 0.8674176883 
6.065142904 0.4683913732 
5.978346184 0.4831085369 
5.00713733 1.16884731 
6.136991759 0.413903641 
5.878621139 0.5975585494 
5.97500026 0.5415955414 
6.086337384 0.4835096709 
6.127925658 0.4471099982 
6.111114608 0.476173487 
6.293251987 0.3142686686 
6.301207318 0.3202857039 
6.424448798 0.2146655127 
5.699779279 0.7577966288 
5.779127112 0.699243022 
6.433736789 0.2039348512 
5.95236198 0.5793061861 
6.317370127 0.304674909 
5.920035895 0.6830617794 
5.503133506 0.9907996197 
6.313503366 0.3263955832 
6.366080327 0.2732282004 
6.275021894 0.3597111619 
6.370488102 0.2664935194 
5.807551587 0.7533605225 
6.386632085 0.2520874656 
6.286433379 0.366531435 
5.506893027 1.087485231 
6.200047946 0.4393822153 
6.452207948 0.2111044108 
5.929735269 0.6820342854 
6.328896465 0.3287984516 
5.811674866 0.8027249967 
6.458140367 0.2123056277 
5.666981849 0.9227816742 
6.492675395 0.1837998862 
6.492593189 0.1828937354 
6.281524985 0.3789703208 
5.639677651 0.9788111987 
6.215153309 0.4597414379 
6.341077157 0.3405336871 
5.892583374 0.7767751327 
6.016257741 0.6447506501 
6.131155911 0.5357678617 
5.726486409 0.9035638394 
5.817432505 0.9104714629 
6.348041448 0.3389722142 
6.02822667 0.6734589589 
5.87017679 0.8180143232 
6.361809047 0.3202670182 
5.767466555 0.9194768928 
5.965415568 0.7786927934 
5.930020006 0.8392445108 
6.367395871 0.3450228558 
5.688651332 1.11418863 
6.033730496 0.7722980743 
6.207525061 0.5415431831 
5.551975466 1.391346617 
5.926986354 0.911263162 
6.135418652 0.6697304283 
6.174131011 0.6374294007 
