6.50451975 0.5596952514 
6.559590805 0.4712435754 
6.955496194 0.7278149194 
6.512014866 0.2283863646 
6.594899124 0.660923971 
6.498008351 0.4104862124 
7.302591723 0.487570383 
6.593935573 0.1356072742 
6.015007178 0.9190805417 
6.493576989 0.351511716 
6.686435945 0.2532764736 
6.467500157 0.8495668913 
6.56424574 0.3524714613 
6.050117684 1.453050069 
7.044449403 0.3628419894 
6.503409713 0.793841254 
6.597927132 0.4227748854 
6.798543478 0.2374086372 
6.33138198 0.6211300363 
6.77183396 0.5731361303 
6.658347434 0.3756261049 
6.594367095 0.4347229894 
7.001763319 0.6711321233 
5.654167972 1.75968808 
6.688900935 0.6229778825 
5.862513913 1.107312282 
6.520227099 0.3636773218 
6.541274603 0.4841427249 
6.63044523 0.3607758956 
6.344327093 0.5940383451 
6.566590188 0.5252015337 
6.799600026 0.1951412884 
6.619658621 0.9704597283 
6.361308346 0.5335284391 
6.460562627 1.16937648 
6.654614951 0.2040145782 
6.771012752 0.2770629636 
6.110479097 0.9737719414 
6.455595498 0.2530564374 
6.330208157 0.5076154653 
6.278677501 0.6067897788 
6.777412975 0.2818564233 
6.571063276 0.1407859301 
6.393091131 0.5927123295 
6.518816594 0.3742627329 
7.10122218 0.3652560693 
6.494450227 0.2314108544 
6.89275169 0.5522256579 
6.491092668 0.5406605317 
6.815137811 0.7739770015 
6.689114961 0.9170501505 
6.537390073 0.5369199021 
6.600800747 0.3449380391 
6.720502593 0.5264689217 
6.693664448 0.8147582115 
6.462439286 0.6070496773 
6.61422167 0.4075718009 
6.521977668 0.360785323 
6.600156041 0.3423593883 
6.647403433 0.5329574277 
6.59583645 0.6703331651 
6.597777956 0.2193201018 
6.378479444 0.6712870879 
6.860540626 0.3021346834 
6.462904738 0.6972172597 
6.607553619 0.08710504383 
6.972980364 0.3000837329 
6.449681288 0.3160793435 
6.675350776 0.415421064 
6.632340132 0.1334159513 
6.964640644 0.2307679538 
6.572301547 0.2731044811 
6.493269442 0.3305758566 
6.569105105 0.1700564326 
6.884401959 0.5114220901 
6.255263161 0.6191212951 
6.454139985 0.4067478487 
6.660482819 1.069714781 
6.330142871 0.4371664289 
6.365352849 0.4193445201 
6.649701656 0.1772035654 
6.707980926 0.4496917553 
6.770334748 0.2884623271 
6.598277886 0.121409909 
7.100257194 0.3844843978 
6.557213151 0.3851204237 
5.783821769 1.413224679 
6.161504196 0.7553623153 
6.840774292 0.3417422151 
6.104769039 0.8106626904 
6.68703981 0.2111203233 
6.594047106 0.8347118293 
6.483205375 0.3976868136 
6.21026502 0.6936115898 
6.5267464 0.5919698778 
6.797704671 0.1599622188 
6.569364507 0.2433520237 
6.463760741 0.3439685795 
6.575482077 0.154242717 
6.42809635 0.4065332385 
6.265813979 0.6379041571 
6.071037783 0.9040700512 
6.539854963 0.6746538134 
6.384499563 0.3742322426 
6.536338262 0.8373000313 
6.546521463 0.784695885 
6.511709966 0.2802828122 
6.542417755 1.018958415 
6.801545524 0.3527938387 
6.549007824 0.3218964794 
6.49183906 0.4297894564 
6.557496652 0.3136832863 
6.807547391 0.3530024508 
7.089751479 0.4493178026 
6.910656987 0.1893426035 
7.334376306 0.2405480505 
7.028492101 0.1496757248 
6.894335729 0.148323711 
7.104140062 0.09939949594 
7.690862394 0.2242264484 
6.996735408 0.1116908671 
6.761430885 0.09157658929 
7.263414257 0.02337950352 
7.243604741 0.01036859309 
7.308838555 -0.0559540497 
7.294750721 -0.04550316305 
7.651510487 -0.08018720159 
7.135395449 0.01193577692 
7.208167727 -0.1388853423 
7.396007793 -0.09183935616 
6.98163704 -0.09277001795 
6.706508284 0.02249752281 
7.285282366 -0.3110600972 
6.85459122 -0.07639489803 
7.409698138 -0.495248053 
7.203203217 -0.3509291236 
6.89276005 -0.1657631318 
7.08184426 -0.3133721332 
6.914383179 -0.1923518467 
7.027521189 -0.3128250542 
7.003932538 -0.2865612507 
7.18356047 -0.4912915378 
6.871567849 -0.1881704142 
7.036367822 -0.3466709977 
6.942220341 -0.2388993001 
7.235473657 -0.5662881561 
7.136190056 -0.4909043618 
6.921882486 -0.2897016522 
6.868899153 -0.238774481 
7.027074575 -0.4524443929 
7.174263425 -0.618988592 
7.163342842 -0.598783125 
6.688145786 -0.03999020961 
6.824690563 -0.2368277716 
6.735897149 -0.1401844709 
6.872620468 -0.3362731827 
7.748695151 0.2825902873 
7.976672703 -0.1623783144 
