8.877421358 0.791858631 
8.029198268 1.443452776 
7.654984894 1.407322298 
7.910046066 1.271983077 
8.052735106 1.298900112 
7.83793299 1.446523999 
7.648253558 1.548506163 
7.953546304 1.388717268 
8.040152498 1.2529692 
7.848063529 1.463089871 
7.824515134 1.533595103 
7.710011433 1.189602236 
7.455495473 1.478108158 
7.212586529 1.077263424 
7.38983228 1.556161862 
7.469968761 1.546543695 
7.027276631 1.820942562 
7.551773832 1.350557402 
7.584876526 1.583204917 
6.921718204 1.906339067 
7.023009786 1.571288683 
7.624155215 1.20082667 
7.314528981 1.397369929 
7.235641516 1.589928359 
7.04689773 1.706591279 
7.185228359 1.678556669 
7.311390818 1.483985292 
7.589481726 1.492176313 
6.867592193 1.2014977 
6.858345882 1.14603143 
7.020296106 1.19667726 
6.830132389 1.227442225 
6.97066891 1.094049054 
6.869386975 1.479378344 
7.03559829 0.9175625549 
6.951122877 1.03625671 
6.875191218 1.098596546 
