-0.5612286102 9.238782186 
-0.7301051915 9.297626714 
-0.1969531138 8.671263841 
-0.08542433 8.746183651 
-0.2389536837 8.798779541 
-1.37286628 9.15924988 
-0.8128966644 9.311205103 
-0.6050173202 9.751984835 
-0.1673464369 9.662901315 
-0.1244828652 8.680547107 
-0.4150929118 9.772950883 
-0.1386033304 9.374646461 
-0.1387347882 9.131430329 
-0.1194122626 8.982186429 
-0.9854459771 9.613774475 
-0.6474802968 8.641909956 
-0.06154352795 9.054967096 
-0.173325528 9.548749383 
-0.7484053149 8.613125253 
-0.6556885328 9.730311282 
-0.3313342011 9.507810526 
-0.3216169601 9.432511567 
-0.2544367533 9.116573125 
-0.2210412528 9.392605011 
-0.4198968133 9.231145858 
-0.1288531269 8.8839007 
-0.3108762035 9.370593399 
-0.3438385748 9.707746542 
-0.862705899 9.78517115 
-0.1368917729 9.136088672 
-0.3419026694 9.11234462 
-0.1682548517 9.359544163 
-0.4367090326 9.543948851 
-0.4993679959 9.371928226 
-0.3968381391 8.77244006 
-0.2687136549 9.006265399 
-0.4342391314 9.540798562 
-1.165356076 9.830293104 
-0.5042211887 9.336561312 
-0.3173653857 9.051888351 
-0.3786205667 9.158157737 
-1.027827621 9.069359971 
-0.2539109717 9.602635887 
-0.08034342612 9.009740523 
-0.2601646101 9.707040606 
-0.5470767493 9.811292791 
-0.886718311 9.343891926 
-0.1937428431 9.761313708 
-0.2143119268 9.238396074 
-0.2067404218 9.294710706 
-0.3907773896 9.620640909 
-0.1560633887 9.284633789 
-0.477520308 9.151285071 
-0.8183927842 9.537157061 
-0.2607360268 9.335279457 
-0.6644248791 9.70064481 
-0.2136872134 8.809272182 
-0.3187271109 9.466113305 
-1.517127046 9.727613676 
-0.3132621446 9.623590067 
-0.3561685962 9.675615448 
-0.3407255076 9.283375684 
-0.2806841755 9.287645111 
-0.755117652 9.398129554 
-0.4648226008 9.727365164 
-0.3402505702 9.465683298 
-0.1400675146 8.957551445 
-0.2864549362 9.648083533 
-0.1830241786 9.463887989 
-0.1582356358 9.227123333 
-0.2283435303 9.100869439 
-0.2086993886 9.720846216 
-0.3514405743 9.326483525 
-0.29402755 9.507327981 
-0.1759994657 9.28470899 
-0.202168827 9.562368205 
-0.5792045783 9.26361583 
-0.1692702512 8.747180868 
-0.2836851363 9.039641553 
-0.5304466834 9.804325383 
-0.2048636646 9.157441022 
-0.5353697027 9.366859668 
-0.1451030767 9.550429539 
-0.7591147244 9.150948178 
-0.1730933406 9.531802513 
-0.1154136916 9.396377438 
-0.1091784486 9.057849581 
-0.5218532479 9.684001533 
-0.7655829341 8.68725678 
-0.3669029543 9.379575265 
-0.4844898083 9.135112641 
-0.6031826344 9.316102257 
-0.3096089548 9.69033727 
-0.1224377447 9.518135998 
-0.2377616187 9.447985055 
-0.60102496 9.228756169 
-0.5023913351 9.020671281 
-0.3558793857 9.66921707 
-0.09761413983 9.250627738 
-0.161194727 9.350358533 
-0.1309295908 9.228066269 
-0.2070310743 9.341916995 
-0.1615415255 9.444710726 
-1.05140447 9.471306428 
-0.195809449 9.60366824 
-0.4005482786 9.125530613 
-0.7409526882 9.629839354 
-0.19878257 9.143746395 
-0.1821286737 9.417847815 
-0.2255725819 9.477479922 
-0.07998001159 9.158135514 
-0.2565945382 9.576771247 
-0.4339637355 9.647323175 
-0.3563334679 9.226020798 
-0.3502275232 9.565738796 
-0.1376755434 9.533309511 
-0.3119472244 8.923763919 
-0.7560461074 9.110672505 
-0.1542407161 9.346380637 
-0.3190032039 9.600538791 
-0.2966300999 9.228352494 
-0.5012435535 9.462260215 
-1.097156072 9.382195327 
-0.1370186653 9.399119875 
-0.0897191135 9.044725855 
-0.1347346143 9.358456455 
-0.1309880096 9.199061758 
-0.1564937069 9.49114496 
-0.01290721955 8.91084178 
-0.3985681401 9.396221988 
-0.3685855402 9.63877078 
-0.1067203892 9.079534272 
-0.4376429328 9.580321085 
-0.09977329404 9.270383762 
-0.9404953068 9.037765955 
-0.2595341832 9.529324594 
-0.2549315928 9.359778645 
-0.3950571187 9.464868342 
-0.1515842958 9.412666647 
-0.6848194275 9.496356038 
-0.2990644028 9.230357246 
-0.1637573502 8.6915611 
-0.3095695606 9.345324941 
-0.4282611418 9.539832907 
-0.1909754946 8.885702027 
-0.54924731 9.52921671 
-0.1699869435 9.461692911 
-0.6849393543 9.303518883 
-0.4655370791 9.448035672 
-0.2899305503 8.976968741 
-0.2520505738 8.7075075 
-0.1902935416 9.265272425 
-0.3698266854 9.640021387 
-0.5047611747 9.426908176 
-0.6796886731 9.560615755 
-0.7292172238 9.615645712 
-0.9501869169 9.08634594 
-0.5882435552 8.969522103 
-1.283065329 9.764019397 
-0.2416298171 9.258914867 
-0.4247715236 9.79649193 
-0.07507806571 8.747594097 
-0.06305311797 9.197305071 
-0.6186500726 9.521682044 
-0.8217250826 9.533216533 
-0.2566087055 9.409942466 
-0.4764128354 9.094365059 
-0.1887077661 8.689556993 
-0.8440717909 9.135954166 
-0.1910420818 9.602504981 
-0.3660106496 9.693914593 
-0.2356723966 9.490048299 
-0.3428033554 9.305302582 
-0.4358490076 9.783068315 
-0.4628630326 9.66691345 
-0.2649490334 9.487694399 
-0.6316316758 9.578800732 
-0.1916488664 9.495160038 
-0.3471514905 9.359431423 
-0.5738532308 9.564371812 
-0.4126062999 9.319747381 
-0.1704783837 9.41435094 
-0.7188956954 9.03504854 
-0.1849475399 8.627230389 
-0.1049803159 8.577271407 
-0.7843554816 9.877545314 
-0.7869165379 9.915705816 
-0.1087869737 9.490457491 
-0.1368660661 9.633750771 
-0.1325166476 9.61302759 
-0.1263897813 9.597639316 
-0.08355632566 9.380093817 
-0.1494146634 9.682055332 
-0.1145862352 9.529484351 
-0.1432639927 9.677521597 
-0.1434137709 9.665109267 
-0.09772890196 9.49135574 
-0.1352678517 9.722057958 
-0.1291388735 9.731558079 
-0.09010314337 9.462487794 
-0.134169322 9.74215886 
-0.1219392945 9.602990201 
-0.1221156695 9.682389921 
-0.1196310672 9.670548754 
-0.09851211589 9.552871802 
-0.05917738021 9.299158854 
-0.07576089864 9.458725714 
-0.0836016716 9.504724275 
-0.07721858366 9.458694169 
-0.1017561471 9.651897721 
-0.08885690403 9.548529206 
-0.07803407057 9.458679309 
-0.0927229186 9.651461402 
-0.05892528637 9.383376929 
-0.08152722699 9.593973046 
-0.06346792662 9.413631128 
-0.09217852221 9.736176704 
-0.02498396783 9.071403487 
