0.08850511507 9.797604961 
0.2421498743 9.956531597 
1.248482941 10.24757224 
1.622696702 10.70093465 
0.5183968342 9.931284912 
0.3889505988 9.887992811 
0.8015877491 10.06275601 
0.962537051 9.777931667 
0.4379389512 9.963309486 
0.5102676629 10.22365142 
0.4948284032 9.815618119 
1.44668762 9.845305644 
0.5448919797 9.758976512 
0.1454484286 10.06097377 
0.3949946754 10.15671479 
0.4896053693 9.967099964 
0.4085341522 9.795195352 
0.5327513835 10.08678938 
0.1897647529 10.05523093 
0.4377224429 10.01779586 
0.1360468895 9.846012411 
0.2399719208 9.905315078 
0.8356261597 10.6510781 
0.2674620885 9.792579987 
0.3991153593 10.08654061 
0.3767800013 10.31087427 
0.8267665356 10.36485487 
0.2969016759 9.806577127 
0.7021128683 9.889946445 
0.4018107798 9.963593644 
0.1151521937 9.849252494 
0.3133410516 9.799052244 
0.848889937 10.24816436 
0.1945338154 9.797297572 
0.1621513996 10.06223506 
1.118087031 10.09510396 
0.2551187986 9.879788051 
1.175368875 10.98333281 
0.6270439405 9.782963096 
0.5359674108 10.10605976 
0.2166646744 10.11770593 
0.6240257218 9.985799731 
0.3273213061 10.04459191 
0.506850605 9.962463279 
0.1867500864 9.903201154 
1.092653545 10.36429963 
0.2804591563 10.02006257 
0.125665695 9.801711885 
1.314854742 9.920360839 
0.686743689 10.1390041 
0.4411394593 10.0408455 
0.3009308759 9.919181011 
0.2027769169 9.802995813 
0.7564761723 9.773847737 
0.4317816293 9.968789623 
1.032371613 9.786885935 
0.3112948595 9.869044384 
0.4473875437 10.28365006 
0.1740215534 9.898447312 
0.1903457941 9.925926621 
0.8081317328 9.915343334 
0.1605684623 9.842497499 
0.3039158981 10.43317621 
0.2387505954 10.29059517 
0.6202767143 10.00027914 
0.3895203913 10.11724608 
0.6312857719 9.891261886 
0.2996474759 10.02024802 
0.5623255521 9.829493796 
0.3674328131 9.89256273 
0.3712815804 9.939030751 
0.4637057971 9.797244982 
0.7168222445 10.50938442 
0.1735033772 10.11753696 
1.047889996 10.91974283 
0.827407287 10.43130292 
1.048901363 10.22767366 
0.5441835823 10.17073883 
0.2062512639 9.82652555 
0.9984321384 9.923606659 
0.4301019034 9.791302218 
0.40007239 10.41342476 
0.581624255 9.919440888 
1.412546157 9.944515037 
1.383127859 10.17258774 
0.4299535562 9.80966072 
0.166804652 10.05105035 
0.228280991 9.796952673 
0.1091438185 9.803797488 
0.3526032879 10.00219387 
0.159272621 9.89345117 
0.4656027549 9.791074078 
0.3501697235 9.900639037 
0.1396484541 9.800788307 
0.555073719 9.785851559 
0.5124333893 10.6957683 
0.3063944365 10.14484376 
0.4086748694 9.808439558 
0.2867635704 9.918650416 
0.1191832368 9.891393694 
0.478195922 10.1112924 
0.2910868916 10.59512978 
0.2914738606 9.848779922 
0.1781729193 10.0358915 
0.284257404 10.01747835 
0.9008347946 9.985619985 
0.264244505 9.830502405 
0.5664426528 10.82808132 
0.9404352299 9.793579572 
0.2777787665 9.899186765 
0.7103944434 9.822936606 
0.4410224689 9.884811136 
0.180189739 10.08613024 
0.4409266885 10.69875682 
0.3637619506 9.973609617 
1.266067529 10.02211394 
0.2180843983 9.975274321 
0.241812503 10.19706569 
0.4500924551 9.862046714 
1.131282175 9.725327161 
0.1775286825 9.81499792 
1.071868034 10.44131944 
0.2488958099 9.805320709 
0.5892510465 10.14644815 
0.6129602214 10.09444091 
0.6058292524 10.04022418 
0.5537995008 9.892477691 
0.4940621069 9.953475506 
0.2055395615 9.849401304 
0.2983150351 9.856184553 
0.1979110796 9.810976716 
0.5998462948 10.44960084 
0.3441773582 9.924842029 
0.6284789399 10.14119409 
0.6420503225 9.827909419 
0.4049397057 9.836298189 
0.7033560385 9.877317998 
0.272001034 9.898625626 
0.6607614903 9.824205895 
1.248527754 9.689815598 
0.3158501678 9.785054893 
0.5080544086 9.970400576 
0.9394182533 10.49105135 
0.2733015679 9.809872928 
0.7018031175 9.882600452 
0.531686679 10.27491634 
0.4352171922 10.15910142 
0.2279120466 10.24966321 
0.5328274826 9.762090093 
0.5167587213 10.2178176 
0.1388874943 9.848859195 
0.7078729508 9.72675591 
0.2377631821 9.764689382 
0.09481320053 9.777630633 
0.09203431315 9.782387057 
0.7134871869 9.736862285 
0.209298289 9.761484427 
0.2023464467 9.766266645 
0.2997808252 9.769862782 
0.875960721 9.679785234 
0.5171146217 9.753022086 
0.1245328107 9.776470497 
0.3455346924 9.773112899 
0.5821847501 9.735400732 
0.80555107 9.694633156 
0.1596030487 9.777792915 
0.3380869813 9.753011066 
1.32325994 9.648155836 
0.2364482016 9.732519529 
0.3886762555 9.722747684 
0.3030615043 9.728951239 
0.2796888367 9.723371337 
0.1146388862 9.749350473 
0.6836384707 9.676719961 
0.2129344878 9.735501636 
0.4908882773 9.700043051 
1.182739359 9.614879282 
0.1727562194 9.754171237 
0.1967671682 9.742758527 
0.2206137389 9.730252258 
1.243368638 9.589383031 
0.5320975051 9.694975857 
0.1863509193 9.725261792 
0.5433434076 9.665447408 
0.151262682 9.735497952 
0.8220332227 9.622019207 
0.9684655338 9.609772498 
0.2775937607 9.710933807 
0.189684573 9.725878068 
0.1220008239 9.740954287 
0.07287146175 9.740090741 
0.4702496192 9.676077082 
0.3434007549 9.698108678 
0.6440398413 9.66639896 
0.2404649721 9.719604986 
0.1566645812 9.737633775 
0.1958734001 9.717942378 
0.8180056642 9.601974675 
0.38366839 9.679033113 
0.2469795049 9.705374201 
0.2780221257 9.69030497 
1.365260949 9.476470488 
0.5042479909 9.660519835 
0.5783452591 9.6404843 
0.2383541318 9.692642421 
0.1437148597 9.71130996 
0.1744837869 9.699586336 
0.3141352375 9.670746133 
0.5938613055 9.607305411 
0.1367427709 9.711253515 
0.2364824193 9.682923132 
0.3823511115 9.651305399 
0.5169349702 9.617604904 
0.385481184 9.642882353 
0.3643736288 9.649485267 
0.1507444877 9.694356621 
0.1699398608 9.688687182 
0.1667600366 9.688236559 
0.4986614795 9.610913763 
0.4292618946 9.624796827 
0.1257464074 9.697211266 
0.1997627738 9.677049855 
0.5571421935 9.590897358 
0.1915487537 9.678210903 
1.153549285 9.442998667 
