9.340930501 6.375148196 
6.792066706 8.935267931 
7.541721573 9.324855667 
6.878522087 8.630963329 
7.123648213 8.708908205 
6.304737829 8.074312876 
6.905027444 9.095865823 
6.829004631 9.021578517 
7.022032564 9.646947087 
7.545897733 8.746468297 
7.139660214 9.173616427 
7.072851633 8.344714062 
7.212937336 8.015141354 
7.833364979 9.470245915 
7.214139905 8.572479469 
7.116940134 9.086605595 
6.815100576 8.961189112 
6.232669161 9.10733834 
7.561344411 9.041653185 
6.120378668 8.300172907 
7.576833593 9.63132922 
6.836501956 8.324857541 
6.754434776 10.00211248 
7.816063867 8.393720918 
6.881031148 8.83584819 
6.947510383 8.815075238 
6.490496208 9.502759323 
7.580496784 8.450315504 
6.193336543 9.711517127 
6.644423194 8.785346719 
7.3744477 9.507475747 
7.7491018 9.659291095 
6.648366905 8.115667528 
6.196972725 9.516038414 
6.737737894 9.132903682 
7.142677132 8.695482866 
6.31855002 8.373141878 
6.933478011 7.962846349 
6.844036023 8.98556719 
6.149494934 9.214743143 
6.245501324 8.296270835 
6.975767649 9.534694521 
6.825972652 8.973597257 
6.876102725 8.958176238 
6.723092029 8.340533161 
6.545883688 8.666986367 
6.399735168 8.734120719 
6.567791526 8.714934372 
7.642838043 8.963859829 
6.346181956 9.40709517 
6.767425279 8.937500325 
5.928347828 8.941344923 
6.870580901 8.898974857 
6.44344124 8.910435311 
6.751725478 8.764061002 
7.26200127 9.348025302 
6.750944491 9.847134667 
7.50572748 8.168624632 
6.837252427 8.983023825 
6.971922474 9.128533723 
7.032322203 8.641162888 
7.495660208 9.909245053 
6.758834204 9.173515538 
7.248292954 9.369823018 
6.270355142 9.078141953 
6.817923869 8.418596802 
7.144936308 9.508017043 
6.745525536 8.69675084 
6.858328031 9.072736177 
6.631995747 9.041209163 
6.478459087 8.48411343 
6.09036149 8.341348381 
7.720060997 8.511523202 
7.201601465 8.02319832 
6.454401354 9.383020383 
7.751941965 8.652369982 
5.721150156 9.263441725 
7.238791993 9.840258549 
6.15818392 9.425503102 
6.734009498 8.992195625 
7.761432655 8.525600245 
6.888308399 9.276622792 
7.093656077 9.536006358 
7.128627388 9.280014114 
7.152291075 8.913082277 
7.30595169 9.172864919 
6.70383049 8.538823487 
6.559773932 9.044599512 
6.864484041 8.983237946 
6.840462288 8.996124869 
6.879971081 8.968893754 
6.187190446 9.425845854 
7.106607306 8.405336306 
6.478415744 8.602307368 
6.735345044 8.780443163 
6.795252565 9.163726128 
6.783677214 9.09475387 
6.975876726 8.904777418 
6.782791695 8.49082037 
6.690186912 9.295213957 
7.194024077 8.206237607 
7.290508235 8.949813203 
5.959855392 9.072534871 
6.116941109 8.217445889 
6.192113754 8.653688732 
6.672867056 9.198654284 
6.841647531 8.989915926 
7.398885419 7.974186913 
7.426054921 9.744766126 
7.117227646 9.241199858 
6.429827167 8.652824677 
7.064087532 7.96515735 
6.385767902 9.471949953 
6.433912269 8.380137835 
7.195875135 8.623374123 
6.942358875 8.335640792 
6.756548868 8.956405997 
7.287561998 9.451562329 
7.199601217 9.98867309 
6.942499242 8.496485444 
6.824238957 9.051082328 
7.01612101 8.836195742 
7.310840399 9.989908035 
6.992625278 9.302065981 
6.009085559 8.465158047 
7.113599357 8.988312298 
6.437967408 9.108142268 
7.461067363 9.518415916 
7.361844117 8.611663446 
6.950881349 8.221636321 
7.417941367 9.01217184 
7.896800716 8.662609082 
6.716134203 8.920136346 
6.998585617 8.899086028 
6.339725162 9.150807744 
6.853635338 8.96196149 
7.111389105 8.70296578 
5.927515037 9.284009885 
6.363754244 8.984949744 
6.974551566 8.758410595 
6.672203979 9.111076852 
6.901725953 8.92395752 
7.55106479 9.571193928 
6.14243194 8.685756581 
6.757565713 9.06574197 
6.565180185 9.268827463 
6.638193337 8.928257422 
6.953309264 8.773795589 
7.359884563 8.377167428 
5.788928031 8.736093974 
6.729310656 10.12922109 
6.832083654 8.952338332 
6.731230256 8.996002321 
7.514395104 8.790728246 
6.327866992 9.112162803 
7.119836741 9.198163157 
6.92916149 9.112445285 
6.615004428 9.616043047 
7.215514195 9.438447025 
6.421823133 9.170207365 
6.91468525 8.052689616 
6.828787476 8.554582256 
6.513641234 9.454584535 
6.866613476 9.032887326 
7.684242924 8.765733663 
6.670283687 9.065438677 
6.255962997 9.769681425 
6.303487804 9.350677112 
7.22179662 9.732598357 
6.621217961 8.275374311 
6.510913213 9.183710156 
7.177983336 8.382883765 
5.852785242 8.996588776 
5.783335589 8.572408098 
7.09160619 8.910749257 
7.864622792 9.205930058 
7.704982121 9.149015759 
6.258536095 8.701709966 
6.517409855 8.869041 
7.203977663 8.650410083 
6.891296138 9.012953786 
6.841276556 8.986329257 
6.808134372 8.049545628 
6.409674211 8.283546206 
6.804687505 8.267242425 
6.902595705 8.37016482 
6.684347781 9.400408436 
6.877241293 9.274808093 
7.140704697 9.74889383 
7.151355275 8.540528473 
6.789952459 9.748837448 
6.517032665 8.472490369 
7.244704197 8.701759359 
6.541024704 9.88859715 
7.234687164 9.319373853 
6.750905755 8.874081094 
7.186255366 8.689196935 
7.778901559 9.107042336 
7.281830274 7.967708428 
6.017102392 9.083996063 
6.126702353 8.570690114 
5.973623547 8.447254931 
6.055562334 9.518258279 
7.158226987 8.771421439 
5.703232844 8.827673622 
6.591126774 8.734487031 
7.003184786 8.946607207 
6.126732335 8.311058462 
6.765000248 9.470935535 
6.879097674 10.06420386 
6.516304031 8.785737138 
6.627952266 8.876390361 
7.554492399 8.147403214 
7.542952066 9.664114815 
6.758340276 9.013458668 
7.208173502 9.220723895 
6.98998299 8.803690061 
7.265476462 8.129177785 
7.258326643 8.994653177 
6.378636135 9.267185726 
6.352375926 9.657589989 
7.777703892 9.683626145 
6.327708473 9.67187954 
6.030213067 8.310391325 
6.908255455 8.971754042 
6.786028864 8.513327824 
6.665314769 8.890375582 
7.173796266 9.40239563 
7.963813696 9.234316535 
7.523020797 8.583233836 
6.328669536 8.054449587 
6.674766741 8.572186213 
6.90086164 9.00511786 
5.856446299 8.55296408 
7.680087087 9.229937504 
7.586790918 9.64606504 
7.398879457 8.421199514 
6.198536934 8.689513423 
6.668078451 8.229569365 
7.599600579 9.736607154 
6.362227871 9.361623111 
6.346650274 9.227971202 
6.444604764 9.190207447 
6.536821747 9.090215337 
7.227966111 9.317482043 
6.914238588 9.057497468 
6.984571093 9.321992621 
6.082572583 8.565217769 
5.771185212 9.331858009 
6.364627726 8.316024687 
6.786738368 9.044193056 
6.613919146 8.471432549 
7.679538954 8.41377091 
6.58051762 8.770094373 
6.822170292 8.986918457 
6.261526653 8.235791572 
7.102680455 9.563162068 
6.309528061 8.433964995 
7.241161329 9.803596332 
7.189818063 8.636137188 
6.833087386 8.05958585 
6.634280515 9.471686362 
6.020664231 8.941147711 
6.868400469 8.20336373 
7.750598904 8.390082575 
6.006935013 9.463128343 
7.338601049 9.140182796 
6.55411832 9.141708076 
6.099774494 8.305675381 
6.924687386 9.398333341 
6.383642959 8.211028918 
6.613439097 9.267616558 
6.983049077 9.477536174 
7.023684157 8.799512899 
6.898550126 8.436056334 
6.925387178 9.351776117 
5.931058185 8.287242881 
6.864026985 9.106045936 
7.190980509 10.09681924 
7.342901431 9.868002164 
7.431074414 9.542783931 
7.209055784 8.159822717 
5.902996462 8.911049647 
6.264946091 8.760654333 
6.754931197 9.29611694 
6.580926746 9.093702488 
6.082215015 8.643227265 
6.736977811 8.947588938 
7.823665517 8.425300596 
6.849863746 8.904157186 
6.928332703 8.658835544 
7.196177778 9.167474064 
6.673345225 8.841506088 
6.446044794 8.054489099 
6.304275125 10.03780701 
6.069343915 9.314627647 
7.011090158 9.270742285 
7.262066947 8.853416593 
6.778163034 7.89842763 
5.724207491 9.051947877 
6.839401922 9.238925405 
6.805104313 9.160960784 
6.856106574 8.959871012 
6.809074896 8.965504904 
6.262669186 8.661972347 
6.232497772 9.727303787 
7.02818199 8.855567912 
7.004664455 9.062897477 
7.469664693 9.902229483 
7.754453262 8.952303875 
6.649757223 9.136978109 
6.891935718 9.028024948 
7.260399323 9.718560736 
7.303864006 9.192041542 
5.866905083 8.453552364 
6.990319476 8.697153044 
6.418085869 9.842481922 
6.713397665 9.007550396 
7.763624295 9.223838953 
6.327166254 8.967319957 
7.44158849 8.249434389 
6.54139227 8.644970406 
6.393793488 8.918731365 
6.702616597 7.910981299 
7.677023991 9.490320113 
6.979162627 9.083678166 
7.458000516 8.265078835 
7.094964764 9.669759081 
6.537255159 9.302796569 
6.761496071 9.296685204 
7.001492459 9.091325981 
7.381516486 9.216516822 
6.154393406 8.433439278 
6.836554266 10.15870574 
7.033766377 9.812261199 
6.343211803 7.988144053 
7.561398115 8.858909245 
6.998050136 9.044543012 
6.260115442 9.880909507 
6.495759386 8.402746937 
6.922795884 8.833462151 
6.336809051 9.194337197 
6.830580099 10.00999348 
7.813726849 9.274129883 
7.047282644 9.306682569 
6.501407667 10.06211866 
6.821909028 8.390129256 
7.943747172 8.849216642 
7.535324539 9.654814658 
7.438976059 8.68641217 
7.092268691 8.000256065 
7.23476645 9.882665945 
6.7035112 8.673694164 
7.693989676 8.456889289 
5.816874364 9.125533045 
6.635979622 8.168492958 
7.568414505 8.115601062 
6.780228807 9.35903523 
7.047716479 9.000296184 
7.058373481 8.376645847 
6.818485516 8.248300824 
6.690433517 9.975029422 
6.945106607 8.894365548 
7.087803153 8.460899339 
6.923337387 9.075909469 
6.98547669 8.811988745 
6.035070677 9.852245582 
6.855302204 8.948960263 
7.625504892 8.920785218 
7.294211456 9.00184821 
6.552582691 8.669940995 
6.435815487 8.439327382 
6.943279038 10.13726019 
6.761626891 10.1236218 
5.793510836 9.396867303 
7.105829261 8.852139103 
6.82584711 9.109222536 
7.341949046 7.992101603 
6.293067585 8.23299219 
6.685627597 9.122585683 
7.515238782 9.681396071 
7.53690065 9.675160872 
5.795519296 9.239712733 
6.654792569 8.784433289 
6.815833873 8.933123776 
7.576006353 9.410691758 
6.842366653 8.996712648 
6.054984776 8.7102125 
6.65810256 8.975917592 
6.254608656 9.252861971 
6.746567096 9.171263069 
7.158152288 9.288656172 
6.863852341 8.738444734 
6.29675677 8.133432885 
6.743801227 9.074594432 
6.242572842 9.703470123 
6.252156159 8.937325214 
7.053987653 9.193154195 
6.780521279 8.942515532 
7.974891038 9.152584527 
6.733002616 8.871691298 
7.264463952 8.292824706 
6.09677968 9.144574723 
6.24211374 9.427229559 
6.956382986 9.050314178 
6.987637704 9.152429458 
6.998134558 8.885721098 
7.445447182 9.532559703 
6.71235479 8.525806296 
7.333420176 8.886969022 
6.616124823 8.808302807 
7.110568823 8.980099365 
6.850287953 9.046060927 
7.137315797 8.462611482 
7.881676767 9.064999287 
6.815970155 9.511072184 
6.484781262 9.421360064 
7.345421996 9.529669952 
6.491627766 9.695554207 
6.728286231 9.642505478 
6.556707877 8.506296835 
6.96448097 8.672443552 
6.616824936 7.861632566 
7.642312224 8.655425745 
5.793810015 9.34290182 
6.912356019 8.931812395 
6.419287853 8.182429029 
6.066900847 8.127838567 
6.811450282 9.5780869 
6.614212694 8.329125567 
7.515180087 8.969797719 
6.906872489 9.262811252 
7.043839026 8.752809173 
7.355719747 8.51549886 
6.307401294 9.060355396 
6.827264013 8.986737613 
6.69535204 9.183913767 
7.49220906 8.374971587 
7.076992395 8.93265068 
6.207094059 9.720255764 
7.637107187 8.363227353 
6.194409885 8.014276282 
6.779452911 9.11967284 
6.66141122 9.821443208 
7.291382429 8.445754268 
6.761070516 8.910785556 
5.990739601 9.636006585 
7.905603464 8.691748774 
7.348020215 8.031589812 
6.084011971 9.244537945 
7.599668635 8.38552814 
6.212495842 9.515501351 
7.182709776 8.401473071 
6.778194002 9.053948175 
7.14391128 9.194824929 
6.757789874 8.978199031 
6.806423934 9.018458014 
6.579722308 9.373709437 
6.467791946 8.401702455 
6.666723971 9.072121289 
6.756547488 8.952000729 
6.888239679 7.995270317 
6.425483471 8.920609325 
7.2166506 9.230390839 
6.506581771 8.40541072 
7.40077767 8.766710784 
7.317994282 9.413355654 
5.898252012 8.539493401 
6.161614245 8.076422225 
6.94115386 9.438300808 
6.117313944 9.301988128 
6.499040679 8.73927197 
6.677969466 9.105308208 
6.621594739 9.410262336 
6.437649469 9.481327117 
7.219172577 9.893178106 
7.258798567 8.226132251 
6.431017347 9.295239231 
6.791723315 9.021583346 
6.411381374 9.825451188 
7.905126125 9.387744255 
7.180912758 8.442814757 
6.752983205 9.43639471 
6.822362713 8.993982645 
6.46620887 9.621725156 
7.678412263 8.920006613 
6.903460965 9.074736486 
6.67512669 8.61355639 
7.148299988 9.003461771 
7.619061766 8.330214323 
6.772031376 9.495788394 
6.315326324 9.053297808 
6.195738846 9.534955855 
7.032241976 9.161497944 
7.122261114 8.550080365 
7.003238689 9.037871053 
6.556307103 8.364214651 
7.247836377 8.489511934 
6.83330656 8.988378669 
7.677367602 8.254108917 
6.1024221 9.313943485 
7.647302222 8.675681652 
7.621721619 8.981307082 
7.11423207 10.10152475 
6.021017412 8.220864051 
6.657299675 9.186366598 
6.985198299 9.170665065 
7.124163163 9.75395335 
7.012063646 8.909583028 
6.023785753 8.561885002 
6.816765412 9.160478116 
7.111891406 8.337327798 
6.78292183 8.788686167 
6.59648566 9.202830285 
6.658186247 9.004279367 
7.133623992 9.128982483 
7.046077457 7.990892295 
7.593988888 9.326538084 
5.892099372 8.28760478 
5.986886203 8.255326504 
6.561533451 9.110590412 
6.852014915 8.959427697 
7.094129774 8.824132605 
6.703469046 8.823436828 
6.338645922 8.801908933 
6.042457172 9.636913244 
6.815597031 9.128519285 
7.183061723 8.76187001 
6.847147909 9.016237274 
7.021870527 9.382349473 
6.171631865 9.590372148 
6.025236928 8.519638582 
6.551929469 9.835511793 
7.440544526 9.063992093 
7.067697673 8.821101399 
6.865540834 10.00796601 
6.664557437 9.295192821 
7.592947378 9.820673075 
7.769572368 8.497390326 
6.370368335 9.993319747 
6.81678911 8.21945872 
7.11625657 8.689104843 
5.901937532 9.462258121 
7.477191673 9.541303191 
7.830673303 9.102110132 
7.028250083 9.134286297 
6.01620495 9.63290485 
7.423465703 8.863210672 
6.969080151 9.215315823 
7.018667488 8.952097763 
6.054899521 8.483437071 
7.225769762 9.229357145 
6.725379675 8.364199178 
7.818703803 9.451562302 
6.440438993 8.594063923 
6.838085539 8.354790206 
6.637117729 8.816932919 
7.142122497 8.646588283 
7.070034883 9.504796827 
6.984231881 8.757649398 
6.677440417 9.102659624 
7.202821043 8.878125256 
6.614445246 8.427131699 
6.903709304 8.920196232 
6.777941976 8.911946128 
6.99272357 8.841223027 
7.459079216 9.264520191 
7.099651618 9.954842337 
6.357432524 9.1412078 
6.882807573 8.847477265 
7.13937015 8.849201474 
6.767935111 9.181060083 
6.865581471 8.275957061 
6.86312507 8.871992906 
7.716681878 8.222528153 
6.466367627 8.471354746 
5.946766413 9.234205881 
6.938910907 8.149803969 
6.127277362 8.108269251 
6.381609972 9.777866232 
7.043266422 9.864103732 
6.601029983 8.473608463 
7.091038426 8.203931849 
6.964529128 8.703075946 
6.198397943 8.423382151 
6.829704911 8.994182756 
5.958926236 9.099511214 
6.45229711 8.857855521 
7.429375895 9.480049581 
6.902266001 8.979047419 
5.744635869 9.007152315 
7.442702024 8.146824957 
7.277398856 9.705181464 
6.392496395 9.069753888 
6.564240075 8.724916266 
7.704968587 9.705407272 
7.078352123 9.051705261 
7.042459296 9.036093248 
5.758402902 8.656584842 
6.680424513 9.26080862 
7.616091704 8.52540336 
7.397953295 8.647752549 
6.866236725 8.914655815 
7.005741185 8.606410609 
6.036759096 9.434528019 
6.20887409 8.508930552 
6.683568532 9.349942751 
6.746752436 8.407096712 
7.015243629 9.223381038 
6.740732857 9.171441937 
7.831888014 8.540621728 
6.853393966 8.714620923 
6.685811493 8.760803997 
6.304405886 8.024137062 
6.487766634 9.233263824 
6.341385891 9.201121255 
7.546138641 9.419118245 
6.81355832 8.221684575 
6.141829216 9.122716839 
6.663349065 9.026955167 
7.131300475 9.368522096 
6.547861816 8.40380946 
6.603772829 8.868403928 
6.777009404 9.079842106 
6.850034427 8.967841467 
6.804674588 8.995962542 
7.238557428 9.435623177 
7.503123436 8.674499907 
6.31864267 8.987606236 
6.585768769 8.851111165 
6.726872614 8.971828908 
7.850323089 9.125437029 
6.614864817 9.333721895 
7.45876653 8.823571029 
6.871305173 8.949441499 
6.151217048 9.856143028 
7.347368754 9.711306371 
6.604365303 8.790861466 
6.67899448 9.506518291 
6.958530488 9.722094211 
6.778856503 9.024323645 
7.026535126 8.975713439 
6.377785522 8.352511519 
7.004229586 8.736907355 
6.795461693 9.101507501 
6.870069265 8.967613626 
6.08597642 9.12417485 
6.629222149 9.60503257 
6.940386835 9.267766649 
7.245443304 9.424109074 
6.774854102 9.135992848 
6.124407245 9.464002585 
6.927313218 8.836309792 
6.785607184 9.819595342 
7.163061594 9.399612228 
6.974547064 7.993671331 
7.295161039 9.524442018 
6.736769238 9.101622594 
6.285314466 8.067610879 
6.727936342 9.357642527 
6.495080168 8.737338334 
6.161680678 8.379356017 
6.307170773 8.760390692 
6.967714246 9.087303238 
7.215706034 10.09146369 
6.835298768 8.950629157 
5.931277725 9.649253377 
7.675092342 8.530645078 
6.833358299 8.988450757 
7.40236878 9.506127477 
6.898872238 9.067700358 
6.964929173 8.722197399 
6.390711337 8.688943295 
7.867371477 8.814224503 
6.755964757 8.303274111 
6.522047283 9.993524763 
6.416307324 8.369593267 
5.75643346 9.050742187 
6.577693641 9.447517537 
6.869849606 8.960300958 
6.367759071 8.171173976 
6.804928491 8.958142465 
6.076671021 8.125798385 
6.810025012 8.978205241 
6.059829298 9.413264921 
7.299721858 8.863027663 
6.506639791 8.924721493 
7.515764715 8.20891985 
7.028005317 9.325549164 
6.8784774 8.972731602 
7.635820374 9.292220425 
6.640587877 8.627915464 
6.198788272 8.405012931 
7.566927175 9.464252716 
6.397280592 9.860906608 
6.927226241 8.904976901 
6.963129921 8.526612334 
6.688677456 8.856409602 
6.678092953 8.760110183 
6.845909815 9.677780828 
6.836049254 9.343456441 
6.377285496 9.52500523 
5.894645503 9.608951972 
6.905081904 9.062886371 
7.249113148 9.152468341 
6.865529394 8.972549878 
6.533277545 10.02508707 
6.414976506 8.773615084 
6.230330159 9.392433475 
7.294107082 8.672518846 
6.959348363 8.560479233 
7.10206545 8.841925189 
7.524986346 8.636849069 
5.839415941 8.8525656 
7.053058389 9.146144289 
6.265928157 7.965737439 
7.372000638 9.689310702 
6.781107886 8.964675734 
6.446751068 9.184147263 
6.967257574 9.077481579 
6.609069201 9.096288818 
7.013247273 9.238797315 
7.117463732 9.505982752 
6.853016408 8.867290803 
7.965683792 8.901018002 
7.244981685 7.954140911 
7.185422617 9.028696029 
6.285676218 8.946473212 
6.559617705 9.027156332 
6.792794452 9.30596927 
6.978588371 8.583656252 
6.90499547 9.044245679 
7.05471352 9.455373639 
7.3595735 8.404988354 
6.920029465 9.398469669 
7.633928128 8.514330423 
6.757272183 9.080766732 
7.00347027 9.310513514 
6.239776808 9.794043168 
6.566362186 8.945349717 
6.870940836 8.972793631 
6.194334322 8.459163825 
7.608716245 8.400702607 
6.811621293 10.12013781 
6.804375931 9.030659732 
6.454234917 9.547953373 
6.656635095 7.964876028 
6.685835878 8.999348367 
6.861579507 9.636718076 
6.591000943 9.380731877 
6.062933746 9.514033405 
7.004655188 9.595560306 
7.400778814 9.620263851 
6.787053758 8.974061464 
6.084109834 9.875087085 
6.435164066 9.127552463 
6.330840709 8.276481752 
6.779121114 9.021408108 
6.185653695 9.181885753 
6.495943196 8.148266593 
7.107978909 7.955815114 
6.288720146 9.625225206 
6.185904474 9.866195214 
6.966575934 9.851387162 
7.295289317 9.636481142 
6.786447589 8.920811849 
6.458664693 8.734522651 
7.362267169 9.400512604 
7.109804382 8.918151358 
6.392029975 9.489036943 
6.579409936 8.501854649 
7.438119958 9.532210151 
6.906772133 8.911310736 
6.84539152 8.959456412 
6.861688733 8.486855562 
6.872003898 10.10671094 
5.80698199 8.693179678 
6.703999093 9.536960983 
6.856300522 9.026004608 
6.210838806 8.818164202 
6.861999232 9.607091809 
7.565565673 9.472621338 
6.814162597 8.403549051 
6.240373348 9.281249759 
6.351228668 9.605395287 
6.94098838 10.00906606 
5.802208842 8.827740848 
7.854325891 9.162550577 
6.521622911 8.90215962 
6.485168557 7.9410514 
6.600148482 8.372576778 
6.741535636 9.698387732 
6.461202413 8.119218141 
7.163822503 7.95183294 
6.623901649 8.753412402 
7.076690256 9.092202199 
7.05300454 9.573282554 
6.390004029 8.62373504 
6.635431353 8.968809089 
6.419103949 8.708027417 
7.44074409 8.380635977 
7.521741094 9.223703554 
6.2956136 9.414391242 
6.109671958 8.975065047 
6.583411601 9.274181854 
5.85757426 9.596791274 
7.267386399 9.290071651 
6.399328383 9.383720428 
7.017187004 9.051304067 
6.487083594 8.113106475 
6.840895646 8.897223669 
6.250340187 9.889211886 
7.571671754 9.077119098 
7.217303447 8.701804915 
6.849283165 8.996285504 
6.914987129 9.181313467 
6.352857846 8.905829291 
6.874624413 8.189877922 
7.403631964 8.420665863 
7.137807815 8.574077174 
7.040335806 8.486388814 
7.77043309 9.68045858 
7.103767589 8.530229216 
6.947832867 8.418122753 
6.316734944 8.3830005 
7.45515616 8.370161757 
6.183154016 9.14861169 
7.253838321 9.393178041 
7.423893659 8.411180515 
6.634763431 7.904545391 
6.769687903 9.020810027 
6.939522223 9.125432996 
7.455673086 8.098511317 
6.744935362 9.059013121 
6.757379748 8.989118269 
6.355914589 8.733379971 
6.814947379 8.044169225 
7.229624617 8.997791596 
6.941035466 9.09452349 
6.582948383 8.503695049 
6.843651453 8.694414034 
6.808487364 8.933430467 
6.92156167 9.462079798 
6.997256897 8.965160118 
6.722194731 9.025231555 
6.54291166 9.85864046 
7.222162029 9.582038993 
6.68865718 8.830821316 
7.616352416 9.78250797 
6.716040655 8.860677915 
5.89736433 8.782463075 
6.84663103 8.786012334 
6.467420368 9.60547431 
6.761665805 8.935798977 
6.695572978 8.361157239 
6.568501163 8.595109898 
7.464653805 9.769233942 
6.533813518 8.211593974 
6.882113182 9.671715724 
6.548006721 8.468994832 
6.422571429 8.672088567 
7.133905082 9.313098004 
5.972230222 9.572514018 
6.825928771 8.979653013 
6.907772437 9.794647686 
7.209653006 8.766910267 
6.838737744 9.043079955 
6.253823382 8.925406052 
6.751848002 9.398396118 
7.894900793 9.440290818 
6.548821467 8.644673286 
7.514553402 9.09650084 
7.769484849 8.585016404 
7.041655365 8.989961557 
6.843202818 9.070252704 
6.007144652 8.662919657 
6.684589757 9.004157589 
6.686854898 8.184447452 
7.48161896 9.805270987 
6.473122543 8.278254613 
7.435874045 8.944673184 
6.738077468 10.04575162 
6.842923788 8.967298488 
7.045663964 9.31742445 
5.961799769 8.734536743 
6.47619082 8.792988741 
6.291391816 8.506954047 
6.653128638 9.196317164 
6.900560718 9.233311174 
7.703805508 9.745669925 
6.673644684 9.887537782 
7.613153323 9.720335519 
7.478921747 8.95719321 
6.222180458 7.988613958 
6.783323614 9.031243913 
6.868653272 8.908962187 
7.500744849 9.914439711 
6.716914763 9.122115684 
6.509574946 9.423306559 
6.895285758 8.809390653 
6.260286607 8.422195108 
6.961588261 8.676707701 
6.706110186 8.96222259 
6.699164636 9.238177761 
7.302998093 8.546170094 
7.116266842 9.582808025 
6.867214597 8.975763051 
7.722096972 9.307809034 
6.367615059 9.496519688 
6.733858143 8.396543924 
6.892956904 9.228441482 
7.042393507 8.906099721 
6.656915552 8.739951902 
7.17484086 9.084462963 
6.579152673 9.224566858 
6.34058425 7.926480211 
7.526902845 8.332195755 
6.842613397 8.985135274 
6.719492049 8.746023685 
6.967129503 8.729732164 
7.155602617 8.397843206 
6.64285992 9.693103549 
7.113901872 9.27493662 
7.172055831 9.8012984 
7.111511679 9.307048231 
7.951655223 8.616914955 
6.479675527 9.294454287 
7.263753202 9.782964029 
6.943859484 8.218306218 
6.800829315 8.960023387 
6.211491456 9.463757957 
7.120531003 8.465256158 
7.345366468 8.211406621 
7.326135849 8.608011896 
7.125713788 9.450233885 
6.360060298 8.621180673 
7.645310025 9.24739056 
6.435805056 9.184249007 
7.242877837 9.458454785 
6.817521393 8.887172065 
6.213191233 9.156246203 
6.808776711 8.922975416 
7.6547138 9.251289367 
6.508476205 9.328512913 
6.595659532 9.407187159 
6.449216488 9.134912474 
6.685749231 8.763873314 
7.725917426 8.407877533 
6.641120128 9.460114972 
6.977365162 9.141920274 
6.729801779 8.756844933 
6.75572913 8.751051472 
6.886649021 8.845870136 
6.398895007 8.558655027 
6.580777915 9.813008216 
6.954944833 8.899263436 
6.937532844 9.072043014 
7.358035909 9.372839156 
6.883023748 8.872414924 
6.268068482 9.782193207 
6.873654137 9.20305922 
6.427819496 8.906557099 
6.18587353 8.669633992 
6.923118579 9.899627665 
6.749506247 9.245692018 
7.007965662 9.579547517 
7.47825059 8.2967446 
6.902212405 8.621247555 
7.038651431 9.148809603 
7.566474398 9.789830125 
6.943452119 8.57915467 
7.506398446 8.570997155 
7.011642003 8.842491011 
6.271581728 8.131914145 
6.761027864 8.561045696 
7.738011395 9.597622553 
7.041935153 8.809742872 
7.502711704 8.927274183 
7.814262164 9.165313422 
6.991636586 8.373255467 
6.786469734 8.513621669 
6.561860204 8.468844089 
6.869928827 9.139256735 
7.470140601 8.515306784 
5.97000095 9.696002235 
6.810140854 8.888979849 
6.919683114 8.845845932 
6.958676988 8.850819471 
5.790235448 8.597395339 
6.381809953 8.391896748 
7.027218992 8.896784916 
7.740797505 8.797213508 
6.341015015 9.781507126 
6.585689917 8.802290052 
5.700599671 8.722289996 
7.796865001 9.277437526 
5.980157736 8.626208572 
6.727840544 9.15329055 
6.666385477 8.950317246 
6.334457321 9.075328335 
6.849226489 8.953945472 
2.854914262 7.124800002 
3.411961284 7.372116073 
4.091233924 8.09760213 
2.939355717 7.127049028 
2.784534189 6.733218099 
3.073036565 6.700463306 
2.475435049 6.711765262 
3.274616756 7.290173727 
3.504014184 7.456155919 
3.914012118 7.982535788 
3.477874336 7.424909749 
3.42700318 7.639413627 
3.284063747 7.402199056 
4.261469033 6.856387555 
2.686674213 7.458816689 
3.104798468 7.831439803 
3.519467113 7.065331031 
3.313213873 8.564255213 
3.005018616 7.980197102 
3.263478342 7.376506389 
2.637482507 7.84176985 
2.736541549 7.818794633 
3.541059122 7.585096561 
3.136015167 7.667792609 
3.161017423 7.287397433 
2.393888556 8.102031804 
3.264171283 7.431326168 
4.41779818 7.272606591 
2.782304164 8.143867553 
3.369226705 7.395165254 
3.440768355 7.370556172 
3.126511113 6.999553684 
3.329196373 7.393771706 
3.805847144 7.058388761 
2.411537645 7.845076502 
3.747442104 7.706291027 
2.6086531 7.927862935 
3.153854236 7.101695343 
3.228193991 7.955532279 
4.127208212 7.810438326 
3.096723585 8.169653422 
3.010650877 6.856801962 
2.350071714 7.246709542 
3.935791811 6.722683793 
3.340837534 7.144100487 
3.346860371 7.055432001 
2.613029967 7.651803173 
2.580897738 7.021262726 
3.64655973 7.742246529 
2.471834343 7.402847279 
3.166898859 7.539758001 
3.858634794 8.167085826 
4.360756981 6.933935561 
3.266920905 7.370148956 
3.425260302 7.462118947 
3.020545073 7.241494788 
3.407862016 7.314712973 
4.122704782 8.099210792 
3.440567305 7.271504298 
3.189836586 7.677603537 
4.227571876 6.960219052 
3.862255436 6.478860566 
2.298972445 6.902794333 
2.65464534 7.616310304 
3.327573552 8.407302277 
3.728874393 7.438747505 
3.383599319 7.567009517 
2.293260318 7.498637117 
3.37125222 7.424017823 
4.13178552 7.373788039 
2.329674023 7.539428557 
3.848633019 6.578787658 
3.191674167 7.54636482 
3.353566991 7.425921361 
3.318854381 7.416158009 
3.826989691 7.961023688 
4.036152205 8.147255276 
3.788546903 8.061957578 
3.830964524 7.169300971 
2.908101974 8.150431746 
2.909613389 7.34350525 
3.98270021 7.965981233 
3.856329246 7.478196127 
3.40011347 7.372029181 
3.021103276 6.981881261 
2.991693892 7.808314452 
3.989358486 6.86110043 
2.449309313 7.996692281 
3.402090341 7.424511962 
2.709435009 8.252005015 
2.831074352 7.228527322 
3.492195086 7.27791264 
3.033784625 7.474913272 
3.936458281 6.683895363 
2.336838681 7.905378138 
3.660648222 8.502778005 
2.971322263 8.018927057 
3.295284043 7.102585911 
2.969399216 7.425300261 
3.988605925 8.043413712 
3.620480413 7.301914159 
3.336585305 7.40997767 
3.148457937 7.297364333 
2.452698821 7.824560791 
4.001634779 7.7497046 
2.879590344 7.789217164 
3.176158531 7.660911045 
2.76519558 8.375727416 
3.683544538 7.071984575 
4.276800084 7.55024536 
3.479308479 7.323236178 
3.053607803 7.201908993 
3.138708038 8.243713197 
3.563070087 7.371989148 
3.619380716 8.470939133 
3.24799165 7.734448598 
2.591378302 7.997728179 
2.886065087 8.323647467 
2.459259575 6.85262913 
3.009646783 7.751703708 
2.759075218 7.063717318 
3.103075232 8.305101962 
3.367857857 7.973516028 
4.103559849 6.685065387 
3.673535017 7.342025029 
3.981166355 6.860936488 
2.811841111 8.135263454 
3.329796395 7.410154926 
2.877200869 8.239748882 
3.6015724 6.786926353 
4.003845628 8.105640965 
3.452222694 7.163373633 
3.434140115 7.439863926 
3.403971029 7.321140689 
3.217344254 7.783098661 
2.947369585 7.70618151 
3.785760786 7.982570684 
2.306729541 7.67621525 
3.264344692 7.020116784 
3.518371431 6.492287955 
3.765727944 7.492909559 
3.761366335 7.143539303 
3.344508962 6.333815097 
3.524838794 7.496549001 
3.37130611 6.990080049 
3.346109114 7.360384535 
3.4252188 7.22838896 
3.590597344 7.249041566 
4.15220089 6.734447399 
2.501835297 7.563985838 
3.802569679 8.172881484 
4.095666762 7.227517063 
4.368861047 7.061493304 
3.438861467 7.133628252 
3.329590783 7.138628257 
3.324871408 7.396310636 
3.210721689 7.247913332 
3.314837818 8.243170435 
4.253512462 6.761470464 
2.774393992 7.272297907 
4.22737187 8.083934657 
2.670808123 8.220581946 
2.910587234 7.758722334 
2.732855411 7.020797178 
3.239569602 6.716166745 
3.271055919 7.341450383 
3.832923386 6.525532944 
3.275286029 7.326674411 
2.693731137 7.834499969 
2.592681793 7.737334589 
4.265322791 6.879049574 
4.416289927 7.161456849 
3.010595505 8.136508054 
3.152053939 7.458361373 
3.955741615 7.09057632 
3.463485213 8.240504225 
2.50765725 7.949629491 
2.689621995 6.666671869 
3.447133207 7.851229917 
3.503230503 6.67723924 
3.402451128 7.356493448 
3.672133795 7.264396835 
2.825070454 8.41411841 
3.585881245 6.285211156 
2.75419785 7.801944356 
3.971392897 7.719254356 
3.34949264 7.398978527 
3.245304091 7.370304519 
2.437239847 6.975704316 
4.36532498 7.226472992 
3.864003122 6.797651756 
3.0736817 6.789570509 
3.444966725 7.110824209 
2.811615034 6.933140517 
3.922649926 7.672875678 
3.765062083 6.982992421 
3.043210823 7.38483959 
3.08877502 7.694371134 
2.577884876 7.463144671 
3.177559949 7.489673259 
3.302770738 7.418223591 
4.127087131 7.724540268 
3.315198836 7.370917528 
3.496433748 8.107699087 
3.378030922 7.439283333 
3.839036328 6.722641456 
3.251692449 7.125688342 
3.276993899 7.433107059 
3.173097611 7.472112674 
2.843118419 6.876224853 
3.196621745 7.600525134 
3.102164135 8.308615307 
3.051494176 7.103158894 
3.456069968 7.6083233 
3.182083207 7.744250162 
2.882380057 7.730977956 
3.17652964 6.769952819 
2.977725033 6.570285897 
2.631205092 6.879931412 
3.013454019 7.69817467 
3.216434899 7.567862796 
3.949511425 7.110017123 
2.669974146 7.137183136 
3.070909164 7.669313223 
3.316969843 7.454492591 
3.483525531 7.652354632 
2.521773092 7.993971211 
2.637475891 8.299923945 
3.514490652 7.674733025 
3.052115821 6.951653203 
2.9446764 8.050431488 
3.205819459 7.494963201 
3.40998038 7.048657151 
3.587986609 7.450195007 
3.568924249 7.049981388 
3.94736652 7.048934078 
3.886072393 6.464634843 
4.037822776 8.041167159 
2.626190837 8.16546807 
3.954061813 7.611645927 
3.247249728 6.811385086 
3.726413441 7.656462261 
2.647199805 6.759486268 
3.725965463 7.672480646 
3.304774018 7.439887828 
3.531194686 7.099469179 
3.788038485 6.454974557 
3.18006454 8.472475009 
3.30042714 7.442707996 
3.572374973 6.737494074 
3.362268896 7.338559332 
2.798429037 7.230293765 
2.653909191 7.769025301 
3.354541163 7.413302192 
3.646272253 7.637647865 
2.270616186 7.009568655 
3.030526264 6.92000456 
3.507932161 6.639181552 
3.142168058 6.698791142 
3.678281269 7.550099552 
3.680988319 8.318864779 
3.842000922 7.282574475 
3.538250372 7.265528267 
3.774760963 8.412878089 
2.867166905 6.941347527 
2.707755243 8.320210555 
3.303327934 7.172077989 
3.596810642 7.713846108 
2.552023426 6.548488174 
2.603258493 7.946940833 
3.101991018 8.183821538 
3.97381363 7.386880428 
2.648560818 6.809512638 
3.04816977 7.196805761 
4.2273482 7.817110134 
3.284628072 7.370463532 
2.61628623 7.633306422 
3.771077538 6.898772165 
2.789842946 7.124865543 
3.327997442 7.395519933 
3.20367504 6.864809287 
3.84487803 7.924373784 
3.691624742 7.455067282 
3.652262976 7.69474532 
3.130697651 8.066228788 
3.479707212 7.438144403 
3.495178618 7.157720121 
4.194992917 6.689889757 
2.995305615 6.571811267 
3.264212437 7.246341969 
4.33642448 7.4352577 
3.082773117 7.598367559 
3.058443281 8.374798953 
3.20783567 7.663061267 
3.258619483 7.434283302 
3.607237392 7.562050508 
3.627325675 7.464390979 
3.057549423 7.16944952 
3.498453072 7.044743349 
2.997213547 8.156551453 
3.390672063 7.321170974 
3.989659025 7.717256581 
2.749973042 7.681735785 
4.131124867 7.708585799 
3.425186916 7.626967267 
3.666900294 7.169460221 
3.417176437 6.674534737 
2.598485826 7.270136109 
3.152123488 7.456323533 
3.813278518 7.195408405 
2.406692273 8.110746231 
3.303111114 7.715664047 
2.157436834 7.262482748 
2.748485074 7.99716128 
2.742616331 6.516536214 
2.501374487 8.156811422 
2.935976096 6.523736447 
3.783502484 7.70287066 
3.301336175 8.038109997 
2.999241737 6.415194926 
4.189146212 7.830664729 
3.966556874 7.916846333 
2.692499255 7.918088808 
3.312869245 7.373972662 
3.754082996 7.40184192 
2.912212298 7.288258147 
2.278651653 7.162006785 
2.233502044 7.361447551 
3.670628517 7.486719505 
3.042532493 8.112953054 
3.628546819 6.374336953 
3.28604911 7.261429326 
3.601512558 7.856597243 
4.141205562 7.094093257 
3.338966761 7.382365398 
3.191090148 7.633467656 
2.966638518 7.040226142 
3.575770437 7.963886628 
3.614937937 7.03433414 
3.915416358 7.716428966 
3.38108101 7.429939594 
3.265663611 7.642180953 
2.443008318 7.934582685 
3.473516593 8.219442505 
3.320707204 7.400073394 
4.114905662 8.191451827 
3.110667023 7.171949411 
2.898765471 7.976736096 
2.897719831 6.365531872 
3.236913348 6.87397165 
3.322084079 7.419155849 
3.512793486 6.974896974 
3.670270139 7.231238338 
3.429346981 7.281873439 
3.40407711 7.223172214 
3.932332699 6.967789394 
2.661617085 7.093752249 
4.090835418 6.648656282 
2.586121987 6.542348633 
3.327186588 7.425448113 
3.810935043 7.822692808 
3.44365022 7.516313589 
3.225595549 6.834969497 
3.982706726 7.286210016 
3.084016213 7.430953849 
4.428292338 7.312108454 
3.973400125 7.444693503 
4.167892623 7.074778629 
3.059329969 6.676252807 
3.769448096 6.924824414 
3.962903942 8.170869319 
3.322565518 7.602528038 
2.708042667 8.230945305 
3.07262403 7.626683198 
2.613497214 7.66328544 
2.690511137 6.502849915 
3.265530823 6.321204917 
2.499180924 6.628504575 
3.572140163 6.309584428 
3.889455405 8.238759929 
2.981792152 8.083808025 
3.328299187 7.598064071 
2.468408958 7.53980794 
3.632920171 7.237196521 
2.579611102 8.17007539 
3.337138621 7.359882589 
4.326474973 7.28674836 
3.937799649 6.601802026 
3.671976647 7.152979509 
3.611474582 6.817027963 
3.119499179 7.413653284 
3.20982456 7.294290641 
4.082143276 6.897112736 
2.531170709 7.774312183 
3.488975984 6.32738136 
3.220795811 7.994509934 
3.06990534 8.112691834 
3.388354985 7.693365869 
3.522668735 7.563922807 
2.854325806 6.659311481 
3.21923625 7.358823873 
3.478601914 6.696312372 
2.795197055 7.034544351 
3.757216758 7.073614493 
3.227026318 7.394533356 
3.255687452 7.74786294 
2.868668069 7.912074538 
2.707950323 8.27158173 
2.679721116 7.268531713 
4.141682549 7.178325996 
3.341362309 7.683314328 
3.000942896 7.105824102 
3.755218931 6.650350453 
3.151470372 7.666983207 
3.760975069 7.333178346 
2.626324738 6.688398796 
3.658794011 7.851898392 
3.246270833 7.324142869 
2.578572931 6.489143506 
4.155882569 6.848485224 
3.396125332 7.321907414 
3.329981867 7.038396432 
2.722278674 7.490918717 
3.49819731 7.644949542 
3.312153142 6.798283147 
3.009876093 7.058434368 
3.146808598 7.04475857 
3.184029056 7.374950801 
3.759111846 8.439365167 
3.21937381 7.164545602 
3.419870245 7.263087945 
3.262186801 7.472220541 
4.025889445 8.31454823 
3.023557881 6.366534175 
3.33383334 7.409254148 
3.439836161 7.508499631 
3.608729698 7.155424077 
3.684893316 6.875577055 
2.521176788 8.226466243 
2.87776918 6.716870745 
3.89433807 7.990722982 
3.467266303 7.144553837 
4.141844017 8.234791331 
2.605908842 7.237707522 
3.646066935 6.819475785 
3.931755166 7.86984653 
3.518725176 7.247574624 
2.667178673 6.556891261 
4.281987536 7.188477051 
2.880839392 7.04026848 
2.918947649 7.72737567 
3.347587481 7.315246955 
3.296492919 7.387117042 
3.691631011 7.714804041 
3.247946846 7.130322673 
3.308493355 7.420813497 
3.141975634 7.354908215 
3.348071073 7.906903057 
3.44447035 7.279642466 
2.698474217 6.690006911 
3.59071029 7.213490344 
3.467997679 7.750471251 
3.989442643 6.686573172 
2.728363058 7.034152771 
3.553410571 7.459646303 
3.21610427 7.433680972 
3.328212095 7.281289684 
3.404654846 6.772850164 
3.054586363 7.459807474 
4.294247118 7.254999474 
2.377362563 7.092800165 
3.238679891 7.000114375 
3.043181436 7.20328918 
3.706820941 6.941163256 
4.077837215 7.620910591 
3.305075041 7.411398649 
3.320745203 7.417716553 
2.85112073 7.645301187 
4.114688918 7.864034429 
3.386143877 7.561968204 
3.495201708 7.331289382 
3.766670047 7.07890875 
2.786802832 6.605543598 
3.322164764 7.398472924 
3.187597651 6.255816469 
3.320849361 7.423020361 
2.876535409 8.116926074 
3.954800445 7.481737655 
3.01763589 7.732774296 
3.708987787 7.283997851 
3.8109481 7.900089734 
3.282010679 6.844826614 
3.834602618 7.371755662 
3.053846937 7.392404021 
2.243911178 7.19131755 
3.386548471 7.542113582 
2.884739743 7.272240716 
2.960595534 6.644597037 
3.164885631 8.354693419 
3.321075071 7.382368072 
4.136895867 7.063448566 
3.312599262 6.445029481 
2.8339757 7.219995998 
2.79230315 7.185771042 
2.296832111 7.57663255 
3.292164056 7.387399213 
2.806551906 6.721747172 
3.190539816 7.246011038 
3.617008681 6.612397702 
2.795846705 7.550703497 
2.579995601 7.326112667 
3.68548594 7.683722867 
3.315319531 7.212651547 
3.143952957 7.497699509 
3.681559484 6.543148999 
3.877429519 8.012070546 
2.941956921 7.636145415 
3.110171154 6.99936039 
3.657919762 6.688915444 
3.112725552 7.171635686 
3.418934671 7.750619254 
3.251701242 7.369980022 
4.080660436 6.57303471 
3.831144114 7.259944749 
3.15064208 7.575331751 
3.789566351 8.182253044 
2.566939203 8.18895354 
3.158755562 7.274405419 
2.666714839 6.741613343 
3.561634768 7.726618395 
2.671473201 6.932528105 
3.623002443 7.738568295 
3.678753393 7.826450782 
3.311585931 7.569731333 
3.134421436 7.287447309 
3.221079468 7.489225876 
3.759925164 7.086887684 
4.039872219 6.523289543 
2.469945119 7.013943286 
3.14619357 7.072239528 
2.480912074 7.845176248 
3.503631643 7.604837935 
3.31086717 7.292858789 
3.354452341 7.436396068 
3.994656327 8.265065918 
3.127049559 7.165200714 
2.397961558 7.399973528 
3.002920989 7.033074387 
3.418570199 7.485859905 
3.678233767 7.604513886 
3.794530831 7.659462342 
3.892061489 8.150132758 
3.332580361 7.821271032 
3.290983951 7.431045641 
3.870972612 7.465345501 
3.191989235 7.372608696 
3.946401179 7.839675971 
2.799075351 7.004330915 
3.883456308 7.575571827 
2.850686255 7.148635885 
3.468804659 7.063066571 
3.321433295 7.430490601 
2.752137276 6.723104714 
3.333729841 7.35578352 
2.687857833 7.028318446 
2.477922004 8.076012497 
4.332222058 7.961339329 
3.189685015 7.189737376 
3.546292229 7.794618424 
3.134590588 7.639742865 
2.919245695 8.387331287 
2.568460884 8.114988303 
3.382570753 7.334340728 
3.913346867 8.326079057 
3.51705289 7.308470174 
3.033548075 6.348271635 
3.881316874 7.495964496 
4.289295096 7.839627379 
3.030008319 7.92564889 
3.202868215 7.928398743 
3.046008581 7.662013137 
3.294669758 7.565469726 
3.969114602 6.577738802 
4.026960695 7.250506788 
3.246753844 7.918525081 
3.866746317 8.041087393 
2.751480238 8.237419529 
3.284219429 7.629025752 
3.057164506 7.879703321 
3.390081304 8.446269023 
2.181570424 7.648346972 
3.722061819 7.017073499 
3.194538323 6.451006671 
2.540607363 7.823477338 
2.799636954 6.659702524 
2.749190478 7.107715824 
3.04641926 7.106215136 
2.810019678 6.350801112 
3.548459205 7.264161103 
3.402030247 7.47907974 
3.329662985 7.47819698 
3.298433309 6.587161555 
2.22709888 7.506663832 
2.952647285 7.554099405 
3.652022414 8.134474101 
3.562002447 7.566666284 
2.605626081 7.556792037 
3.449264449 7.293673514 
3.455506352 7.501881363 
3.264680856 7.420739502 
3.320370289 7.398288009 
2.474142031 7.705267461 
2.577051507 7.628207589 
2.991793771 7.405063914 
4.242492457 7.464250776 
3.103740103 6.990567616 
3.558850741 7.039379286 
2.435294277 7.520744882 
3.278310357 7.605631835 
3.397909624 7.364991145 
3.326568681 7.592948683 
3.139124325 7.603156843 
3.427242941 7.622157284 
2.43062267 7.318528146 
2.354704544 7.646338237 
3.554699956 6.902061565 
3.072747086 7.202162527 
3.593765902 6.559506783 
3.70105702 6.3917021 
3.128264375 7.724723677 
3.837341989 7.713182667 
2.978704496 6.875668573 
3.426399848 7.485112196 
3.122115369 6.890741071 
4.039209638 6.876194003 
3.216007039 7.505720516 
2.778418791 7.049496866 
3.108113828 7.303937154 
2.232457716 7.680984285 
3.811009337 6.593416825 
2.919088446 6.807505325 
3.165490024 7.653725264 
3.939511751 7.181127454 
3.255954074 7.672108835 
2.92343424 6.863439352 
3.937091083 6.822943506 
3.884483442 6.884161172 
3.701906907 8.170802916 
2.480989306 6.913365676 
3.074407154 7.708730351 
3.00839355 7.123031658 
3.388994662 7.537485195 
3.314535053 7.386580065 
3.971168251 8.158392376 
2.849912559 6.65034049 
3.331099276 6.830378582 
3.467931943 8.096434076 
3.428703097 7.081863881 
3.904576801 7.775709013 
3.304964321 7.4359949 
3.365233669 7.144920954 
2.79974809 6.51501398 
3.310839375 6.73870662 
3.312574167 7.318271143 
3.229407979 7.317246414 
2.702970712 8.122639173 
3.137562978 7.412311286 
3.8754509 7.973002844 
2.688623174 6.592667932 
4.159904294 6.994573823 
3.899459439 7.85033342 
3.989083134 8.281037322 
3.121530526 6.665471925 
3.05984285 7.479088914 
4.11852984 7.478807304 
3.306300135 7.769560742 
3.601622066 7.283629476 
3.504818154 8.122274493 
3.26097764 8.430387204 
2.873806887 8.058387402 
3.396926692 6.708467168 
3.225353987 6.423185047 
3.471938045 7.094575902 
3.896092706 7.367363069 
3.265284464 8.188978816 
3.030213228 7.209978932 
2.929207061 7.715307324 
3.307284742 6.965988965 
2.718647408 7.641694663 
2.865713948 7.617845818 
3.670069086 6.921477493 
2.848383542 7.020619166 
2.79239288 7.191101775 
3.35435916 7.760993532 
3.091020443 7.240055183 
3.676386045 6.815734907 
3.400847272 7.354557929 
3.046903539 7.568798594 
3.248813214 7.33847112 
3.302578889 7.590340898 
3.229687496 6.430562904 
3.433277568 6.780803475 
2.869061285 7.712165654 
3.379226184 7.433220917 
4.389838626 7.09674093 
2.363643661 7.429000809 
3.336749188 7.395873227 
3.392216941 7.530877878 
3.948630145 7.928293706 
3.645942465 7.52389715 
2.829168431 6.968276656 
3.269280464 7.20501683 
3.490632014 7.304931806 
3.419808261 7.265116666 
3.208109724 7.424143728 
3.10396707 7.921938657 
2.485578696 8.194833127 
3.391154173 7.569397764 
2.763797126 7.492366831 
2.916419506 7.197266212 
3.088697883 7.203613072 
3.581037821 7.140544178 
3.319569144 7.419722702 
2.497162635 7.710699402 
2.876719347 8.132444567 
2.896676078 7.404446086 
3.760735122 7.746965986 
3.262452808 7.398939021 
2.984301182 7.598807293 
3.998303923 7.221182135 
3.893442967 8.017350399 
3.794394652 6.849625795 
3.153368567 7.475774364 
3.101688504 7.665879005 
4.221067268 7.531054777 
3.966642421 7.570241158 
3.235204369 7.308051985 
2.795447228 8.131326549 
3.316489706 7.779400742 
2.975268925 7.586918366 
2.644469462 7.677228211 
2.617262093 7.833226464 
2.981407241 7.226515329 
3.930119009 7.394327178 
4.318909824 7.078050999 
3.10382173 7.53086873 
3.106738011 8.13676883 
2.859619597 7.218100298 
3.876484575 6.804003064 
3.40701207 7.477770944 
3.19046165 7.409645814 
3.518801675 7.837756962 
2.620590502 7.259254897 
3.750826008 6.988219285 
4.20226915 8.10897908 
2.504749013 7.014209215 
2.705564289 7.192655288 
4.319257995 7.878557409 
3.33402899 6.815123037 
3.604582804 7.29124612 
3.983814709 7.499749964 
3.322180523 7.401032155 
4.453933421 7.204013697 
3.282421496 7.21301826 
3.770836423 7.415264717 
3.24765329 7.779299621 
3.891557203 6.588523175 
3.694210311 7.322042553 
3.536417368 7.432624793 
2.643931133 7.271202964 
3.623318797 7.459139705 
2.244121776 7.291495623 
3.642476396 8.345098116 
3.521713773 7.751131621 
3.015632643 7.480261459 
3.568209087 7.179657262 
3.662278566 6.847134222 
3.633660481 6.766483026 
3.273063711 7.422593291 
3.099314614 7.134805612 
3.398627492 7.312300417 
3.694096928 7.636935163 
3.260118142 8.365817237 
2.347890472 7.869133071 
3.41045666 7.566545326 
2.907371272 8.305298827 
4.000188558 7.68055763 
3.187773946 7.227277981 
3.549933616 8.416601559 
3.251100367 7.515953569 
3.474001227 7.058280086 
2.538535608 6.817218788 
3.109975919 7.899626029 
3.259181012 7.459235817 
3.355859602 7.963790761 
3.43953291 7.342568342 
3.201114488 7.473506287 
3.580349551 7.49657837 
2.677732799 7.330461781 
2.455820117 6.964625635 
3.269564299 7.410732234 
3.564107171 6.850921811 
3.441317936 7.04127449 
3.305259793 7.395166295 
3.306898881 7.120467546 
2.891959114 8.356118982 
3.295457903 7.528716947 
2.520410125 7.795598943 
3.523185649 7.119684354 
3.059355485 7.754550283 
2.760961601 7.295010345 
2.941304109 7.109196835 
4.296883661 6.888058373 
2.794189609 8.026408436 
2.482577864 7.587360643 
2.917997272 8.155356241 
3.567743578 7.227257503 
3.521429455 7.966171038 
2.890509833 7.384192833 
2.603172043 8.312330006 
3.110162542 7.850839772 
2.373346237 7.244950783 
3.234927147 7.344267799 
3.159334013 7.315119625 
3.877006329 7.168889978 
3.178281633 7.439206242 
3.675335193 7.879378058 
3.526377937 8.156447825 
2.264045334 7.783277729 
3.834846376 7.435991244 
3.46300844 7.49553867 
2.440548202 7.747535968 
3.114451263 8.045512589 
3.94649489 7.637919054 
2.384018389 7.772151105 
3.059146948 7.598317908 
3.393892189 7.368154138 
3.013221066 7.403463296 
3.558945825 6.966485389 
2.808250729 7.542416908 
3.898405926 6.522052215 
3.621208024 7.698125529 
2.68759248 7.788479569 
3.552857864 6.885871849 
3.59998927 7.79936187 
3.761162252 7.245405489 
3.607656374 7.52139642 
3.702659266 6.992494506 
3.306407636 7.406448477 
2.461555368 6.618041695 
2.511241061 7.170178149 
3.365492537 7.997606402 
2.714442725 7.862752909 
2.849593435 6.783906407 
4.083737891 7.464099163 
2.989554187 7.802950233 
3.036673316 7.684274855 
3.880036366 6.882941864 
3.642880228 7.946775277 
2.911822339 7.223506799 
3.22913905 7.562547701 
3.489484449 6.332074378 
3.180928034 6.271277735 
3.422572052 7.231949952 
2.742257838 7.891246588 
3.291291475 7.680795428 
4.058243703 7.279752015 
2.929374993 6.416075185 
2.928008162 7.215081721 
3.953591216 6.84874073 
3.954083307 6.744129926 
3.623716244 6.641413606 
4.186968217 6.604591562 
3.492590223 7.749664946 
4.110998449 7.148825605 
3.022656849 7.825279198 
2.941878978 6.923493274 
4.152456484 6.713609855 
2.898893608 6.698188944 
2.650324439 6.792455837 
2.983364796 6.853370457 
3.584431485 7.537102452 
2.876354988 7.364764471 
2.914089347 7.253899059 
3.616977575 7.994364337 
4.100845829 6.840331628 
3.638837948 7.729710527 
2.599374878 8.174194871 
3.120947895 7.78428825 
3.502309265 6.333687018 
2.989354551 7.408301855 
4.21015851 7.906266195 
3.97610145 7.519359622 
3.816594071 6.841803389 
3.448054591 7.649996581 
3.524565349 7.193966624 
3.35721661 7.37757453 
3.034698969 7.448397702 
3.672939904 7.319934036 
3.556520031 6.783369909 
3.287930758 7.416147654 
3.209249036 7.601770788 
4.001698511 8.26683217 
2.777875647 6.789707857 
4.341124641 7.756753747 
3.722842375 8.40480194 
3.598872652 8.392541252 
3.014385594 6.537002065 
3.441271133 7.477494573 
4.216648193 7.487772885 
3.03106413 7.18511902 
3.718440448 6.576771953 
2.948133901 6.905881385 
4.142653492 7.715856503 
3.962330842 7.850060837 
2.915843945 8.423953737 
2.721870885 7.967334353 
3.668589699 7.252625613 
3.541882197 7.783543387 
2.472029097 6.791722583 
3.400987478 6.846958819 
3.223611368 7.523107467 
3.340066207 7.419904888 
2.533692792 6.964026346 
2.433704206 7.574237093 
3.026669725 6.564423067 
4.026115304 6.547371678 
3.01001465 6.269624956 
3.773629999 7.53511439 
4.361042579 7.095610348 
3.148997276 6.592731307 
3.539840459 7.150700806 
3.020459436 7.693718593 
3.956766498 7.735724269 
3.840496372 7.190750549 
2.978877508 8.279683252 
3.82413292 6.848520249 
2.927967157 6.579773988 
2.742850317 6.777083458 
2.760783482 8.382578873 
3.300566972 7.395199519 
2.940116948 6.982825327 
3.06074878 7.191660183 
2.754652287 7.616834164 
2.857321841 7.120802461 
3.403288144 6.484278283 
4.102693391 8.275371782 
3.991364133 6.46242513 
3.790108863 7.122366401 
2.857736132 7.846345094 
3.269865126 6.424413858 
3.092563669 7.263538531 
3.360749309 7.388171649 
2.839626502 6.92205361 
3.261035812 7.173976139 
3.38372519 7.432302534 
2.578487558 6.76046929 
2.63899277 6.850544613 
3.281494955 7.40537008 
3.375114561 7.385985522 
3.044791399 8.225496752 
4.218604492 7.176342971 
3.308296918 7.39224635 
3.562841558 8.535136291 
4.181651675 6.898465457 
2.753868735 6.60602112 
2.686592872 6.511199146 
2.751727995 7.739383253 
2.692962922 7.109711578 
2.635861791 6.464034537 
2.776052199 8.294702855 
3.315005325 7.369518363 
3.239424294 7.36581411 
2.426265992 6.702457025 
3.700151966 7.749797349 
3.080405052 7.081587895 
3.585706525 7.099195665 
3.134904291 7.874665848 
3.421467704 7.456296175 
3.274832569 7.29572675 
3.441224807 7.623003041 
2.759457051 7.995112848 
2.367063139 7.367330898 
3.390946175 8.277212783 
2.791675985 7.824676211 
3.354162549 7.456526849 
3.350396708 7.245419491 
2.52330907 8.179835836 
3.404722207 7.623379452 
3.421099805 6.888857601 
3.626792305 7.860847639 
4.406614638 7.333199191 
3.369278013 7.384062182 
3.129047722 7.587181871 
3.832206596 7.61381965 
3.289555369 7.216475673 
3.85096541 6.897632453 
3.81202894 6.759154306 
3.748230887 7.256540425 
3.761673665 6.459309904 
9.839341302 8.734150148 
9.891346337 8.564500337 
9.29467989 8.405995182 
10.61483386 9.455851769 
9.712525742 9.932991942 
9.875351495 9.630455613 
10.26473509 9.105334468 
9.803346404 8.74524568 
9.663585479 8.753960228 
9.56811131 8.597205083 
10.8230827 8.956939609 
10.3746973 8.753399421 
9.451140708 8.474666546 
10.36537906 9.439506971 
10.32149704 8.959281342 
9.331345238 8.988878551 
9.292397039 8.855879162 
10.58348914 8.769299542 
9.974990593 8.053115582 
9.768761042 9.179736483 
9.616002049 9.698251708 
10.2727509 9.404359242 
10.07841941 9.153649951 
9.041837682 8.590446113 
10.45668329 9.136258066 
9.893482789 8.898004835 
10.87033701 8.287670299 
9.868412873 9.99401349 
9.92080892 9.602731943 
9.336901957 9.414515823 
10.44554781 8.521101094 
9.192065035 8.388301347 
9.950117961 8.867885111 
9.420198656 9.21532506 
10.09549065 9.156473141 
9.930191394 9.046971382 
10.65935381 9.720656958 
9.457109817 8.110402742 
9.895186771 8.877400807 
10.68456931 8.878409977 
10.01761626 8.558451745 
10.40048574 8.586174248 
9.988720645 8.864274063 
9.696789183 9.861610697 
9.070337062 9.174888762 
10.30538207 9.077245569 
9.476456151 8.871273559 
9.792083863 8.795622869 
9.590650706 8.539811114 
10.37783593 9.023226749 
9.177278693 8.407778792 
10.3993303 8.133952982 
10.34251656 8.474657797 
9.228763135 8.609611898 
8.866147151 8.532161135 
10.16338417 8.629916957 
9.726344854 9.672864119 
10.2717046 9.357431 
9.427511614 8.406431924 
9.624813755 8.082500125 
10.11797734 9.073517851 
9.344203459 8.012052617 
9.360413399 9.048224732 
9.863245062 8.770871948 
9.97131901 8.95012651 
11.03035819 9.026534409 
9.042264193 9.377335452 
9.841129125 9.328341723 
9.542629834 9.258274232 
10.4859266 8.357387621 
9.540482843 9.463820337 
9.966550886 8.507453528 
9.709974105 8.876614742 
10.50991251 8.415336672 
9.426185768 7.945520077 
10.1550624 9.943909997 
9.354283107 7.996302855 
10.85919938 8.655735522 
10.01726014 8.840018514 
10.87231847 8.406079928 
9.857326665 9.492869065 
9.41137855 9.226054366 
9.91633548 8.860773346 
10.72584263 9.308475082 
9.863594608 8.564675728 
10.58421095 8.965847733 
10.03875685 8.533458236 
10.45434233 7.79654688 
9.211077746 8.497709601 
9.757994229 8.474807798 
10.36285475 9.404097631 
10.1744663 8.36312558 
10.18848312 8.317341081 
10.39014025 7.813335071 
10.28352471 8.353466259 
10.18958868 8.53799652 
10.12355291 7.72306951 
10.04792664 8.997255103 
9.684715217 9.421066207 
9.754975369 9.189739091 
9.907224319 9.172595586 
10.5924533 8.189076848 
9.807878879 8.304155694 
10.17824896 8.131652077 
10.19471885 7.791935956 
10.49292504 9.477020394 
9.604914245 8.471964804 
9.280335263 9.577255382 
10.25713884 8.650329025 
8.880632159 8.663157325 
9.438643807 8.500850686 
10.23776923 9.597094646 
10.01794049 8.144496067 
10.28301684 8.940465367 
9.889159422 8.628428835 
10.03755579 8.989186705 
9.917896612 8.842578985 
9.651939972 8.439754852 
9.742407515 8.892496075 
9.941804849 8.868204574 
9.601671123 9.031369947 
9.415598034 9.395445903 
9.523715665 9.258824467 
9.084519946 8.246378991 
9.784475538 9.068285625 
10.0287805 8.818948525 
9.715221144 9.084886538 
10.24791242 8.338334516 
9.643770674 9.015564721 
9.622169553 7.92413005 
9.721593754 8.640115163 
9.976371649 8.870596073 
10.01001704 8.835349902 
9.774825037 8.664255636 
10.26036787 8.775962352 
10.45588254 9.429793141 
9.773646677 8.406656654 
8.966013896 8.809519567 
9.968797052 8.735882408 
9.218787873 9.196572523 
9.580894473 8.630777555 
9.192371676 9.020785314 
10.1807929 9.275607831 
10.76497812 9.329607977 
9.092222834 9.286184198 
9.313505175 8.516209805 
9.477139739 8.072380771 
9.770144487 9.169907884 
9.733284176 8.423692389 
10.03316813 8.788768553 
9.292814069 8.988186446 
10.21270257 8.768988567 
9.119510789 9.66349113 
9.94620961 8.898544994 
9.116004689 8.525518611 
9.661470768 9.18599025 
9.173227997 9.117168104 
10.09564922 7.720072008 
9.286423188 9.559567316 
10.24344743 8.35326058 
9.941583692 9.858948436 
10.0501889 8.970816549 
9.155803912 8.423303594 
9.397117086 8.561386936 
9.815262596 8.827513509 
9.46118248 8.450069094 
9.934133188 8.857655216 
9.696509439 9.853242251 
9.602507543 9.317214547 
9.692029791 8.662897175 
10.24934941 9.337220458 
10.5590734 9.394845936 
10.05602492 7.991293766 
10.10082873 9.061762985 
9.897945613 8.747667634 
10.076906 8.938997816 
9.507082003 8.216940144 
9.454306875 9.927845785 
10.11622321 8.572750327 
9.720228152 9.075804917 
10.12219874 8.907549706 
10.24797449 8.162504141 
9.885363322 8.681674491 
9.046709307 9.050517899 
10.08890579 8.693105784 
10.00987697 8.914429416 
10.2128515 8.557459517 
9.10365034 8.824132566 
10.04870579 8.703724699 
10.0948266 9.384177575 
10.33917908 8.167464974 
10.18849224 9.674741923 
10.13518949 8.750377873 
10.43721211 8.745354151 
9.684842388 8.485212493 
10.22765311 9.245099212 
8.867302186 8.394972843 
9.690969609 9.068774364 
10.0347452 8.753840081 
10.01164469 9.261251714 
10.18707928 8.826039126 
9.356750205 8.351852617 
9.234651368 9.743404219 
10.0564868 8.822682951 
10.28322682 9.232281429 
10.13476766 9.080924099 
10.2804726 9.067524382 
9.365338522 8.199022997 
9.451822498 8.283466351 
9.936825222 9.167000244 
9.473936369 9.75209401 
9.276636754 9.538391427 
10.03836831 9.24618223 
10.39798217 8.418573199 
9.915748567 9.138863219 
9.946049999 9.658694798 
10.11277064 8.547272911 
9.432439329 8.341122331 
9.382440853 8.163110712 
10.20655273 9.341394262 
10.35369072 9.127837727 
10.01880007 8.710575844 
9.513998399 9.611055463 
9.683553362 9.724210218 
9.915933982 9.310110647 
10.59233394 8.345739205 
9.428567712 8.021443532 
10.21435215 8.214808181 
9.785527439 9.088079741 
9.968326852 8.888724967 
10.43273121 8.464599213 
9.644681863 8.506810922 
10.04254356 8.45411756 
9.693778106 8.74226466 
9.767396187 9.239252733 
10.35061622 7.969811042 
9.44916109 8.461103961 
9.82174056 8.598721443 
10.04574609 8.302541803 
9.953997215 8.861779364 
10.79432284 8.514371765 
9.106687781 8.586808429 
10.21968139 8.452434643 
9.603090725 8.732208196 
10.94357498 9.241863102 
9.109557293 9.042056691 
9.598180067 8.230398056 
10.30247783 9.263838536 
10.0210681 8.951989888 
10.63582919 9.707862654 
10.55703387 8.50527756 
9.97209448 8.893992684 
10.28104244 8.890726272 
10.20440388 8.696734899 
9.94253813 8.767956113 
10.00946035 8.997075165 
10.44830614 9.388096516 
9.941905071 8.969877975 
9.234248311 9.015152642 
9.948645984 9.531166597 
9.878404057 9.277141033 
9.91691956 9.140340023 
9.827292324 8.959453148 
9.974423495 8.607527544 
9.992396198 8.773317973 
10.92585812 8.376739339 
9.591634954 8.992675499 
10.62720851 8.706298973 
10.03002887 9.01909725 
9.180251756 8.69789046 
9.986486834 8.859708249 
10.13946585 9.291155219 
10.75883435 9.23043728 
10.60351919 8.256170214 
9.942390107 8.91992759 
10.60584631 7.933148898 
10.24342027 9.034905538 
9.480044135 9.573039747 
9.114387231 8.176722004 
9.828866335 8.169779952 
10.5225294 8.791638083 
10.10528293 9.377012913 
9.540243292 9.808993298 
9.242583646 8.104949818 
10.22514888 9.6341491 
9.319262628 8.097007574 
9.278568044 8.309479782 
9.824801744 8.858940981 
10.62163423 9.502924916 
10.27531595 7.754349442 
10.05194949 9.834186553 
10.08299294 8.937862347 
10.15451687 9.34664633 
9.832311248 8.928638577 
9.47804463 8.485991071 
9.635135156 9.269812709 
9.574919327 8.629984024 
10.81132058 9.644859817 
9.279443536 8.16306255 
9.26798674 8.482708068 
9.738541803 8.654341142 
9.943331466 9.05505598 
10.08716811 8.917944012 
9.978193947 8.521719882 
9.575000448 9.283962493 
9.732721121 8.747125827 
9.52598314 9.138775794 
9.904027441 8.883694438 
9.74164014 8.95392257 
10.73368761 9.185025434 
9.774600844 8.060713103 
10.68552414 8.600529268 
9.743962094 10.00894983 
9.328403336 8.165734147 
9.849543558 8.394446696 
10.17498296 9.678920913 
10.3504656 8.416961479 
10.69584125 8.83250072 
9.865930197 8.804286648 
10.68517846 9.249019541 
9.902817466 9.44627953 
9.959384083 8.817044082 
10.00171798 8.801799751 
9.490945116 8.95700412 
10.64673461 9.495557505 
9.414052091 8.33071108 
10.1017147 9.739698584 
10.18228918 9.165675555 
10.60193198 9.465102342 
9.461058818 9.446855567 
9.285903289 8.37397584 
10.82019927 8.125869575 
10.00981695 8.882189698 
10.25020326 8.653832041 
10.13981636 8.91787146 
9.849269676 9.743198232 
10.1544585 8.507158728 
9.192822248 7.952238458 
10.20780751 9.055952647 
9.792998169 8.737975717 
9.470572657 9.03173747 
9.321629155 8.746714676 
10.62028339 8.676419942 
10.39691618 9.870687894 
9.87599071 9.35407148 
9.869450552 9.183967028 
10.44205316 8.435595353 
9.169344521 8.039437248 
9.878455619 8.920276616 
9.896438451 8.896810013 
10.6158799 9.471913396 
9.876934925 9.004625085 
9.380654096 7.903471828 
10.28578624 8.437913978 
9.636604825 9.508192705 
9.766045998 8.570917454 
10.72126557 9.45600963 
10.22752798 8.661044211 
9.353536273 8.562050101 
9.902345695 9.343505982 
9.26541128 8.476257797 
10.46975713 8.749486758 
10.91432162 9.001716398 
10.8420471 8.262250313 
10.80434794 8.750304374 
9.920209346 8.886552069 
9.813737634 9.354220073 
9.940219618 8.848619089 
9.912190697 8.947067315 
10.02904295 9.018329302 
9.797379246 8.881131329 
10.63056739 8.090556895 
9.478780792 8.609575557 
9.883315511 9.098370283 
9.737875019 8.724773415 
9.765958596 9.766664287 
10.14799602 9.904908911 
9.987519492 8.804941743 
10.33793805 7.964279212 
10.89311183 8.480403852 
9.967682066 8.854366948 
9.766562219 8.391126982 
9.331071167 9.721557031 
10.07921665 8.888617024 
9.451358731 8.859216768 
10.65090438 9.77196537 
9.977321026 8.866114651 
10.20946317 9.1477475 
10.18050409 8.445231053 
9.385379734 9.185300475 
9.890696219 8.258157973 
10.7293181 7.996672091 
9.78516222 7.843338851 
9.511251511 7.868158778 
9.951397443 8.378346877 
9.089363078 9.386438444 
9.611771468 9.19179352 
10.89993728 9.257012461 
9.023066058 9.191575542 
8.890248205 9.282611203 
9.517933547 8.394568052 
9.797163169 8.676448644 
10.03315558 8.192808653 
10.69163544 9.050472172 
9.654445466 8.71564736 
10.00930803 9.47448467 
9.917266265 8.762622378 
9.551465863 8.442351137 
9.609534401 9.577554228 
9.768174995 8.761501323 
10.46382389 9.112896318 
10.31149238 9.948648608 
10.10634548 8.428571532 
10.52318827 8.696162908 
9.352211431 8.858702343 
10.65026826 9.079041285 
9.862867375 8.780260131 
9.812384567 8.880905663 
9.868792263 9.117757736 
10.30608432 9.867341223 
9.974081944 8.823413287 
10.16657246 8.51229291 
9.902029088 8.823311986 
10.80997406 8.301837988 
10.48084036 8.334315237 
9.742206636 8.889977918 
9.424286327 8.733862615 
9.855706107 8.480905879 
9.288234871 8.027318211 
9.937943446 8.317373394 
10.95806479 9.383332222 
9.462449208 9.572390661 
10.757359 9.093153595 
9.481932786 8.454249933 
10.52313146 9.121405003 
9.957147395 8.770790112 
9.519348469 9.238577873 
9.552898297 7.994649813 
8.871551296 8.462249965 
9.965455707 9.154501688 
10.3846208 8.622915954 
10.44508781 9.909705365 
9.637826484 8.50836201 
10.68154059 9.75599532 
9.923234415 8.816830774 
9.318192299 9.707704274 
9.819136601 7.784420434 
10.60681092 9.290879553 
10.47853706 9.178265663 
10.33459445 8.895068708 
9.949511151 8.382085497 
10.00588089 9.566796269 
9.934779219 8.84075416 
10.17632209 8.41071118 
9.54429265 9.277800672 
9.451473992 7.888971376 
9.273806938 7.942452405 
9.977059642 8.860650675 
9.405606707 8.676402009 
9.735256474 9.061278703 
9.912891877 8.910981018 
10.07451883 9.335736272 
9.976217963 8.795946905 
9.76114297 8.955945584 
10.05889097 8.724500232 
8.904102368 8.531469577 
9.832420729 8.733880713 
10.1059153 8.968590737 
10.22984017 8.649438798 
10.27887959 9.274870828 
10.16771984 9.144108465 
10.08714266 8.53957928 
9.639344559 9.797230307 
10.3309902 9.740876338 
10.11207214 8.97350858 
9.641938833 7.828217828 
10.43959605 8.361955864 
10.31970752 9.383996383 
9.880387739 8.702236708 
9.902864127 8.893914947 
9.882037886 8.657643885 
9.385120173 8.17170818 
10.03786661 8.810442874 
10.02673557 9.210516885 
9.436796763 8.864069672 
9.653816636 8.749716121 
9.959396121 8.524930023 
10.72993705 8.188439342 
10.28759425 9.304487068 
10.59453338 9.365935659 
9.78886401 8.830334085 
10.03098518 8.683458513 
10.63831208 8.199230464 
10.36587551 8.50571145 
9.927673176 8.926774415 
10.33141449 9.079792144 
10.58884715 9.590265478 
9.53259447 7.970070851 
9.806784337 9.247297538 
9.69053142 8.219315071 
10.95939259 8.910879277 
9.464067657 8.580670478 
9.846642126 8.933783559 
10.06428008 8.677288845 
9.466977481 9.375161283 
9.890068431 8.92670708 
9.888990194 8.812257174 
10.58494777 9.786885728 
10.34752358 8.218006556 
10.32698287 9.035268509 
10.67393854 8.666967046 
10.48399981 9.144380365 
9.310931658 9.684575395 
10.44016136 8.622167119 
9.550101693 9.22151417 
9.972597995 9.596763898 
9.364184245 8.630317339 
9.933181025 8.916264918 
10.07327319 8.924134657 
9.478890969 8.38314502 
9.948569386 9.56607267 
9.431326595 8.517773053 
9.932616983 9.576437713 
10.68010797 8.848719648 
9.901121375 8.503877412 
9.897732743 8.862082547 
10.17499566 8.641557341 
10.28025284 9.267705095 
9.963556575 8.73804244 
10.31625525 9.849102544 
10.19788247 7.796003247 
9.814707362 8.964417622 
10.60273092 9.28313371 
9.904000772 8.959669582 
9.996642484 8.842823856 
10.4635416 8.801188668 
9.724227214 9.074774062 
9.272980937 8.464109112 
10.42231124 7.863594118 
9.425509573 9.501192136 
9.941443042 8.872602656 
9.005682194 8.412101794 
10.04629149 8.726280394 
10.19216786 8.859051304 
8.841842146 8.51230957 
9.24579272 8.093615107 
10.04600778 9.839684004 
10.13931403 9.6849794 
9.840464983 9.084746503 
9.797492571 8.928116652 
9.852675045 8.730504762 
10.90117575 8.202797923 
9.754220501 8.910421564 
10.41333316 7.776732419 
10.25021508 9.397617495 
9.115167112 9.625692244 
10.51471847 8.642112431 
9.755300377 8.707854086 
10.22266353 7.871229937 
10.27353487 8.115143746 
9.927564434 8.863708921 
9.996575381 8.245035527 
9.79911368 8.821837193 
9.694044548 8.445422434 
10.27962552 9.331374261 
10.9434812 9.175560662 
9.542145611 8.561311278 
9.668391399 9.13990526 
9.277374562 8.119171676 
9.259643323 8.075754336 
10.36863487 9.010258164 
9.898389221 9.880816719 
9.947788443 8.855605654 
9.988822559 9.701662547 
9.555516761 9.307993617 
9.528794366 8.418977635 
9.488855109 9.041051219 
9.351034395 8.817488858 
9.405158423 8.95432853 
10.10433308 8.83213815 
10.26344892 9.855796283 
10.46522445 8.495793181 
10.98726946 8.683136354 
10.20862097 8.644585133 
10.6792652 8.152004174 
9.358793378 9.341791193 
10.11384332 8.57302255 
10.14053884 8.323120321 
10.09917015 8.983341137 
10.70946112 8.993440626 
10.02433219 9.005622973 
10.69833341 8.470697371 
9.962725968 8.815469641 
10.1608371 8.907807527 
9.370748378 7.985286813 
9.914876728 9.106909751 
9.298651532 9.581590704 
10.49248148 9.246765445 
10.03181171 9.471595648 
9.9485908 8.855699326 
9.593711842 8.418697051 
10.02342298 9.061941121 
10.31040472 8.399142015 
9.931921048 9.540338963 
10.0633339 8.180250711 
10.09746971 9.053886776 
10.27406682 9.316664067 
10.05815211 9.470068314 
10.43243423 8.096673522 
10.51141069 8.649228122 
10.02961017 8.603223694 
11.03995183 8.469755023 
9.554013745 8.611697993 
9.250722817 9.699197099 
9.901004959 8.679479973 
10.02579944 9.228922544 
9.884410262 9.445582986 
10.64108727 8.982612338 
9.914808385 9.14309333 
10.0988129 8.995821563 
9.361322385 9.739120273 
10.48821689 9.292488693 
10.1666856 9.015489706 
8.858259318 8.883475762 
9.151949495 8.935487219 
10.02397854 8.702036331 
10.83592188 8.482894962 
9.187036072 8.84641443 
10.20241412 8.574155166 
9.376133503 9.791859833 
10.04787459 8.712981317 
10.78751904 9.177709121 
10.18898101 8.847085679 
10.56361089 9.802661445 
9.844778817 9.516135782 
10.56022928 8.353613051 
9.622358936 8.775904355 
9.366311761 9.130297854 
9.262721472 9.093462664 
9.724034323 9.10613944 
10.12461224 9.068458402 
10.15154728 8.554527946 
9.176338874 8.464722837 
9.8413855 8.810029997 
9.783638385 8.080776241 
9.843050167 8.895838771 
10.21437378 8.777972373 
10.473164 8.469788106 
8.896426294 8.507608429 
9.574152843 8.714174322 
9.335764196 9.803275845 
9.394923745 8.943561688 
9.53858662 9.012420691 
10.4015892 9.194230452 
9.961394131 9.132361967 
10.2242399 9.095031189 
10.04290361 8.996490069 
10.05808758 8.823200137 
10.0976346 8.281318392 
10.99818717 9.257810138 
9.948748105 9.40783484 
10.5664111 8.027451069 
10.09152298 9.25270112 
9.668505228 8.904872014 
9.917412655 9.854460872 
9.046035131 8.340968262 
9.409752862 9.494952589 
10.57895802 9.297440265 
9.620296196 8.769636253 
10.06079098 8.896658331 
9.899791895 9.090467993 
10.41779459 9.811966906 
8.906565591 9.129061809 
9.577724382 9.427864383 
10.16799715 8.742334396 
9.684541437 9.335448261 
10.48852418 9.4851404 
9.192148486 8.518248972 
9.657186589 8.884433413 
9.076917681 8.907678815 
10.28431701 9.248656089 
10.09199643 9.129437509 
10.23218397 8.466562517 
10.23100146 8.962135441 
10.14050033 9.018324837 
9.940033612 8.856496278 
9.936282907 8.629693478 
10.30488974 8.536003422 
10.76140062 9.207314477 
9.977255273 8.07881417 
8.979543719 8.658521962 
10.33228993 9.307866802 
9.489037401 8.940002793 
9.458420022 8.473250628 
10.71140953 8.285799023 
9.756544119 8.891792601 
10.3740187 8.962571015 
10.2335353 8.460786504 
10.35413288 9.310221328 
10.22134335 9.506615046 
9.858839128 8.673078681 
9.67216858 9.045068785 
10.14118903 9.821930294 
9.802613285 8.943813799 
9.265758948 8.449707386 
9.612749093 8.414793846 
10.30520309 8.908434741 
9.810139791 9.155560612 
9.624406186 9.660949796 
9.879376335 8.902234746 
9.467585259 9.070021194 
10.79812754 8.523002229 
9.55399066 8.280545144 
10.82904829 8.698325577 
9.877372893 8.833509427 
9.682394942 8.588800107 
9.704733939 9.054655023 
9.298948951 9.045333323 
10.05914579 9.268558435 
9.625885833 8.541761905 
10.28072449 9.057426038 
9.853755774 9.012206369 
9.831859617 8.719754204 
9.783335847 8.097284738 
9.993992466 7.749475133 
10.1133695 9.110208753 
9.685763585 8.428367859 
10.3353318 7.918182847 
9.970831333 8.873987927 
10.45187159 9.816209222 
9.881031265 8.795796738 
10.253029 9.392621279 
9.836667751 8.759684681 
10.16874612 9.660763605 
10.46129622 8.081164648 
10.02917077 8.540570333 
10.85732174 8.861940382 
10.13928026 7.958468164 
9.28956546 9.210314914 
9.941802644 8.873963179 
9.944561281 8.832082858 
10.61874312 8.826482658 
10.25497257 8.348909599 
10.2630914 9.440596672 
9.949373998 8.858190782 
9.674428697 7.857912091 
10.35832248 9.119463878 
8.784801701 9.076949073 
10.02291561 8.688825144 
10.05341655 8.988512536 
10.31264087 8.963298563 
10.06705462 8.996648304 
9.324224909 8.773638773 
9.726572296 8.930631861 
9.025745166 8.133795156 
9.950287724 8.839957694 
10.51541518 8.030334975 
10.11909716 7.788203445 
9.281667863 9.53717511 
9.672333149 8.532721099 
10.46109479 9.007657826 
9.870364699 8.778618201 
9.926430051 9.820410537 
9.867032838 7.746301231 
10.7851134 9.43815122 
9.943254188 8.762570792 
8.963132207 9.042205449 
10.56351554 9.188553025 
10.6538978 8.8302789 
10.71052219 8.305137609 
9.882890562 9.790097297 
9.275456216 8.323038468 
10.17153792 9.845612375 
11.00687631 8.971141831 
9.837675853 8.908107983 
10.02395003 8.492015881 
10.79609905 9.246395537 
8.999145848 9.431876268 
10.17487879 8.869142679 
10.49747633 9.581413216 
9.96304295 9.280646361 
10.07757011 8.688416726 
10.85522019 8.935676905 
9.849408261 8.347806988 
9.924946194 8.833744774 
9.161578161 9.733775632 
10.40439694 9.396441807 
10.11921953 7.95523157 
10.04104497 8.928111571 
10.12417633 7.736053447 
9.05794288 8.436106202 
9.497713779 7.810001617 
9.725862484 8.524029181 
9.803508679 8.922594477 
9.153788991 9.675402155 
10.43514962 9.168376122 
9.571416192 8.713884282 
9.194147267 9.567025782 
9.816323293 9.609897316 
9.835187564 8.953925014 
10.23658104 8.200224535 
10.98616415 8.966397536 
10.07145592 9.009793861 
10.13439919 9.080342278 
9.872252908 8.805509116 
9.580612524 8.486614495 
9.596743367 8.229198435 
10.90497713 9.334147257 
10.66673354 8.583503927 
9.950223002 9.182546774 
10.93111462 8.606808679 
9.954491913 8.808672254 
10.32225661 8.959057231 
9.820958232 8.813947634 
9.547226443 8.089439835 
9.105654447 8.439719039 
9.958485778 9.107780075 
9.942589406 8.758831536 
9.889905573 8.731220446 
9.812728736 8.848150986 
10.17178701 8.748371146 
10.71734634 8.380024754 
10.6456521 8.201537204 
10.87543205 9.494440498 
9.87060239 9.153894597 
10.04481616 8.804771108 
9.369297242 9.262217666 
10.65329657 8.449680464 
10.62701819 9.432236411 
10.13931824 8.155711121 
10.03517158 8.948952012 
9.387635905 8.554870355 
9.74143213 8.68444315 
9.477112592 9.480785634 
10.5857772 8.082024781 
10.90946978 9.174264239 
9.967203094 8.83280218 
10.01063265 9.292700941 
10.17145911 9.334848029 
9.943522434 8.122916566 
10.27400723 9.137229344 
9.75524389 8.766084896 
9.911013963 8.801450626 
10.795177 9.619585752 
10.36681676 9.944577319 
9.77093072 9.806919307 
10.08763291 8.437675126 
9.690852025 8.658482974 
10.47415977 9.781240138 
9.830616202 9.279463413 
9.856700908 8.761498323 
9.847029599 9.488427883 
10.19211507 8.356399171 
10.65904395 9.472542654 
9.545043639 9.311783011 
10.41263344 9.482759233 
8.998182276 8.768153255 
10.05453794 9.071830113 
10.3843765 8.006893637 
10.3720506 9.0366907 
9.989868541 8.912883608 
10.23461247 9.806426728 
11.05436363 9.020552756 
10.74835688 9.280581217 
9.601736979 8.479531824 
10.00221737 8.947929618 
9.496600734 9.094630832 
10.55234415 8.605776748 
9.489149162 8.274616795 
10.03495973 8.767845289 
9.83114049 9.89041924 
9.584697401 8.839041971 
10.42172772 8.940571663 
10.4554687 9.6173183 
9.463877102 8.898874879 
9.412433366 8.353246907 
9.743702754 9.097326495 
10.58310637 8.052269762 
9.669463199 9.511090971 
9.55774267 9.882728556 
10.4781345 8.871700522 
9.835920553 9.630694655 
10.33990689 8.770176204 
10.29970259 8.417970259 
10.02793649 8.927322794 
10.23332324 8.775481071 
10.11735134 8.022277598 
10.76123842 8.922159427 
9.922047511 8.880856147 
9.546968602 7.876533564 
9.9333989 8.788465811 
10.07939316 8.992827216 
9.130180405 9.560126092 
10.16594481 9.108675394 
9.219784641 9.270529198 
9.663933544 8.419022464 
9.673901483 8.819668164 
9.412545446 8.109896571 
9.746273578 8.800811529 
10.03101523 9.959343408 
9.924263947 8.865999795 
10.02750019 9.210458791 
10.54391645 8.297663623 
9.233424569 9.359792418 
9.986288291 8.589978225 
10.51565799 9.235635131 
10.95613912 9.433954688 
10.03917939 8.847750322 
9.74792734 9.185612992 
10.43316983 9.246187567 
9.252870321 9.439035426 
11.05534972 9.209866068 
9.530787417 9.290748598 
9.174114997 9.706046712 
10.29677481 8.636212315 
9.86967432 8.863723667 
10.16713867 9.447636473 
10.07860464 8.764618662 
9.094169159 8.461159567 
10.25838434 9.064755316 
8.99125923 8.390736496 
10.62111755 8.02428789 
9.884680322 8.817304243 
9.9527242 8.766837633 
10.04086076 8.842946756 
9.283696776 8.764920854 
10.14019266 9.348470371 
9.643533205 9.104649506 
9.497714982 8.818777749 
9.79357735 9.41973405 
10.5695049 9.257940682 
9.922379648 8.86880002 
9.972394898 7.788180537 
10.32973702 8.606738861 
9.323758758 9.387758588 
9.152725536 8.515066522 
9.208624629 8.765519475 
10.9868956 9.053251183 
9.459665924 8.852043864 
9.905501038 8.739293012 
9.66063863 9.644596891 
9.335843866 8.473696748 
9.298441564 8.960622255 
10.17033978 8.786197794 
10.31257494 8.504714846 
9.135723998 8.841796531 
10.62236858 8.329721012 
10.45703347 7.894185045 
9.903696583 8.377017368 
10.27924919 9.19219771 
8.86537992 8.943820222 
9.249147967 8.606866308 
10.02431659 8.855570834 
9.231255959 9.745952011 
9.75022394 9.28588837 
9.938328281 8.854882545 
9.921356567 8.476682512 
10.44599769 8.950981542 
9.338101205 9.252949632 
10.10989728 8.647372461 
9.859661819 8.92641222 
10.40408728 9.467525716 
9.422072516 9.771638113 
9.918766677 8.59795425 
10.81967025 9.450446586 
9.606852091 9.240678894 
9.871277519 8.411428792 
9.749823621 8.733952466 
9.898480211 8.680103794 
10.90284482 8.496090394 
10.20893787 9.196174351 
9.478177401 8.302788362 
8.978841589 8.443352512 
9.565178823 8.87091192 
10.70448276 9.746037896 
9.327058126 8.826615206 
9.806527777 8.456644698 
9.920460241 8.839540593 
10.61149038 9.662245738 
9.551010901 8.507590965 
9.303652682 8.140332581 
9.799536377 9.134259359 
10.01469775 8.570264648 
9.86029365 8.807534868 
9.475021321 8.176071707 
9.959076388 7.810827965 
10.53950416 9.353017094 
9.81354352 9.021330554 
10.14603243 9.034385754 
9.901294765 8.662304829 
9.45466051 9.751635943 
9.590596693 8.653359518 
9.864352439 8.825703092 
10.45425402 8.231767752 
10.13206485 9.414973803 
10.35239377 9.33637885 
9.852530919 8.813813534 
9.572142683 8.948519314 
9.894829646 8.753940456 
10.63284586 8.859881079 
9.849127166 5.635498263 
9.008494938 6.065280037 
9.896981514 5.335280275 
9.397117346 5.594012104 
10.23426902 6.388750491 
9.261290204 6.19849867 
9.831114725 6.148669398 
9.048523916 5.253305424 
8.963388778 6.323193908 
9.123907539 6.152984281 
9.90448672 6.363334372 
9.238928523 6.166530755 
9.318826848 6.037709581 
8.788689949 5.641660271 
9.508395123 5.883645544 
8.674112786 5.639315992 
8.780283813 5.747502496 
9.357772275 7.289014821 
9.166615726 6.010461328 
9.483472796 6.551790358 
9.44845778 5.47041218 
10.26661861 6.634541465 
9.941619946 6.040417963 
10.37887278 6.127181306 
8.832059534 5.688165895 
9.091309854 6.638156961 
10.21464703 5.938388736 
9.006427551 5.891591486 
9.402603524 6.486952204 
9.091825577 6.313404871 
9.171458148 5.349155495 
9.208878527 6.681499847 
9.160904945 6.101095563 
8.620281318 5.604395039 
9.867285783 5.882112239 
8.355955372 5.933505701 
9.530745508 6.48055118 
8.961572429 5.744229095 
8.23665524 6.538975014 
9.337213153 7.241037546 
9.629384107 5.548966567 
9.313268032 6.298425658 
8.914320886 6.951441602 
8.455327154 6.709845066 
9.255254215 6.249188689 
8.427410476 6.498994629 
9.770362452 6.511051476 
9.755846059 5.344407208 
8.819977572 6.425187134 
10.105168 5.632313264 
9.788992263 6.332711075 
9.472845545 7.097892338 
9.537390447 5.745518621 
9.788608296 6.055468206 
9.25342094 5.858248034 
8.463322563 5.797863936 
9.248134657 6.188518158 
9.050691849 6.143192136 
8.965199474 7.156558059 
9.53165938 5.721354607 
9.362119255 5.449675758 
10.02157172 5.302975469 
9.730678417 5.751920537 
9.028101878 5.434933149 
9.092575902 5.874345864 
9.372481379 6.152834276 
9.266756852 5.782612303 
8.993914264 5.999500664 
9.386671273 6.8083951 
9.612671615 6.193493438 
8.381273658 5.76356194 
9.025588451 5.563696658 
9.219012193 5.98338008 
8.885089101 5.34121843 
9.852791882 5.985851506 
9.135763883 6.419597928 
9.556868645 7.056286071 
8.887985793 5.548503078 
9.180243082 6.125647602 
8.789008133 5.800700579 
9.388897354 5.390278706 
9.586089256 5.860789761 
9.903431234 6.148198259 
9.018201551 5.592215074 
9.210817709 7.193814073 
9.544040753 6.309577302 
9.545775611 5.459653861 
8.643286465 6.510627962 
10.13254057 6.202476248 
8.843972476 6.282863771 
10.31342959 5.872535962 
9.147010694 5.989429248 
9.543993596 6.667337291 
9.2391853 6.041054127 
9.22814754 6.141185816 
8.85602039 5.900488612 
9.218696397 6.116644865 
9.389263587 6.062670759 
9.280052693 5.537390172 
10.12265944 5.577172169 
8.929261567 6.01239753 
9.307929036 5.428165958 
9.232367798 6.139776702 
9.207640082 6.143895853 
8.462772039 5.938009455 
8.935892778 6.6971551 
9.199223973 6.188326187 
9.174211989 6.120111132 
8.831248133 5.81431719 
9.712151579 5.836552678 
9.179639859 6.315079101 
9.076118584 5.488201556 
9.239314063 5.959765798 
8.917871581 6.568324228 
9.571668014 6.904834235 
9.231773735 6.146959387 
9.139753485 6.257666599 
9.623695464 5.350759105 
9.508036694 5.371283906 
9.222172643 6.141465092 
9.706454492 6.421989328 
9.592822273 5.788352975 
9.680634181 6.383967828 
9.414097892 6.020930592 
9.353400775 6.100627779 
9.534766894 6.198143082 
9.155128838 5.479663482 
9.110016615 5.939058504 
9.315128872 6.074744669 
9.123348034 6.24987359 
10.10127785 5.756326899 
9.74009322 6.506315455 
9.506446369 5.820036926 
9.52881552 6.094985192 
8.99392619 5.63254677 
9.692167058 6.707494253 
8.263206864 6.400495157 
8.559727543 6.154264169 
8.697196352 5.463217524 
9.653695403 6.550053867 
9.663870198 6.263651673 
8.834070146 6.650648728 
9.875832264 6.940823666 
9.284696078 6.153643691 
9.485204957 6.100507435 
9.675857791 5.65018189 
9.235215686 6.144208492 
8.950533071 6.385860227 
9.553948881 5.876918173 
9.051270407 6.065865299 
9.848844506 6.051007608 
9.262847081 6.665642509 
9.296744746 6.040729009 
8.693616306 6.856917591 
8.67012919 5.137125179 
9.357176569 6.038536009 
9.759972146 6.564871058 
8.915049816 5.422536626 
9.211080482 6.128599459 
9.122258901 6.174900292 
9.235203468 6.153123133 
9.292536807 6.16873068 
9.296080663 6.262008465 
9.872893522 6.358717559 
9.253590189 5.896081619 
9.829929952 6.586648729 
9.287265673 5.719541032 
9.091128478 5.845037977 
8.745090473 5.63380856 
9.134370602 6.267799307 
8.696054174 5.096218276 
9.045427518 6.200667824 
9.223619537 6.227131867 
9.270613245 5.568030931 
8.726036691 5.540841178 
9.269956322 5.72138462 
9.317021658 6.155373367 
9.708886099 6.458296134 
8.40257542 6.41830394 
9.866083454 6.647155581 
9.124491976 6.139406456 
9.18837323 6.443776856 
8.749554263 5.708394395 
9.360767335 6.089855361 
9.675812424 5.536411073 
9.127585475 6.461874383 
9.375893155 5.613931919 
9.953629213 5.818369579 
9.124603093 5.470225879 
9.029187403 6.256171878 
9.565311728 6.296313864 
8.903197871 5.919850538 
10.01822732 5.843765337 
9.265599661 6.098987239 
9.730083523 5.78462373 
8.696275096 6.418601678 
9.442222565 5.574647787 
9.366384994 5.94756009 
9.764722179 5.170326874 
9.373934115 5.508404114 
9.249779166 6.183614241 
10.19261844 6.016637101 
9.091040081 6.17881681 
9.032317695 5.985512422 
8.606160314 5.342560883 
9.786992539 5.671625829 
9.364557946 6.208282716 
9.094395398 5.93164951 
8.834378059 6.466116605 
8.789406237 6.226879723 
8.288568272 5.87767024 
8.981177142 5.909289641 
9.791417781 6.294411153 
8.664139733 5.43984003 
9.798297471 5.434896138 
8.141402549 6.501198386 
9.071676489 5.177990668 
9.202566613 6.240492096 
9.620496236 5.829627013 
9.199835367 6.114769378 
9.660307796 6.33145117 
9.587266894 6.3596278 
9.180321597 5.375029377 
8.933816742 5.76624888 
8.733761764 5.268268225 
8.314779425 6.809460622 
9.152052771 6.866681407 
9.013455348 6.510727074 
10.10262755 6.428409544 
8.99641991 6.400235396 
8.286400182 5.491255057 
9.189927552 6.753690674 
9.197188297 5.513734728 
8.506276719 5.233783573 
9.577089631 5.814683245 
10.17617205 5.754777973 
8.668002282 6.639916121 
9.249235341 6.218391907 
9.46364914 5.811637515 
8.523585996 5.822762708 
8.496985388 7.025236657 
9.260231057 6.222684603 
8.193907462 6.663226873 
9.123988576 5.586767767 
9.598425029 5.837471361 
9.770582686 6.64635869 
8.778903305 6.585581642 
8.605620906 5.907883794 
8.833676481 6.242584644 
9.20850767 6.191790223 
9.909437858 5.733892308 
9.395611066 6.277887208 
8.658951408 7.10281098 
9.467032804 6.360013008 
9.663703809 5.120296231 
9.514719939 5.973402847 
8.889710272 5.937577317 
10.10315486 6.349184878 
9.178018538 5.794430078 
8.93204287 6.044151968 
9.54357485 6.648445311 
8.157613039 6.268582281 
10.13502462 5.42300983 
9.26592995 5.727931916 
9.316850364 6.94019388 
9.189177942 6.206900773 
9.116988011 6.123008823 
8.74141443 5.601773234 
9.613399736 6.596720442 
8.302227612 6.786483522 
9.257070732 6.105473641 
9.362608836 7.172113287 
9.201061903 5.615292488 
8.942034277 6.602541318 
9.273867624 6.085422273 
9.663276554 6.356112456 
9.588510541 6.319773625 
9.516001353 6.681231985 
9.509315046 6.29008654 
8.777750248 6.643469452 
8.234882351 6.550951943 
9.218318182 6.22701617 
8.966029695 5.264679044 
8.271324975 6.483986772 
9.457765614 6.561269615 
9.123465785 5.918801836 
9.428407327 5.803012791 
8.964705553 7.031187086 
9.309760982 6.212274369 
9.532476792 6.84405515 
10.10638502 5.766320528 
8.891271153 7.16486517 
8.821448567 6.059492986 
8.508231799 5.821432176 
9.836252058 6.371668686 
9.160741038 5.997774175 
9.670234452 6.583635368 
9.214512501 5.966193028 
8.989591245 6.135832987 
9.815903234 6.767706104 
9.399413711 5.204062169 
9.878757099 5.42764379 
9.482939185 5.448647655 
9.703105813 6.484122732 
8.6924799 5.94609137 
9.45846432 6.027426832 
9.126756855 6.794673438 
8.966539284 5.972485365 
8.741537022 6.060441179 
9.579375562 5.74562127 
9.204416008 6.129486935 
8.297807023 5.983930685 
9.015450342 5.935860401 
9.414633485 5.915789332 
9.010477708 6.285337359 
9.255806728 6.235336725 
9.009822619 6.012890964 
8.948976647 6.313079264 
8.687210274 5.726338545 
9.216733668 6.147616131 
9.289142422 6.025901405 
8.533900133 6.22336482 
8.525502176 6.0763902 
9.077491607 5.809780612 
9.505433366 7.161814953 
8.895589611 6.415617655 
9.807949888 5.924549752 
8.769986722 5.55699993 
9.271397602 6.391025034 
8.732518663 6.565215297 
9.553789274 5.831465479 
9.291805099 6.027700474 
9.545540677 5.842008163 
9.657115545 7.003943179 
9.90528165 7.030811816 
9.389503384 5.960336378 
8.879044631 5.850601078 
9.89986568 6.726280976 
9.647022462 5.909687671 
8.837484614 5.335599002 
10.1888284 6.058226288 
8.955054218 6.498831962 
8.325428348 5.689525741 
9.220794778 6.15854948 
9.317633312 6.080376403 
8.504396927 5.332880744 
9.122850176 7.139880716 
9.61861375 5.434949687 
8.70118054 5.332673651 
9.183854483 6.704428313 
9.006658083 5.559962094 
9.222020966 6.152926412 
8.88270927 5.606567371 
9.367395208 5.690200733 
9.39384667 6.14329497 
8.822418083 6.698000202 
9.123637201 6.176956944 
8.665262987 6.456364653 
8.362573955 6.255004099 
8.818654573 5.133961348 
8.746924927 6.462786657 
9.252764851 6.243871816 
9.278280234 5.634701889 
8.891440524 5.944235745 
9.228504334 6.140252505 
10.14170503 5.827206278 
9.787338851 6.85317516 
9.238144094 6.099042873 
9.117845674 6.080769198 
9.223071878 5.928720415 
9.909333352 6.024739989 
8.9992051 6.004857151 
8.677762564 6.089412222 
10.06015178 6.540185512 
9.820458463 6.089479444 
8.7739862 7.176636183 
8.424855153 5.431232691 
10.00586094 6.266012207 
9.593548926 6.291238897 
9.901068737 5.554835058 
9.192007897 6.236135733 
9.964069285 7.003402378 
9.951874312 5.241946655 
9.804980784 6.630968289 
9.074932747 6.563134671 
9.848847487 5.498216408 
8.436186672 6.697241582 
10.13835065 6.308254546 
8.353077907 6.799716662 
9.220393293 5.869556688 
8.458492449 6.079371462 
10.24536308 6.267098368 
8.731423476 5.61645829 
9.331760552 6.193597793 
9.188562525 6.154777029 
9.641567704 5.347443369 
9.826699898 5.800613208 
9.559443785 6.071552304 
9.056501872 5.97103812 
8.509536708 7.04521492 
10.04890493 5.483095124 
9.895349149 6.12332618 
8.571903141 5.450759496 
9.110460118 6.472013646 
9.627654953 7.100897912 
9.556370671 6.649115518 
8.266599915 5.962128725 
9.711524254 6.411197264 
9.407844878 5.373022496 
9.659698284 6.694915874 
9.18254329 6.198954191 
9.498598976 7.032419026 
9.185072366 6.086211672 
9.558091189 5.96298921 
9.225183015 6.141012593 
9.2410029 5.752120692 
9.406074223 6.64141126 
9.706833718 5.756582974 
10.14187388 6.402575307 
9.302262653 6.5640978 
9.507300566 6.988111531 
8.590507999 5.731556672 
9.277398602 6.15299239 
9.592966021 6.734758041 
8.896039119 7.143780842 
8.403216409 6.076503647 
9.160730053 6.214660495 
8.670718636 6.59098998 
9.16075058 6.383132727 
8.780130512 5.396454103 
9.260992878 6.77052147 
9.032630925 6.221342328 
9.586278375 5.801169545 
9.459861485 6.294994886 
8.420212854 6.157732051 
9.089848456 6.113973778 
8.96798418 6.13007243 
9.043277105 6.463880357 
9.228910574 7.062160528 
9.763744616 6.306755614 
9.253722776 7.100871374 
9.320840836 5.687961176 
8.641286596 5.663963491 
8.673123243 5.332753829 
9.463199614 6.403929235 
8.140588527 6.080551519 
9.807178029 6.350860024 
10.02749928 6.516794812 
9.472727841 6.271773971 
9.506918789 6.655227788 
8.867302294 6.386230401 
10.12785404 6.755588231 
9.020565138 5.828440788 
8.946436871 5.764054727 
9.604302524 5.334561048 
8.399480286 6.101379212 
9.989089793 5.667733225 
8.37262659 6.289480884 
9.656772611 6.65096679 
9.075471239 5.567797796 
9.252355447 6.210017842 
10.13247374 6.079931569 
9.784324992 6.27887465 
9.633988168 6.946712785 
8.704813166 6.206235745 
9.270996346 6.015303176 
9.120933632 5.783835267 
9.437758057 6.343606933 
8.679329139 6.159267093 
9.034787202 5.249965467 
9.270565649 6.136771673 
8.962393029 5.744842156 
9.851357951 5.527665736 
9.075556667 5.545781289 
10.24789422 5.567482759 
9.833310853 5.625214355 
8.868673641 5.961037218 
10.08140384 6.925896094 
9.368836412 7.147978043 
9.447541117 6.851835427 
9.510765248 6.773521826 
9.52719414 6.961933412 
9.245096755 6.188454621 
9.457290053 6.496868215 
9.264138539 6.106412718 
9.361094031 5.900167589 
8.697799012 5.103143016 
9.277230301 6.080189611 
9.19974739 6.213943774 
9.649453388 6.542703583 
8.350354679 6.715598039 
9.013048651 5.834461764 
9.805637363 5.278843955 
8.2266068 6.272836797 
8.611692368 6.920582249 
9.129034861 5.299615765 
8.746105537 6.618132994 
9.917423937 5.850790218 
9.210837403 6.257943104 
9.724306677 5.636840523 
9.362586725 6.238855814 
8.620932 6.811958254 
8.371003536 6.883548914 
8.906776574 5.847365141 
9.299355625 5.959998841 
8.793980074 6.981844457 
9.155035812 6.158954197 
9.139467453 5.686375832 
10.11168377 6.766048074 
8.374438096 5.511159032 
9.130529869 6.941525616 
9.14673302 6.127645218 
9.454947956 5.964090215 
9.157665788 6.146876916 
9.203064098 6.29614082 
9.668607533 5.366920565 
9.134236092 6.313685146 
8.878374026 5.854164337 
9.779564528 6.853424636 
9.387620222 6.754217478 
9.465661919 5.887856978 
9.700476622 6.340635832 
9.428149479 5.095374232 
9.787901809 5.779302521 
8.737992923 6.037471281 
9.603624506 5.184341255 
8.507614448 5.465837701 
9.821938406 6.11113792 
8.633169597 5.999399279 
8.379361118 5.478908698 
8.279686744 6.316123818 
9.193403137 6.356615392 
9.195286981 6.181517909 
8.946592801 6.203169362 
9.217837691 6.150996279 
9.329769636 6.232005007 
8.953384997 6.30333094 
9.243453202 6.187858587 
9.777608671 6.548782114 
9.617590971 6.685820476 
9.035914847 6.211980636 
9.356243511 7.073048433 
9.851468401 6.290343004 
9.280620321 6.039162313 
9.713532042 5.978792004 
8.201131176 6.660496512 
8.924424932 6.066222352 
9.968885527 6.385347767 
9.422059911 5.809443917 
8.111084192 5.880139787 
9.867837752 5.734645332 
9.168343179 6.108476386 
9.762330943 6.103285707 
8.723691775 6.36571448 
8.872227426 6.057332262 
9.943242718 6.435230393 
8.640675138 5.575310989 
9.279789887 5.335655356 
10.10191741 6.659270305 
9.143941777 7.305663756 
9.062092952 6.302114957 
9.777437135 6.04523821 
9.7675206 5.187052525 
10.36264399 6.289894477 
8.589211308 5.282086673 
9.440347033 6.635260999 
9.860872949 5.74362071 
8.990296892 5.993095002 
9.247170937 6.519599813 
10.17705243 6.493760593 
9.006125455 6.141115437 
8.68446136 6.856947688 
9.217156225 5.79453608 
8.295089716 5.934758811 
9.127947177 6.243240213 
9.268723169 5.902618425 
9.701379626 6.110089953 
8.74923231 6.650106035 
9.621412113 6.554569429 
9.236159087 6.145511451 
9.505639369 6.190660438 
8.585371414 5.540408086 
9.234571272 6.17680021 
8.551824259 7.031848326 
8.673123713 6.836848124 
9.100770686 6.109633366 
10.24049821 5.662041622 
9.382640909 6.60201525 
9.67162139 6.479383206 
9.523183376 5.651382142 
9.000412992 6.229171225 
9.590634666 6.465431715 
8.586716109 5.194534027 
8.912126824 5.740231817 
9.269048543 5.303970423 
8.97651987 5.479688867 
8.342895388 5.902337528 
10.25107395 6.392559052 
8.886134011 6.237754173 
9.890081731 5.962763336 
8.659759534 6.937568591 
8.730299414 5.398284352 
9.127025715 6.36864396 
9.789681409 5.361615919 
9.666414094 6.154367522 
10.15876826 6.353285548 
8.951818535 6.739287459 
10.1320464 6.829396614 
9.528791851 5.909028822 
9.698111615 6.431871043 
8.678981607 6.205125649 
9.256736937 6.391327258 
8.632571302 5.696869322 
9.749982261 6.285708782 
9.486827107 7.187312633 
9.205002707 6.134825395 
8.55660385 5.986959365 
8.130341135 6.206678446 
9.776456579 6.164053837 
9.569034235 6.058555145 
9.096849935 6.091838188 
8.309614481 6.734805419 
9.450993321 5.292804976 
9.956586462 6.38235227 
9.720259905 5.094390902 
8.812230753 5.854109713 
9.193093489 6.473721803 
9.099338121 5.970422995 
8.702124639 6.902531742 
9.223690769 6.147635454 
9.008709191 6.101038881 
10.00600933 5.448664829 
8.371122985 5.643106005 
9.307670714 6.808770847 
8.297296558 6.42246802 
8.69822079 6.183368619 
8.950325162 6.616673412 
9.587409771 5.914444551 
8.794177236 6.909798105 
9.704834131 6.999799505 
9.21532048 6.169485918 
9.666540424 5.695371184 
9.606243976 5.647753731 
8.917622825 5.759733077 
8.80967895 5.74908458 
8.932527747 5.006385686 
9.672335386 6.527066671 
8.456409543 6.950726771 
9.647358021 6.522135789 
9.765275687 6.144956272 
9.777489272 5.525770765 
8.340701703 6.777208324 
8.536375285 5.513873478 
9.144098383 7.118042851 
9.603271738 6.998120159 
9.198157057 6.154596022 
9.140174164 6.260437772 
9.332364911 7.259749032 
9.116298269 5.91626939 
9.827704374 5.397128219 
8.311418404 5.406689441 
9.73202423 5.78544009 
8.432611417 5.426664778 
9.085391654 6.290482872 
9.514174002 7.223099067 
8.692054471 6.066121975 
10.00399952 5.456958877 
8.549924783 5.511697753 
8.367253371 6.824531005 
8.898896264 5.697139465 
8.709604682 6.071025051 
9.180164558 6.204342524 
9.807633654 5.347021114 
9.155177831 6.150663479 
9.746903086 5.549512911 
9.518182713 5.140667793 
8.960593355 6.217245771 
9.327501237 6.215196135 
9.65834265 6.285362455 
9.181167132 6.125932928 
9.269149823 6.50746205 
9.320730401 5.932867277 
9.486657194 5.341290721 
8.666882081 6.83264621 
9.215511704 6.164416666 
9.752967835 6.353557548 
8.786806354 6.159536052 
10.16206741 6.705614856 
9.575939853 5.085618474 
9.134321024 6.042629496 
9.816369164 6.68564977 
10.33405948 6.133440006 
9.021166172 6.545477608 
8.824545267 5.113211534 
9.366438651 6.482822373 
9.228649143 6.456631859 
9.707952426 7.203091534 
9.386154549 6.212622498 
8.514869643 6.670896664 
8.240334549 5.948812027 
9.153004881 5.742185981 
8.990305777 6.417427564 
8.66933763 6.756204273 
10.29780976 6.398099561 
9.747617099 6.143949982 
8.80276674 6.819941594 
10.36577458 6.039978814 
10.09316306 5.923021863 
8.911598908 6.423782666 
9.877011057 5.682241809 
8.518308943 6.331819719 
8.320879916 5.777346867 
9.419366609 6.229095673 
10.0260466 6.036871364 
9.545017956 6.629599327 
8.978722565 6.011866098 
9.459896955 5.997618705 
9.047033851 5.535777476 
8.668104348 5.846925239 
9.01736679 5.769270062 
9.009299926 6.485149147 
9.206737122 5.662784489 
9.797066961 6.234380128 
9.256838192 6.1218603 
8.831336629 6.764438407 
10.04383243 6.081262544 
8.794842111 6.235353051 
8.429359135 6.884138926 
8.498446945 6.705928833 
8.759831611 6.635782556 
8.672623937 6.832706758 
9.585608562 6.213261095 
9.347178852 6.133968918 
8.835089665 5.695688706 
8.96928132 6.282744167 
9.256718928 5.979069206 
9.201118387 5.980984995 
9.168547145 6.171373641 
9.381795166 6.522021844 
9.360246457 5.709182627 
9.49725275 6.230026362 
9.020669698 5.701136543 
8.265533455 6.652632323 
9.520083601 6.02012549 
9.386995525 7.166492583 
9.374988529 6.164842937 
9.233821858 6.130074383 
9.551149063 5.311541956 
9.076564587 6.262927717 
9.591025075 6.690639812 
9.359298545 6.071810477 
8.747408184 5.150956103 
9.867111026 6.460852925 
8.507656414 6.182558698 
8.697327464 5.405357936 
10.08741694 5.622406936 
9.726881476 6.197340091 
9.018757732 6.4342197 
9.646113872 6.2959835 
8.739754885 6.423770952 
8.950901098 6.77476395 
9.27812568 6.451340069 
8.677649488 6.001282067 
9.416283832 5.965387599 
8.466164396 6.942775971 
8.747366894 6.959074508 
8.557190577 5.788933543 
10.12290732 6.413315356 
8.349441468 5.356410952 
9.312231365 6.123187728 
9.195745951 6.206841781 
9.395794124 6.259172856 
8.874527147 6.433363266 
8.91479798 6.082197586 
9.636003226 5.728539974 
8.958330662 5.409110011 
9.803032651 6.303201054 
9.346724222 6.991252983 
8.856677092 5.764339983 
9.097740035 6.061122252 
10.1185324 5.983689929 
9.793759066 6.254072489 
9.339797549 6.025285483 
9.119015761 6.40900651 
9.924926078 5.613571946 
9.437421214 5.935919169 
10.00314521 5.557490527 
8.636511335 5.799757666 
8.258397687 6.614395286 
9.230310407 5.692310228 
8.286879674 6.81706286 
9.31959473 6.17687861 
9.378361158 5.430435209 
8.754770956 5.414398452 
8.950778907 6.07757043 
9.037483466 6.790893546 
9.191606298 7.101190249 
9.340745705 6.221048211 
9.329697501 6.012529633 
8.104208427 6.024412569 
8.663109341 5.910448963 
8.439231829 6.387028678 
9.888339 5.336261344 
8.76792202 6.335259833 
10.16499164 5.691402082 
8.931568566 6.097598272 
8.470004038 5.310189403 
8.919533005 6.084211073 
8.894509684 6.048803986 
8.49285276 5.468013443 
9.09433768 5.861254179 
8.872902693 6.3540535 
8.550283001 5.784124399 
9.133425706 6.080711252 
8.255614167 6.616323343 
8.393460036 6.75929539 
9.485214917 6.252492233 
9.859725975 5.677609708 
8.936880684 6.148002022 
8.997163699 6.113515068 
9.649463835 6.621965327 
8.759693517 6.005397953 
9.607636547 6.42087383 
9.572578736 5.254628566 
9.170071142 6.163855349 
9.173337246 6.26960954 
10.16133241 6.365947387 
9.429923428 5.978794748 
9.056420124 5.448118686 
9.321247481 6.213409842 
8.453774747 6.678144082 
9.124218616 6.10997999 
8.997228259 7.040969652 
9.303633713 6.075969034 
9.208196161 5.729587355 
9.467111384 5.639428316 
8.811082843 6.126639658 
9.956033214 5.365132499 
9.99424532 6.955056363 
9.177158948 6.094160298 
9.376214431 6.790816786 
9.210828882 6.029317294 
9.971077309 6.17221028 
9.669487162 5.947532916 
9.029836517 6.131492264 
9.101278016 5.114342462 
9.440810871 6.741732298 
9.007826913 5.181214407 
9.892628887 7.039251119 
8.900429003 6.863705264 
8.469381605 5.747248344 
8.863969378 6.997489578 
9.001953736 6.646992316 
10.17474269 5.539248621 
8.725031306 6.701811912 
9.985293859 5.505590527 
9.371214736 6.294388301 
9.392586585 7.282076455 
8.977324966 6.67521259 
9.45796679 5.424697358 
9.220458898 5.98633204 
8.970259052 6.374669874 
9.997328796 5.466935321 
9.937309683 6.656210436 
8.986082214 6.486846276 
8.571395835 5.161910496 
8.944153347 6.296616117 
9.280017376 6.390099035 
9.456303946 6.152682041 
9.510233106 5.649056508 
9.24907954 5.962747037 
9.911061474 6.494623702 
8.448222046 5.745488402 
9.292108888 5.318981047 
8.963625799 6.516903923 
9.024210269 5.373455154 
9.063140066 6.168289882 
9.046536924 6.350644747 
9.366601868 6.422255012 
8.758572997 5.389676293 
8.547972192 5.354601031 
8.813665555 6.987855765 
9.744846298 7.152126507 
9.214160402 6.134394697 
8.599150321 5.839287125 
9.645298343 5.552380508 
9.400980981 7.196938901 
9.592839474 6.676275873 
8.570398852 5.897019409 
10.25545508 6.657242804 
8.977542676 5.575796152 
9.176096858 6.219853826 
10.00834167 6.016278194 
8.71880327 7.06459731 
9.469454422 5.704590521 
8.957414852 6.553989368 
9.367603481 6.174012678 
8.541917762 5.688391844 
9.833150249 5.570678236 
8.859398212 6.6025892 
9.53172311 6.835534596 
9.308254661 6.782018076 
8.858313789 5.284671935 
9.972702125 6.421561993 
9.623201535 6.710902784 
9.541773075 5.372916173 
9.127878439 5.677215863 
8.155403497 6.619104992 
8.733276568 5.265930277 
9.105389225 6.108726849 
8.118963963 5.78289823 
8.934918582 6.66307578 
10.01543267 6.927844249 
8.362790958 6.748441811 
9.663377985 6.275157094 
8.976616765 5.654866822 
8.482820164 5.825332476 
9.458293354 5.884997632 
9.296736501 5.549506265 
8.873264602 6.451762453 
9.455626058 5.843785327 
9.395475218 6.538239884 
9.408664908 6.162358446 
9.109344637 6.032221231 
10.26970876 6.626757188 
9.326875599 6.771401763 
8.590196034 5.764790233 
9.981023388 6.698348617 
9.6618141 6.776429887 
9.096167679 5.815716886 
9.12574321 5.955286256 
9.266022226 5.187915577 
8.521639812 5.390706265 
9.776555478 6.757677 
10.36766551 6.298049216 
9.09456009 6.686462615 
9.194975774 5.439922714 
8.814530989 5.252480355 
9.492930313 5.284403729 
9.587535039 5.631642486 
8.293478744 6.654983433 
9.218925411 6.160069916 
9.677236132 6.611591591 
9.056608517 6.125494022 
8.788971735 7.161477157 
9.433070001 5.77000141 
9.142834281 6.164757189 
8.389574247 6.902204149 
9.206456334 6.113786265 
9.585002544 5.699278261 
9.753573571 6.885909051 
9.263034669 6.103948648 
9.138505716 6.006169378 
9.18647417 6.253682238 
9.002691589 6.738663238 
8.359557631 6.613054366 
9.557599363 5.488572046 
8.172885564 5.877093527 
9.597422209 5.347389456 
8.780371748 5.874052917 
9.129585955 6.092970854 
8.491214206 6.737191356 
9.187938999 5.290868007 
8.557801366 5.444344162 
9.132826761 6.236581937 
9.487783087 5.917759395 
8.761856276 5.573387376 
9.79454516 6.628685653 
9.246922323 5.124235986 
9.075005723 6.259006849 
9.129841825 6.119399634 
9.354615221 6.152981214 
9.262699762 6.204881418 
9.532777269 5.177825784 
10.22974231 6.0511984 
9.104721921 6.112831121 
9.486121782 5.888773056 
9.16879089 6.176768199 
9.706744602 6.335526433 
9.649986124 6.501493379 
9.62460124 6.368092418 
9.269884021 6.037939855 
9.948325296 6.401493698 
9.40246899 7.305899288 
8.618563098 6.960714622 
8.122635693 6.477998827 
9.179889849 6.938740259 
9.314986946 5.52446459 
9.740902512 5.61649728 
9.293561004 5.983057394 
9.528725083 5.719779881 
9.34053542 5.881100247 
8.651431041 5.225384209 
8.687012382 6.566550393 
9.569813898 6.434117033 
8.074022283 6.071188853 
9.81482359 6.266047461 
8.735102365 5.966498366 
9.082178376 7.099151659 
